  1   1 0.30
  1   2 0.28
  1   3 0.57
  1   4 0.26
  1   5 0.57
  1   6 0.58
  1   7 0.35
  1   8 0.29
  1   9 0.49
  1  10 0.46
  1  11 0.64
  1  12 0.35
  1  13 0.64
  1  14 0.43
  1  15 0.41
  1  16 0.56
  1  17 0.57
  1  18 0.72
  1  19 0.55
  1  20 0.23
  1  21 0.45
  1  22 0.64
  2   1 0.22
  2   2 0.19
  2   3 0.67
  2   4 0.23
  2   5 0.56
  2   6 0.63
  2   7 0.26
  2   8 0.18
  2   9 0.71
  2  10 0.48
  2  11 0.67
  2  12 0.59
  2  13 0.75
  2  14 0.60
  2  15 0.49
  2  16 0.55
  2  17 0.64
  2  18 0.57
  2  19 0.63
  2  20 0.49
  2  21 0.40
  2  22 0.43
  3   1 0.24
  3   2 0.20
  3   3 0.64
  3   4 0.25
  3   5 0.59
  3   6 0.67
  3   7 0.23
  3   8 0.21
  3   9 0.60
  3  10 0.53
  3  11 0.80
  3  12 0.59
  3  13 0.73
  3  14 0.65
  3  15 0.53
  3  16 0.65
  3  17 0.64
  3  18 0.68
  3  19 0.56
  3  20 0.47
  3  21 0.38
  3  22 0.50
  4   1 0.25
  4   2 0.23
  4   3 0.53
  4   4 0.41
  4   5 0.58
  4   6 0.50
  4   7 0.40
  4   8 0.29
  4   9 0.47
  4  10 0.35
  4  11 0.51
  4  12 0.28
  4  13 0.54
  4  14 0.36
  4  15 0.41
  4  16 0.48
  4  17 0.47
  4  18 0.58
  4  19 0.44
  4  20 0.22
  4  21 0.58
  4  22 0.55
  5   1 0.18
  5   2 0.18
  5   3 0.32
  5   4 0.15
  5   5 0.23
  5   6 0.31
  5   7 0.10
  5   8 0.10
  5   9 0.52
  5  10 0.19
  5  11 0.31
  5  12 0.51
  5  13 0.33
  5  14 0.44
  5  15 0.18
  5  16 0.33
  5  17 0.40
  5  18 0.28
  5  19 0.40
  5  20 0.26
  5  21 0.19
  5  22 0.19
  6   1 0.25
  6   2 0.22
  6   3 0.70
  6   4 0.30
  6   5 0.60
  6   6 0.67
  6   7 0.29
  6   8 0.24
  6   9 0.56
  6  10 0.62
  6  11 0.74
  6  12 0.44
  6  13 0.70
  6  14 0.55
  6  15 0.53
  6  16 0.67
  6  17 0.67
  6  18 0.75
  6  19 0.63
  6  20 0.35
  6  21 0.43
  6  22 0.58
  7   1 0.51
  7   2 0.53
  7   3 0.40
  7   4 0.40
  7   5 0.48
  7   6 0.46
  7   7 0.37
  7   8 0.39
  7   9 0.49
  7  10 0.27
  7  11 0.46
  7  12 0.37
  7  13 0.51
  7  14 0.38
  7  15 0.25
  7  16 0.46
  7  17 0.45
  7  18 0.59
  7  19 0.51
  7  20 0.20
  7  21 0.50
  7  22 0.52
  8   1 0.38
  8   2 0.36
  8   3 0.64
  8   4 0.32
  8   5 0.64
  8   6 0.68
  8   7 0.38
  8   8 0.35
  8   9 0.59
  8  10 0.48
  8  11 0.67
  8  12 0.50
  8  13 0.72
  8  14 0.57
  8  15 0.48
  8  16 0.63
  8  17 0.58
  8  18 0.68
  8  19 0.64
  8  20 0.36
  8  21 0.52
  8  22 0.63
  9   1 0.35
  9   2 0.30
  9   3 0.57
  9   4 0.24
  9   5 0.53
  9   6 0.56
  9   7 0.40
  9   8 0.43
  9   9 0.32
  9  10 0.38
  9  11 0.43
  9  12 0.23
  9  13 0.39
  9  14 0.32
  9  15 0.42
  9  16 0.41
  9  17 0.35
  9  18 0.58
  9  19 0.53
  9  20 0.21
  9  21 0.41
  9  22 0.65
 10   1 0.15
 10   2 0.10
 10   3 0.60
 10   4 0.19
 10   5 0.57
 10   6 0.52
 10   7 0.19
 10   8 0.26
 10   9 0.46
 10  10 0.64
 10  11 0.68
 10  12 0.40
 10  13 0.63
 10  14 0.48
 10  15 0.59
 10  16 0.62
 10  17 0.57
 10  18 0.57
 10  19 0.42
 10  20 0.36
 10  21 0.33
 10  22 0.40
 11   1 0.36
 11   2 0.36
 11   3 0.63
 11   4 0.24
 11   5 0.56
 11   6 0.71
 11   7 0.32
 11   8 0.30
 11   9 0.65
 11  10 0.44
 11  11 0.66
 11  12 0.52
 11  13 0.67
 11  14 0.61
 11  15 0.45
 11  16 0.59
 11  17 0.59
 11  18 0.68
 11  19 0.69
 11  20 0.38
 11  21 0.46
 11  22 0.56
 12   1 0.15
 12   2 0.14
 12   3 0.63
 12   4 0.15
 12   5 0.56
 12   6 0.60
 12   7 0.17
 12   8 0.19
 12   9 0.39
 12  10 0.61
 12  11 0.67
 12  12 0.35
 12  13 0.62
 12  14 0.56
 12  15 0.55
 12  16 0.57
 12  17 0.55
 12  18 0.61
 12  19 0.51
 12  20 0.31
 12  21 0.28
 12  22 0.45
 13   1 0.18
 13   2 0.12
 13   3 0.62
 13   4 0.15
 13   5 0.46
 13   6 0.51
 13   7 0.30
 13   8 0.30
 13   9 0.37
 13  10 0.42
 13  11 0.46
 13  12 0.26
 13  13 0.46
 13  14 0.35
 13  15 0.43
 13  16 0.41
 13  17 0.43
 13  18 0.48
 13  19 0.43
 13  20 0.26
 13  21 0.35
 13  22 0.47
 14   1 0.18
 14   2 0.16
 14   3 0.68
 14   4 0.14
 14   5 0.56
 14   6 0.68
 14   7 0.19
 14   8 0.19
 14   9 0.41
 14  10 0.65
 14  11 0.72
 14  12 0.44
 14  13 0.66
 14  14 0.65
 14  15 0.50
 14  16 0.67
 14  17 0.59
 14  18 0.68
 14  19 0.61
 14  20 0.36
 14  21 0.29
 14  22 0.53
 15   1 0.24
 15   2 0.27
 15   3 0.57
 15   4 0.19
 15   5 0.50
 15   6 0.57
 15   7 0.25
 15   8 0.18
 15   9 0.63
 15  10 0.44
 15  11 0.50
 15  12 0.46
 15  13 0.60
 15  14 0.65
 15  15 0.42
 15  16 0.52
 15  17 0.57
 15  18 0.51
 15  19 0.58
 15  20 0.48
 15  21 0.38
 15  22 0.42
 16   1 0.20
 16   2 0.18
 16   3 0.64
 16   4 0.28
 16   5 0.50
 16   6 0.57
 16   7 0.23
 16   8 0.17
 16   9 0.63
 16  10 0.47
 16  11 0.64
 16  12 0.54
 16  13 0.72
 16  14 0.70
 16  15 0.46
 16  16 0.57
 16  17 0.77
 16  18 0.59
 16  19 0.59
 16  20 0.44
 16  21 0.38
 16  22 0.41
 17   1 0.28
 17   2 0.23
 17   3 0.55
 17   4 0.22
 17   5 0.53
 17   6 0.54
 17   7 0.41
 17   8 0.40
 17   9 0.28
 17  10 0.42
 17  11 0.36
 17  12 0.18
 17  13 0.39
 17  14 0.34
 17  15 0.42
 17  16 0.41
 17  17 0.35
 17  18 0.48
 17  19 0.50
 17  20 0.21
 17  21 0.38
 17  22 0.57
 18   1 0.43
 18   2 0.41
 18   3 0.26
 18   4 0.42
 18   5 0.27
 18   6 0.33
 18   7 0.25
 18   8 0.28
 18   9 0.37
 18  10 0.13
 18  11 0.23
 18  12 0.31
 18  13 0.29
 18  14 0.23
 18  15 0.12
 18  16 0.27
 18  17 0.27
 18  18 0.35
 18  19 0.36
 18  20 0.14
 18  21 0.34
 18  22 0.27
 19   1 0.23
 19   2 0.21
 19   3 0.46
 19   4 0.28
 19   5 0.37
 19   6 0.46
 19   7 0.22
 19   8 0.15
 19   9 0.62
 19  10 0.36
 19  11 0.49
 19  12 0.59
 19  13 0.46
 19  14 0.59
 19  15 0.38
 19  16 0.44
 19  17 0.56
 19  18 0.42
 19  19 0.45
 19  20 0.68
 19  21 0.29
 19  22 0.29
 20   1 0.16
 20   2 0.15
 20   3 0.46
 20   4 0.11
 20   5 0.30
 20   6 0.41
 20   7 0.07
 20   8 0.07
 20   9 0.52
 20  10 0.42
 20  11 0.51
 20  12 0.64
 20  13 0.45
 20  14 0.56
 20  15 0.42
 20  16 0.44
 20  17 0.59
 20  18 0.39
 20  19 0.43
 20  20 0.60
 20  21 0.17
 20  22 0.20
 21   1 0.17
 21   2 0.13
 21   3 0.52
 21   4 0.16
 21   5 0.42
 21   6 0.51
 21   7 0.12
 21   8 0.11
 21   9 0.51
 21  10 0.46
 21  11 0.64
 21  12 0.65
 21  13 0.56
 21  14 0.60
 21  15 0.47
 21  16 0.58
 21  17 0.63
 21  18 0.53
 21  19 0.43
 21  20 0.53
 21  21 0.27
 21  22 0.30
 22   1 0.52
 22   2 0.44
 22   3 0.50
 22   4 0.40
 22   5 0.57
 22   6 0.50
 22   7 0.40
 22   8 0.40
 22   9 0.52
 22  10 0.37
 22  11 0.52
 22  12 0.38
 22  13 0.61
 22  14 0.37
 22  15 0.35
 22  16 0.58
 22  17 0.49
 22  18 0.60
 22  19 0.51
 22  20 0.26
 22  21 0.55
 22  22 0.57
