  1   1 0.41
  1   2 0.44
  1   3 0.41
  1   4 0.44
  1   5 0.53
  1   6 0.61
  1   7 0.29
  1   8 0.54
  1   9 0.46
  1  10 0.50
  1  11 0.58
  1  12 0.61
  1  13 0.68
  1  14 0.58
  1  15 0.51
  1  16 0.58
  1  17 0.60
  1  18 0.48
  1  19 0.54
  1  20 0.58
  1  21 0.45
  1  22 0.46
  2   1 0.51
  2   2 0.51
  2   3 0.38
  2   4 0.38
  2   5 0.53
  2   6 0.35
  2   7 0.55
  2   8 0.43
  2   9 0.55
  2  10 0.26
  2  11 0.27
  2  12 0.52
  2  13 0.39
  2  14 0.32
  2  15 0.40
  2  16 0.42
  2  17 0.42
  2  18 0.39
  2  19 0.54
  2  20 0.43
  2  21 0.30
  2  22 0.48
  3   1 0.52
  3   2 0.58
  3   3 0.49
  3   4 0.54
  3   5 0.66
  3   6 0.45
  3   7 0.28
  3   8 0.50
  3   9 0.53
  3  10 0.36
  3  11 0.44
  3  12 0.58
  3  13 0.53
  3  14 0.39
  3  15 0.52
  3  16 0.38
  3  17 0.49
  3  18 0.64
  3  19 0.48
  3  20 0.59
  3  21 0.35
  3  22 0.64
  4   1 0.51
  4   2 0.67
  4   3 0.39
  4   4 0.38
  4   5 0.54
  4   6 0.37
  4   7 0.58
  4   8 0.46
  4   9 0.58
  4  10 0.31
  4  11 0.31
  4  12 0.51
  4  13 0.38
  4  14 0.26
  4  15 0.45
  4  16 0.37
  4  17 0.37
  4  18 0.49
  4  19 0.49
  4  20 0.53
  4  21 0.31
  4  22 0.69
  5   1 0.48
  5   2 0.59
  5   3 0.41
  5   4 0.61
  5   5 0.66
  5   6 0.59
  5   7 0.43
  5   8 0.63
  5   9 0.66
  5  10 0.39
  5  11 0.50
  5  12 0.66
  5  13 0.58
  5  14 0.48
  5  15 0.59
  5  16 0.57
  5  17 0.62
  5  18 0.50
  5  19 0.63
  5  20 0.73
  5  21 0.43
  5  22 0.57
  6   1 0.34
  6   2 0.46
  6   3 0.35
  6   4 0.55
  6   5 0.49
  6   6 0.54
  6   7 0.37
  6   8 0.49
  6   9 0.59
  6  10 0.35
  6  11 0.41
  6  12 0.47
  6  13 0.52
  6  14 0.35
  6  15 0.61
  6  16 0.38
  6  17 0.41
  6  18 0.49
  6  19 0.41
  6  20 0.61
  6  21 0.26
  6  22 0.55
  7   1 0.57
  7   2 0.64
  7   3 0.64
  7   4 0.37
  7   5 0.64
  7   6 0.44
  7   7 0.26
  7   8 0.48
  7   9 0.43
  7  10 0.41
  7  11 0.44
  7  12 0.58
  7  13 0.53
  7  14 0.31
  7  15 0.47
  7  16 0.40
  7  17 0.44
  7  18 0.53
  7  19 0.48
  7  20 0.57
  7  21 0.35
  7  22 0.65
  8   1 0.41
  8   2 0.56
  8   3 0.46
  8   4 0.53
  8   5 0.53
  8   6 0.59
  8   7 0.33
  8   8 0.56
  8   9 0.48
  8  10 0.53
  8  11 0.56
  8  12 0.58
  8  13 0.59
  8  14 0.53
  8  15 0.62
  8  16 0.52
  8  17 0.56
  8  18 0.53
  8  19 0.57
  8  20 0.62
  8  21 0.46
  8  22 0.57
  9   1 0.56
  9   2 0.58
  9   3 0.50
  9   4 0.44
  9   5 0.57
  9   6 0.51
  9   7 0.46
  9   8 0.52
  9   9 0.45
  9  10 0.47
  9  11 0.49
  9  12 0.65
  9  13 0.53
  9  14 0.54
  9  15 0.58
  9  16 0.69
  9  17 0.62
  9  18 0.49
  9  19 0.71
  9  20 0.51
  9  21 0.56
  9  22 0.56
 10   1 0.54
 10   2 0.53
 10   3 0.57
 10   4 0.50
 10   5 0.65
 10   6 0.54
 10   7 0.37
 10   8 0.57
 10   9 0.52
 10  10 0.64
 10  11 0.61
 10  12 0.69
 10  13 0.54
 10  14 0.52
 10  15 0.59
 10  16 0.66
 10  17 0.68
 10  18 0.45
 10  19 0.71
 10  20 0.51
 10  21 0.62
 10  22 0.55
 11   1 0.43
 11   2 0.43
 11   3 0.44
 11   4 0.40
 11   5 0.49
 11   6 0.55
 11   7 0.31
 11   8 0.54
 11   9 0.35
 11  10 0.52
 11  11 0.57
 11  12 0.55
 11  13 0.57
 11  14 0.66
 11  15 0.61
 11  16 0.70
 11  17 0.69
 11  18 0.35
 11  19 0.62
 11  20 0.46
 11  21 0.67
 11  22 0.40
 12   1 0.42
 12   2 0.50
 12   3 0.32
 12   4 0.56
 12   5 0.54
 12   6 0.57
 12   7 0.47
 12   8 0.59
 12   9 0.61
 12  10 0.43
 12  11 0.53
 12  12 0.57
 12  13 0.53
 12  14 0.50
 12  15 0.55
 12  16 0.55
 12  17 0.55
 12  18 0.49
 12  19 0.61
 12  20 0.58
 12  21 0.44
 12  22 0.62
 13   1 0.45
 13   2 0.44
 13   3 0.46
 13   4 0.43
 13   5 0.51
 13   6 0.54
 13   7 0.33
 13   8 0.52
 13   9 0.45
 13  10 0.52
 13  11 0.52
 13  12 0.66
 13  13 0.56
 13  14 0.50
 13  15 0.50
 13  16 0.67
 13  17 0.64
 13  18 0.42
 13  19 0.65
 13  20 0.47
 13  21 0.58
 13  22 0.46
 14   1 0.41
 14   2 0.52
 14   3 0.45
 14   4 0.67
 14   5 0.67
 14   6 0.65
 14   7 0.24
 14   8 0.68
 14   9 0.60
 14  10 0.55
 14  11 0.65
 14  12 0.59
 14  13 0.61
 14  14 0.53
 14  15 0.60
 14  16 0.58
 14  17 0.63
 14  18 0.57
 14  19 0.56
 14  20 0.71
 14  21 0.43
 14  22 0.59
 15   1 0.52
 15   2 0.46
 15   3 0.50
 15   4 0.36
 15   5 0.49
 15   6 0.46
 15   7 0.45
 15   8 0.43
 15   9 0.43
 15  10 0.48
 15  11 0.44
 15  12 0.63
 15  13 0.50
 15  14 0.52
 15  15 0.60
 15  16 0.62
 15  17 0.58
 15  18 0.36
 15  19 0.69
 15  20 0.42
 15  21 0.60
 15  22 0.45
 16   1 0.50
 16   2 0.57
 16   3 0.51
 16   4 0.46
 16   5 0.59
 16   6 0.48
 16   7 0.32
 16   8 0.53
 16   9 0.46
 16  10 0.43
 16  11 0.44
 16  12 0.55
 16  13 0.51
 16  14 0.42
 16  15 0.53
 16  16 0.50
 16  17 0.59
 16  18 0.55
 16  19 0.48
 16  20 0.53
 16  21 0.37
 16  22 0.58
 17   1 0.50
 17   2 0.47
 17   3 0.43
 17   4 0.35
 17   5 0.49
 17   6 0.49
 17   7 0.43
 17   8 0.46
 17   9 0.42
 17  10 0.47
 17  11 0.43
 17  12 0.58
 17  13 0.48
 17  14 0.45
 17  15 0.51
 17  16 0.64
 17  17 0.55
 17  18 0.45
 17  19 0.60
 17  20 0.40
 17  21 0.54
 17  22 0.49
 18   1 0.24
 18   2 0.34
 18   3 0.32
 18   4 0.43
 18   5 0.42
 18   6 0.56
 18   7 0.28
 18   8 0.50
 18   9 0.43
 18  10 0.50
 18  11 0.49
 18  12 0.50
 18  13 0.64
 18  14 0.57
 18  15 0.56
 18  16 0.58
 18  17 0.60
 18  18 0.35
 18  19 0.50
 18  20 0.51
 18  21 0.42
 18  22 0.40
 19   1 0.56
 19   2 0.60
 19   3 0.55
 19   4 0.46
 19   5 0.67
 19   6 0.56
 19   7 0.34
 19   8 0.58
 19   9 0.53
 19  10 0.51
 19  11 0.57
 19  12 0.69
 19  13 0.61
 19  14 0.51
 19  15 0.62
 19  16 0.61
 19  17 0.62
 19  18 0.54
 19  19 0.69
 19  20 0.59
 19  21 0.57
 19  22 0.61
 20   1 0.28
 20   2 0.41
 20   3 0.26
 20   4 0.55
 20   5 0.44
 20   6 0.60
 20   7 0.37
 20   8 0.51
 20   9 0.58
 20  10 0.39
 20  11 0.42
 20  12 0.48
 20  13 0.59
 20  14 0.45
 20  15 0.59
 20  16 0.45
 20  17 0.50
 20  18 0.48
 20  19 0.46
 20  20 0.60
 20  21 0.32
 20  22 0.52
 21   1 0.45
 21   2 0.54
 21   3 0.47
 21   4 0.54
 21   5 0.68
 21   6 0.52
 21   7 0.38
 21   8 0.59
 21   9 0.63
 21  10 0.41
 21  11 0.48
 21  12 0.53
 21  13 0.56
 21  14 0.43
 21  15 0.58
 21  16 0.49
 21  17 0.58
 21  18 0.51
 21  19 0.53
 21  20 0.64
 21  21 0.35
 21  22 0.66
 22   1 0.32
 22   2 0.45
 22   3 0.21
 22   4 0.45
 22   5 0.37
 22   6 0.43
 22   7 0.67
 22   8 0.33
 22   9 0.52
 22  10 0.22
 22  11 0.23
 22  12 0.41
 22  13 0.34
 22  14 0.29
 22  15 0.44
 22  16 0.34
 22  17 0.35
 22  18 0.49
 22  19 0.48
 22  20 0.48
 22  21 0.30
 22  22 0.55
