  1   1 0.41
  1   2 0.24
  1   3 0.31
  1   5 0.36
  1   6 0.41
  1   7 0.23
  1   8 0.38
  1   9 0.42
  1  10 0.48
  1  11 0.40
  1  12 0.31
  1  13 0.58
  1  14 0.20
  1  15 0.36
  1  16 0.34
  1  17 0.48
  1  18 0.50
  1  19 0.51
  1  21 0.45
  1  22 0.43
  2   1 0.40
  2   2 0.33
  2   3 0.43
  2   5 0.38
  2   6 0.37
  2   7 0.17
  2   8 0.31
  2   9 0.41
  2  10 0.45
  2  11 0.42
  2  12 0.25
  2  13 0.39
  2  14 0.20
  2  15 0.44
  2  16 0.28
  2  17 0.44
  2  18 0.42
  2  19 0.43
  2  21 0.39
  2  22 0.41
  3   1 0.34
  3   2 0.33
  3   3 0.27
  3   5 0.26
  3   6 0.52
  3   7 0.16
  3   8 0.23
  3   9 0.21
  3  10 0.48
  3  11 0.35
  3  12 0.32
  3  13 0.36
  3  14 0.15
  3  15 0.34
  3  16 0.41
  3  17 0.37
  3  18 0.45
  3  19 0.42
  3  21 0.39
  3  22 0.46
  4   1 0.39
  4   2 0.30
  4   3 0.31
  4   5 0.35
  4   6 0.49
  4   7 0.15
  4   8 0.23
  4   9 0.29
  4  10 0.48
  4  11 0.37
  4  12 0.26
  4  13 0.35
  4  14 0.18
  4  15 0.43
  4  16 0.42
  4  17 0.45
  4  18 0.46
  4  19 0.46
  4  21 0.45
  4  22 0.50
  5   1 0.40
  5   2 0.38
  5   3 0.33
  5   5 0.48
  5   6 0.37
  5   7 0.23
  5   8 0.35
  5   9 0.46
  5  10 0.50
  5  11 0.45
  5  12 0.30
  5  13 0.37
  5  14 0.26
  5  15 0.46
  5  16 0.29
  5  17 0.39
  5  18 0.46
  5  19 0.42
  5  21 0.54
  5  22 0.39
  6   1 0.37
  6   2 0.32
  6   3 0.25
  6   5 0.30
  6   6 0.41
  6   7 0.25
  6   8 0.42
  6   9 0.35
  6  10 0.52
  6  11 0.40
  6  12 0.34
  6  13 0.43
  6  14 0.12
  6  15 0.40
  6  16 0.40
  6  17 0.37
  6  18 0.60
  6  19 0.51
  6  21 0.49
  6  22 0.55
  7   1 0.44
  7   2 0.40
  7   3 0.32
  7   5 0.37
  7   6 0.58
  7   7 0.31
  7   8 0.42
  7   9 0.39
  7  10 0.67
  7  11 0.45
  7  12 0.44
  7  13 0.53
  7  14 0.16
  7  15 0.49
  7  16 0.51
  7  17 0.47
  7  18 0.63
  7  19 0.59
  7  21 0.60
  7  22 0.60
  8   1 0.45
  8   2 0.29
  8   3 0.26
  8   5 0.31
  8   6 0.61
  8   7 0.27
  8   8 0.37
  8   9 0.28
  8  10 0.52
  8  11 0.36
  8  12 0.42
  8  13 0.39
  8  14 0.14
  8  15 0.40
  8  16 0.59
  8  17 0.35
  8  18 0.48
  8  19 0.51
  8  21 0.54
  8  22 0.52
  9   1 0.35
  9   2 0.39
  9   3 0.31
  9   5 0.31
  9   6 0.54
  9   7 0.22
  9   8 0.36
  9   9 0.34
  9  10 0.62
  9  11 0.45
  9  12 0.41
  9  13 0.41
  9  14 0.15
  9  15 0.44
  9  16 0.56
  9  17 0.37
  9  18 0.64
  9  19 0.55
  9  21 0.51
  9  22 0.61
 10   1 0.43
 10   2 0.36
 10   3 0.35
 10   5 0.37
 10   6 0.53
 10   7 0.27
 10   8 0.45
 10   9 0.42
 10  10 0.64
 10  11 0.48
 10  12 0.42
 10  13 0.56
 10  14 0.22
 10  15 0.48
 10  16 0.48
 10  17 0.50
 10  18 0.65
 10  19 0.63
 10  21 0.57
 10  22 0.61
 11   1 0.17
 11   2 0.20
 11   3 0.14
 11   5 0.14
 11   6 0.34
 11   7 0.18
 11   8 0.19
 11   9 0.13
 11  10 0.31
 11  11 0.19
 11  12 0.19
 11  13 0.25
 11  14 0.15
 11  15 0.23
 11  16 0.33
 11  17 0.25
 11  18 0.23
 11  19 0.32
 11  21 0.28
 11  22 0.25
 12   1 0.32
 12   2 0.39
 12   3 0.24
 12   5 0.28
 12   6 0.45
 12   7 0.21
 12   8 0.37
 12   9 0.32
 12  10 0.55
 12  11 0.33
 12  12 0.30
 12  13 0.43
 12  14 0.16
 12  15 0.46
 12  16 0.46
 12  17 0.41
 12  18 0.65
 12  19 0.49
 12  21 0.55
 12  22 0.53
 13   1 0.35
 13   2 0.31
 13   3 0.38
 13   5 0.31
 13   6 0.45
 13   7 0.20
 13   8 0.25
 13   9 0.35
 13  10 0.52
 13  11 0.45
 13  12 0.26
 13  13 0.35
 13  14 0.15
 13  15 0.39
 13  16 0.38
 13  17 0.43
 13  18 0.54
 13  19 0.49
 13  21 0.52
 13  22 0.48
 14   1 0.31
 14   2 0.24
 14   3 0.31
 14   5 0.25
 14   6 0.44
 14   7 0.24
 14   8 0.37
 14   9 0.28
 14  10 0.51
 14  11 0.36
 14  12 0.38
 14  13 0.50
 14  14 0.17
 14  15 0.30
 14  16 0.35
 14  17 0.38
 14  18 0.41
 14  19 0.46
 14  21 0.39
 14  22 0.44
 15   1 0.40
 15   2 0.37
 15   3 0.31
 15   5 0.39
 15   6 0.52
 15   7 0.30
 15   8 0.49
 15   9 0.38
 15  10 0.59
 15  11 0.48
 15  12 0.47
 15  13 0.44
 15  14 0.23
 15  15 0.52
 15  16 0.53
 15  17 0.39
 15  18 0.65
 15  19 0.60
 15  21 0.61
 15  22 0.61
 16   1 0.44
 16   2 0.41
 16   3 0.41
 16   5 0.45
 16   6 0.54
 16   7 0.25
 16   8 0.42
 16   9 0.45
 16  10 0.58
 16  11 0.50
 16  12 0.38
 16  13 0.51
 16  14 0.24
 16  15 0.52
 16  16 0.45
 16  17 0.50
 16  18 0.58
 16  19 0.55
 16  21 0.59
 16  22 0.56
 17   1 0.36
 17   2 0.42
 17   3 0.35
 17   5 0.38
 17   6 0.57
 17   7 0.23
 17   8 0.36
 17   9 0.32
 17  10 0.63
 17  11 0.41
 17  12 0.37
 17  13 0.47
 17  14 0.16
 17  15 0.49
 17  16 0.55
 17  17 0.42
 17  18 0.60
 17  19 0.60
 17  21 0.49
 17  22 0.57
 18   1 0.35
 18   2 0.30
 18   3 0.33
 18   5 0.36
 18   6 0.42
 18   7 0.24
 18   8 0.42
 18   9 0.42
 18  10 0.55
 18  11 0.45
 18  12 0.42
 18  13 0.50
 18  14 0.17
 18  15 0.42
 18  16 0.43
 18  17 0.40
 18  18 0.55
 18  19 0.54
 18  21 0.50
 18  22 0.50
 19   1 0.39
 19   2 0.33
 19   3 0.38
 19   5 0.42
 19   6 0.43
 19   7 0.27
 19   8 0.45
 19   9 0.41
 19  10 0.61
 19  11 0.48
 19  12 0.40
 19  13 0.55
 19  14 0.20
 19  15 0.44
 19  16 0.37
 19  17 0.44
 19  18 0.55
 19  19 0.59
 19  21 0.48
 19  22 0.53
 20   1 0.34
 20   2 0.24
 20   3 0.41
 20   5 0.32
 20   6 0.39
 20   7 0.18
 20   8 0.28
 20   9 0.42
 20  10 0.45
 20  11 0.47
 20  12 0.21
 20  13 0.43
 20  14 0.15
 20  15 0.31
 20  16 0.26
 20  17 0.40
 20  18 0.37
 20  19 0.48
 20  21 0.36
 20  22 0.35
 21   1 0.36
 21   2 0.30
 21   3 0.29
 21   5 0.41
 21   6 0.43
 21   7 0.32
 21   8 0.56
 21   9 0.47
 21  10 0.55
 21  11 0.36
 21  12 0.38
 21  13 0.52
 21  14 0.17
 21  15 0.48
 21  16 0.45
 21  17 0.38
 21  18 0.51
 21  19 0.58
 21  21 0.48
 21  22 0.55
 22   1 0.35
 22   2 0.25
 22   3 0.26
 22   5 0.27
 22   6 0.56
 22   7 0.15
 22   8 0.26
 22   9 0.26
 22  10 0.35
 22  11 0.34
 22  12 0.24
 22  13 0.35
 22  14 0.14
 22  15 0.33
 22  16 0.37
 22  17 0.38
 22  18 0.38
 22  19 0.36
 22  21 0.37
 22  22 0.39
