  1   1 0.58
  1   2 0.44
  1   3 0.65
  1   4 0.25
  1   5 0.49
  1   6 0.73
  1   7 0.71
  1   8 0.51
  1   9 0.56
  1  10 0.68
  1  11 0.76
  1  12 0.68
  1  13 0.61
  1  14 0.72
  1  15 0.72
  1  16 0.64
  1  17 0.71
  1  18 0.75
  1  19 0.70
  1  20 0.66
  1  21 0.69
  1  22 0.37
  2   1 0.83
  2   2 0.77
  2   3 0.41
  2   4 0.19
  2   5 0.79
  2   6 0.65
  2   7 0.52
  2   8 0.76
  2   9 0.75
  2  10 0.77
  2  11 0.59
  2  12 0.73
  2  13 0.80
  2  14 0.72
  2  15 0.66
  2  16 0.57
  2  17 0.72
  2  18 0.59
  2  19 0.76
  2  20 0.60
  2  21 0.59
  2  22 0.44
  3   1 0.62
  3   2 0.53
  3   3 0.63
  3   4 0.27
  3   5 0.55
  3   6 0.79
  3   7 0.76
  3   8 0.61
  3   9 0.59
  3  10 0.76
  3  11 0.80
  3  12 0.76
  3  13 0.67
  3  14 0.75
  3  15 0.71
  3  16 0.72
  3  17 0.79
  3  18 0.78
  3  19 0.72
  3  20 0.63
  3  21 0.72
  3  22 0.45
  4   1 0.68
  4   2 0.57
  4   3 0.37
  4   4 0.18
  4   5 0.62
  4   6 0.62
  4   7 0.48
  4   8 0.64
  4   9 0.61
  4  10 0.65
  4  11 0.50
  4  12 0.62
  4  13 0.64
  4  14 0.59
  4  15 0.59
  4  16 0.48
  4  17 0.61
  4  18 0.52
  4  19 0.65
  4  20 0.58
  4  21 0.56
  4  22 0.33
  5   1 0.74
  5   2 0.61
  5   3 0.49
  5   4 0.22
  5   5 0.61
  5   6 0.76
  5   7 0.61
  5   8 0.71
  5   9 0.71
  5  10 0.74
  5  11 0.67
  5  12 0.74
  5  13 0.73
  5  14 0.72
  5  15 0.76
  5  16 0.55
  5  17 0.75
  5  18 0.70
  5  19 0.79
  5  20 0.73
  5  21 0.71
  5  22 0.45
  6   1 0.76
  6   2 0.61
  6   3 0.48
  6   4 0.20
  6   5 0.68
  6   6 0.68
  6   7 0.57
  6   8 0.64
  6   9 0.71
  6  10 0.70
  6  11 0.68
  6  12 0.71
  6  13 0.71
  6  14 0.69
  6  15 0.74
  6  16 0.57
  6  17 0.70
  6  18 0.65
  6  19 0.72
  6  20 0.68
  6  21 0.67
  6  22 0.33
  7   1 0.71
  7   2 0.63
  7   3 0.38
  7   4 0.19
  7   5 0.69
  7   6 0.67
  7   7 0.56
  7   8 0.64
  7   9 0.78
  7  10 0.69
  7  11 0.60
  7  12 0.68
  7  13 0.68
  7  14 0.66
  7  15 0.78
  7  16 0.50
  7  17 0.71
  7  18 0.62
  7  19 0.71
  7  20 0.72
  7  21 0.70
  7  22 0.34
  8   1 0.75
  8   2 0.67
  8   3 0.48
  8   4 0.19
  8   5 0.68
  8   6 0.77
  8   7 0.65
  8   8 0.74
  8   9 0.69
  8  10 0.78
  8  11 0.71
  8  12 0.78
  8  13 0.77
  8  14 0.76
  8  15 0.68
  8  16 0.63
  8  17 0.77
  8  18 0.72
  8  19 0.79
  8  20 0.69
  8  21 0.69
  8  22 0.45
  9   1 0.73
  9   2 0.59
  9   3 0.57
  9   4 0.35
  9   5 0.60
  9   6 0.81
  9   7 0.68
  9   8 0.68
  9   9 0.64
  9  10 0.74
  9  11 0.76
  9  12 0.75
  9  13 0.70
  9  14 0.74
  9  15 0.74
  9  16 0.67
  9  17 0.72
  9  18 0.77
  9  19 0.75
  9  20 0.70
  9  21 0.70
  9  22 0.47
 10   1 0.80
 10   2 0.72
 10   3 0.48
 10   4 0.19
 10   5 0.77
 10   6 0.67
 10   7 0.56
 10   8 0.76
 10   9 0.77
 10  10 0.80
 10  11 0.62
 10  12 0.75
 10  13 0.76
 10  14 0.73
 10  15 0.72
 10  16 0.62
 10  17 0.77
 10  18 0.64
 10  19 0.75
 10  20 0.66
 10  21 0.64
 10  22 0.38
 11   1 0.76
 11   2 0.73
 11   3 0.43
 11   4 0.16
 11   5 0.66
 11   6 0.63
 11   7 0.48
 11   8 0.72
 11   9 0.55
 11  10 0.71
 11  11 0.56
 11  12 0.73
 11  13 0.71
 11  14 0.67
 11  15 0.58
 11  16 0.64
 11  17 0.67
 11  18 0.59
 11  19 0.68
 11  20 0.51
 11  21 0.59
 11  22 0.34
 12   1 0.77
 12   2 0.61
 12   3 0.46
 12   4 0.21
 12   5 0.68
 12   6 0.69
 12   7 0.57
 12   8 0.70
 12   9 0.72
 12  10 0.73
 12  11 0.63
 12  12 0.71
 12  13 0.70
 12  14 0.69
 12  15 0.75
 12  16 0.57
 12  17 0.73
 12  18 0.66
 12  19 0.72
 12  20 0.67
 12  21 0.68
 12  22 0.36
 13   1 0.67
 13   2 0.57
 13   3 0.49
 13   4 0.24
 13   5 0.59
 13   6 0.71
 13   7 0.60
 13   8 0.66
 13   9 0.69
 13  10 0.72
 13  11 0.69
 13  12 0.70
 13  13 0.73
 13  14 0.71
 13  15 0.69
 13  16 0.56
 13  17 0.73
 13  18 0.72
 13  19 0.75
 13  20 0.70
 13  21 0.65
 13  22 0.47
 14   1 0.70
 14   2 0.57
 14   3 0.68
 14   4 0.26
 14   5 0.61
 14   6 0.77
 14   7 0.68
 14   8 0.66
 14   9 0.65
 14  10 0.79
 14  11 0.77
 14  12 0.76
 14  13 0.74
 14  14 0.77
 14  15 0.71
 14  16 0.70
 14  17 0.77
 14  18 0.76
 14  19 0.77
 14  20 0.65
 14  21 0.67
 14  22 0.44
 15   1 0.80
 15   2 0.72
 15   3 0.40
 15   4 0.13
 15   5 0.72
 15   6 0.59
 15   7 0.45
 15   8 0.76
 15   9 0.66
 15  10 0.72
 15  11 0.51
 15  12 0.68
 15  13 0.73
 15  14 0.65
 15  15 0.58
 15  16 0.58
 15  17 0.69
 15  18 0.56
 15  19 0.68
 15  20 0.53
 15  21 0.53
 15  22 0.34
 16   1 0.71
 16   2 0.65
 16   3 0.58
 16   4 0.21
 16   5 0.61
 16   6 0.78
 16   7 0.69
 16   8 0.69
 16   9 0.57
 16  10 0.75
 16  11 0.72
 16  12 0.78
 16  13 0.68
 16  14 0.72
 16  15 0.70
 16  16 0.72
 16  17 0.79
 16  18 0.72
 16  19 0.70
 16  20 0.55
 16  21 0.71
 16  22 0.43
 17   1 0.75
 17   2 0.68
 17   3 0.64
 17   4 0.22
 17   5 0.70
 17   6 0.74
 17   7 0.64
 17   8 0.72
 17   9 0.68
 17  10 0.83
 17  11 0.70
 17  12 0.83
 17  13 0.80
 17  14 0.78
 17  15 0.73
 17  16 0.73
 17  17 0.81
 17  18 0.75
 17  19 0.79
 17  20 0.64
 17  21 0.69
 17  22 0.43
 18   1 0.65
 18   2 0.58
 18   3 0.57
 18   4 0.18
 18   5 0.58
 18   6 0.69
 18   7 0.67
 18   8 0.61
 18   9 0.58
 18  10 0.78
 18  11 0.71
 18  12 0.75
 18  13 0.70
 18  14 0.74
 18  15 0.63
 18  16 0.69
 18  17 0.78
 18  18 0.66
 18  19 0.70
 18  20 0.57
 18  21 0.64
 18  22 0.36
 19   1 0.86
 19   2 0.73
 19   3 0.47
 19   4 0.18
 19   5 0.78
 19   6 0.68
 19   7 0.57
 19   8 0.80
 19   9 0.79
 19  10 0.79
 19  11 0.60
 19  12 0.75
 19  13 0.79
 19  14 0.73
 19  15 0.73
 19  16 0.62
 19  17 0.77
 19  18 0.64
 19  19 0.77
 19  20 0.67
 19  21 0.66
 19  22 0.40
 20   1 0.75
 20   2 0.66
 20   3 0.50
 20   4 0.26
 20   5 0.67
 20   6 0.72
 20   7 0.58
 20   8 0.71
 20   9 0.74
 20  10 0.76
 20  11 0.66
 20  12 0.77
 20  13 0.80
 20  14 0.76
 20  15 0.71
 20  16 0.57
 20  17 0.74
 20  18 0.71
 20  19 0.81
 20  20 0.68
 20  21 0.64
 20  22 0.52
 21   1 0.75
 21   2 0.60
 21   3 0.54
 21   4 0.25
 21   5 0.63
 21   6 0.68
 21   7 0.54
 21   8 0.67
 21   9 0.69
 21  10 0.73
 21  11 0.64
 21  12 0.73
 21  13 0.72
 21  14 0.72
 21  15 0.69
 21  16 0.65
 21  17 0.71
 21  18 0.68
 21  19 0.74
 21  20 0.67
 21  21 0.65
 21  22 0.39
 22   1 0.66
 22   2 0.57
 22   3 0.53
 22   4 0.20
 22   5 0.55
 22   6 0.71
 22   7 0.60
 22   8 0.64
 22   9 0.65
 22  10 0.67
 22  11 0.63
 22  12 0.68
 22  13 0.67
 22  14 0.70
 22  15 0.70
 22  16 0.58
 22  17 0.67
 22  18 0.68
 22  19 0.77
 22  20 0.68
 22  21 0.66
 22  22 0.41
