  1   1 0.65
  1   2 0.58
  1   3 0.61
  1   4 0.62
  1   5 0.68
  1   6 0.62
  1   7 0.72
  1   8 0.70
  1   9 0.62
  1  10 0.70
  1  11 0.66
  1  12 0.69
  1  13 0.72
  1  14 0.62
  1  15 0.63
  1  16 0.55
  1  17 0.66
  1  18 0.70
  1  19 0.63
  1  20 0.72
  1  21 0.65
  1  22 0.71
  2   1 0.74
  2   2 0.74
  2   3 0.75
  2   4 0.53
  2   5 0.60
  2   6 0.71
  2   7 0.44
  2   8 0.57
  2   9 0.70
  2  10 0.55
  2  11 0.71
  2  12 0.57
  2  13 0.67
  2  14 0.71
  2  15 0.62
  2  16 0.66
  2  17 0.52
  2  18 0.73
  2  19 0.64
  2  20 0.69
  2  21 0.56
  2  22 0.71
  3   1 0.49
  3   2 0.50
  3   3 0.57
  3   4 0.52
  3   5 0.55
  3   6 0.58
  3   7 0.50
  3   8 0.45
  3   9 0.61
  3  10 0.57
  3  11 0.59
  3  12 0.45
  3  13 0.50
  3  14 0.55
  3  15 0.48
  3  16 0.53
  3  17 0.43
  3  18 0.60
  3  19 0.45
  3  20 0.66
  3  21 0.46
  3  22 0.52
  4   1 0.58
  4   2 0.52
  4   3 0.61
  4   4 0.60
  4   5 0.57
  4   6 0.69
  4   7 0.64
  4   8 0.60
  4   9 0.59
  4  10 0.66
  4  11 0.70
  4  12 0.66
  4  13 0.64
  4  14 0.59
  4  15 0.61
  4  16 0.63
  4  17 0.55
  4  18 0.68
  4  19 0.63
  4  20 0.71
  4  21 0.64
  4  22 0.63
  5   1 0.61
  5   2 0.58
  5   3 0.68
  5   4 0.54
  5   5 0.62
  5   6 0.60
  5   7 0.61
  5   8 0.63
  5   9 0.63
  5  10 0.65
  5  11 0.63
  5  12 0.67
  5  13 0.66
  5  14 0.70
  5  15 0.62
  5  16 0.63
  5  17 0.61
  5  18 0.72
  5  19 0.61
  5  20 0.68
  5  21 0.60
  5  22 0.69
  6   1 0.59
  6   2 0.52
  6   3 0.62
  6   4 0.59
  6   5 0.62
  6   6 0.65
  6   7 0.57
  6   8 0.58
  6   9 0.65
  6  10 0.69
  6  11 0.68
  6  12 0.64
  6  13 0.62
  6  14 0.60
  6  15 0.63
  6  16 0.59
  6  17 0.55
  6  18 0.69
  6  19 0.63
  6  20 0.72
  6  21 0.62
  6  22 0.64
  7   1 0.64
  7   2 0.60
  7   3 0.77
  7   4 0.58
  7   5 0.66
  7   6 0.68
  7   7 0.60
  7   8 0.61
  7   9 0.62
  7  10 0.63
  7  11 0.74
  7  12 0.67
  7  13 0.72
  7  14 0.63
  7  15 0.69
  7  16 0.66
  7  17 0.55
  7  18 0.72
  7  19 0.64
  7  20 0.72
  7  21 0.68
  7  22 0.69
  8   1 0.69
  8   2 0.62
  8   3 0.65
  8   4 0.61
  8   5 0.67
  8   6 0.63
  8   7 0.72
  8   8 0.71
  8   9 0.59
  8  10 0.67
  8  11 0.67
  8  12 0.63
  8  13 0.67
  8  14 0.67
  8  15 0.65
  8  16 0.54
  8  17 0.61
  8  18 0.67
  8  19 0.69
  8  20 0.72
  8  21 0.66
  8  22 0.74
  9   1 0.60
  9   2 0.56
  9   3 0.61
  9   4 0.69
  9   5 0.65
  9   6 0.66
  9   7 0.74
  9   8 0.67
  9   9 0.59
  9  10 0.66
  9  11 0.67
  9  12 0.66
  9  13 0.71
  9  14 0.57
  9  15 0.62
  9  16 0.56
  9  17 0.61
  9  18 0.62
  9  19 0.59
  9  20 0.69
  9  21 0.57
  9  22 0.64
 10   1 0.65
 10   2 0.58
 10   3 0.75
 10   4 0.51
 10   5 0.73
 10   6 0.70
 10   7 0.57
 10   8 0.61
 10   9 0.64
 10  10 0.70
 10  11 0.71
 10  12 0.65
 10  13 0.69
 10  14 0.67
 10  15 0.72
 10  16 0.72
 10  17 0.61
 10  18 0.72
 10  19 0.67
 10  20 0.71
 10  21 0.65
 10  22 0.70
 11   1 0.49
 11   2 0.45
 11   3 0.59
 11   4 0.39
 11   5 0.54
 11   6 0.57
 11   7 0.37
 11   8 0.51
 11   9 0.46
 11  10 0.50
 11  11 0.54
 11  12 0.60
 11  13 0.56
 11  14 0.48
 11  15 0.58
 11  16 0.61
 11  17 0.47
 11  18 0.60
 11  19 0.56
 11  20 0.55
 11  21 0.53
 11  22 0.56
 12   1 0.49
 12   2 0.42
 12   3 0.43
 12   4 0.57
 12   5 0.49
 12   6 0.63
 12   7 0.59
 12   8 0.59
 12   9 0.55
 12  10 0.63
 12  11 0.58
 12  12 0.63
 12  13 0.52
 12  14 0.46
 12  15 0.51
 12  16 0.52
 12  17 0.54
 12  18 0.58
 12  19 0.53
 12  20 0.65
 12  21 0.56
 12  22 0.50
 13   1 0.60
 13   2 0.55
 13   3 0.57
 13   4 0.51
 13   5 0.57
 13   6 0.59
 13   7 0.60
 13   8 0.62
 13   9 0.64
 13  10 0.61
 13  11 0.59
 13  12 0.56
 13  13 0.55
 13  14 0.58
 13  15 0.54
 13  16 0.53
 13  17 0.49
 13  18 0.70
 13  19 0.62
 13  20 0.66
 13  21 0.58
 13  22 0.59
 14   1 0.60
 14   2 0.55
 14   3 0.59
 14   4 0.56
 14   5 0.63
 14   6 0.58
 14   7 0.72
 14   8 0.67
 14   9 0.53
 14  10 0.68
 14  11 0.66
 14  12 0.69
 14  13 0.73
 14  14 0.63
 14  15 0.62
 14  16 0.55
 14  17 0.66
 14  18 0.68
 14  19 0.58
 14  20 0.64
 14  21 0.62
 14  22 0.72
 15   1 0.57
 15   2 0.54
 15   3 0.61
 15   4 0.60
 15   5 0.57
 15   6 0.70
 15   7 0.62
 15   8 0.58
 15   9 0.64
 15  10 0.66
 15  11 0.67
 15  12 0.63
 15  13 0.60
 15  14 0.59
 15  15 0.59
 15  16 0.63
 15  17 0.55
 15  18 0.68
 15  19 0.59
 15  20 0.71
 15  21 0.62
 15  22 0.61
 16   1 0.66
 16   2 0.58
 16   3 0.66
 16   4 0.53
 16   5 0.64
 16   6 0.66
 16   7 0.54
 16   8 0.64
 16   9 0.56
 16  10 0.63
 16  11 0.69
 16  12 0.67
 16  13 0.71
 16  14 0.64
 16  15 0.72
 16  16 0.68
 16  17 0.60
 16  18 0.69
 16  19 0.64
 16  20 0.69
 16  21 0.63
 16  22 0.68
 17   1 0.50
 17   2 0.45
 17   3 0.45
 17   4 0.62
 17   5 0.50
 17   6 0.61
 17   7 0.63
 17   8 0.60
 17   9 0.55
 17  10 0.64
 17  11 0.58
 17  12 0.62
 17  13 0.51
 17  14 0.49
 17  15 0.56
 17  16 0.57
 17  17 0.57
 17  18 0.60
 17  19 0.54
 17  20 0.60
 17  21 0.55
 17  22 0.51
 18   1 0.59
 18   2 0.58
 18   3 0.67
 18   4 0.49
 18   5 0.56
 18   6 0.63
 18   7 0.46
 18   8 0.55
 18   9 0.59
 18  10 0.58
 18  11 0.66
 18  12 0.66
 18  13 0.64
 18  14 0.62
 18  15 0.62
 18  16 0.66
 18  17 0.54
 18  18 0.69
 18  19 0.65
 18  20 0.62
 18  21 0.58
 18  22 0.66
 19   1 0.65
 19   2 0.68
 19   3 0.71
 19   4 0.55
 19   5 0.59
 19   6 0.67
 19   7 0.48
 19   8 0.54
 19   9 0.69
 19  10 0.54
 19  11 0.69
 19  12 0.54
 19  13 0.69
 19  14 0.66
 19  15 0.59
 19  16 0.66
 19  17 0.47
 19  18 0.69
 19  19 0.58
 19  20 0.72
 19  21 0.54
 19  22 0.69
 20   1 0.72
 20   2 0.67
 20   3 0.70
 20   4 0.51
 20   5 0.59
 20   6 0.75
 20   7 0.52
 20   8 0.65
 20   9 0.69
 20  10 0.63
 20  11 0.75
 20  12 0.66
 20  13 0.69
 20  14 0.69
 20  15 0.66
 20  16 0.66
 20  17 0.59
 20  18 0.75
 20  19 0.66
 20  20 0.73
 20  21 0.60
 20  22 0.70
 21   1 0.49
 21   2 0.42
 21   3 0.53
 21   4 0.61
 21   5 0.58
 21   6 0.59
 21   7 0.55
 21   8 0.51
 21   9 0.48
 21  10 0.60
 21  11 0.60
 21  12 0.55
 21  13 0.54
 21  14 0.46
 21  15 0.50
 21  16 0.49
 21  17 0.51
 21  18 0.53
 21  19 0.51
 21  20 0.59
 21  21 0.54
 21  22 0.51
 22   1 0.63
 22   2 0.62
 22   3 0.62
 22   4 0.55
 22   5 0.56
 22   6 0.70
 22   7 0.60
 22   8 0.59
 22   9 0.61
 22  10 0.59
 22  11 0.71
 22  12 0.60
 22  13 0.67
 22  14 0.60
 22  15 0.66
 22  16 0.61
 22  17 0.60
 22  18 0.67
 22  19 0.64
 22  20 0.71
 22  21 0.65
 22  22 0.68
