  1   1 0.63
  1   2 0.56
  1   3 0.72
  1   4 0.58
  1   5 0.69
  1   6 0.61
  1   7 0.65
  1   8 0.79
  1   9 0.71
  1  10 0.63
  1  11 0.73
  1  12 0.67
  1  13 0.62
  1  14 0.46
  1  15 0.58
  1  16 0.77
  1  17 0.75
  1  18 0.60
  1  19 0.76
  1  20 0.71
  1  21 0.74
  1  22 0.78
  2   1 0.60
  2   2 0.56
  2   3 0.72
  2   4 0.57
  2   5 0.67
  2   6 0.44
  2   7 0.69
  2   8 0.69
  2   9 0.65
  2  10 0.60
  2  11 0.66
  2  12 0.71
  2  13 0.73
  2  14 0.31
  2  15 0.65
  2  16 0.69
  2  17 0.60
  2  18 0.72
  2  19 0.60
  2  20 0.52
  2  21 0.80
  2  22 0.73
  3   1 0.53
  3   2 0.45
  3   3 0.67
  3   4 0.50
  3   5 0.69
  3   6 0.59
  3   7 0.66
  3   8 0.78
  3   9 0.65
  3  10 0.64
  3  11 0.73
  3  12 0.67
  3  13 0.58
  3  14 0.45
  3  15 0.53
  3  16 0.68
  3  17 0.71
  3  18 0.57
  3  19 0.76
  3  20 0.70
  3  21 0.71
  3  22 0.76
  4   1 0.71
  4   2 0.62
  4   3 0.69
  4   4 0.60
  4   5 0.67
  4   6 0.68
  4   7 0.64
  4   8 0.78
  4   9 0.79
  4  10 0.71
  4  11 0.77
  4  12 0.72
  4  13 0.67
  4  14 0.54
  4  15 0.66
  4  16 0.73
  4  17 0.74
  4  18 0.67
  4  19 0.77
  4  20 0.72
  4  21 0.73
  4  22 0.75
  5   1 0.67
  5   2 0.58
  5   3 0.66
  5   4 0.50
  5   5 0.74
  5   6 0.64
  5   7 0.54
  5   8 0.77
  5   9 0.66
  5  10 0.61
  5  11 0.73
  5  12 0.75
  5  13 0.53
  5  14 0.51
  5  15 0.52
  5  16 0.65
  5  17 0.69
  5  18 0.54
  5  19 0.74
  5  20 0.62
  5  21 0.67
  5  22 0.71
  6   1 0.67
  6   2 0.70
  6   3 0.76
  6   4 0.56
  6   5 0.70
  6   6 0.62
  6   7 0.82
  6   8 0.77
  6   9 0.79
  6  10 0.76
  6  11 0.82
  6  12 0.67
  6  13 0.83
  6  14 0.44
  6  15 0.77
  6  16 0.75
  6  17 0.79
  6  18 0.76
  6  19 0.73
  6  20 0.70
  6  21 0.87
  6  22 0.84
  7   1 0.65
  7   2 0.44
  7   3 0.64
  7   4 0.49
  7   5 0.60
  7   6 0.62
  7   7 0.33
  7   8 0.58
  7   9 0.55
  7  10 0.45
  7  11 0.54
  7  12 0.63
  7  13 0.42
  7  14 0.48
  7  15 0.36
  7  16 0.58
  7  17 0.58
  7  18 0.33
  7  19 0.62
  7  20 0.49
  7  21 0.45
  7  22 0.57
  8   1 0.73
  8   2 0.70
  8   3 0.64
  8   4 0.52
  8   5 0.61
  8   6 0.58
  8   7 0.66
  8   8 0.65
  8   9 0.76
  8  10 0.73
  8  11 0.72
  8  12 0.58
  8  13 0.76
  8  14 0.41
  8  15 0.78
  8  16 0.66
  8  17 0.66
  8  18 0.79
  8  19 0.66
  8  20 0.59
  8  21 0.76
  8  22 0.68
  9   1 0.58
  9   2 0.58
  9   3 0.66
  9   4 0.45
  9   5 0.69
  9   6 0.47
  9   7 0.79
  9   8 0.76
  9   9 0.64
  9  10 0.63
  9  11 0.71
  9  12 0.72
  9  13 0.74
  9  14 0.32
  9  15 0.67
  9  16 0.67
  9  17 0.63
  9  18 0.71
  9  19 0.67
  9  20 0.54
  9  21 0.79
  9  22 0.76
 10   1 0.79
 10   2 0.73
 10   3 0.73
 10   4 0.60
 10   5 0.66
 10   6 0.74
 10   7 0.59
 10   8 0.69
 10   9 0.82
 10  10 0.77
 10  11 0.77
 10  12 0.66
 10  13 0.67
 10  14 0.53
 10  15 0.70
 10  16 0.71
 10  17 0.79
 10  18 0.67
 10  19 0.74
 10  20 0.71
 10  21 0.76
 10  22 0.75
 11   1 0.78
 11   2 0.68
 11   3 0.65
 11   4 0.50
 11   5 0.66
 11   6 0.72
 11   7 0.59
 11   8 0.67
 11   9 0.75
 11  10 0.68
 11  11 0.72
 11  12 0.60
 11  13 0.64
 11  14 0.55
 11  15 0.72
 11  16 0.65
 11  17 0.73
 11  18 0.64
 11  19 0.74
 11  20 0.66
 11  21 0.70
 11  22 0.71
 12   1 0.73
 12   2 0.57
 12   3 0.66
 12   4 0.58
 12   5 0.65
 12   6 0.63
 12   7 0.61
 12   8 0.69
 12   9 0.74
 12  10 0.68
 12  11 0.70
 12  12 0.66
 12  13 0.70
 12  14 0.44
 12  15 0.73
 12  16 0.69
 12  17 0.67
 12  18 0.72
 12  19 0.72
 12  20 0.63
 12  21 0.71
 12  22 0.69
 13   1 0.70
 13   2 0.55
 13   3 0.65
 13   4 0.59
 13   5 0.66
 13   6 0.71
 13   7 0.55
 13   8 0.73
 13   9 0.76
 13  10 0.66
 13  11 0.72
 13  12 0.63
 13  13 0.57
 13  14 0.65
 13  15 0.55
 13  16 0.73
 13  17 0.77
 13  18 0.57
 13  19 0.74
 13  20 0.75
 13  21 0.65
 13  22 0.69
 14   1 0.65
 14   2 0.63
 14   3 0.76
 14   4 0.57
 14   5 0.71
 14   6 0.63
 14   7 0.72
 14   8 0.75
 14   9 0.77
 14  10 0.74
 14  11 0.80
 14  12 0.68
 14  13 0.78
 14  14 0.41
 14  15 0.70
 14  16 0.67
 14  17 0.79
 14  18 0.68
 14  19 0.72
 14  20 0.66
 14  21 0.85
 14  22 0.82
 15   1 0.62
 15   2 0.55
 15   3 0.58
 15   4 0.47
 15   5 0.71
 15   6 0.42
 15   7 0.73
 15   8 0.69
 15   9 0.64
 15  10 0.58
 15  11 0.69
 15  12 0.63
 15  13 0.65
 15  14 0.33
 15  15 0.71
 15  16 0.67
 15  17 0.60
 15  18 0.78
 15  19 0.61
 15  20 0.54
 15  21 0.74
 15  22 0.70
 16   1 0.68
 16   2 0.55
 16   3 0.73
 16   4 0.59
 16   5 0.65
 16   6 0.73
 16   7 0.57
 16   8 0.70
 16   9 0.71
 16  10 0.72
 16  11 0.73
 16  12 0.73
 16  13 0.65
 16  14 0.51
 16  15 0.57
 16  16 0.73
 16  17 0.73
 16  18 0.60
 16  19 0.71
 16  20 0.66
 16  21 0.71
 16  22 0.72
 17   1 0.73
 17   2 0.67
 17   3 0.62
 17   4 0.54
 17   5 0.56
 17   6 0.61
 17   7 0.62
 17   8 0.61
 17   9 0.76
 17  10 0.65
 17  11 0.64
 17  12 0.55
 17  13 0.70
 17  14 0.43
 17  15 0.73
 17  16 0.60
 17  17 0.67
 17  18 0.70
 17  19 0.65
 17  20 0.62
 17  21 0.71
 17  22 0.69
 18   1 0.65
 18   2 0.55
 18   3 0.68
 18   4 0.50
 18   5 0.74
 18   6 0.66
 18   7 0.68
 18   8 0.77
 18   9 0.71
 18  10 0.71
 18  11 0.80
 18  12 0.72
 18  13 0.67
 18  14 0.47
 18  15 0.64
 18  16 0.70
 18  17 0.74
 18  18 0.65
 18  19 0.73
 18  20 0.66
 18  21 0.76
 18  22 0.77
 19   1 0.75
 19   2 0.73
 19   3 0.74
 19   4 0.56
 19   5 0.73
 19   6 0.57
 19   7 0.69
 19   8 0.74
 19   9 0.77
 19  10 0.69
 19  11 0.78
 19  12 0.77
 19  13 0.75
 19  14 0.42
 19  15 0.73
 19  16 0.69
 19  17 0.72
 19  18 0.73
 19  19 0.72
 19  20 0.61
 19  21 0.84
 19  22 0.79
 20   1 0.58
 20   2 0.50
 20   3 0.73
 20   4 0.66
 20   5 0.65
 20   6 0.52
 20   7 0.67
 20   8 0.73
 20   9 0.73
 20  10 0.66
 20  11 0.67
 20  12 0.70
 20  13 0.73
 20  14 0.30
 20  15 0.66
 20  16 0.70
 20  17 0.65
 20  18 0.69
 20  19 0.67
 20  20 0.62
 20  21 0.77
 20  22 0.78
 21   1 0.62
 21   2 0.49
 21   3 0.52
 21   4 0.52
 21   5 0.59
 21   6 0.56
 21   7 0.72
 21   8 0.67
 21   9 0.77
 21  10 0.66
 21  11 0.66
 21  12 0.46
 21  13 0.68
 21  14 0.39
 21  15 0.78
 21  16 0.62
 21  17 0.71
 21  18 0.78
 21  19 0.66
 21  20 0.69
 21  21 0.71
 21  22 0.67
 22   1 0.66
 22   2 0.56
 22   3 0.73
 22   4 0.62
 22   5 0.70
 22   6 0.58
 22   7 0.68
 22   8 0.79
 22   9 0.79
 22  10 0.72
 22  11 0.72
 22  12 0.74
 22  13 0.69
 22  14 0.40
 22  15 0.68
 22  16 0.76
 22  17 0.73
 22  18 0.73
 22  19 0.74
 22  20 0.68
 22  21 0.75
 22  22 0.79
