  1   1 0.53
  1   2 0.53
  1   3 0.27
  1   4 0.49
  1   5 0.40
  1   6 0.54
  1   7 0.27
  1   8 0.33
  1   9 0.42
  1  10 0.56
  1  11 0.57
  1  12 0.54
  1  13 0.43
  1  14 0.62
  1  15 0.26
  1  16 0.26
  1  17 0.49
  1  18 0.38
  1  19 0.51
  1  20 0.50
  1  21 0.56
  1  22 0.25
  2   1 0.45
  2   2 0.50
  2   3 0.45
  2   4 0.30
  2   5 0.54
  2   6 0.55
  2   7 0.32
  2   8 0.45
  2   9 0.42
  2  10 0.47
  2  11 0.55
  2  12 0.40
  2  13 0.47
  2  14 0.46
  2  15 0.28
  2  16 0.44
  2  17 0.56
  2  18 0.53
  2  19 0.62
  2  20 0.52
  2  21 0.36
  2  22 0.20
  3   1 0.44
  3   2 0.54
  3   3 0.31
  3   4 0.42
  3   5 0.42
  3   6 0.54
  3   7 0.48
  3   8 0.57
  3   9 0.27
  3  10 0.57
  3  11 0.50
  3  12 0.26
  3  13 0.44
  3  14 0.51
  3  15 0.53
  3  16 0.29
  3  17 0.33
  3  18 0.47
  3  19 0.46
  3  20 0.32
  3  21 0.44
  3  22 0.31
  4   1 0.44
  4   2 0.51
  4   3 0.65
  4   4 0.23
  4   5 0.65
  4   6 0.47
  4   7 0.26
  4   8 0.24
  4   9 0.35
  4  10 0.43
  4  11 0.42
  4  12 0.11
  4  13 0.23
  4  14 0.35
  4  15 0.28
  4  16 0.44
  4  17 0.37
  4  18 0.59
  4  19 0.42
  4  20 0.43
  4  21 0.16
  4  22 0.06
  5   1 0.65
  5   2 0.50
  5   3 0.29
  5   4 0.35
  5   5 0.48
  5   6 0.63
  5   7 0.41
  5   8 0.41
  5   9 0.47
  5  10 0.50
  5  11 0.56
  5  12 0.49
  5  13 0.56
  5  14 0.59
  5  15 0.30
  5  16 0.39
  5  17 0.63
  5  18 0.44
  5  19 0.52
  5  20 0.53
  5  21 0.48
  5  22 0.33
  6   1 0.41
  6   2 0.52
  6   3 0.34
  6   4 0.28
  6   5 0.44
  6   6 0.44
  6   7 0.39
  6   8 0.45
  6   9 0.21
  6  10 0.46
  6  11 0.45
  6  12 0.16
  6  13 0.33
  6  14 0.41
  6  15 0.54
  6  16 0.37
  6  17 0.35
  6  18 0.41
  6  19 0.43
  6  20 0.30
  6  21 0.37
  6  22 0.35
  7   1 0.28
  7   2 0.50
  7   3 0.47
  7   4 0.34
  7   5 0.42
  7   6 0.44
  7   7 0.43
  7   8 0.51
  7   9 0.21
  7  10 0.41
  7  11 0.42
  7  12 0.16
  7  13 0.37
  7  14 0.38
  7  15 0.48
  7  16 0.40
  7  17 0.29
  7  18 0.46
  7  19 0.50
  7  20 0.30
  7  21 0.27
  7  22 0.20
  8   1 0.54
  8   2 0.66
  8   3 0.39
  8   4 0.39
  8   5 0.72
  8   6 0.54
  8   7 0.27
  8   8 0.38
  8   9 0.39
  8  10 0.54
  8  11 0.49
  8  12 0.24
  8  13 0.30
  8  14 0.48
  8  15 0.38
  8  16 0.33
  8  17 0.44
  8  18 0.56
  8  19 0.52
  8  20 0.51
  8  21 0.37
  8  22 0.10
  9   1 0.45
  9   2 0.59
  9   3 0.39
  9   4 0.34
  9   5 0.52
  9   6 0.61
  9   7 0.33
  9   8 0.48
  9   9 0.33
  9  10 0.56
  9  11 0.57
  9  12 0.36
  9  13 0.61
  9  14 0.50
  9  15 0.38
  9  16 0.49
  9  17 0.53
  9  18 0.46
  9  19 0.50
  9  20 0.45
  9  21 0.42
  9  22 0.29
 10   1 0.40
 10   2 0.43
 10   3 0.15
 10   4 0.41
 10   5 0.23
 10   6 0.46
 10   7 0.42
 10   8 0.45
 10   9 0.20
 10  10 0.48
 10  11 0.44
 10  12 0.36
 10  13 0.41
 10  14 0.48
 10  15 0.51
 10  16 0.19
 10  17 0.30
 10  18 0.25
 10  19 0.34
 10  20 0.27
 10  21 0.48
 10  22 0.37
 11   1 0.58
 11   2 0.53
 11   3 0.34
 11   4 0.38
 11   5 0.44
 11   6 0.58
 11   7 0.30
 11   8 0.45
 11   9 0.39
 11  10 0.61
 11  11 0.67
 11  12 0.50
 11  13 0.58
 11  14 0.54
 11  15 0.30
 11  16 0.39
 11  17 0.65
 11  18 0.37
 11  19 0.58
 11  20 0.55
 11  21 0.64
 11  22 0.33
 12   1 0.37
 12   2 0.62
 12   3 0.45
 12   4 0.34
 12   5 0.53
 12   6 0.46
 12   7 0.32
 12   8 0.40
 12   9 0.24
 12  10 0.51
 12  11 0.46
 12  12 0.19
 12  13 0.31
 12  14 0.46
 12  15 0.40
 12  16 0.38
 12  17 0.42
 12  18 0.57
 12  19 0.57
 12  20 0.36
 12  21 0.34
 12  22 0.19
 13   1 0.34
 13   2 0.29
 13   3 0.29
 13   4 0.12
 13   5 0.46
 13   6 0.39
 13   7 0.13
 13   8 0.18
 13   9 0.28
 13  10 0.39
 13  11 0.41
 13  12 0.14
 13  13 0.38
 13  14 0.27
 13  15 0.19
 13  16 0.38
 13  17 0.40
 13  18 0.36
 13  19 0.23
 13  20 0.38
 13  21 0.24
 13  22 0.09
 14   1 0.38
 14   2 0.45
 14   3 0.37
 14   4 0.20
 14   5 0.52
 14   6 0.50
 14   7 0.28
 14   8 0.31
 14   9 0.43
 14  10 0.49
 14  11 0.54
 14  12 0.25
 14  13 0.56
 14  14 0.44
 14  15 0.25
 14  16 0.45
 14  17 0.49
 14  18 0.46
 14  19 0.39
 14  20 0.59
 14  21 0.33
 14  22 0.16
 15   1 0.27
 15   2 0.43
 15   3 0.46
 15   4 0.21
 15   5 0.50
 15   6 0.42
 15   7 0.25
 15   8 0.27
 15   9 0.33
 15  10 0.33
 15  11 0.39
 15  12 0.17
 15  13 0.33
 15  14 0.30
 15  15 0.27
 15  16 0.54
 15  17 0.33
 15  18 0.44
 15  19 0.36
 15  20 0.39
 15  21 0.19
 15  22 0.09
 16   1 0.52
 16   2 0.34
 16   3 0.15
 16   4 0.30
 16   5 0.26
 16   6 0.37
 16   7 0.25
 16   8 0.33
 16   9 0.38
 16  10 0.34
 16  11 0.47
 16  12 0.32
 16  13 0.37
 16  14 0.43
 16  15 0.24
 16  16 0.33
 16  17 0.50
 16  18 0.27
 16  19 0.41
 16  20 0.33
 16  21 0.40
 16  22 0.27
 17   1 0.26
 17   2 0.34
 17   3 0.31
 17   4 0.20
 17   5 0.31
 17   6 0.36
 17   7 0.26
 17   8 0.26
 17   9 0.36
 17  10 0.29
 17  11 0.34
 17  12 0.26
 17  13 0.35
 17  14 0.26
 17  15 0.19
 17  16 0.39
 17  17 0.37
 17  18 0.31
 17  19 0.35
 17  20 0.39
 17  21 0.24
 17  22 0.16
 18   1 0.36
 18   2 0.55
 18   3 0.60
 18   4 0.29
 18   5 0.55
 18   6 0.62
 18   7 0.35
 18   8 0.33
 18   9 0.40
 18  10 0.49
 18  11 0.57
 18  12 0.32
 18  13 0.50
 18  14 0.51
 18  15 0.33
 18  16 0.45
 18  17 0.43
 18  18 0.53
 18  19 0.45
 18  20 0.52
 18  21 0.33
 18  22 0.19
 19   1 0.52
 19   2 0.48
 19   3 0.29
 19   4 0.36
 19   5 0.37
 19   6 0.55
 19   7 0.32
 19   8 0.29
 19   9 0.41
 19  10 0.41
 19  11 0.63
 19  12 0.53
 19  13 0.50
 19  14 0.50
 19  15 0.28
 19  16 0.39
 19  17 0.57
 19  18 0.38
 19  19 0.49
 19  20 0.52
 19  21 0.48
 19  22 0.22
 20   1 0.55
 20   2 0.62
 20   3 0.60
 20   4 0.34
 20   5 0.62
 20   6 0.55
 20   7 0.28
 20   8 0.36
 20   9 0.49
 20  10 0.55
 20  11 0.59
 20  12 0.29
 20  13 0.40
 20  14 0.52
 20  15 0.28
 20  16 0.44
 20  17 0.63
 20  18 0.55
 20  19 0.51
 20  20 0.54
 20  21 0.36
 20  22 0.15
 21   1 0.49
 21   2 0.48
 21   3 0.51
 21   4 0.31
 21   5 0.54
 21   6 0.64
 21   7 0.32
 21   8 0.36
 21   9 0.56
 21  10 0.53
 21  11 0.57
 21  12 0.39
 21  13 0.56
 21  14 0.44
 21  15 0.28
 21  16 0.46
 21  17 0.55
 21  18 0.53
 21  19 0.47
 21  20 0.59
 21  21 0.34
 21  22 0.18
 22   1 0.42
 22   2 0.39
 22   3 0.23
 22   4 0.34
 22   5 0.22
 22   6 0.42
 22   7 0.43
 22   8 0.32
 22   9 0.24
 22  10 0.45
 22  11 0.64
 22  12 0.40
 22  13 0.54
 22  14 0.49
 22  15 0.35
 22  16 0.31
 22  17 0.43
 22  18 0.27
 22  19 0.45
 22  20 0.35
 22  21 0.53
 22  22 0.44
