  1   1 0.46
  1   2 0.20
  1   3 0.50
  1   5 0.39
  1   6 0.26
  1   7 0.22
  1   8 0.37
  1   9 0.56
  1  10 0.54
  1  11 0.57
  1  12 0.40
  1  13 0.63
  1  14 0.47
  1  15 0.28
  1  16 0.36
  1  17 0.55
  1  18 0.50
  1  19 0.58
  1  20 0.31
  1  21 0.42
  1  22 0.38
  2   1 0.54
  2   2 0.34
  2   3 0.40
  2   5 0.39
  2   6 0.33
  2   7 0.25
  2   8 0.44
  2   9 0.49
  2  10 0.60
  2  11 0.52
  2  12 0.50
  2  13 0.47
  2  14 0.40
  2  15 0.35
  2  16 0.36
  2  17 0.54
  2  18 0.56
  2  19 0.49
  2  20 0.21
  2  21 0.51
  2  22 0.56
  3   1 0.54
  3   2 0.42
  3   3 0.50
  3   5 0.38
  3   6 0.42
  3   7 0.28
  3   8 0.46
  3   9 0.54
  3  10 0.71
  3  11 0.59
  3  12 0.59
  3  13 0.54
  3  14 0.43
  3  15 0.40
  3  16 0.48
  3  17 0.57
  3  18 0.63
  3  19 0.69
  3  20 0.29
  3  21 0.47
  3  22 0.54
  4   1 0.43
  4   2 0.32
  4   3 0.36
  4   5 0.33
  4   6 0.40
  4   7 0.21
  4   8 0.29
  4   9 0.40
  4  10 0.47
  4  11 0.45
  4  12 0.45
  4  13 0.43
  4  14 0.35
  4  15 0.31
  4  16 0.41
  4  17 0.42
  4  18 0.53
  4  19 0.41
  4  20 0.35
  4  21 0.38
  4  22 0.51
  5   1 0.48
  5   2 0.43
  5   3 0.32
  5   5 0.32
  5   6 0.44
  5   7 0.27
  5   8 0.42
  5   9 0.35
  5  10 0.50
  5  11 0.45
  5  12 0.47
  5  13 0.40
  5  14 0.40
  5  15 0.44
  5  16 0.42
  5  17 0.49
  5  18 0.63
  5  19 0.43
  5  20 0.25
  5  21 0.50
  5  22 0.54
  6   1 0.53
  6   2 0.34
  6   3 0.31
  6   5 0.43
  6   6 0.40
  6   7 0.20
  6   8 0.43
  6   9 0.49
  6  10 0.70
  6  11 0.63
  6  12 0.47
  6  13 0.46
  6  14 0.38
  6  15 0.38
  6  16 0.51
  6  17 0.52
  6  18 0.66
  6  19 0.57
  6  20 0.22
  6  21 0.39
  6  22 0.59
  7   1 0.56
  7   2 0.31
  7   3 0.48
  7   5 0.30
  7   6 0.47
  7   7 0.28
  7   8 0.39
  7   9 0.46
  7  10 0.54
  7  11 0.50
  7  12 0.57
  7  13 0.53
  7  14 0.37
  7  15 0.56
  7  16 0.43
  7  17 0.48
  7  18 0.53
  7  19 0.60
  7  20 0.26
  7  21 0.44
  7  22 0.45
  8   1 0.57
  8   2 0.40
  8   3 0.42
  8   5 0.34
  8   6 0.64
  8   7 0.34
  8   8 0.51
  8   9 0.44
  8  10 0.61
  8  11 0.55
  8  12 0.58
  8  13 0.48
  8  14 0.38
  8  15 0.43
  8  16 0.59
  8  17 0.57
  8  18 0.64
  8  19 0.63
  8  20 0.35
  8  21 0.51
  8  22 0.63
  9   1 0.49
  9   2 0.52
  9   3 0.35
  9   5 0.32
  9   6 0.50
  9   7 0.43
  9   8 0.49
  9   9 0.34
  9  10 0.56
  9  11 0.47
  9  12 0.55
  9  13 0.36
  9  14 0.36
  9  15 0.45
  9  16 0.58
  9  17 0.49
  9  18 0.63
  9  19 0.53
  9  20 0.25
  9  21 0.44
  9  22 0.69
 10   1 0.60
 10   2 0.42
 10   3 0.42
 10   5 0.43
 10   6 0.40
 10   7 0.20
 10   8 0.39
 10   9 0.58
 10  10 0.68
 10  11 0.60
 10  12 0.53
 10  13 0.57
 10  14 0.41
 10  15 0.41
 10  16 0.49
 10  17 0.57
 10  18 0.69
 10  19 0.61
 10  20 0.33
 10  21 0.47
 10  22 0.58
 11   1 0.54
 11   2 0.41
 11   3 0.46
 11   5 0.38
 11   6 0.46
 11   7 0.40
 11   8 0.55
 11   9 0.49
 11  10 0.59
 11  11 0.59
 11  12 0.56
 11  13 0.55
 11  14 0.37
 11  15 0.42
 11  16 0.47
 11  17 0.53
 11  18 0.61
 11  19 0.68
 11  20 0.20
 11  21 0.59
 11  22 0.64
 12   1 0.42
 12   2 0.47
 12   3 0.15
 12   5 0.31
 12   6 0.32
 12   7 0.15
 12   8 0.35
 12   9 0.36
 12  10 0.45
 12  11 0.37
 12  12 0.36
 12  13 0.28
 12  14 0.26
 12  15 0.27
 12  16 0.46
 12  17 0.41
 12  18 0.64
 12  19 0.29
 12  20 0.24
 12  21 0.43
 12  22 0.48
 13   1 0.34
 13   2 0.53
 13   3 0.19
 13   5 0.33
 13   6 0.32
 13   7 0.19
 13   8 0.28
 13   9 0.32
 13  10 0.49
 13  11 0.39
 13  12 0.34
 13  13 0.27
 13  14 0.30
 13  15 0.28
 13  16 0.48
 13  17 0.42
 13  18 0.53
 13  19 0.37
 13  20 0.27
 13  21 0.31
 13  22 0.49
 14   1 0.31
 14   2 0.17
 14   3 0.41
 14   5 0.37
 14   6 0.24
 14   7 0.20
 14   8 0.33
 14   9 0.40
 14  10 0.51
 14  11 0.49
 14  12 0.42
 14  13 0.45
 14  14 0.48
 14  15 0.29
 14  16 0.36
 14  17 0.46
 14  18 0.43
 14  19 0.48
 14  20 0.30
 14  21 0.31
 14  22 0.39
 15   1 0.51
 15   2 0.35
 15   3 0.33
 15   5 0.43
 15   6 0.38
 15   7 0.29
 15   8 0.59
 15   9 0.46
 15  10 0.56
 15  11 0.66
 15  12 0.54
 15  13 0.49
 15  14 0.39
 15  15 0.41
 15  16 0.49
 15  17 0.63
 15  18 0.64
 15  19 0.55
 15  20 0.34
 15  21 0.57
 15  22 0.56
 16   1 0.51
 16   2 0.36
 16   3 0.41
 16   5 0.42
 16   6 0.34
 16   7 0.25
 16   8 0.46
 16   9 0.56
 16  10 0.60
 16  11 0.60
 16  12 0.54
 16  13 0.60
 16  14 0.47
 16  15 0.41
 16  16 0.55
 16  17 0.61
 16  18 0.63
 16  19 0.57
 16  20 0.47
 16  21 0.44
 16  22 0.50
 17   1 0.35
 17   2 0.37
 17   3 0.35
 17   5 0.35
 17   6 0.30
 17   7 0.23
 17   8 0.36
 17   9 0.42
 17  10 0.62
 17  11 0.49
 17  12 0.47
 17  13 0.47
 17  14 0.38
 17  15 0.48
 17  16 0.52
 17  17 0.42
 17  18 0.54
 17  19 0.55
 17  20 0.25
 17  21 0.30
 17  22 0.48
 18   1 0.28
 18   2 0.16
 18   3 0.17
 18   5 0.42
 18   6 0.18
 18   7 0.13
 18   8 0.26
 18   9 0.36
 18  10 0.41
 18  11 0.39
 18  12 0.31
 18  13 0.32
 18  14 0.27
 18  15 0.26
 18  16 0.36
 18  17 0.35
 18  18 0.32
 18  19 0.36
 18  20 0.22
 18  21 0.23
 18  22 0.31
 19   1 0.55
 19   2 0.30
 19   3 0.48
 19   5 0.41
 19   6 0.30
 19   7 0.23
 19   8 0.40
 19   9 0.47
 19  10 0.57
 19  11 0.58
 19  12 0.49
 19  13 0.63
 19  14 0.44
 19  15 0.35
 19  16 0.33
 19  17 0.55
 19  18 0.54
 19  19 0.54
 19  20 0.31
 19  21 0.47
 19  22 0.43
 20   1 0.42
 20   2 0.20
 20   3 0.55
 20   5 0.37
 20   6 0.23
 20   7 0.23
 20   8 0.41
 20   9 0.51
 20  10 0.62
 20  11 0.65
 20  12 0.40
 20  13 0.62
 20  14 0.37
 20  15 0.34
 20  16 0.37
 20  17 0.53
 20  18 0.44
 20  19 0.58
 20  20 0.29
 20  21 0.43
 20  22 0.42
 21   1 0.57
 21   2 0.30
 21   3 0.31
 21   5 0.46
 21   6 0.36
 21   7 0.31
 21   8 0.50
 21   9 0.52
 21  10 0.63
 21  11 0.50
 21  12 0.46
 21  13 0.54
 21  14 0.37
 21  15 0.43
 21  16 0.51
 21  17 0.55
 21  18 0.54
 21  19 0.62
 21  20 0.28
 21  21 0.47
 21  22 0.52
 22   1 0.38
 22   2 0.30
 22   3 0.36
 22   5 0.37
 22   6 0.37
 22   7 0.25
 22   8 0.47
 22   9 0.35
 22  10 0.45
 22  11 0.57
 22  12 0.42
 22  13 0.38
 22  14 0.39
 22  15 0.45
 22  16 0.53
 22  17 0.56
 22  18 0.51
 22  19 0.44
 22  20 0.42
 22  21 0.38
 22  22 0.49
