  1   1 0.36
  1   2 0.46
  1   3 0.19
  1   5 0.42
  1   6 0.32
  1   7 0.44
  1   8 0.31
  1   9 0.20
  1  10 0.54
  1  11 0.46
  1  12 0.40
  1  13 0.53
  1  14 0.48
  1  15 0.46
  1  16 0.36
  1  17 0.55
  1  18 0.49
  1  19 0.47
  1  20 0.26
  1  21 0.35
  1  22 0.42
  2   1 0.40
  2   2 0.47
  2   3 0.17
  2   5 0.53
  2   6 0.48
  2   7 0.29
  2   8 0.23
  2   9 0.34
  2  10 0.51
  2  11 0.45
  2  12 0.53
  2  13 0.32
  2  14 0.39
  2  15 0.42
  2  16 0.31
  2  17 0.36
  2  18 0.41
  2  19 0.38
  2  20 0.26
  2  21 0.44
  2  22 0.49
  3   1 0.44
  3   2 0.42
  3   3 0.21
  3   5 0.44
  3   6 0.28
  3   7 0.42
  3   8 0.32
  3   9 0.37
  3  10 0.35
  3  11 0.49
  3  12 0.36
  3  13 0.28
  3  14 0.41
  3  15 0.39
  3  16 0.40
  3  17 0.53
  3  18 0.44
  3  19 0.52
  3  20 0.20
  3  21 0.38
  3  22 0.52
  4   1 0.21
  4   2 0.32
  4   3 0.09
  4   5 0.36
  4   6 0.32
  4   7 0.09
  4   8 0.23
  4   9 0.19
  4  10 0.35
  4  11 0.19
  4  12 0.37
  4  13 0.11
  4  14 0.14
  4  15 0.29
  4  16 0.16
  4  17 0.24
  4  18 0.23
  4  19 0.16
  4  20 0.14
  4  21 0.27
  4  22 0.27
  5   1 0.42
  5   2 0.46
  5   3 0.29
  5   5 0.55
  5   6 0.32
  5   7 0.44
  5   8 0.31
  5   9 0.32
  5  10 0.40
  5  11 0.52
  5  12 0.36
  5  13 0.38
  5  14 0.52
  5  15 0.49
  5  16 0.42
  5  17 0.51
  5  18 0.46
  5  19 0.51
  5  20 0.27
  5  21 0.42
  5  22 0.52
  6   1 0.46
  6   2 0.47
  6   3 0.23
  6   5 0.60
  6   6 0.30
  6   7 0.38
  6   8 0.29
  6   9 0.40
  6  10 0.47
  6  11 0.58
  6  12 0.49
  6  13 0.35
  6  14 0.52
  6  15 0.53
  6  16 0.40
  6  17 0.57
  6  18 0.48
  6  19 0.52
  6  20 0.23
  6  21 0.44
  6  22 0.54
  7   1 0.21
  7   2 0.35
  7   3 0.22
  7   5 0.34
  7   6 0.33
  7   7 0.18
  7   8 0.19
  7   9 0.16
  7  10 0.38
  7  11 0.24
  7  12 0.26
  7  13 0.43
  7  14 0.39
  7  15 0.29
  7  16 0.28
  7  17 0.28
  7  18 0.37
  7  19 0.26
  7  20 0.26
  7  21 0.27
  7  22 0.30
  8   1 0.45
  8   2 0.50
  8   3 0.15
  8   5 0.51
  8   6 0.43
  8   7 0.28
  8   8 0.27
  8   9 0.34
  8  10 0.52
  8  11 0.47
  8  12 0.52
  8  13 0.35
  8  14 0.39
  8  15 0.47
  8  16 0.31
  8  17 0.41
  8  18 0.46
  8  19 0.45
  8  20 0.31
  8  21 0.43
  8  22 0.57
  9   1 0.28
  9   2 0.41
  9   3 0.21
  9   5 0.38
  9   6 0.44
  9   7 0.24
  9   8 0.31
  9   9 0.19
  9  10 0.40
  9  11 0.31
  9  12 0.37
  9  13 0.54
  9  14 0.44
  9  15 0.33
  9  16 0.23
  9  17 0.35
  9  18 0.55
  9  19 0.27
  9  20 0.31
  9  21 0.29
  9  22 0.39
 10   1 0.56
 10   2 0.50
 10   3 0.11
 10   5 0.50
 10   6 0.31
 10   7 0.28
 10   8 0.24
 10   9 0.29
 10  10 0.46
 10  11 0.49
 10  12 0.49
 10  13 0.25
 10  14 0.35
 10  15 0.49
 10  16 0.33
 10  17 0.42
 10  18 0.34
 10  19 0.40
 10  20 0.22
 10  21 0.38
 10  22 0.55
 11   1 0.34
 11   2 0.49
 11   3 0.22
 11   5 0.49
 11   6 0.40
 11   7 0.38
 11   8 0.41
 11   9 0.24
 11  10 0.44
 11  11 0.36
 11  12 0.40
 11  13 0.39
 11  14 0.49
 11  15 0.36
 11  16 0.38
 11  17 0.42
 11  18 0.51
 11  19 0.45
 11  20 0.28
 11  21 0.39
 11  22 0.44
 12   1 0.33
 12   2 0.36
 12   3 0.14
 12   5 0.42
 12   6 0.26
 12   7 0.25
 12   8 0.24
 12   9 0.38
 12  10 0.33
 12  11 0.46
 12  12 0.49
 12  13 0.25
 12  14 0.38
 12  15 0.43
 12  16 0.33
 12  17 0.32
 12  18 0.35
 12  19 0.37
 12  20 0.21
 12  21 0.37
 12  22 0.52
 13   1 0.26
 13   2 0.37
 13   3 0.23
 13   5 0.56
 13   6 0.29
 13   7 0.29
 13   8 0.24
 13   9 0.27
 13  10 0.46
 13  11 0.37
 13  12 0.39
 13  13 0.33
 13  14 0.43
 13  15 0.30
 13  16 0.37
 13  17 0.29
 13  18 0.44
 13  19 0.32
 13  20 0.29
 13  21 0.43
 13  22 0.41
 14   1 0.49
 14   2 0.53
 14   3 0.19
 14   5 0.53
 14   6 0.31
 14   7 0.36
 14   8 0.23
 14   9 0.35
 14  10 0.43
 14  11 0.56
 14  12 0.41
 14  13 0.39
 14  14 0.45
 14  15 0.46
 14  16 0.38
 14  17 0.45
 14  18 0.41
 14  19 0.50
 14  20 0.25
 14  21 0.40
 14  22 0.54
 15   1 0.29
 15   2 0.36
 15   3 0.11
 15   5 0.52
 15   6 0.30
 15   7 0.28
 15   8 0.23
 15   9 0.39
 15  10 0.34
 15  11 0.45
 15  12 0.44
 15  13 0.26
 15  14 0.32
 15  15 0.32
 15  16 0.33
 15  17 0.33
 15  18 0.45
 15  19 0.38
 15  20 0.21
 15  21 0.36
 15  22 0.47
 16   1 0.23
 16   2 0.35
 16   3 0.16
 16   5 0.36
 16   6 0.42
 16   7 0.23
 16   8 0.28
 16   9 0.16
 16  10 0.50
 16  11 0.27
 16  12 0.39
 16  13 0.44
 16  14 0.36
 16  15 0.33
 16  16 0.27
 16  17 0.40
 16  18 0.45
 16  19 0.25
 16  20 0.32
 16  21 0.33
 16  22 0.38
 17   1 0.41
 17   2 0.44
 17   3 0.13
 17   5 0.52
 17   6 0.35
 17   7 0.21
 17   8 0.27
 17   9 0.35
 17  10 0.50
 17  11 0.47
 17  12 0.65
 17  13 0.22
 17  14 0.36
 17  15 0.43
 17  16 0.33
 17  17 0.39
 17  18 0.39
 17  19 0.35
 17  20 0.25
 17  21 0.43
 17  22 0.54
 18   1 0.24
 18   2 0.38
 18   3 0.21
 18   5 0.43
 18   6 0.35
 18   7 0.30
 18   8 0.29
 18   9 0.20
 18  10 0.42
 18  11 0.34
 18  12 0.38
 18  13 0.45
 18  14 0.47
 18  15 0.30
 18  16 0.33
 18  17 0.32
 18  18 0.49
 18  19 0.34
 18  20 0.27
 18  21 0.37
 18  22 0.39
 19   1 0.45
 19   2 0.50
 19   3 0.23
 19   5 0.45
 19   6 0.33
 19   7 0.39
 19   8 0.42
 19   9 0.40
 19  10 0.47
 19  11 0.57
 19  12 0.52
 19  13 0.34
 19  14 0.40
 19  15 0.50
 19  16 0.41
 19  17 0.54
 19  18 0.48
 19  19 0.53
 19  20 0.27
 19  21 0.42
 19  22 0.61
 20   1 0.29
 20   2 0.29
 20   3 0.13
 20   5 0.41
 20   6 0.24
 20   7 0.31
 20   8 0.20
 20   9 0.52
 20  10 0.37
 20  11 0.42
 20  12 0.34
 20  13 0.23
 20  14 0.42
 20  15 0.36
 20  16 0.37
 20  17 0.30
 20  18 0.32
 20  19 0.31
 20  20 0.19
 20  21 0.43
 20  22 0.45
 21   1 0.43
 21   2 0.43
 21   3 0.18
 21   5 0.48
 21   6 0.38
 21   7 0.30
 21   8 0.24
 21   9 0.22
 21  10 0.47
 21  11 0.43
 21  12 0.42
 21  13 0.41
 21  14 0.44
 21  15 0.49
 21  16 0.29
 21  17 0.40
 21  18 0.40
 21  19 0.44
 21  20 0.24
 21  21 0.34
 21  22 0.52
 22   1 0.49
 22   2 0.44
 22   3 0.22
 22   5 0.57
 22   6 0.32
 22   7 0.46
 22   8 0.28
 22   9 0.41
 22  10 0.48
 22  11 0.57
 22  12 0.42
 22  13 0.36
 22  14 0.53
 22  15 0.50
 22  16 0.43
 22  17 0.57
 22  18 0.44
 22  19 0.55
 22  20 0.25
 22  21 0.42
 22  22 0.55
