  1   1 1.00
  1   2 0.69
  1   3 0.74
  1   4 0.76
  1   5 0.73
  1   6 0.79
  1   7 0.57
  1   8 0.63
  1   9 0.73
  1  10 0.71
  1  11 0.67
  1  12 0.63
  1  13 0.73
  1  14 0.74
  1  15 0.67
  1  16 0.73
  1  17 0.61
  1  18 0.74
  1  19 0.75
  1  20 0.72
  1  21 0.65
  1  22 0.77
  2   1 0.69
  2   2 1.00
  2   3 0.60
  2   4 0.70
  2   5 0.60
  2   6 0.79
  2   7 0.40
  2   8 0.68
  2   9 0.76
  2  10 0.63
  2  11 0.57
  2  12 0.71
  2  13 0.58
  2  14 0.74
  2  15 0.78
  2  16 0.68
  2  17 0.62
  2  18 0.68
  2  19 0.79
  2  20 0.81
  2  21 0.65
  2  22 0.78
  3   1 0.74
  3   2 0.60
  3   3 1.00
  3   4 0.71
  3   5 0.73
  3   6 0.72
  3   7 0.53
  3   8 0.56
  3   9 0.70
  3  10 0.64
  3  11 0.59
  3  12 0.59
  3  13 0.65
  3  14 0.72
  3  15 0.60
  3  16 0.69
  3  17 0.53
  3  18 0.74
  3  19 0.66
  3  20 0.65
  3  21 0.55
  3  22 0.72
  4   1 0.76
  4   2 0.70
  4   3 0.71
  4   4 1.00
  4   5 0.73
  4   6 0.78
  4   7 0.60
  4   8 0.68
  4   9 0.67
  4  10 0.78
  4  11 0.71
  4  12 0.74
  4  13 0.80
  4  14 0.71
  4  15 0.65
  4  16 0.78
  4  17 0.65
  4  18 0.73
  4  19 0.77
  4  20 0.70
  4  21 0.65
  4  22 0.77
  5   1 0.73
  5   2 0.60
  5   3 0.73
  5   4 0.73
  5   5 1.00
  5   6 0.66
  5   7 0.70
  5   8 0.60
  5   9 0.69
  5  10 0.74
  5  11 0.73
  5  12 0.64
  5  13 0.71
  5  14 0.71
  5  15 0.63
  5  16 0.71
  5  17 0.61
  5  18 0.73
  5  19 0.74
  5  20 0.61
  5  21 0.53
  5  22 0.69
  6   1 0.79
  6   2 0.79
  6   3 0.72
  6   4 0.78
  6   5 0.66
  6   6 1.00
  6   7 0.46
  6   8 0.77
  6   9 0.81
  6  10 0.76
  6  11 0.70
  6  12 0.73
  6  13 0.70
  6  14 0.84
  6  15 0.77
  6  16 0.73
  6  17 0.72
  6  18 0.76
  6  19 0.85
  6  20 0.77
  6  21 0.78
  6  22 0.79
  7   1 0.57
  7   2 0.40
  7   3 0.53
  7   4 0.60
  7   5 0.70
  7   6 0.46
  7   7 1.00
  7   8 0.45
  7   9 0.41
  7  10 0.65
  7  11 0.66
  7  12 0.54
  7  13 0.62
  7  14 0.52
  7  15 0.35
  7  16 0.65
  7  17 0.52
  7  18 0.62
  7  19 0.54
  7  20 0.44
  7  21 0.32
  7  22 0.54
  8   1 0.63
  8   2 0.68
  8   3 0.56
  8   4 0.68
  8   5 0.60
  8   6 0.77
  8   7 0.45
  8   8 1.00
  8   9 0.69
  8  10 0.75
  8  11 0.70
  8  12 0.73
  8  13 0.61
  8  14 0.73
  8  15 0.70
  8  16 0.68
  8  17 0.72
  8  18 0.70
  8  19 0.77
  8  20 0.67
  8  21 0.72
  8  22 0.70
  9   1 0.73
  9   2 0.76
  9   3 0.70
  9   4 0.67
  9   5 0.69
  9   6 0.81
  9   7 0.41
  9   8 0.69
  9   9 1.00
  9  10 0.65
  9  11 0.63
  9  12 0.64
  9  13 0.57
  9  14 0.75
  9  15 0.78
  9  16 0.67
  9  17 0.66
  9  18 0.77
  9  19 0.79
  9  20 0.76
  9  21 0.68
  9  22 0.77
 10   1 0.71
 10   2 0.63
 10   3 0.64
 10   4 0.78
 10   5 0.74
 10   6 0.76
 10   7 0.65
 10   8 0.75
 10   9 0.65
 10  10 1.00
 10  11 0.81
 10  12 0.72
 10  13 0.74
 10  14 0.79
 10  15 0.63
 10  16 0.73
 10  17 0.76
 10  18 0.75
 10  19 0.77
 10  20 0.66
 10  21 0.67
 10  22 0.72
 11   1 0.67
 11   2 0.57
 11   3 0.59
 11   4 0.71
 11   5 0.73
 11   6 0.70
 11   7 0.66
 11   8 0.70
 11   9 0.63
 11  10 0.81
 11  11 1.00
 11  12 0.70
 11  13 0.71
 11  14 0.71
 11  15 0.62
 11  16 0.69
 11  17 0.77
 11  18 0.69
 11  19 0.75
 11  20 0.60
 11  21 0.65
 11  22 0.65
 12   1 0.63
 12   2 0.71
 12   3 0.59
 12   4 0.74
 12   5 0.64
 12   6 0.73
 12   7 0.54
 12   8 0.73
 12   9 0.64
 12  10 0.72
 12  11 0.70
 12  12 1.00
 12  13 0.69
 12  14 0.68
 12  15 0.67
 12  16 0.69
 12  17 0.70
 12  18 0.68
 12  19 0.75
 12  20 0.69
 12  21 0.67
 12  22 0.74
 13   1 0.73
 13   2 0.58
 13   3 0.65
 13   4 0.80
 13   5 0.71
 13   6 0.70
 13   7 0.62
 13   8 0.61
 13   9 0.57
 13  10 0.74
 13  11 0.71
 13  12 0.69
 13  13 1.00
 13  14 0.66
 13  15 0.59
 13  16 0.69
 13  17 0.62
 13  18 0.67
 13  19 0.71
 13  20 0.62
 13  21 0.63
 13  22 0.69
 14   1 0.74
 14   2 0.74
 14   3 0.72
 14   4 0.71
 14   5 0.71
 14   6 0.84
 14   7 0.52
 14   8 0.73
 14   9 0.75
 14  10 0.79
 14  11 0.71
 14  12 0.68
 14  13 0.66
 14  14 1.00
 14  15 0.64
 14  16 0.74
 14  17 0.71
 14  18 0.78
 14  19 0.81
 14  20 0.78
 14  21 0.68
 14  22 0.78
 15   1 0.67
 15   2 0.78
 15   3 0.60
 15   4 0.65
 15   5 0.63
 15   6 0.77
 15   7 0.35
 15   8 0.70
 15   9 0.78
 15  10 0.63
 15  11 0.62
 15  12 0.67
 15  13 0.59
 15  14 0.64
 15  15 1.00
 15  16 0.57
 15  17 0.65
 15  18 0.67
 15  19 0.76
 15  20 0.71
 15  21 0.75
 15  22 0.73
 16   1 0.73
 16   2 0.68
 16   3 0.69
 16   4 0.78
 16   5 0.71
 16   6 0.73
 16   7 0.65
 16   8 0.68
 16   9 0.67
 16  10 0.73
 16  11 0.69
 16  12 0.69
 16  13 0.69
 16  14 0.74
 16  15 0.57
 16  16 1.00
 16  17 0.62
 16  18 0.82
 16  19 0.74
 16  20 0.72
 16  21 0.56
 16  22 0.78
 17   1 0.61
 17   2 0.62
 17   3 0.53
 17   4 0.65
 17   5 0.61
 17   6 0.72
 17   7 0.52
 17   8 0.72
 17   9 0.66
 17  10 0.76
 17  11 0.77
 17  12 0.70
 17  13 0.62
 17  14 0.71
 17  15 0.65
 17  16 0.62
 17  17 1.00
 17  18 0.64
 17  19 0.74
 17  20 0.67
 17  21 0.71
 17  22 0.67
 18   1 0.74
 18   2 0.68
 18   3 0.74
 18   4 0.73
 18   5 0.73
 18   6 0.76
 18   7 0.62
 18   8 0.70
 18   9 0.77
 18  10 0.75
 18  11 0.69
 18  12 0.68
 18  13 0.67
 18  14 0.78
 18  15 0.67
 18  16 0.82
 18  17 0.64
 18  18 1.00
 18  19 0.75
 18  20 0.72
 18  21 0.63
 18  22 0.78
 19   1 0.75
 19   2 0.79
 19   3 0.66
 19   4 0.77
 19   5 0.74
 19   6 0.85
 19   7 0.54
 19   8 0.77
 19   9 0.79
 19  10 0.77
 19  11 0.75
 19  12 0.75
 19  13 0.71
 19  14 0.81
 19  15 0.76
 19  16 0.74
 19  17 0.74
 19  18 0.75
 19  19 1.00
 19  20 0.78
 19  21 0.69
 19  22 0.80
 20   1 0.72
 20   2 0.81
 20   3 0.65
 20   4 0.70
 20   5 0.61
 20   6 0.77
 20   7 0.44
 20   8 0.67
 20   9 0.76
 20  10 0.66
 20  11 0.60
 20  12 0.69
 20  13 0.62
 20  14 0.78
 20  15 0.71
 20  16 0.72
 20  17 0.67
 20  18 0.72
 20  19 0.78
 20  20 1.00
 20  21 0.70
 20  22 0.84
 21   1 0.65
 21   2 0.65
 21   3 0.55
 21   4 0.65
 21   5 0.53
 21   6 0.78
 21   7 0.32
 21   8 0.72
 21   9 0.68
 21  10 0.67
 21  11 0.65
 21  12 0.67
 21  13 0.63
 21  14 0.68
 21  15 0.75
 21  16 0.56
 21  17 0.71
 21  18 0.63
 21  19 0.69
 21  20 0.70
 21  21 1.00
 21  22 0.70
 22   1 0.77
 22   2 0.78
 22   3 0.72
 22   4 0.77
 22   5 0.69
 22   6 0.79
 22   7 0.54
 22   8 0.70
 22   9 0.77
 22  10 0.72
 22  11 0.65
 22  12 0.74
 22  13 0.69
 22  14 0.78
 22  15 0.73
 22  16 0.78
 22  17 0.67
 22  18 0.78
 22  19 0.80
 22  20 0.84
 22  21 0.70
 22  22 1.00
