  1   1 1.00
  1   2 0.56
  1   3 0.76
  1   4 0.54
  1   5 0.72
  1   6 0.70
  1   7 0.67
  1   8 0.68
  1   9 0.75
  1  10 0.64
  1  11 0.53
  1  12 0.68
  1  13 0.73
  1  14 0.75
  1  15 0.50
  1  16 0.66
  1  17 0.71
  1  18 0.69
  1  19 0.64
  1  20 0.66
  1  21 0.68
  1  22 0.71
  2   1 0.56
  2   2 1.00
  2   3 0.62
  2   4 0.70
  2   5 0.77
  2   6 0.77
  2   7 0.73
  2   8 0.80
  2   9 0.70
  2  10 0.81
  2  11 0.74
  2  12 0.75
  2  13 0.69
  2  14 0.70
  2  15 0.77
  2  16 0.69
  2  17 0.77
  2  18 0.64
  2  19 0.84
  2  20 0.80
  2  21 0.69
  2  22 0.68
  3   1 0.76
  3   2 0.62
  3   3 1.00
  3   4 0.55
  3   5 0.72
  3   6 0.67
  3   7 0.64
  3   8 0.76
  3   9 0.75
  3  10 0.68
  3  11 0.57
  3  12 0.67
  3  13 0.69
  3  14 0.75
  3  15 0.55
  3  16 0.78
  3  17 0.73
  3  18 0.79
  3  19 0.67
  3  20 0.67
  3  21 0.67
  3  22 0.69
  4   1 0.54
  4   2 0.70
  4   3 0.55
  4   4 1.00
  4   5 0.73
  4   6 0.67
  4   7 0.63
  4   8 0.64
  4   9 0.67
  4  10 0.74
  4  11 0.64
  4  12 0.73
  4  13 0.62
  4  14 0.64
  4  15 0.68
  4  16 0.61
  4  17 0.67
  4  18 0.59
  4  19 0.74
  4  20 0.66
  4  21 0.69
  4  22 0.68
  5   1 0.72
  5   2 0.77
  5   3 0.72
  5   4 0.73
  5   5 1.00
  5   6 0.81
  5   7 0.79
  5   8 0.79
  5   9 0.78
  5  10 0.80
  5  11 0.64
  5  12 0.79
  5  13 0.76
  5  14 0.77
  5  15 0.67
  5  16 0.71
  5  17 0.78
  5  18 0.68
  5  19 0.82
  5  20 0.82
  5  21 0.73
  5  22 0.79
  6   1 0.70
  6   2 0.77
  6   3 0.67
  6   4 0.67
  6   5 0.81
  6   6 1.00
  6   7 0.80
  6   8 0.78
  6   9 0.80
  6  10 0.77
  6  11 0.67
  6  12 0.81
  6  13 0.75
  6  14 0.74
  6  15 0.67
  6  16 0.69
  6  17 0.75
  6  18 0.65
  6  19 0.80
  6  20 0.78
  6  21 0.75
  6  22 0.69
  7   1 0.67
  7   2 0.73
  7   3 0.64
  7   4 0.63
  7   5 0.79
  7   6 0.80
  7   7 1.00
  7   8 0.74
  7   9 0.73
  7  10 0.79
  7  11 0.61
  7  12 0.78
  7  13 0.74
  7  14 0.71
  7  15 0.65
  7  16 0.68
  7  17 0.74
  7  18 0.66
  7  19 0.81
  7  20 0.75
  7  21 0.71
  7  22 0.68
  8   1 0.68
  8   2 0.80
  8   3 0.76
  8   4 0.64
  8   5 0.79
  8   6 0.78
  8   7 0.74
  8   8 1.00
  8   9 0.77
  8  10 0.79
  8  11 0.74
  8  12 0.75
  8  13 0.77
  8  14 0.78
  8  15 0.72
  8  16 0.75
  8  17 0.80
  8  18 0.76
  8  19 0.80
  8  20 0.80
  8  21 0.73
  8  22 0.74
  9   1 0.75
  9   2 0.70
  9   3 0.75
  9   4 0.67
  9   5 0.78
  9   6 0.80
  9   7 0.73
  9   8 0.77
  9   9 1.00
  9  10 0.72
  9  11 0.70
  9  12 0.76
  9  13 0.77
  9  14 0.80
  9  15 0.65
  9  16 0.74
  9  17 0.77
  9  18 0.70
  9  19 0.76
  9  20 0.74
  9  21 0.76
  9  22 0.70
 10   1 0.64
 10   2 0.81
 10   3 0.68
 10   4 0.74
 10   5 0.80
 10   6 0.77
 10   7 0.79
 10   8 0.79
 10   9 0.72
 10  10 1.00
 10  11 0.74
 10  12 0.81
 10  13 0.72
 10  14 0.76
 10  15 0.81
 10  16 0.74
 10  17 0.82
 10  18 0.75
 10  19 0.88
 10  20 0.76
 10  21 0.78
 10  22 0.71
 11   1 0.53
 11   2 0.74
 11   3 0.57
 11   4 0.64
 11   5 0.64
 11   6 0.67
 11   7 0.61
 11   8 0.74
 11   9 0.70
 11  10 0.74
 11  11 1.00
 11  12 0.71
 11  13 0.62
 11  14 0.65
 11  15 0.77
 11  16 0.72
 11  17 0.77
 11  18 0.65
 11  19 0.76
 11  20 0.66
 11  21 0.71
 11  22 0.60
 12   1 0.68
 12   2 0.75
 12   3 0.67
 12   4 0.73
 12   5 0.79
 12   6 0.81
 12   7 0.78
 12   8 0.75
 12   9 0.76
 12  10 0.81
 12  11 0.71
 12  12 1.00
 12  13 0.77
 12  14 0.74
 12  15 0.72
 12  16 0.71
 12  17 0.78
 12  18 0.67
 12  19 0.84
 12  20 0.75
 12  21 0.80
 12  22 0.71
 13   1 0.73
 13   2 0.69
 13   3 0.69
 13   4 0.62
 13   5 0.76
 13   6 0.75
 13   7 0.74
 13   8 0.77
 13   9 0.77
 13  10 0.72
 13  11 0.62
 13  12 0.77
 13  13 1.00
 13  14 0.75
 13  15 0.65
 13  16 0.66
 13  17 0.74
 13  18 0.67
 13  19 0.75
 13  20 0.76
 13  21 0.72
 13  22 0.72
 14   1 0.75
 14   2 0.70
 14   3 0.75
 14   4 0.64
 14   5 0.77
 14   6 0.74
 14   7 0.71
 14   8 0.78
 14   9 0.80
 14  10 0.76
 14  11 0.65
 14  12 0.74
 14  13 0.75
 14  14 1.00
 14  15 0.68
 14  16 0.72
 14  17 0.83
 14  18 0.75
 14  19 0.76
 14  20 0.76
 14  21 0.75
 14  22 0.73
 15   1 0.50
 15   2 0.77
 15   3 0.55
 15   4 0.68
 15   5 0.67
 15   6 0.67
 15   7 0.65
 15   8 0.72
 15   9 0.65
 15  10 0.81
 15  11 0.77
 15  12 0.72
 15  13 0.65
 15  14 0.68
 15  15 1.00
 15  16 0.67
 15  17 0.76
 15  18 0.66
 15  19 0.84
 15  20 0.70
 15  21 0.69
 15  22 0.63
 16   1 0.66
 16   2 0.69
 16   3 0.78
 16   4 0.61
 16   5 0.71
 16   6 0.69
 16   7 0.68
 16   8 0.75
 16   9 0.74
 16  10 0.74
 16  11 0.72
 16  12 0.71
 16  13 0.66
 16  14 0.72
 16  15 0.67
 16  16 1.00
 16  17 0.77
 16  18 0.74
 16  19 0.74
 16  20 0.69
 16  21 0.67
 16  22 0.62
 17   1 0.71
 17   2 0.77
 17   3 0.73
 17   4 0.67
 17   5 0.78
 17   6 0.75
 17   7 0.74
 17   8 0.80
 17   9 0.77
 17  10 0.82
 17  11 0.77
 17  12 0.78
 17  13 0.74
 17  14 0.83
 17  15 0.76
 17  16 0.77
 17  17 1.00
 17  18 0.75
 17  19 0.82
 17  20 0.79
 17  21 0.79
 17  22 0.73
 18   1 0.69
 18   2 0.64
 18   3 0.79
 18   4 0.59
 18   5 0.68
 18   6 0.65
 18   7 0.66
 18   8 0.76
 18   9 0.70
 18  10 0.75
 18  11 0.65
 18  12 0.67
 18  13 0.67
 18  14 0.75
 18  15 0.66
 18  16 0.74
 18  17 0.75
 18  18 1.00
 18  19 0.72
 18  20 0.66
 18  21 0.69
 18  22 0.67
 19   1 0.64
 19   2 0.84
 19   3 0.67
 19   4 0.74
 19   5 0.82
 19   6 0.80
 19   7 0.81
 19   8 0.80
 19   9 0.76
 19  10 0.88
 19  11 0.76
 19  12 0.84
 19  13 0.75
 19  14 0.76
 19  15 0.84
 19  16 0.74
 19  17 0.82
 19  18 0.72
 19  19 1.00
 19  20 0.80
 19  21 0.80
 19  22 0.73
 20   1 0.66
 20   2 0.80
 20   3 0.67
 20   4 0.66
 20   5 0.82
 20   6 0.78
 20   7 0.75
 20   8 0.80
 20   9 0.74
 20  10 0.76
 20  11 0.66
 20  12 0.75
 20  13 0.76
 20  14 0.76
 20  15 0.70
 20  16 0.69
 20  17 0.79
 20  18 0.66
 20  19 0.80
 20  20 1.00
 20  21 0.71
 20  22 0.74
 21   1 0.68
 21   2 0.69
 21   3 0.67
 21   4 0.69
 21   5 0.73
 21   6 0.75
 21   7 0.71
 21   8 0.73
 21   9 0.76
 21  10 0.78
 21  11 0.71
 21  12 0.80
 21  13 0.72
 21  14 0.75
 21  15 0.69
 21  16 0.67
 21  17 0.79
 21  18 0.69
 21  19 0.80
 21  20 0.71
 21  21 1.00
 21  22 0.71
 22   1 0.71
 22   2 0.68
 22   3 0.69
 22   4 0.68
 22   5 0.79
 22   6 0.69
 22   7 0.68
 22   8 0.74
 22   9 0.70
 22  10 0.71
 22  11 0.60
 22  12 0.71
 22  13 0.72
 22  14 0.73
 22  15 0.63
 22  16 0.62
 22  17 0.73
 22  18 0.67
 22  19 0.73
 22  20 0.74
 22  21 0.71
 22  22 1.00
