  1   1 0.26
  1   2 0.33
  1   3 0.42
  1   4 0.48
  1   5 0.42
  1   6 0.53
  1   7 0.51
  1   8 0.54
  1   9 0.32
  1  10 0.47
  1  11 0.47
  1  12 0.37
  1  13 0.57
  1  14 0.49
  1  15 0.48
  1  16 0.39
  1  17 0.47
  1  18 0.41
  1  19 0.46
  1  20 0.43
  1  21 0.42
  1  22 0.32
  2   1 0.36
  2   2 0.54
  2   3 0.52
  2   4 0.44
  2   5 0.55
  2   6 0.62
  2   7 0.41
  2   8 0.56
  2   9 0.45
  2  10 0.51
  2  11 0.59
  2  12 0.63
  2  13 0.61
  2  14 0.57
  2  15 0.45
  2  16 0.53
  2  17 0.56
  2  18 0.64
  2  19 0.61
  2  20 0.59
  2  21 0.48
  2  22 0.36
  3   1 0.27
  3   2 0.44
  3   3 0.38
  3   4 0.32
  3   5 0.53
  3   6 0.60
  3   7 0.42
  3   8 0.52
  3   9 0.45
  3  10 0.48
  3  11 0.72
  3  12 0.58
  3  13 0.53
  3  14 0.53
  3  15 0.50
  3  16 0.39
  3  17 0.60
  3  18 0.62
  3  19 0.48
  3  20 0.49
  3  21 0.47
  3  22 0.38
  4   1 0.29
  4   2 0.47
  4   3 0.46
  4   4 0.48
  4   5 0.53
  4   6 0.48
  4   7 0.47
  4   8 0.51
  4   9 0.42
  4  10 0.49
  4  11 0.54
  4  12 0.49
  4  13 0.58
  4  14 0.47
  4  15 0.41
  4  16 0.42
  4  17 0.49
  4  18 0.62
  4  19 0.48
  4  20 0.46
  4  21 0.53
  4  22 0.33
  5   1 0.40
  5   2 0.59
  5   3 0.49
  5   4 0.46
  5   5 0.56
  5   6 0.62
  5   7 0.44
  5   8 0.60
  5   9 0.51
  5  10 0.54
  5  11 0.66
  5  12 0.62
  5  13 0.68
  5  14 0.62
  5  15 0.53
  5  16 0.52
  5  17 0.62
  5  18 0.75
  5  19 0.58
  5  20 0.54
  5  21 0.62
  5  22 0.43
  6   1 0.30
  6   2 0.52
  6   3 0.47
  6   4 0.46
  6   5 0.54
  6   6 0.66
  6   7 0.50
  6   8 0.63
  6   9 0.52
  6  10 0.48
  6  11 0.72
  6  12 0.68
  6  13 0.62
  6  14 0.56
  6  15 0.52
  6  16 0.46
  6  17 0.59
  6  18 0.65
  6  19 0.57
  6  20 0.57
  6  21 0.48
  6  22 0.39
  7   1 0.37
  7   2 0.55
  7   3 0.39
  7   4 0.40
  7   5 0.53
  7   6 0.51
  7   7 0.41
  7   8 0.45
  7   9 0.58
  7  10 0.45
  7  11 0.58
  7  12 0.60
  7  13 0.58
  7  14 0.53
  7  15 0.50
  7  16 0.38
  7  17 0.58
  7  18 0.60
  7  19 0.53
  7  20 0.48
  7  21 0.58
  7  22 0.48
  8   1 0.46
  8   2 0.55
  8   3 0.34
  8   4 0.48
  8   5 0.45
  8   6 0.47
  8   7 0.43
  8   8 0.47
  8   9 0.53
  8  10 0.48
  8  11 0.54
  8  12 0.40
  8  13 0.61
  8  14 0.42
  8  15 0.54
  8  16 0.45
  8  17 0.56
  8  18 0.58
  8  19 0.48
  8  20 0.39
  8  21 0.54
  8  22 0.48
  9   1 0.25
  9   2 0.45
  9   3 0.45
  9   4 0.57
  9   5 0.68
  9   6 0.66
  9   7 0.58
  9   8 0.71
  9   9 0.44
  9  10 0.70
  9  11 0.67
  9  12 0.55
  9  13 0.58
  9  14 0.54
  9  15 0.55
  9  16 0.57
  9  17 0.61
  9  18 0.65
  9  19 0.67
  9  20 0.67
  9  21 0.49
  9  22 0.32
 10   1 0.36
 10   2 0.48
 10   3 0.53
 10   4 0.44
 10   5 0.66
 10   6 0.60
 10   7 0.48
 10   8 0.63
 10   9 0.51
 10  10 0.52
 10  11 0.66
 10  12 0.67
 10  13 0.63
 10  14 0.63
 10  15 0.50
 10  16 0.52
 10  17 0.64
 10  18 0.71
 10  19 0.57
 10  20 0.58
 10  21 0.60
 10  22 0.50
 11   1 0.31
 11   2 0.38
 11   3 0.56
 11   4 0.37
 11   5 0.63
 11   6 0.58
 11   7 0.35
 11   8 0.56
 11   9 0.38
 11  10 0.56
 11  11 0.58
 11  12 0.62
 11  13 0.44
 11  14 0.53
 11  15 0.41
 11  16 0.48
 11  17 0.62
 11  18 0.57
 11  19 0.61
 11  20 0.61
 11  21 0.49
 11  22 0.41
 12   1 0.34
 12   2 0.61
 12   3 0.41
 12   4 0.42
 12   5 0.45
 12   6 0.48
 12   7 0.39
 12   8 0.48
 12   9 0.47
 12  10 0.41
 12  11 0.58
 12  12 0.54
 12  13 0.55
 12  14 0.41
 12  15 0.39
 12  16 0.43
 12  17 0.54
 12  18 0.60
 12  19 0.52
 12  20 0.48
 12  21 0.50
 12  22 0.33
 13   1 0.34
 13   2 0.31
 13   3 0.41
 13   4 0.45
 13   5 0.49
 13   6 0.38
 13   7 0.21
 13   8 0.31
 13   9 0.36
 13  10 0.50
 13  11 0.38
 13  12 0.42
 13  13 0.34
 13  14 0.35
 13  15 0.25
 13  16 0.51
 13  17 0.48
 13  18 0.37
 13  19 0.60
 13  20 0.60
 13  21 0.40
 13  22 0.29
 14   1 0.30
 14   2 0.50
 14   3 0.55
 14   4 0.52
 14   5 0.63
 14   6 0.65
 14   7 0.57
 14   8 0.67
 14   9 0.46
 14  10 0.69
 14  11 0.66
 14  12 0.52
 14  13 0.66
 14  14 0.60
 14  15 0.62
 14  16 0.53
 14  17 0.60
 14  18 0.69
 14  19 0.58
 14  20 0.61
 14  21 0.53
 14  22 0.33
 15   1 0.18
 15   2 0.51
 15   3 0.34
 15   4 0.55
 15   5 0.38
 15   6 0.59
 15   7 0.48
 15   8 0.55
 15   9 0.39
 15  10 0.43
 15  11 0.51
 15  12 0.43
 15  13 0.62
 15  14 0.43
 15  15 0.48
 15  16 0.44
 15  17 0.40
 15  18 0.49
 15  19 0.49
 15  20 0.44
 15  21 0.35
 15  22 0.27
 16   1 0.31
 16   2 0.37
 16   3 0.42
 16   4 0.49
 16   5 0.49
 16   6 0.53
 16   7 0.29
 16   8 0.46
 16   9 0.36
 16  10 0.55
 16  11 0.52
 16  12 0.53
 16  13 0.44
 16  14 0.45
 16  15 0.34
 16  16 0.56
 16  17 0.55
 16  18 0.45
 16  19 0.67
 16  20 0.64
 16  21 0.42
 16  22 0.35
 17   1 0.19
 17   2 0.38
 17   3 0.28
 17   4 0.36
 17   5 0.44
 17   6 0.54
 17   7 0.49
 17   8 0.51
 17   9 0.37
 17  10 0.38
 17  11 0.49
 17  12 0.38
 17  13 0.42
 17  14 0.39
 17  15 0.50
 17  16 0.35
 17  17 0.45
 17  18 0.44
 17  19 0.39
 17  20 0.44
 17  21 0.29
 17  22 0.28
 18   1 0.42
 18   2 0.42
 18   3 0.46
 18   4 0.40
 18   5 0.64
 18   6 0.65
 18   7 0.53
 18   8 0.66
 18   9 0.58
 18  10 0.59
 18  11 0.62
 18  12 0.64
 18  13 0.64
 18  14 0.69
 18  15 0.57
 18  16 0.44
 18  17 0.69
 18  18 0.63
 18  19 0.58
 18  20 0.62
 18  21 0.52
 18  22 0.54
 19   1 0.42
 19   2 0.44
 19   3 0.35
 19   4 0.24
 19   5 0.51
 19   6 0.48
 19   7 0.42
 19   8 0.46
 19   9 0.52
 19  10 0.39
 19  11 0.53
 19  12 0.59
 19  13 0.57
 19  14 0.67
 19  15 0.55
 19  16 0.28
 19  17 0.66
 19  18 0.60
 19  19 0.38
 19  20 0.36
 19  21 0.47
 19  22 0.54
 20   1 0.50
 20   2 0.53
 20   3 0.49
 20   4 0.32
 20   5 0.63
 20   6 0.57
 20   7 0.45
 20   8 0.54
 20   9 0.60
 20  10 0.53
 20  11 0.62
 20  12 0.72
 20  13 0.62
 20  14 0.70
 20  15 0.53
 20  16 0.39
 20  17 0.72
 20  18 0.69
 20  19 0.55
 20  20 0.56
 20  21 0.54
 20  22 0.51
 21   1 0.37
 21   2 0.48
 21   3 0.55
 21   4 0.53
 21   5 0.66
 21   6 0.65
 21   7 0.46
 21   8 0.61
 21   9 0.52
 21  10 0.63
 21  11 0.72
 21  12 0.68
 21  13 0.60
 21  14 0.58
 21  15 0.46
 21  16 0.62
 21  17 0.66
 21  18 0.66
 21  19 0.69
 21  20 0.71
 21  21 0.58
 21  22 0.42
 22   1 0.41
 22   2 0.54
 22   3 0.46
 22   4 0.43
 22   5 0.59
 22   6 0.55
 22   7 0.51
 22   8 0.59
 22   9 0.52
 22  10 0.57
 22  11 0.62
 22  12 0.56
 22  13 0.68
 22  14 0.68
 22  15 0.58
 22  16 0.42
 22  17 0.64
 22  18 0.67
 22  19 0.48
 22  20 0.45
 22  21 0.58
 22  22 0.44
