  1   1 0.53
  1   2 0.52
  1   3 0.54
  1   5 0.29
  1   6 0.18
  1   8 0.57
  1   9 0.61
  1  10 0.50
  1  11 0.38
  1  12 0.56
  1  13 0.46
  1  14 0.67
  1  15 0.35
  1  16 0.69
  1  17 0.49
  1  18 0.48
  1  19 0.44
  1  20 0.44
  1  21 0.15
  1  22 0.16
  2   1 0.49
  2   2 0.40
  2   3 0.42
  2   5 0.30
  2   6 0.12
  2   8 0.54
  2   9 0.31
  2  10 0.38
  2  11 0.36
  2  12 0.39
  2  13 0.48
  2  14 0.43
  2  15 0.27
  2  16 0.46
  2  17 0.31
  2  18 0.38
  2  19 0.32
  2  20 0.39
  2  21 0.09
  2  22 0.08
  3   1 0.41
  3   2 0.35
  3   3 0.49
  3   5 0.38
  3   6 0.26
  3   8 0.37
  3   9 0.28
  3  10 0.55
  3  11 0.35
  3  12 0.60
  3  13 0.46
  3  14 0.55
  3  15 0.37
  3  16 0.53
  3  17 0.49
  3  18 0.25
  3  19 0.67
  3  20 0.47
  3  21 0.24
  3  22 0.22
  4   1 0.37
  4   2 0.53
  4   3 0.34
  4   5 0.19
  4   6 0.09
  4   8 0.48
  4   9 0.64
  4  10 0.36
  4  11 0.38
  4  12 0.27
  4  13 0.34
  4  14 0.41
  4  15 0.25
  4  16 0.45
  4  17 0.32
  4  18 0.42
  4  19 0.29
  4  20 0.29
  4  21 0.12
  4  22 0.12
  5   1 0.48
  5   2 0.43
  5   3 0.64
  5   5 0.39
  5   6 0.20
  5   8 0.47
  5   9 0.39
  5  10 0.67
  5  11 0.44
  5  12 0.58
  5  13 0.60
  5  14 0.58
  5  15 0.36
  5  16 0.58
  5  17 0.53
  5  18 0.39
  5  19 0.65
  5  20 0.55
  5  21 0.22
  5  22 0.19
  6   1 0.48
  6   2 0.48
  6   3 0.49
  6   5 0.31
  6   6 0.11
  6   8 0.61
  6   9 0.55
  6  10 0.42
  6  11 0.47
  6  12 0.45
  6  13 0.45
  6  14 0.49
  6  15 0.29
  6  16 0.58
  6  17 0.35
  6  18 0.50
  6  19 0.31
  6  20 0.38
  6  21 0.11
  6  22 0.10
  7   1 0.57
  7   2 0.52
  7   3 0.64
  7   5 0.30
  7   6 0.13
  7   8 0.56
  7   9 0.58
  7  10 0.58
  7  11 0.55
  7  12 0.54
  7  13 0.64
  7  14 0.62
  7  15 0.33
  7  16 0.65
  7  17 0.43
  7  18 0.60
  7  19 0.43
  7  20 0.55
  7  21 0.16
  7  22 0.20
  8   1 0.60
  8   2 0.63
  8   3 0.43
  8   5 0.38
  8   6 0.11
  8   8 0.64
  8   9 0.65
  8  10 0.41
  8  11 0.47
  8  12 0.40
  8  13 0.46
  8  14 0.62
  8  15 0.23
  8  16 0.53
  8  17 0.36
  8  18 0.45
  8  19 0.32
  8  20 0.39
  8  21 0.11
  8  22 0.16
  9   1 0.56
  9   2 0.55
  9   3 0.56
  9   5 0.36
  9   6 0.15
  9   8 0.71
  9   9 0.58
  9  10 0.60
  9  11 0.48
  9  12 0.54
  9  13 0.49
  9  14 0.61
  9  15 0.35
  9  16 0.60
  9  17 0.47
  9  18 0.51
  9  19 0.43
  9  20 0.44
  9  21 0.16
  9  22 0.14
 10   1 0.37
 10   2 0.29
 10   3 0.42
 10   5 0.29
 10   6 0.34
 10   8 0.35
 10   9 0.29
 10  10 0.40
 10  11 0.27
 10  12 0.55
 10  13 0.41
 10  14 0.51
 10  15 0.31
 10  16 0.46
 10  17 0.45
 10  18 0.28
 10  19 0.39
 10  20 0.40
 10  21 0.17
 10  22 0.25
 11   1 0.54
 11   2 0.45
 11   3 0.65
 11   5 0.34
 11   6 0.16
 11   8 0.48
 11   9 0.48
 11  10 0.65
 11  11 0.46
 11  12 0.63
 11  13 0.69
 11  14 0.62
 11  15 0.41
 11  16 0.67
 11  17 0.53
 11  18 0.50
 11  19 0.54
 11  20 0.59
 11  21 0.20
 11  22 0.23
 12   1 0.51
 12   2 0.56
 12   3 0.41
 12   5 0.38
 12   6 0.13
 12   8 0.68
 12   9 0.51
 12  10 0.44
 12  11 0.44
 12  12 0.42
 12  13 0.45
 12  14 0.57
 12  15 0.25
 12  16 0.49
 12  17 0.40
 12  18 0.49
 12  19 0.35
 12  20 0.40
 12  21 0.13
 12  22 0.17
 13   1 0.36
 13   2 0.46
 13   3 0.46
 13   5 0.38
 13   6 0.18
 13   8 0.54
 13   9 0.37
 13  10 0.47
 13  11 0.37
 13  12 0.53
 13  13 0.44
 13  14 0.49
 13  15 0.39
 13  16 0.51
 13  17 0.42
 13  18 0.40
 13  19 0.39
 13  20 0.41
 13  21 0.18
 13  22 0.18
 14   1 0.32
 14   2 0.22
 14   3 0.47
 14   5 0.22
 14   6 0.14
 14   8 0.42
 14   9 0.20
 14  10 0.38
 14  11 0.26
 14  12 0.43
 14  13 0.36
 14  14 0.31
 14  15 0.24
 14  16 0.35
 14  17 0.32
 14  18 0.24
 14  19 0.33
 14  20 0.30
 14  21 0.11
 14  22 0.07
 15   1 0.49
 15   2 0.55
 15   3 0.35
 15   5 0.29
 15   6 0.14
 15   8 0.59
 15   9 0.64
 15  10 0.40
 15  11 0.39
 15  12 0.37
 15  13 0.40
 15  14 0.63
 15  15 0.28
 15  16 0.57
 15  17 0.39
 15  18 0.49
 15  19 0.33
 15  20 0.39
 15  21 0.12
 15  22 0.15
 16   1 0.50
 16   2 0.36
 16   3 0.61
 16   5 0.33
 16   6 0.28
 16   8 0.46
 16   9 0.36
 16  10 0.66
 16  11 0.35
 16  12 0.61
 16  13 0.54
 16  14 0.61
 16  15 0.31
 16  16 0.58
 16  17 0.50
 16  18 0.40
 16  19 0.49
 16  20 0.44
 16  21 0.18
 16  22 0.16
 17   1 0.55
 17   2 0.51
 17   3 0.58
 17   5 0.29
 17   6 0.15
 17   8 0.56
 17   9 0.57
 17  10 0.59
 17  11 0.50
 17  12 0.55
 17  13 0.56
 17  14 0.62
 17  15 0.37
 17  16 0.60
 17  17 0.49
 17  18 0.47
 17  19 0.49
 17  20 0.52
 17  21 0.16
 17  22 0.14
 18   1 0.25
 18   2 0.30
 18   3 0.34
 18   5 0.26
 18   6 0.36
 18   8 0.33
 18   9 0.19
 18  10 0.42
 18  11 0.24
 18  12 0.65
 18  13 0.38
 18  14 0.44
 18  15 0.42
 18  16 0.46
 18  17 0.48
 18  18 0.24
 18  19 0.55
 18  20 0.35
 18  21 0.23
 18  22 0.29
 19   1 0.43
 19   2 0.58
 19   3 0.26
 19   5 0.23
 19   6 0.11
 19   8 0.43
 19   9 0.52
 19  10 0.29
 19  11 0.34
 19  12 0.24
 19  13 0.33
 19  14 0.54
 19  15 0.19
 19  16 0.43
 19  17 0.28
 19  18 0.45
 19  19 0.21
 19  20 0.29
 19  21 0.08
 19  22 0.12
 20   1 0.45
 20   2 0.41
 20   3 0.48
 20   5 0.33
 20   6 0.17
 20   8 0.40
 20   9 0.30
 20  10 0.55
 20  11 0.28
 20  12 0.46
 20  13 0.48
 20  14 0.57
 20  15 0.29
 20  16 0.44
 20  17 0.40
 20  18 0.29
 20  19 0.48
 20  20 0.48
 20  21 0.17
 20  22 0.15
 21   1 0.54
 21   2 0.52
 21   3 0.52
 21   5 0.36
 21   6 0.12
 21   8 0.63
 21   9 0.56
 21  10 0.50
 21  11 0.43
 21  12 0.49
 21  13 0.45
 21  14 0.59
 21  15 0.32
 21  16 0.56
 21  17 0.44
 21  18 0.40
 21  19 0.39
 21  20 0.39
 21  21 0.14
 21  22 0.13
 22   1 0.51
 22   2 0.56
 22   3 0.48
 22   5 0.25
 22   6 0.14
 22   8 0.51
 22   9 0.72
 22  10 0.44
 22  11 0.48
 22  12 0.41
 22  13 0.47
 22  14 0.62
 22  15 0.28
 22  16 0.66
 22  17 0.35
 22  18 0.56
 22  19 0.32
 22  20 0.42
 22  21 0.11
 22  22 0.12
