  1   1 0.29
  1   2 0.32
  1   3 0.36
  1   4 0.33
  1   5 0.31
  1   6 0.24
  1   7 0.34
  1   8 0.31
  1   9 0.35
  1  10 0.35
  1  11 0.27
  1  12 0.20
  1  13 0.45
  1  14 0.42
  1  15 0.51
  1  16 0.39
  1  17 0.32
  1  18 0.29
  1  19 0.47
  1  20 0.34
  1  21 0.36
  1  22 0.27
  2   1 0.53
  2   2 0.59
  2   3 0.43
  2   4 0.23
  2   5 0.37
  2   6 0.32
  2   7 0.33
  2   8 0.58
  2   9 0.32
  2  10 0.32
  2  11 0.43
  2  12 0.26
  2  13 0.32
  2  14 0.39
  2  15 0.47
  2  16 0.33
  2  17 0.29
  2  18 0.45
  2  19 0.38
  2  20 0.39
  2  21 0.46
  2  22 0.27
  3   1 0.44
  3   2 0.29
  3   3 0.27
  3   4 0.12
  3   5 0.47
  3   6 0.68
  3   7 0.37
  3   8 0.37
  3   9 0.35
  3  10 0.39
  3  11 0.70
  3  12 0.56
  3  13 0.26
  3  14 0.71
  3  15 0.36
  3  16 0.50
  3  17 0.65
  3  18 0.60
  3  19 0.29
  3  20 0.47
  3  21 0.51
  3  22 0.38
  4   1 0.35
  4   2 0.35
  4   3 0.56
  4   4 0.34
  4   5 0.45
  4   6 0.33
  4   7 0.47
  4   8 0.36
  4   9 0.61
  4  10 0.43
  4  11 0.34
  4  12 0.34
  4  13 0.39
  4  14 0.46
  4  15 0.60
  4  16 0.45
  4  17 0.35
  4  18 0.35
  4  19 0.57
  4  20 0.49
  4  21 0.43
  4  22 0.40
  5   1 0.44
  5   2 0.45
  5   3 0.54
  5   4 0.24
  5   5 0.45
  5   6 0.38
  5   7 0.52
  5   8 0.46
  5   9 0.52
  5  10 0.51
  5  11 0.35
  5  12 0.35
  5  13 0.46
  5  14 0.50
  5  15 0.67
  5  16 0.44
  5  17 0.41
  5  18 0.37
  5  19 0.71
  5  20 0.50
  5  21 0.49
  5  22 0.39
  6   1 0.54
  6   2 0.34
  6   3 0.35
  6   4 0.19
  6   5 0.43
  6   6 0.63
  6   7 0.26
  6   8 0.43
  6   9 0.29
  6  10 0.29
  6  11 0.63
  6  12 0.39
  6  13 0.21
  6  14 0.52
  6  15 0.39
  6  16 0.37
  6  17 0.46
  6  18 0.50
  6  19 0.26
  6  20 0.44
  6  21 0.63
  6  22 0.31
  7   1 0.54
  7   2 0.47
  7   3 0.62
  7   4 0.31
  7   5 0.61
  7   6 0.53
  7   7 0.62
  7   8 0.53
  7   9 0.64
  7  10 0.59
  7  11 0.68
  7  12 0.42
  7  13 0.43
  7  14 0.66
  7  15 0.71
  7  16 0.48
  7  17 0.56
  7  18 0.58
  7  19 0.60
  7  20 0.61
  7  21 0.61
  7  22 0.54
  8   1 0.61
  8   2 0.49
  8   3 0.48
  8   4 0.23
  8   5 0.55
  8   6 0.65
  8   7 0.40
  8   8 0.54
  8   9 0.39
  8  10 0.41
  8  11 0.68
  8  12 0.52
  8  13 0.33
  8  14 0.63
  8  15 0.53
  8  16 0.52
  8  17 0.57
  8  18 0.69
  8  19 0.44
  8  20 0.58
  8  21 0.62
  8  22 0.41
  9   1 0.45
  9   2 0.41
  9   3 0.56
  9   4 0.30
  9   5 0.38
  9   6 0.26
  9   7 0.67
  9   8 0.51
  9   9 0.61
  9  10 0.39
  9  11 0.48
  9  12 0.23
  9  13 0.37
  9  14 0.46
  9  15 0.55
  9  16 0.28
  9  17 0.31
  9  18 0.44
  9  19 0.35
  9  20 0.39
  9  21 0.42
  9  22 0.43
 10   1 0.48
 10   2 0.51
 10   3 0.60
 10   4 0.28
 10   5 0.57
 10   6 0.44
 10   7 0.64
 10   8 0.56
 10   9 0.60
 10  10 0.51
 10  11 0.60
 10  12 0.43
 10  13 0.44
 10  14 0.62
 10  15 0.75
 10  16 0.54
 10  17 0.46
 10  18 0.57
 10  19 0.57
 10  20 0.56
 10  21 0.58
 10  22 0.42
 11   1 0.25
 11   2 0.29
 11   3 0.25
 11   4 0.17
 11   5 0.31
 11   6 0.28
 11   7 0.26
 11   8 0.20
 11   9 0.25
 11  10 0.27
 11  11 0.25
 11  12 0.33
 11  13 0.30
 11  14 0.32
 11  15 0.40
 11  16 0.45
 11  17 0.26
 11  18 0.35
 11  19 0.45
 11  20 0.32
 11  21 0.33
 11  22 0.24
 12   1 0.42
 12   2 0.42
 12   3 0.46
 12   4 0.22
 12   5 0.55
 12   6 0.48
 12   7 0.43
 12   8 0.35
 12   9 0.48
 12  10 0.50
 12  11 0.50
 12  12 0.27
 12  13 0.40
 12  14 0.57
 12  15 0.62
 12  16 0.49
 12  17 0.55
 12  18 0.42
 12  19 0.60
 12  20 0.53
 12  21 0.50
 12  22 0.48
 13   1 0.18
 13   2 0.19
 13   3 0.26
 13   4 0.22
 13   5 0.32
 13   6 0.23
 13   7 0.29
 13   8 0.14
 13   9 0.25
 13  10 0.22
 13  11 0.23
 13  12 0.34
 13  13 0.21
 13  14 0.25
 13  15 0.41
 13  16 0.45
 13  17 0.23
 13  18 0.39
 13  19 0.36
 13  20 0.29
 13  21 0.23
 13  22 0.21
 14   1 0.50
 14   2 0.46
 14   3 0.67
 14   4 0.27
 14   5 0.52
 14   6 0.43
 14   7 0.79
 14   8 0.51
 14   9 0.76
 14  10 0.50
 14  11 0.61
 14  12 0.29
 14  13 0.34
 14  14 0.62
 14  15 0.70
 14  16 0.36
 14  17 0.49
 14  18 0.44
 14  19 0.43
 14  20 0.52
 14  21 0.49
 14  22 0.53
 15   1 0.45
 15   2 0.36
 15   3 0.32
 15   4 0.14
 15   5 0.48
 15   6 0.69
 15   7 0.37
 15   8 0.41
 15   9 0.34
 15  10 0.36
 15  11 0.59
 15  12 0.56
 15  13 0.31
 15  14 0.68
 15  15 0.46
 15  16 0.52
 15  17 0.58
 15  18 0.65
 15  19 0.46
 15  20 0.56
 15  21 0.48
 15  22 0.44
 16   1 0.42
 16   2 0.40
 16   3 0.52
 16   4 0.34
 16   5 0.52
 16   6 0.32
 16   7 0.48
 16   8 0.45
 16   9 0.44
 16  10 0.58
 16  11 0.47
 16  12 0.38
 16  13 0.49
 16  14 0.52
 16  15 0.69
 16  16 0.54
 16  17 0.45
 16  18 0.41
 16  19 0.55
 16  20 0.49
 16  21 0.46
 16  22 0.46
 17   1 0.37
 17   2 0.40
 17   3 0.43
 17   4 0.19
 17   5 0.48
 17   6 0.46
 17   7 0.50
 17   8 0.38
 17   9 0.52
 17  10 0.51
 17  11 0.45
 17  12 0.51
 17  13 0.48
 17  14 0.61
 17  15 0.64
 17  16 0.56
 17  17 0.49
 17  18 0.47
 17  19 0.67
 17  20 0.47
 17  21 0.47
 17  22 0.40
 18   1 0.46
 18   2 0.42
 18   3 0.50
 18   4 0.27
 18   5 0.70
 18   6 0.59
 18   7 0.59
 18   8 0.46
 18   9 0.52
 18  10 0.59
 18  11 0.71
 18  12 0.51
 18  13 0.42
 18  14 0.79
 18  15 0.66
 18  16 0.66
 18  17 0.66
 18  18 0.63
 18  19 0.55
 18  20 0.70
 18  21 0.50
 18  22 0.58
 19   1 0.61
 19   2 0.49
 19   3 0.43
 19   4 0.20
 19   5 0.48
 19   6 0.57
 19   7 0.51
 19   8 0.60
 19   9 0.46
 19  10 0.35
 19  11 0.70
 19  12 0.35
 19  13 0.28
 19  14 0.60
 19  15 0.51
 19  16 0.39
 19  17 0.43
 19  18 0.55
 19  19 0.28
 19  20 0.50
 19  21 0.64
 19  22 0.38
 20   1 0.50
 20   2 0.44
 20   3 0.47
 20   4 0.23
 20   5 0.65
 20   6 0.61
 20   7 0.45
 20   8 0.48
 20   9 0.46
 20  10 0.56
 20  11 0.64
 20  12 0.53
 20  13 0.46
 20  14 0.70
 20  15 0.63
 20  16 0.68
 20  17 0.56
 20  18 0.56
 20  19 0.64
 20  20 0.77
 20  21 0.54
 20  22 0.55
 21   1 0.32
 21   2 0.28
 21   3 0.40
 21   4 0.45
 21   5 0.38
 21   6 0.25
 21   7 0.33
 21   8 0.33
 21   9 0.37
 21  10 0.41
 21  11 0.35
 21  12 0.24
 21  13 0.45
 21  14 0.38
 21  15 0.58
 21  16 0.42
 21  17 0.32
 21  18 0.31
 21  19 0.44
 21  20 0.37
 21  21 0.34
 21  22 0.32
 22   1 0.51
 22   2 0.42
 22   3 0.40
 22   4 0.23
 22   5 0.63
 22   6 0.55
 22   7 0.40
 22   8 0.45
 22   9 0.37
 22  10 0.56
 22  11 0.56
 22  12 0.50
 22  13 0.42
 22  14 0.62
 22  15 0.62
 22  16 0.68
 22  17 0.48
 22  18 0.50
 22  19 0.58
 22  20 0.70
 22  21 0.53
 22  22 0.50
