  1   1 0.62
  1   2 0.34
  1   3 0.51
  1   4 0.63
  1   5 0.68
  1   6 0.58
  1   7 0.53
  1   8 0.48
  1   9 0.57
  1  10 0.58
  1  11 0.54
  1  12 0.57
  1  13 0.63
  1  14 0.32
  1  15 0.61
  1  16 0.51
  1  17 0.56
  1  18 0.53
  1  19 0.73
  1  20 0.61
  1  21 0.55
  1  22 0.37
  2   1 0.71
  2   2 0.51
  2   3 0.49
  2   4 0.45
  2   5 0.53
  2   6 0.59
  2   7 0.52
  2   8 0.62
  2   9 0.55
  2  10 0.64
  2  11 0.58
  2  12 0.64
  2  13 0.64
  2  14 0.36
  2  15 0.72
  2  16 0.55
  2  17 0.63
  2  18 0.71
  2  19 0.67
  2  20 0.58
  2  21 0.60
  2  22 0.42
  3   1 0.57
  3   2 0.34
  3   3 0.45
  3   4 0.57
  3   5 0.58
  3   6 0.55
  3   7 0.48
  3   8 0.43
  3   9 0.65
  3  10 0.52
  3  11 0.47
  3  12 0.52
  3  13 0.57
  3  14 0.29
  3  15 0.58
  3  16 0.48
  3  17 0.51
  3  18 0.54
  3  19 0.70
  3  20 0.52
  3  21 0.51
  3  22 0.34
  4   1 0.67
  4   2 0.44
  4   3 0.46
  4   4 0.55
  4   5 0.53
  4   6 0.70
  4   7 0.51
  4   8 0.53
  4   9 0.63
  4  10 0.61
  4  11 0.52
  4  12 0.67
  4  13 0.64
  4  14 0.28
  4  15 0.71
  4  16 0.64
  4  17 0.60
  4  18 0.65
  4  19 0.75
  4  20 0.45
  4  21 0.65
  4  22 0.32
  5   1 0.67
  5   2 0.58
  5   3 0.55
  5   4 0.42
  5   5 0.65
  5   6 0.63
  5   7 0.60
  5   8 0.73
  5   9 0.46
  5  10 0.70
  5  11 0.60
  5  12 0.69
  5  13 0.71
  5  14 0.48
  5  15 0.72
  5  16 0.60
  5  17 0.61
  5  18 0.68
  5  19 0.65
  5  20 0.63
  5  21 0.63
  5  22 0.52
  6   1 0.62
  6   2 0.63
  6   3 0.58
  6   4 0.31
  6   5 0.53
  6   6 0.60
  6   7 0.52
  6   8 0.65
  6   9 0.38
  6  10 0.74
  6  11 0.60
  6  12 0.65
  6  13 0.72
  6  14 0.45
  6  15 0.71
  6  16 0.49
  6  17 0.56
  6  18 0.68
  6  19 0.50
  6  20 0.45
  6  21 0.58
  6  22 0.39
  7   1 0.70
  7   2 0.58
  7   3 0.53
  7   4 0.50
  7   5 0.63
  7   6 0.59
  7   7 0.56
  7   8 0.65
  7   9 0.61
  7  10 0.75
  7  11 0.61
  7  12 0.65
  7  13 0.72
  7  14 0.52
  7  15 0.74
  7  16 0.68
  7  17 0.73
  7  18 0.71
  7  19 0.70
  7  20 0.60
  7  21 0.64
  7  22 0.45
  8   1 0.70
  8   2 0.53
  8   3 0.39
  8   4 0.39
  8   5 0.55
  8   6 0.77
  8   7 0.51
  8   8 0.59
  8   9 0.43
  8  10 0.59
  8  11 0.54
  8  12 0.72
  8  13 0.65
  8  14 0.26
  8  15 0.71
  8  16 0.51
  8  17 0.46
  8  18 0.63
  8  19 0.63
  8  20 0.41
  8  21 0.70
  8  22 0.35
  9   1 0.47
  9   2 0.45
  9   3 0.56
  9   4 0.33
  9   5 0.62
  9   6 0.43
  9   7 0.46
  9   8 0.56
  9   9 0.39
  9  10 0.54
  9  11 0.64
  9  12 0.47
  9  13 0.62
  9  14 0.38
  9  15 0.56
  9  16 0.44
  9  17 0.52
  9  18 0.47
  9  19 0.46
  9  20 0.52
  9  21 0.41
  9  22 0.38
 10   1 0.64
 10   2 0.43
 10   3 0.40
 10   4 0.35
 10   5 0.55
 10   6 0.63
 10   7 0.46
 10   8 0.54
 10   9 0.44
 10  10 0.57
 10  11 0.56
 10  12 0.59
 10  13 0.62
 10  14 0.26
 10  15 0.66
 10  16 0.46
 10  17 0.46
 10  18 0.61
 10  19 0.63
 10  20 0.46
 10  21 0.63
 10  22 0.33
 11   1 0.69
 11   2 0.55
 11   3 0.50
 11   4 0.46
 11   5 0.63
 11   6 0.65
 11   7 0.53
 11   8 0.68
 11   9 0.49
 11  10 0.69
 11  11 0.59
 11  12 0.70
 11  13 0.69
 11  14 0.36
 11  15 0.73
 11  16 0.60
 11  17 0.66
 11  18 0.65
 11  19 0.68
 11  20 0.62
 11  21 0.69
 11  22 0.42
 12   1 0.56
 12   2 0.66
 12   3 0.43
 12   4 0.34
 12   5 0.46
 12   6 0.67
 12   7 0.42
 12   8 0.62
 12   9 0.41
 12  10 0.57
 12  11 0.59
 12  12 0.66
 12  13 0.65
 12  14 0.33
 12  15 0.65
 12  16 0.48
 12  17 0.44
 12  18 0.62
 12  19 0.48
 12  20 0.41
 12  21 0.60
 12  22 0.37
 13   1 0.43
 13   2 0.22
 13   3 0.27
 13   4 0.33
 13   5 0.35
 13   6 0.47
 13   7 0.28
 13   8 0.30
 13   9 0.28
 13  10 0.41
 13  11 0.37
 13  12 0.41
 13  13 0.35
 13  14 0.18
 13  15 0.43
 13  16 0.38
 13  17 0.42
 13  18 0.39
 13  19 0.42
 13  20 0.25
 13  21 0.44
 13  22 0.15
 14   1 0.48
 14   2 0.52
 14   3 0.61
 14   4 0.40
 14   5 0.68
 14   6 0.47
 14   7 0.56
 14   8 0.56
 14   9 0.42
 14  10 0.60
 14  11 0.63
 14  12 0.50
 14  13 0.69
 14  14 0.45
 14  15 0.62
 14  16 0.46
 14  17 0.57
 14  18 0.55
 14  19 0.50
 14  20 0.58
 14  21 0.47
 14  22 0.46
 15   1 0.67
 15   2 0.64
 15   3 0.52
 15   4 0.36
 15   5 0.56
 15   6 0.70
 15   7 0.54
 15   8 0.63
 15   9 0.49
 15  10 0.76
 15  11 0.64
 15  12 0.67
 15  13 0.76
 15  14 0.42
 15  15 0.76
 15  16 0.55
 15  17 0.59
 15  18 0.72
 15  19 0.61
 15  20 0.46
 15  21 0.67
 15  22 0.37
 16   1 0.72
 16   2 0.60
 16   3 0.52
 16   4 0.47
 16   5 0.52
 16   6 0.71
 16   7 0.45
 16   8 0.60
 16   9 0.52
 16  10 0.73
 16  11 0.60
 16  12 0.69
 16  13 0.67
 16  14 0.42
 16  15 0.78
 16  16 0.60
 16  17 0.60
 16  18 0.69
 16  19 0.62
 16  20 0.43
 16  21 0.65
 16  22 0.32
 17   1 0.67
 17   2 0.52
 17   3 0.40
 17   4 0.40
 17   5 0.49
 17   6 0.71
 17   7 0.40
 17   8 0.57
 17   9 0.43
 17  10 0.64
 17  11 0.54
 17  12 0.74
 17  13 0.62
 17  14 0.37
 17  15 0.66
 17  16 0.52
 17  17 0.54
 17  18 0.58
 17  19 0.53
 17  20 0.41
 17  21 0.66
 17  22 0.30
 18   1 0.63
 18   2 0.50
 18   3 0.54
 18   4 0.42
 18   5 0.61
 18   6 0.62
 18   7 0.54
 18   8 0.61
 18   9 0.46
 18  10 0.67
 18  11 0.64
 18  12 0.69
 18  13 0.73
 18  14 0.38
 18  15 0.68
 18  16 0.54
 18  17 0.57
 18  18 0.65
 18  19 0.62
 18  20 0.54
 18  21 0.63
 18  22 0.38
 19   1 0.66
 19   2 0.68
 19   3 0.51
 19   4 0.40
 19   5 0.51
 19   6 0.61
 19   7 0.48
 19   8 0.74
 19   9 0.48
 19  10 0.67
 19  11 0.57
 19  12 0.69
 19  13 0.67
 19  14 0.44
 19  15 0.73
 19  16 0.54
 19  17 0.55
 19  18 0.67
 19  19 0.59
 19  20 0.49
 19  21 0.61
 19  22 0.43
 20   1 0.56
 20   2 0.55
 20   3 0.59
 20   4 0.33
 20   5 0.55
 20   6 0.43
 20   7 0.58
 20   8 0.67
 20   9 0.42
 20  10 0.63
 20  11 0.54
 20  12 0.57
 20  13 0.66
 20  14 0.51
 20  15 0.63
 20  16 0.51
 20  17 0.56
 20  18 0.66
 20  19 0.56
 20  20 0.53
 20  21 0.47
 20  22 0.55
 21   1 0.68
 21   2 0.49
 21   3 0.42
 21   4 0.40
 21   5 0.44
 21   6 0.52
 21   7 0.39
 21   8 0.50
 21   9 0.64
 21  10 0.66
 21  11 0.58
 21  12 0.53
 21  13 0.60
 21  14 0.42
 21  15 0.71
 21  16 0.59
 21  17 0.67
 21  18 0.70
 21  19 0.58
 21  20 0.43
 21  21 0.53
 21  22 0.30
 22   1 0.74
 22   2 0.54
 22   3 0.52
 22   4 0.53
 22   5 0.59
 22   6 0.64
 22   7 0.53
 22   8 0.68
 22   9 0.55
 22  10 0.66
 22  11 0.57
 22  12 0.65
 22  13 0.67
 22  14 0.34
 22  15 0.71
 22  16 0.64
 22  17 0.65
 22  18 0.65
 22  19 0.72
 22  20 0.57
 22  21 0.65
 22  22 0.42
