  1   1 1.00
  1   2 0.29
  1   3 0.41
  1   4 0.29
  1   5 0.38
  1   6 0.29
  1   7 0.35
  1   8 0.33
  1   9 0.30
  1  10 0.32
  1  11 0.26
  1  12 0.17
  1  13 0.30
  1  14 0.24
  1  15 0.36
  1  16 0.32
  1  17 0.27
  1  18 0.24
  1  19 0.27
  1  20 0.27
  1  21 0.17
  1  22 0.34
  2   1 0.29
  2   2 1.00
  2   3 0.44
  2   4 0.40
  2   5 0.45
  2   6 0.54
  2   7 0.60
  2   8 0.52
  2   9 0.56
  2  10 0.47
  2  11 0.48
  2  12 0.35
  2  13 0.48
  2  14 0.51
  2  15 0.66
  2  16 0.46
  2  17 0.43
  2  18 0.56
  2  19 0.50
  2  20 0.55
  2  21 0.38
  2  22 0.46
  3   1 0.41
  3   2 0.44
  3   3 1.00
  3   4 0.49
  3   5 0.48
  3   6 0.52
  3   7 0.50
  3   8 0.45
  3   9 0.56
  3  10 0.45
  3  11 0.51
  3  12 0.28
  3  13 0.51
  3  14 0.50
  3  15 0.54
  3  16 0.42
  3  17 0.43
  3  18 0.46
  3  19 0.44
  3  20 0.45
  3  21 0.41
  3  22 0.53
  4   1 0.29
  4   2 0.40
  4   3 0.49
  4   4 1.00
  4   5 0.43
  4   6 0.44
  4   7 0.49
  4   8 0.43
  4   9 0.51
  4  10 0.42
  4  11 0.41
  4  12 0.34
  4  13 0.55
  4  14 0.48
  4  15 0.55
  4  16 0.44
  4  17 0.44
  4  18 0.46
  4  19 0.35
  4  20 0.44
  4  21 0.45
  4  22 0.46
  5   1 0.38
  5   2 0.45
  5   3 0.48
  5   4 0.43
  5   5 1.00
  5   6 0.47
  5   7 0.47
  5   8 0.54
  5   9 0.46
  5  10 0.50
  5  11 0.35
  5  12 0.31
  5  13 0.49
  5  14 0.42
  5  15 0.49
  5  16 0.52
  5  17 0.44
  5  18 0.50
  5  19 0.45
  5  20 0.40
  5  21 0.31
  5  22 0.60
  6   1 0.29
  6   2 0.54
  6   3 0.52
  6   4 0.44
  6   5 0.47
  6   6 1.00
  6   7 0.59
  6   8 0.50
  6   9 0.58
  6  10 0.44
  6  11 0.45
  6  12 0.33
  6  13 0.51
  6  14 0.52
  6  15 0.60
  6  16 0.44
  6  17 0.43
  6  18 0.57
  6  19 0.53
  6  20 0.45
  6  21 0.44
  6  22 0.51
  7   1 0.35
  7   2 0.60
  7   3 0.50
  7   4 0.49
  7   5 0.47
  7   6 0.59
  7   7 1.00
  7   8 0.60
  7   9 0.63
  7  10 0.53
  7  11 0.51
  7  12 0.41
  7  13 0.56
  7  14 0.58
  7  15 0.69
  7  16 0.49
  7  17 0.57
  7  18 0.57
  7  19 0.51
  7  20 0.53
  7  21 0.41
  7  22 0.48
  8   1 0.33
  8   2 0.52
  8   3 0.45
  8   4 0.43
  8   5 0.54
  8   6 0.50
  8   7 0.60
  8   8 1.00
  8   9 0.46
  8  10 0.68
  8  11 0.35
  8  12 0.37
  8  13 0.53
  8  14 0.50
  8  15 0.55
  8  16 0.63
  8  17 0.39
  8  18 0.56
  8  19 0.46
  8  20 0.40
  8  21 0.34
  8  22 0.55
  9   1 0.30
  9   2 0.56
  9   3 0.56
  9   4 0.51
  9   5 0.46
  9   6 0.58
  9   7 0.63
  9   8 0.46
  9   9 1.00
  9  10 0.42
  9  11 0.56
  9  12 0.41
  9  13 0.58
  9  14 0.62
  9  15 0.68
  9  16 0.43
  9  17 0.52
  9  18 0.58
  9  19 0.53
  9  20 0.57
  9  21 0.47
  9  22 0.51
 10   1 0.32
 10   2 0.47
 10   3 0.45
 10   4 0.42
 10   5 0.50
 10   6 0.44
 10   7 0.53
 10   8 0.68
 10   9 0.42
 10  10 1.00
 10  11 0.31
 10  12 0.39
 10  13 0.44
 10  14 0.44
 10  15 0.53
 10  16 0.61
 10  17 0.35
 10  18 0.48
 10  19 0.33
 10  20 0.39
 10  21 0.34
 10  22 0.54
 11   1 0.26
 11   2 0.48
 11   3 0.51
 11   4 0.41
 11   5 0.35
 11   6 0.45
 11   7 0.51
 11   8 0.35
 11   9 0.56
 11  10 0.31
 11  11 1.00
 11  12 0.27
 11  13 0.47
 11  14 0.48
 11  15 0.55
 11  16 0.33
 11  17 0.40
 11  18 0.51
 11  19 0.54
 11  20 0.51
 11  21 0.47
 11  22 0.39
 12   1 0.17
 12   2 0.35
 12   3 0.28
 12   4 0.34
 12   5 0.31
 12   6 0.33
 12   7 0.41
 12   8 0.37
 12   9 0.41
 12  10 0.39
 12  11 0.27
 12  12 1.00
 12  13 0.48
 12  14 0.38
 12  15 0.43
 12  16 0.37
 12  17 0.27
 12  18 0.43
 12  19 0.30
 12  20 0.33
 12  21 0.39
 12  22 0.35
 13   1 0.30
 13   2 0.48
 13   3 0.51
 13   4 0.55
 13   5 0.49
 13   6 0.51
 13   7 0.56
 13   8 0.53
 13   9 0.58
 13  10 0.44
 13  11 0.47
 13  12 0.48
 13  13 1.00
 13  14 0.57
 13  15 0.62
 13  16 0.47
 13  17 0.50
 13  18 0.63
 13  19 0.55
 13  20 0.52
 13  21 0.53
 13  22 0.51
 14   1 0.24
 14   2 0.51
 14   3 0.50
 14   4 0.48
 14   5 0.42
 14   6 0.52
 14   7 0.58
 14   8 0.50
 14   9 0.62
 14  10 0.44
 14  11 0.48
 14  12 0.38
 14  13 0.57
 14  14 1.00
 14  15 0.55
 14  16 0.46
 14  17 0.43
 14  18 0.57
 14  19 0.55
 14  20 0.55
 14  21 0.43
 14  22 0.55
 15   1 0.36
 15   2 0.66
 15   3 0.54
 15   4 0.55
 15   5 0.49
 15   6 0.60
 15   7 0.69
 15   8 0.55
 15   9 0.68
 15  10 0.53
 15  11 0.55
 15  12 0.43
 15  13 0.62
 15  14 0.55
 15  15 1.00
 15  16 0.53
 15  17 0.55
 15  18 0.67
 15  19 0.53
 15  20 0.59
 15  21 0.56
 15  22 0.52
 16   1 0.32
 16   2 0.46
 16   3 0.42
 16   4 0.44
 16   5 0.52
 16   6 0.44
 16   7 0.49
 16   8 0.63
 16   9 0.43
 16  10 0.61
 16  11 0.33
 16  12 0.37
 16  13 0.47
 16  14 0.46
 16  15 0.53
 16  16 1.00
 16  17 0.40
 16  18 0.49
 16  19 0.35
 16  20 0.39
 16  21 0.38
 16  22 0.51
 17   1 0.27
 17   2 0.43
 17   3 0.43
 17   4 0.44
 17   5 0.44
 17   6 0.43
 17   7 0.57
 17   8 0.39
 17   9 0.52
 17  10 0.35
 17  11 0.40
 17  12 0.27
 17  13 0.50
 17  14 0.43
 17  15 0.55
 17  16 0.40
 17  17 1.00
 17  18 0.47
 17  19 0.38
 17  20 0.47
 17  21 0.34
 17  22 0.35
 18   1 0.24
 18   2 0.56
 18   3 0.46
 18   4 0.46
 18   5 0.50
 18   6 0.57
 18   7 0.57
 18   8 0.56
 18   9 0.58
 18  10 0.48
 18  11 0.51
 18  12 0.43
 18  13 0.63
 18  14 0.57
 18  15 0.67
 18  16 0.49
 18  17 0.47
 18  18 1.00
 18  19 0.60
 18  20 0.52
 18  21 0.48
 18  22 0.55
 19   1 0.27
 19   2 0.50
 19   3 0.44
 19   4 0.35
 19   5 0.45
 19   6 0.53
 19   7 0.51
 19   8 0.46
 19   9 0.53
 19  10 0.33
 19  11 0.54
 19  12 0.30
 19  13 0.55
 19  14 0.55
 19  15 0.53
 19  16 0.35
 19  17 0.38
 19  18 0.60
 19  19 1.00
 19  20 0.43
 19  21 0.38
 19  22 0.51
 20   1 0.27
 20   2 0.55
 20   3 0.45
 20   4 0.44
 20   5 0.40
 20   6 0.45
 20   7 0.53
 20   8 0.40
 20   9 0.57
 20  10 0.39
 20  11 0.51
 20  12 0.33
 20  13 0.52
 20  14 0.55
 20  15 0.59
 20  16 0.39
 20  17 0.47
 20  18 0.52
 20  19 0.43
 20  20 1.00
 20  21 0.47
 20  22 0.43
 21   1 0.17
 21   2 0.38
 21   3 0.41
 21   4 0.45
 21   5 0.31
 21   6 0.44
 21   7 0.41
 21   8 0.34
 21   9 0.47
 21  10 0.34
 21  11 0.47
 21  12 0.39
 21  13 0.53
 21  14 0.43
 21  15 0.56
 21  16 0.38
 21  17 0.34
 21  18 0.48
 21  19 0.38
 21  20 0.47
 21  21 1.00
 21  22 0.40
 22   1 0.34
 22   2 0.46
 22   3 0.53
 22   4 0.46
 22   5 0.60
 22   6 0.51
 22   7 0.48
 22   8 0.55
 22   9 0.51
 22  10 0.54
 22  11 0.39
 22  12 0.35
 22  13 0.51
 22  14 0.55
 22  15 0.52
 22  16 0.51
 22  17 0.35
 22  18 0.55
 22  19 0.51
 22  20 0.43
 22  21 0.40
 22  22 1.00
