  1   1 0.69
  1   2 0.49
  1   3 0.56
  1   4 0.38
  1   5 0.62
  1   6 0.66
  1   7 0.46
  1   8 0.65
  1   9 0.55
  1  10 0.61
  1  11 0.54
  1  12 0.58
  1  13 0.61
  1  14 0.64
  1  15 0.62
  1  16 0.70
  1  17 0.65
  1  18 0.67
  1  19 0.66
  1  20 0.66
  1  21 0.61
  1  22 0.29
  2   1 0.50
  2   2 0.44
  2   3 0.39
  2   4 0.30
  2   5 0.54
  2   6 0.50
  2   7 0.36
  2   8 0.43
  2   9 0.41
  2  10 0.46
  2  11 0.49
  2  12 0.41
  2  13 0.51
  2  14 0.52
  2  15 0.55
  2  16 0.51
  2  17 0.46
  2  18 0.51
  2  19 0.48
  2  20 0.60
  2  21 0.41
  2  22 0.29
  3   1 0.59
  3   2 0.47
  3   3 0.56
  3   4 0.33
  3   5 0.69
  3   6 0.63
  3   7 0.30
  3   8 0.46
  3   9 0.56
  3  10 0.61
  3  11 0.62
  3  12 0.57
  3  13 0.62
  3  14 0.66
  3  15 0.60
  3  16 0.64
  3  17 0.66
  3  18 0.67
  3  19 0.58
  3  20 0.73
  3  21 0.46
  3  22 0.27
  4   1 0.71
  4   2 0.50
  4   3 0.53
  4   4 0.48
  4   5 0.62
  4   6 0.68
  4   7 0.35
  4   8 0.58
  4   9 0.53
  4  10 0.57
  4  11 0.61
  4  12 0.69
  4  13 0.49
  4  14 0.64
  4  15 0.61
  4  16 0.61
  4  17 0.74
  4  18 0.63
  4  19 0.63
  4  20 0.64
  4  21 0.68
  4  22 0.21
  5   1 0.65
  5   2 0.60
  5   3 0.71
  5   4 0.41
  5   5 0.81
  5   6 0.42
  5   7 0.25
  5   8 0.34
  5   9 0.70
  5  10 0.81
  5  11 0.64
  5  12 0.73
  5  13 0.60
  5  14 0.67
  5  15 0.51
  5  16 0.58
  5  17 0.56
  5  18 0.46
  5  19 0.42
  5  20 0.68
  5  21 0.43
  5  22 0.23
  6   1 0.66
  6   2 0.39
  6   3 0.46
  6   4 0.36
  6   5 0.55
  6   6 0.64
  6   7 0.47
  6   8 0.71
  6   9 0.46
  6  10 0.51
  6  11 0.50
  6  12 0.55
  6  13 0.47
  6  14 0.56
  6  15 0.57
  6  16 0.66
  6  17 0.65
  6  18 0.65
  6  19 0.67
  6  20 0.55
  6  21 0.62
  6  22 0.20
  7   1 0.61
  7   2 0.43
  7   3 0.52
  7   4 0.35
  7   5 0.62
  7   6 0.67
  7   7 0.53
  7   8 0.60
  7   9 0.49
  7  10 0.56
  7  11 0.55
  7  12 0.53
  7  13 0.62
  7  14 0.63
  7  15 0.68
  7  16 0.66
  7  17 0.60
  7  18 0.74
  7  19 0.67
  7  20 0.71
  7  21 0.55
  7  22 0.29
  8   1 0.62
  8   2 0.52
  8   3 0.43
  8   4 0.38
  8   5 0.55
  8   6 0.55
  8   7 0.32
  8   8 0.43
  8   9 0.50
  8  10 0.46
  8  11 0.55
  8  12 0.59
  8  13 0.53
  8  14 0.63
  8  15 0.51
  8  16 0.50
  8  17 0.62
  8  18 0.49
  8  19 0.50
  8  20 0.67
  8  21 0.46
  8  22 0.18
  9   1 0.68
  9   2 0.46
  9   3 0.60
  9   4 0.53
  9   5 0.68
  9   6 0.64
  9   7 0.24
  9   8 0.43
  9   9 0.55
  9  10 0.63
  9  11 0.53
  9  12 0.67
  9  13 0.48
  9  14 0.61
  9  15 0.51
  9  16 0.54
  9  17 0.60
  9  18 0.54
  9  19 0.50
  9  20 0.59
  9  21 0.55
  9  22 0.22
 10   1 0.63
 10   2 0.52
 10   3 0.59
 10   4 0.36
 10   5 0.65
 10   6 0.58
 10   7 0.30
 10   8 0.45
 10   9 0.65
 10  10 0.66
 10  11 0.59
 10  12 0.63
 10  13 0.58
 10  14 0.63
 10  15 0.59
 10  16 0.60
 10  17 0.70
 10  18 0.57
 10  19 0.55
 10  20 0.64
 10  21 0.49
 10  22 0.28
 11   1 0.68
 11   2 0.39
 11   3 0.47
 11   4 0.43
 11   5 0.52
 11   6 0.81
 11   7 0.44
 11   8 0.71
 11   9 0.48
 11  10 0.47
 11  11 0.49
 11  12 0.62
 11  13 0.49
 11  14 0.54
 11  15 0.54
 11  16 0.59
 11  17 0.66
 11  18 0.67
 11  19 0.72
 11  20 0.61
 11  21 0.70
 11  22 0.18
 12   1 0.59
 12   2 0.32
 12   3 0.38
 12   4 0.29
 12   5 0.43
 12   6 0.77
 12   7 0.32
 12   8 0.53
 12   9 0.37
 12  10 0.40
 12  11 0.41
 12  12 0.40
 12  13 0.42
 12  14 0.48
 12  15 0.51
 12  16 0.51
 12  17 0.59
 12  18 0.63
 12  19 0.66
 12  20 0.52
 12  21 0.51
 12  22 0.17
 13   1 0.74
 13   2 0.63
 13   3 0.61
 13   4 0.47
 13   5 0.67
 13   6 0.59
 13   7 0.46
 13   8 0.60
 13   9 0.62
 13  10 0.63
 13  11 0.64
 13  12 0.71
 13  13 0.64
 13  14 0.74
 13  15 0.65
 13  16 0.66
 13  17 0.65
 13  18 0.65
 13  19 0.61
 13  20 0.73
 13  21 0.61
 13  22 0.28
 14   1 0.59
 14   2 0.43
 14   3 0.50
 14   4 0.33
 14   5 0.76
 14   6 0.55
 14   7 0.34
 14   8 0.38
 14   9 0.51
 14  10 0.63
 14  11 0.59
 14  12 0.59
 14  13 0.52
 14  14 0.57
 14  15 0.57
 14  16 0.53
 14  17 0.59
 14  18 0.58
 14  19 0.47
 14  20 0.70
 14  21 0.44
 14  22 0.21
 15   1 0.73
 15   2 0.45
 15   3 0.49
 15   4 0.63
 15   5 0.57
 15   6 0.66
 15   7 0.24
 15   8 0.41
 15   9 0.50
 15  10 0.48
 15  11 0.49
 15  12 0.66
 15  13 0.41
 15  14 0.58
 15  15 0.50
 15  16 0.48
 15  17 0.64
 15  18 0.55
 15  19 0.51
 15  20 0.60
 15  21 0.54
 15  22 0.15
 16   1 0.67
 16   2 0.44
 16   3 0.45
 16   4 0.30
 16   5 0.54
 16   6 0.70
 16   7 0.51
 16   8 0.66
 16   9 0.46
 16  10 0.52
 16  11 0.52
 16  12 0.52
 16  13 0.52
 16  14 0.61
 16  15 0.63
 16  16 0.63
 16  17 0.68
 16  18 0.68
 16  19 0.70
 16  20 0.67
 16  21 0.55
 16  22 0.22
 17   1 0.68
 17   2 0.48
 17   3 0.48
 17   4 0.62
 17   5 0.65
 17   6 0.55
 17   7 0.31
 17   8 0.45
 17   9 0.49
 17  10 0.63
 17  11 0.55
 17  12 0.74
 17  13 0.49
 17  14 0.64
 17  15 0.62
 17  16 0.59
 17  17 0.70
 17  18 0.61
 17  19 0.51
 17  20 0.60
 17  21 0.64
 17  22 0.27
 18   1 0.72
 18   2 0.53
 18   3 0.62
 18   4 0.41
 18   5 0.63
 18   6 0.65
 18   7 0.37
 18   8 0.55
 18   9 0.61
 18  10 0.64
 18  11 0.56
 18  12 0.68
 18  13 0.59
 18  14 0.66
 18  15 0.57
 18  16 0.66
 18  17 0.61
 18  18 0.62
 18  19 0.63
 18  20 0.60
 18  21 0.58
 18  22 0.24
 19   1 0.73
 19   2 0.60
 19   3 0.54
 19   4 0.38
 19   5 0.61
 19   6 0.60
 19   7 0.41
 19   8 0.49
 19   9 0.56
 19  10 0.52
 19  11 0.54
 19  12 0.62
 19  13 0.55
 19  14 0.65
 19  15 0.55
 19  16 0.57
 19  17 0.59
 19  18 0.55
 19  19 0.54
 19  20 0.71
 19  21 0.50
 19  22 0.22
 20   1 0.52
 20   2 0.56
 20   3 0.61
 20   4 0.26
 20   5 0.65
 20   6 0.34
 20   7 0.17
 20   8 0.25
 20   9 0.65
 20  10 0.59
 20  11 0.60
 20  12 0.59
 20  13 0.52
 20  14 0.59
 20  15 0.40
 20  16 0.46
 20  17 0.49
 20  18 0.35
 20  19 0.32
 20  20 0.56
 20  21 0.34
 20  22 0.21
 21   1 0.74
 21   2 0.48
 21   3 0.49
 21   4 0.69
 21   5 0.65
 21   6 0.62
 21   7 0.28
 21   8 0.44
 21   9 0.54
 21  10 0.56
 21  11 0.64
 21  12 0.71
 21  13 0.46
 21  14 0.64
 21  15 0.57
 21  16 0.53
 21  17 0.70
 21  18 0.62
 21  19 0.50
 21  20 0.62
 21  21 0.59
 21  22 0.20
 22   1 0.70
 22   2 0.51
 22   3 0.54
 22   4 0.48
 22   5 0.76
 22   6 0.67
 22   7 0.45
 22   8 0.57
 22   9 0.54
 22  10 0.66
 22  11 0.68
 22  12 0.68
 22  13 0.59
 22  14 0.67
 22  15 0.69
 22  16 0.64
 22  17 0.71
 22  18 0.68
 22  19 0.63
 22  20 0.74
 22  21 0.59
 22  22 0.25
