  1   1 0.47
  1   2 0.64
  1   3 0.36
  1   4 0.16
  1   5 0.52
  1   6 0.54
  1   7 0.57
  1   8 0.38
  1   9 0.47
  1  10 0.63
  1  11 0.51
  1  12 0.43
  1  13 0.59
  1  14 0.56
  1  15 0.56
  1  16 0.54
  1  17 0.65
  1  18 0.34
  1  19 0.55
  1  20 0.45
  1  21 0.42
  1  22 0.49
  2   1 0.51
  2   2 0.60
  2   3 0.35
  2   4 0.18
  2   5 0.55
  2   6 0.47
  2   7 0.45
  2   8 0.28
  2   9 0.66
  2  10 0.48
  2  11 0.61
  2  12 0.42
  2  13 0.43
  2  14 0.41
  2  15 0.50
  2  16 0.53
  2  17 0.40
  2  18 0.41
  2  19 0.49
  2  20 0.50
  2  21 0.64
  2  22 0.47
  3   1 0.50
  3   2 0.50
  3   3 0.43
  3   4 0.12
  3   5 0.48
  3   6 0.49
  3   7 0.52
  3   8 0.35
  3   9 0.45
  3  10 0.38
  3  11 0.60
  3  12 0.37
  3  13 0.32
  3  14 0.48
  3  15 0.43
  3  16 0.52
  3  17 0.57
  3  18 0.33
  3  19 0.61
  3  20 0.36
  3  21 0.39
  3  22 0.52
  4   1 0.28
  4   2 0.36
  4   3 0.17
  4   4 0.18
  4   5 0.27
  4   6 0.30
  4   7 0.13
  4   8 0.23
  4   9 0.26
  4  10 0.37
  4  11 0.26
  4  12 0.34
  4  13 0.18
  4  14 0.15
  4  15 0.33
  4  16 0.33
  4  17 0.22
  4  18 0.33
  4  19 0.23
  4  20 0.27
  4  21 0.41
  4  22 0.31
  5   1 0.50
  5   2 0.53
  5   3 0.47
  5   4 0.19
  5   5 0.63
  5   6 0.45
  5   7 0.64
  5   8 0.38
  5   9 0.50
  5  10 0.43
  5  11 0.56
  5  12 0.37
  5  13 0.44
  5  14 0.60
  5  15 0.58
  5  16 0.60
  5  17 0.60
  5  18 0.35
  5  19 0.57
  5  20 0.44
  5  21 0.45
  5  22 0.52
  6   1 0.53
  6   2 0.57
  6   3 0.43
  6   4 0.18
  6   5 0.62
  6   6 0.46
  6   7 0.59
  6   8 0.35
  6   9 0.60
  6  10 0.49
  6  11 0.60
  6  12 0.43
  6  13 0.41
  6  14 0.56
  6  15 0.59
  6  16 0.62
  6  17 0.61
  6  18 0.33
  6  19 0.60
  6  20 0.40
  6  21 0.41
  6  22 0.51
  7   1 0.28
  7   2 0.41
  7   3 0.28
  7   4 0.12
  7   5 0.47
  7   6 0.40
  7   7 0.37
  7   8 0.28
  7   9 0.32
  7  10 0.41
  7  11 0.35
  7  12 0.27
  7  13 0.44
  7  14 0.33
  7  15 0.39
  7  16 0.38
  7  17 0.35
  7  18 0.38
  7  19 0.31
  7  20 0.55
  7  21 0.43
  7  22 0.34
  8   1 0.57
  8   2 0.64
  8   3 0.28
  8   4 0.18
  8   5 0.52
  8   6 0.50
  8   7 0.43
  8   8 0.36
  8   9 0.64
  8  10 0.54
  8  11 0.57
  8  12 0.50
  8  13 0.48
  8  14 0.44
  8  15 0.56
  8  16 0.57
  8  17 0.48
  8  18 0.42
  8  19 0.53
  8  20 0.55
  8  21 0.59
  8  22 0.57
  9   1 0.44
  9   2 0.57
  9   3 0.30
  9   4 0.20
  9   5 0.41
  9   6 0.46
  9   7 0.44
  9   8 0.39
  9   9 0.41
  9  10 0.50
  9  11 0.38
  9  12 0.44
  9  13 0.60
  9  14 0.42
  9  15 0.43
  9  16 0.49
  9  17 0.38
  9  18 0.47
  9  19 0.38
  9  20 0.59
  9  21 0.50
  9  22 0.47
 10   1 0.62
 10   2 0.61
 10   3 0.30
 10   4 0.15
 10   5 0.46
 10   6 0.48
 10   7 0.34
 10   8 0.26
 10   9 0.52
 10  10 0.50
 10  11 0.57
 10  12 0.51
 10  13 0.34
 10  14 0.48
 10  15 0.48
 10  16 0.48
 10  17 0.46
 10  18 0.30
 10  19 0.51
 10  20 0.36
 10  21 0.43
 10  22 0.57
 11   1 0.44
 11   2 0.59
 11   3 0.36
 11   4 0.19
 11   5 0.49
 11   6 0.55
 11   7 0.47
 11   8 0.50
 11   9 0.41
 11  10 0.50
 11  11 0.46
 11  12 0.43
 11  13 0.49
 11  14 0.52
 11  15 0.45
 11  16 0.55
 11  17 0.48
 11  18 0.50
 11  19 0.51
 11  20 0.52
 11  21 0.54
 11  22 0.51
 12   1 0.39
 12   2 0.42
 12   3 0.30
 12   4 0.15
 12   5 0.42
 12   6 0.35
 12   7 0.36
 12   8 0.28
 12   9 0.49
 12  10 0.35
 12  11 0.55
 12  12 0.43
 12  13 0.30
 12  14 0.44
 12  15 0.42
 12  16 0.45
 12  17 0.35
 12  18 0.29
 12  19 0.47
 12  20 0.29
 12  21 0.34
 12  22 0.48
 13   1 0.30
 13   2 0.44
 13   3 0.33
 13   4 0.18
 13   5 0.52
 13   6 0.35
 13   7 0.43
 13   8 0.31
 13   9 0.41
 13  10 0.45
 13  11 0.40
 13  12 0.33
 13  13 0.38
 13  14 0.44
 13  15 0.31
 13  16 0.58
 13  17 0.32
 13  18 0.42
 13  19 0.42
 13  20 0.43
 13  21 0.45
 13  22 0.39
 14   1 0.57
 14   2 0.63
 14   3 0.35
 14   4 0.15
 14   5 0.52
 14   6 0.48
 14   7 0.50
 14   8 0.27
 14   9 0.52
 14  10 0.50
 14  11 0.66
 14  12 0.40
 14  13 0.42
 14  14 0.52
 14  15 0.49
 14  16 0.57
 14  17 0.49
 14  18 0.32
 14  19 0.58
 14  20 0.42
 14  21 0.40
 14  22 0.55
 15   1 0.38
 15   2 0.47
 15   3 0.25
 15   4 0.15
 15   5 0.42
 15   6 0.35
 15   7 0.39
 15   8 0.28
 15   9 0.53
 15  10 0.36
 15  11 0.48
 15  12 0.38
 15  13 0.34
 15  14 0.36
 15  15 0.34
 15  16 0.50
 15  17 0.33
 15  18 0.33
 15  19 0.48
 15  20 0.42
 15  21 0.36
 15  22 0.44
 16   1 0.36
 16   2 0.48
 16   3 0.23
 16   4 0.22
 16   5 0.42
 16   6 0.50
 16   7 0.37
 16   8 0.35
 16   9 0.40
 16  10 0.54
 16  11 0.35
 16  12 0.41
 16  13 0.53
 16  14 0.38
 16  15 0.44
 16  16 0.53
 16  17 0.45
 16  18 0.46
 16  19 0.35
 16  20 0.56
 16  21 0.55
 16  22 0.43
 17   1 0.51
 17   2 0.56
 17   3 0.30
 17   4 0.21
 17   5 0.45
 17   6 0.45
 17   7 0.33
 17   8 0.29
 17   9 0.53
 17  10 0.51
 17  11 0.53
 17  12 0.56
 17  13 0.30
 17  14 0.42
 17  15 0.48
 17  16 0.53
 17  17 0.38
 17  18 0.36
 17  19 0.48
 17  20 0.35
 17  21 0.44
 17  22 0.55
 18   1 0.32
 18   2 0.48
 18   3 0.34
 18   4 0.17
 18   5 0.45
 18   6 0.39
 18   7 0.44
 18   8 0.35
 18   9 0.39
 18  10 0.46
 18  11 0.38
 18  12 0.35
 18  13 0.49
 18  14 0.48
 18  15 0.33
 18  16 0.50
 18  17 0.39
 18  18 0.42
 18  19 0.42
 18  20 0.42
 18  21 0.44
 18  22 0.42
 19   1 0.56
 19   2 0.65
 19   3 0.41
 19   4 0.19
 19   5 0.48
 19   6 0.57
 19   7 0.48
 19   8 0.46
 19   9 0.55
 19  10 0.53
 19  11 0.63
 19  12 0.55
 19  13 0.44
 19  14 0.55
 19  15 0.60
 19  16 0.62
 19  17 0.58
 19  18 0.38
 19  19 0.59
 19  20 0.42
 19  21 0.43
 19  22 0.64
 20   1 0.29
 20   2 0.36
 20   3 0.26
 20   4 0.12
 20   5 0.42
 20   6 0.27
 20   7 0.45
 20   8 0.23
 20   9 0.49
 20  10 0.34
 20  11 0.45
 20  12 0.25
 20  13 0.31
 20  14 0.40
 20  15 0.36
 20  16 0.52
 20  17 0.29
 20  18 0.24
 20  19 0.40
 20  20 0.32
 20  21 0.34
 20  22 0.34
 21   1 0.51
 21   2 0.53
 21   3 0.34
 21   4 0.16
 21   5 0.55
 21   6 0.48
 21   7 0.47
 21   8 0.31
 21   9 0.45
 21  10 0.52
 21  11 0.55
 21  12 0.50
 21  13 0.44
 21  14 0.50
 21  15 0.57
 21  16 0.46
 21  17 0.50
 21  18 0.35
 21  19 0.56
 21  20 0.45
 21  21 0.44
 21  22 0.56
 22   1 0.54
 22   2 0.54
 22   3 0.50
 22   4 0.18
 22   5 0.64
 22   6 0.49
 22   7 0.65
 22   8 0.35
 22   9 0.56
 22  10 0.47
 22  11 0.63
 22  12 0.43
 22  13 0.39
 22  14 0.68
 22  15 0.53
 22  16 0.61
 22  17 0.65
 22  18 0.31
 22  19 0.65
 22  20 0.40
 22  21 0.42
 22  22 0.54
