  1   1 0.62
  1   2 0.39
  1   3 0.59
  1   4 0.69
  1   5 0.67
  1   6 0.54
  1   7 0.46
  1   8 0.54
  1   9 0.61
  1  10 0.51
  1  11 0.59
  1  12 0.47
  1  13 0.56
  1  14 0.35
  1  15 0.57
  1  16 0.52
  1  17 0.59
  1  18 0.51
  1  19 0.66
  1  20 0.62
  1  21 0.50
  1  22 0.39
  2   1 0.70
  2   2 0.54
  2   3 0.53
  2   4 0.54
  2   5 0.53
  2   6 0.51
  2   7 0.46
  2   8 0.71
  2   9 0.60
  2  10 0.55
  2  11 0.65
  2  12 0.48
  2  13 0.60
  2  14 0.40
  2  15 0.69
  2  16 0.58
  2  17 0.65
  2  18 0.73
  2  19 0.68
  2  20 0.62
  2  21 0.57
  2  22 0.45
  3   1 0.60
  3   2 0.36
  3   3 0.45
  3   4 0.62
  3   5 0.59
  3   6 0.44
  3   7 0.40
  3   8 0.47
  3   9 0.64
  3  10 0.43
  3  11 0.51
  3  12 0.38
  3  13 0.47
  3  14 0.33
  3  15 0.51
  3  16 0.51
  3  17 0.59
  3  18 0.43
  3  19 0.53
  3  20 0.56
  3  21 0.41
  3  22 0.36
  4   1 0.67
  4   2 0.50
  4   3 0.47
  4   4 0.58
  4   5 0.52
  4   6 0.55
  4   7 0.39
  4   8 0.60
  4   9 0.67
  4  10 0.55
  4  11 0.58
  4  12 0.47
  4  13 0.56
  4  14 0.31
  4  15 0.66
  4  16 0.69
  4  17 0.65
  4  18 0.52
  4  19 0.54
  4  20 0.50
  4  21 0.59
  4  22 0.35
  5   1 0.68
  5   2 0.59
  5   3 0.62
  5   4 0.52
  5   5 0.67
  5   6 0.62
  5   7 0.57
  5   8 0.78
  5   9 0.52
  5  10 0.65
  5  11 0.65
  5  12 0.57
  5  13 0.70
  5  14 0.54
  5  15 0.68
  5  16 0.57
  5  17 0.66
  5  18 0.76
  5  19 0.77
  5  20 0.63
  5  21 0.63
  5  22 0.56
  6   1 0.63
  6   2 0.66
  6   3 0.60
  6   4 0.40
  6   5 0.54
  6   6 0.61
  6   7 0.58
  6   8 0.69
  6   9 0.46
  6  10 0.69
  6  11 0.61
  6  12 0.57
  6  13 0.76
  6  14 0.46
  6  15 0.70
  6  16 0.50
  6  17 0.60
  6  18 0.72
  6  19 0.69
  6  20 0.46
  6  21 0.62
  6  22 0.48
  7   1 0.73
  7   2 0.61
  7   3 0.57
  7   4 0.57
  7   5 0.63
  7   6 0.55
  7   7 0.51
  7   8 0.72
  7   9 0.69
  7  10 0.63
  7  11 0.66
  7  12 0.46
  7  13 0.66
  7  14 0.57
  7  15 0.72
  7  16 0.66
  7  17 0.75
  7  18 0.69
  7  19 0.72
  7  20 0.64
  7  21 0.63
  7  22 0.48
  8   1 0.69
  8   2 0.57
  8   3 0.49
  8   4 0.46
  8   5 0.51
  8   6 0.68
  8   7 0.44
  8   8 0.65
  8   9 0.45
  8  10 0.61
  8  11 0.56
  8  12 0.61
  8  13 0.62
  8  14 0.28
  8  15 0.69
  8  16 0.52
  8  17 0.53
  8  18 0.59
  8  19 0.63
  8  20 0.42
  8  21 0.66
  8  22 0.41
  9   1 0.49
  9   2 0.45
  9   3 0.65
  9   4 0.41
  9   5 0.66
  9   6 0.42
  9   7 0.44
  9   8 0.61
  9   9 0.44
  9  10 0.45
  9  11 0.58
  9  12 0.34
  9  13 0.56
  9  14 0.42
  9  15 0.51
  9  16 0.43
  9  17 0.52
  9  18 0.54
  9  19 0.62
  9  20 0.50
  9  21 0.46
  9  22 0.38
 10   1 0.63
 10   2 0.46
 10   3 0.47
 10   4 0.41
 10   5 0.50
 10   6 0.53
 10   7 0.42
 10   8 0.61
 10   9 0.49
 10  10 0.53
 10  11 0.56
 10  12 0.48
 10  13 0.59
 10  14 0.28
 10  15 0.60
 10  16 0.52
 10  17 0.51
 10  18 0.55
 10  19 0.59
 10  20 0.49
 10  21 0.55
 10  22 0.37
 11   1 0.67
 11   2 0.57
 11   3 0.59
 11   4 0.54
 11   5 0.61
 11   6 0.63
 11   7 0.49
 11   8 0.76
 11   9 0.55
 11  10 0.61
 11  11 0.64
 11  12 0.54
 11  13 0.66
 11  14 0.39
 11  15 0.71
 11  16 0.62
 11  17 0.65
 11  18 0.70
 11  19 0.75
 11  20 0.62
 11  21 0.69
 11  22 0.47
 12   1 0.58
 12   2 0.67
 12   3 0.44
 12   4 0.40
 12   5 0.47
 12   6 0.63
 12   7 0.39
 12   8 0.62
 12   9 0.46
 12  10 0.56
 12  11 0.56
 12  12 0.57
 12  13 0.63
 12  14 0.33
 12  15 0.58
 12  16 0.46
 12  17 0.47
 12  18 0.63
 12  19 0.49
 12  20 0.38
 12  21 0.64
 12  22 0.45
 13   1 0.44
 13   2 0.29
 13   3 0.35
 13   4 0.38
 13   5 0.32
 13   6 0.41
 13   7 0.23
 13   8 0.35
 13   9 0.33
 13  10 0.40
 13  11 0.46
 13  12 0.34
 13  13 0.34
 13  14 0.20
 13  15 0.46
 13  16 0.42
 13  17 0.46
 13  18 0.38
 13  19 0.40
 13  20 0.28
 13  21 0.43
 13  22 0.17
 14   1 0.56
 14   2 0.51
 14   3 0.66
 14   4 0.48
 14   5 0.69
 14   6 0.44
 14   7 0.56
 14   8 0.64
 14   9 0.52
 14  10 0.53
 14  11 0.59
 14  12 0.40
 14  13 0.67
 14  14 0.47
 14  15 0.57
 14  16 0.46
 14  17 0.57
 14  18 0.60
 14  19 0.64
 14  20 0.58
 14  21 0.49
 14  22 0.48
 15   1 0.68
 15   2 0.68
 15   3 0.57
 15   4 0.43
 15   5 0.56
 15   6 0.68
 15   7 0.53
 15   8 0.72
 15   9 0.54
 15  10 0.77
 15  11 0.65
 15  12 0.56
 15  13 0.75
 15  14 0.45
 15  15 0.71
 15  16 0.58
 15  17 0.62
 15  18 0.72
 15  19 0.66
 15  20 0.48
 15  21 0.67
 15  22 0.47
 16   1 0.73
 16   2 0.65
 16   3 0.53
 16   4 0.52
 16   5 0.51
 16   6 0.68
 16   7 0.43
 16   8 0.67
 16   9 0.58
 16  10 0.68
 16  11 0.64
 16  12 0.57
 16  13 0.64
 16  14 0.45
 16  15 0.80
 16  16 0.62
 16  17 0.66
 16  18 0.73
 16  19 0.65
 16  20 0.48
 16  21 0.68
 16  22 0.38
 17   1 0.63
 17   2 0.59
 17   3 0.46
 17   4 0.47
 17   5 0.50
 17   6 0.66
 17   7 0.42
 17   8 0.61
 17   9 0.47
 17  10 0.63
 17  11 0.59
 17  12 0.67
 17  13 0.59
 17  14 0.39
 17  15 0.69
 17  16 0.52
 17  17 0.60
 17  18 0.67
 17  19 0.61
 17  20 0.43
 17  21 0.66
 17  22 0.38
 18   1 0.61
 18   2 0.52
 18   3 0.64
 18   4 0.50
 18   5 0.63
 18   6 0.59
 18   7 0.54
 18   8 0.65
 18   9 0.50
 18  10 0.60
 18  11 0.67
 18  12 0.54
 18  13 0.69
 18  14 0.41
 18  15 0.62
 18  16 0.58
 18  17 0.63
 18  18 0.67
 18  19 0.72
 18  20 0.54
 18  21 0.62
 18  22 0.42
 19   1 0.66
 19   2 0.72
 19   3 0.51
 19   4 0.47
 19   5 0.51
 19   6 0.59
 19   7 0.49
 19   8 0.76
 19   9 0.54
 19  10 0.62
 19  11 0.57
 19  12 0.56
 19  13 0.69
 19  14 0.45
 19  15 0.70
 19  16 0.53
 19  17 0.58
 19  18 0.72
 19  19 0.65
 19  20 0.51
 19  21 0.62
 19  22 0.52
 20   1 0.60
 20   2 0.56
 20   3 0.55
 20   4 0.42
 20   5 0.57
 20   6 0.42
 20   7 0.57
 20   8 0.68
 20   9 0.51
 20  10 0.54
 20  11 0.53
 20  12 0.44
 20  13 0.65
 20  14 0.50
 20  15 0.59
 20  16 0.52
 20  17 0.59
 20  18 0.68
 20  19 0.64
 20  20 0.56
 20  21 0.50
 20  22 0.57
 21   1 0.70
 21   2 0.53
 21   3 0.41
 21   4 0.44
 21   5 0.44
 21   6 0.43
 21   7 0.32
 21   8 0.56
 21   9 0.67
 21  10 0.53
 21  11 0.61
 21  12 0.34
 21  13 0.53
 21  14 0.46
 21  15 0.67
 21  16 0.67
 21  17 0.70
 21  18 0.60
 21  19 0.49
 21  20 0.50
 21  21 0.50
 21  22 0.33
 22   1 0.73
 22   2 0.60
 22   3 0.57
 22   4 0.61
 22   5 0.57
 22   6 0.59
 22   7 0.48
 22   8 0.76
 22   9 0.61
 22  10 0.57
 22  11 0.65
 22  12 0.50
 22  13 0.63
 22  14 0.39
 22  15 0.72
 22  16 0.68
 22  17 0.66
 22  18 0.65
 22  19 0.70
 22  20 0.63
 22  21 0.64
 22  22 0.47
