  1   1 0.50
  1   2 0.36
  1   3 0.36
  1   4 0.28
  1   5 0.44
  1   6 0.50
  1   7 0.27
  1   8 0.47
  1   9 0.47
  1  10 0.61
  1  11 0.54
  1  12 0.49
  1  13 0.61
  1  14 0.53
  1  15 0.48
  1  16 0.74
  1  17 0.47
  1  18 0.53
  1  19 0.59
  1  20 0.56
  1  21 0.47
  1  22 0.51
  2   1 0.65
  2   2 0.47
  2   3 0.41
  2   4 0.42
  2   5 0.56
  2   6 0.62
  2   7 0.35
  2   8 0.58
  2   9 0.46
  2  10 0.58
  2  11 0.53
  2  12 0.53
  2  13 0.58
  2  14 0.59
  2  15 0.62
  2  16 0.61
  2  17 0.49
  2  18 0.55
  2  19 0.59
  2  20 0.48
  2  21 0.55
  2  22 0.48
  3   1 0.71
  3   2 0.49
  3   3 0.53
  3   4 0.55
  3   5 0.69
  3   6 0.59
  3   7 0.41
  3   8 0.56
  3   9 0.58
  3  10 0.64
  3  11 0.59
  3  12 0.58
  3  13 0.56
  3  14 0.70
  3  15 0.61
  3  16 0.70
  3  17 0.45
  3  18 0.57
  3  19 0.68
  3  20 0.53
  3  21 0.58
  3  22 0.51
  4   1 0.39
  4   2 0.34
  4   3 0.27
  4   4 0.17
  4   5 0.46
  4   6 0.43
  4   7 0.20
  4   8 0.35
  4   9 0.54
  4  10 0.52
  4  11 0.53
  4  12 0.39
  4  13 0.56
  4  14 0.45
  4  15 0.42
  4  16 0.49
  4  17 0.44
  4  18 0.36
  4  19 0.45
  4  20 0.56
  4  21 0.35
  4  22 0.39
  5   1 0.61
  5   2 0.37
  5   3 0.56
  5   4 0.40
  5   5 0.61
  5   6 0.49
  5   7 0.30
  5   8 0.42
  5   9 0.45
  5  10 0.63
  5  11 0.57
  5  12 0.51
  5  13 0.49
  5  14 0.54
  5  15 0.47
  5  16 0.61
  5  17 0.43
  5  18 0.48
  5  19 0.69
  5  20 0.42
  5  21 0.52
  5  22 0.41
  6   1 0.50
  6   2 0.38
  6   3 0.32
  6   4 0.37
  6   5 0.50
  6   6 0.52
  6   7 0.30
  6   8 0.47
  6   9 0.49
  6  10 0.56
  6  11 0.51
  6  12 0.50
  6  13 0.64
  6  14 0.53
  6  15 0.51
  6  16 0.57
  6  17 0.50
  6  18 0.46
  6  19 0.54
  6  20 0.53
  6  21 0.44
  6  22 0.42
  7   1 0.65
  7   2 0.48
  7   3 0.49
  7   4 0.43
  7   5 0.62
  7   6 0.66
  7   7 0.40
  7   8 0.61
  7   9 0.51
  7  10 0.69
  7  11 0.62
  7  12 0.63
  7  13 0.65
  7  14 0.63
  7  15 0.62
  7  16 0.66
  7  17 0.57
  7  18 0.61
  7  19 0.64
  7  20 0.61
  7  21 0.66
  7  22 0.59
  8   1 0.68
  8   2 0.53
  8   3 0.48
  8   4 0.53
  8   5 0.64
  8   6 0.73
  8   7 0.49
  8   8 0.67
  8   9 0.51
  8  10 0.68
  8  11 0.64
  8  12 0.66
  8  13 0.59
  8  14 0.65
  8  15 0.64
  8  16 0.67
  8  17 0.61
  8  18 0.59
  8  19 0.65
  8  20 0.49
  8  21 0.61
  8  22 0.50
  9   1 0.68
  9   2 0.48
  9   3 0.49
  9   4 0.46
  9   5 0.66
  9   6 0.66
  9   7 0.37
  9   8 0.58
  9   9 0.53
  9  10 0.68
  9  11 0.63
  9  12 0.57
  9  13 0.53
  9  14 0.64
  9  15 0.64
  9  16 0.67
  9  17 0.49
  9  18 0.57
  9  19 0.66
  9  20 0.50
  9  21 0.57
  9  22 0.49
 10   1 0.70
 10   2 0.48
 10   3 0.45
 10   4 0.52
 10   5 0.64
 10   6 0.66
 10   7 0.43
 10   8 0.55
 10   9 0.52
 10  10 0.62
 10  11 0.58
 10  12 0.58
 10  13 0.54
 10  14 0.68
 10  15 0.62
 10  16 0.62
 10  17 0.47
 10  18 0.56
 10  19 0.63
 10  20 0.47
 10  21 0.56
 10  22 0.43
 11   1 0.61
 11   2 0.46
 11   3 0.48
 11   4 0.45
 11   5 0.56
 11   6 0.68
 11   7 0.46
 11   8 0.61
 11   9 0.50
 11  10 0.62
 11  11 0.64
 11  12 0.68
 11  13 0.65
 11  14 0.61
 11  15 0.56
 11  16 0.62
 11  17 0.64
 11  18 0.61
 11  19 0.62
 11  20 0.56
 11  21 0.64
 11  22 0.52
 12   1 0.60
 12   2 0.51
 12   3 0.41
 12   4 0.40
 12   5 0.53
 12   6 0.73
 12   7 0.46
 12   8 0.65
 12   9 0.54
 12  10 0.64
 12  11 0.62
 12  12 0.70
 12  13 0.66
 12  14 0.62
 12  15 0.62
 12  16 0.65
 12  17 0.66
 12  18 0.64
 12  19 0.60
 12  20 0.61
 12  21 0.61
 12  22 0.56
 13   1 0.49
 13   2 0.43
 13   3 0.37
 13   4 0.40
 13   5 0.53
 13   6 0.65
 13   7 0.38
 13   8 0.59
 13   9 0.43
 13  10 0.64
 13  11 0.64
 13  12 0.60
 13  13 0.61
 13  14 0.58
 13  15 0.60
 13  16 0.59
 13  17 0.61
 13  18 0.56
 13  19 0.55
 13  20 0.52
 13  21 0.52
 13  22 0.48
 14   1 0.72
 14   2 0.49
 14   3 0.54
 14   4 0.50
 14   5 0.65
 14   6 0.57
 14   7 0.35
 14   8 0.58
 14   9 0.58
 14  10 0.58
 14  11 0.56
 14  12 0.56
 14  13 0.54
 14  14 0.63
 14  15 0.64
 14  16 0.67
 14  17 0.41
 14  18 0.55
 14  19 0.67
 14  20 0.49
 14  21 0.57
 14  22 0.46
 15   1 0.66
 15   2 0.53
 15   3 0.41
 15   4 0.52
 15   5 0.63
 15   6 0.73
 15   7 0.55
 15   8 0.69
 15   9 0.46
 15  10 0.55
 15  11 0.64
 15  12 0.58
 15  13 0.47
 15  14 0.64
 15  15 0.63
 15  16 0.54
 15  17 0.58
 15  18 0.61
 15  19 0.56
 15  20 0.43
 15  21 0.64
 15  22 0.48
 16   1 0.55
 16   2 0.35
 16   3 0.45
 16   4 0.42
 16   5 0.61
 16   6 0.61
 16   7 0.37
 16   8 0.47
 16   9 0.41
 16  10 0.62
 16  11 0.59
 16  12 0.58
 16  13 0.54
 16  14 0.61
 16  15 0.47
 16  16 0.62
 16  17 0.52
 16  18 0.51
 16  19 0.67
 16  20 0.43
 16  21 0.52
 16  22 0.43
 17   1 0.65
 17   2 0.45
 17   3 0.44
 17   4 0.50
 17   5 0.60
 17   6 0.72
 17   7 0.49
 17   8 0.65
 17   9 0.46
 17  10 0.66
 17  11 0.70
 17  12 0.65
 17  13 0.61
 17  14 0.64
 17  15 0.60
 17  16 0.65
 17  17 0.62
 17  18 0.64
 17  19 0.66
 17  20 0.51
 17  21 0.62
 17  22 0.50
 18   1 0.59
 18   2 0.43
 18   3 0.48
 18   4 0.45
 18   5 0.56
 18   6 0.59
 18   7 0.38
 18   8 0.55
 18   9 0.47
 18  10 0.66
 18  11 0.59
 18  12 0.60
 18  13 0.63
 18  14 0.58
 18  15 0.59
 18  16 0.65
 18  17 0.53
 18  18 0.56
 18  19 0.63
 18  20 0.53
 18  21 0.60
 18  22 0.53
 19   1 0.75
 19   2 0.61
 19   3 0.54
 19   4 0.61
 19   5 0.70
 19   6 0.70
 19   7 0.47
 19   8 0.65
 19   9 0.55
 19  10 0.62
 19  11 0.65
 19  12 0.57
 19  13 0.52
 19  14 0.66
 19  15 0.67
 19  16 0.65
 19  17 0.51
 19  18 0.60
 19  19 0.63
 19  20 0.48
 19  21 0.63
 19  22 0.47
 20   1 0.57
 20   2 0.39
 20   3 0.50
 20   4 0.37
 20   5 0.55
 20   6 0.50
 20   7 0.30
 20   8 0.43
 20   9 0.46
 20  10 0.69
 20  11 0.54
 20  12 0.44
 20  13 0.48
 20  14 0.54
 20  15 0.51
 20  16 0.62
 20  17 0.42
 20  18 0.45
 20  19 0.65
 20  20 0.43
 20  21 0.49
 20  22 0.46
 21   1 0.59
 21   2 0.47
 21   3 0.36
 21   4 0.43
 21   5 0.58
 21   6 0.68
 21   7 0.45
 21   8 0.61
 21   9 0.49
 21  10 0.61
 21  11 0.72
 21  12 0.61
 21  13 0.62
 21  14 0.63
 21  15 0.56
 21  16 0.64
 21  17 0.65
 21  18 0.63
 21  19 0.62
 21  20 0.57
 21  21 0.60
 21  22 0.50
 22   1 0.74
 22   2 0.58
 22   3 0.44
 22   4 0.46
 22   5 0.65
 22   6 0.64
 22   7 0.39
 22   8 0.57
 22   9 0.56
 22  10 0.53
 22  11 0.53
 22  12 0.48
 22  13 0.39
 22  14 0.61
 22  15 0.64
 22  16 0.56
 22  17 0.39
 22  18 0.56
 22  19 0.57
 22  20 0.38
 22  21 0.55
 22  22 0.38
