  1   1 0.36
  1   2 0.27
  1   3 0.42
  1   4 0.32
  1   5 0.28
  1   6 0.59
  1   7 0.52
  1   8 0.36
  1   9 0.32
  1  10 0.25
  1  11 0.39
  1  12 0.38
  1  13 0.43
  1  14 0.49
  1  15 0.35
  1  16 0.56
  1  17 0.51
  1  18 0.41
  1  19 0.48
  1  20 0.29
  1  21 0.35
  1  22 0.46
  2   1 0.56
  2   2 0.38
  2   3 0.63
  2   4 0.11
  2   5 0.34
  2   6 0.56
  2   7 0.42
  2   8 0.33
  2   9 0.52
  2  10 0.20
  2  11 0.44
  2  12 0.48
  2  13 0.54
  2  14 0.59
  2  15 0.29
  2  16 0.62
  2  17 0.66
  2  18 0.25
  2  19 0.66
  2  20 0.36
  2  21 0.52
  2  22 0.58
  3   1 0.38
  3   2 0.28
  3   3 0.48
  3   4 0.28
  3   5 0.39
  3   6 0.63
  3   7 0.52
  3   8 0.47
  3   9 0.42
  3  10 0.42
  3  11 0.44
  3  12 0.49
  3  13 0.41
  3  14 0.47
  3  15 0.51
  3  16 0.46
  3  17 0.44
  3  18 0.54
  3  19 0.44
  3  20 0.41
  3  21 0.30
  3  22 0.49
  4   1 0.47
  4   2 0.21
  4   3 0.68
  4   4 0.08
  4   5 0.40
  4   6 0.55
  4   7 0.48
  4   8 0.39
  4   9 0.59
  4  10 0.30
  4  11 0.49
  4  12 0.54
  4  13 0.47
  4  14 0.54
  4  15 0.38
  4  16 0.60
  4  17 0.44
  4  18 0.40
  4  19 0.68
  4  20 0.45
  4  21 0.41
  4  22 0.54
  5   1 0.48
  5   2 0.32
  5   3 0.64
  5   4 0.10
  5   5 0.42
  5   6 0.51
  5   7 0.50
  5   8 0.38
  5   9 0.69
  5  10 0.27
  5  11 0.45
  5  12 0.55
  5  13 0.52
  5  14 0.51
  5  15 0.31
  5  16 0.56
  5  17 0.52
  5  18 0.34
  5  19 0.62
  5  20 0.51
  5  21 0.49
  5  22 0.54
  6   1 0.38
  6   2 0.17
  6   3 0.49
  6   4 0.25
  6   5 0.46
  6   6 0.64
  6   7 0.63
  6   8 0.55
  6   9 0.44
  6  10 0.39
  6  11 0.48
  6  12 0.47
  6  13 0.38
  6  14 0.52
  6  15 0.51
  6  16 0.57
  6  17 0.41
  6  18 0.57
  6  19 0.49
  6  20 0.38
  6  21 0.27
  6  22 0.51
  7   1 0.41
  7   2 0.37
  7   3 0.57
  7   4 0.11
  7   5 0.38
  7   6 0.41
  7   7 0.35
  7   8 0.35
  7   9 0.47
  7  10 0.29
  7  11 0.35
  7  12 0.50
  7  13 0.47
  7  14 0.44
  7  15 0.34
  7  16 0.54
  7  17 0.51
  7  18 0.31
  7  19 0.54
  7  20 0.35
  7  21 0.47
  7  22 0.54
  8   1 0.42
  8   2 0.12
  8   3 0.42
  8   4 0.03
  8   5 0.36
  8   6 0.49
  8   7 0.47
  8   8 0.29
  8   9 0.54
  8  10 0.24
  8  11 0.45
  8  12 0.51
  8  13 0.43
  8  14 0.45
  8  15 0.26
  8  16 0.43
  8  17 0.38
  8  18 0.31
  8  19 0.51
  8  20 0.52
  8  21 0.30
  8  22 0.38
  9   1 0.44
  9   2 0.22
  9   3 0.56
  9   4 0.17
  9   5 0.40
  9   6 0.68
  9   7 0.58
  9   8 0.38
  9   9 0.54
  9  10 0.30
  9  11 0.54
  9  12 0.54
  9  13 0.45
  9  14 0.63
  9  15 0.43
  9  16 0.68
  9  17 0.53
  9  18 0.48
  9  19 0.64
  9  20 0.49
  9  21 0.37
  9  22 0.51
 10   1 0.46
 10   2 0.25
 10   3 0.52
 10   4 0.41
 10   5 0.44
 10   6 0.66
 10   7 0.58
 10   8 0.46
 10   9 0.42
 10  10 0.27
 10  11 0.53
 10  12 0.46
 10  13 0.38
 10  14 0.47
 10  15 0.50
 10  16 0.50
 10  17 0.57
 10  18 0.41
 10  19 0.54
 10  20 0.34
 10  21 0.35
 10  22 0.50
 11   1 0.49
 11   2 0.42
 11   3 0.57
 11   4 0.15
 11   5 0.34
 11   6 0.47
 11   7 0.40
 11   8 0.35
 11   9 0.47
 11  10 0.16
 11  11 0.45
 11  12 0.54
 11  13 0.52
 11  14 0.44
 11  15 0.27
 11  16 0.56
 11  17 0.54
 11  18 0.26
 11  19 0.50
 11  20 0.35
 11  21 0.59
 11  22 0.53
 12   1 0.37
 12   2 0.25
 12   3 0.58
 12   4 0.12
 12   5 0.44
 12   6 0.56
 12   7 0.42
 12   8 0.44
 12   9 0.47
 12  10 0.34
 12  11 0.40
 12  12 0.42
 12  13 0.34
 12  14 0.58
 12  15 0.43
 12  16 0.51
 12  17 0.44
 12  18 0.44
 12  19 0.60
 12  20 0.42
 12  21 0.29
 12  22 0.49
 13   1 0.40
 13   2 0.35
 13   3 0.54
 13   4 0.19
 13   5 0.43
 13   6 0.62
 13   7 0.58
 13   8 0.44
 13   9 0.38
 13  10 0.37
 13  11 0.48
 13  12 0.57
 13  13 0.42
 13  14 0.41
 13  15 0.53
 13  16 0.42
 13  17 0.46
 13  18 0.48
 13  19 0.45
 13  20 0.31
 13  21 0.39
 13  22 0.57
 14   1 0.52
 14   2 0.28
 14   3 0.43
 14   4 0.06
 14   5 0.32
 14   6 0.45
 14   7 0.40
 14   8 0.28
 14   9 0.50
 14  10 0.23
 14  11 0.47
 14  12 0.57
 14  13 0.52
 14  14 0.36
 14  15 0.23
 14  16 0.37
 14  17 0.39
 14  18 0.28
 14  19 0.36
 14  20 0.50
 14  21 0.42
 14  22 0.34
 15   1 0.37
 15   2 0.06
 15   3 0.36
 15   4 0.02
 15   5 0.29
 15   6 0.47
 15   7 0.40
 15   8 0.26
 15   9 0.46
 15  10 0.24
 15  11 0.44
 15  12 0.45
 15  13 0.27
 15  14 0.33
 15  15 0.30
 15  16 0.37
 15  17 0.30
 15  18 0.35
 15  19 0.46
 15  20 0.60
 15  21 0.20
 15  22 0.32
 16   1 0.51
 16   2 0.40
 16   3 0.56
 16   4 0.16
 16   5 0.31
 16   6 0.43
 16   7 0.38
 16   8 0.35
 16   9 0.41
 16  10 0.17
 16  11 0.36
 16  12 0.39
 16  13 0.55
 16  14 0.46
 16  15 0.28
 16  16 0.55
 16  17 0.57
 16  18 0.26
 16  19 0.46
 16  20 0.26
 16  21 0.52
 16  22 0.56
 17   1 0.45
 17   2 0.54
 17   3 0.60
 17   4 0.25
 17   5 0.43
 17   6 0.60
 17   7 0.47
 17   8 0.43
 17   9 0.36
 17  10 0.20
 17  11 0.43
 17  12 0.51
 17  13 0.50
 17  14 0.46
 17  15 0.40
 17  16 0.55
 17  17 0.55
 17  18 0.31
 17  19 0.46
 17  20 0.28
 17  21 0.54
 17  22 0.62
 18   1 0.39
 18   2 0.19
 18   3 0.53
 18   4 0.07
 18   5 0.42
 18   6 0.62
 18   7 0.52
 18   8 0.29
 18   9 0.53
 18  10 0.27
 18  11 0.60
 18  12 0.58
 18  13 0.38
 18  14 0.50
 18  15 0.36
 18  16 0.54
 18  17 0.47
 18  18 0.41
 18  19 0.61
 18  20 0.52
 18  21 0.34
 18  22 0.47
 19   1 0.38
 19   2 0.16
 19   3 0.36
 19   4 0.03
 19   5 0.33
 19   6 0.43
 19   7 0.37
 19   8 0.23
 19   9 0.51
 19  10 0.24
 19  11 0.45
 19  12 0.48
 19  13 0.38
 19  14 0.35
 19  15 0.27
 19  16 0.43
 19  17 0.39
 19  18 0.33
 19  19 0.50
 19  20 0.50
 19  21 0.28
 19  22 0.36
 20   1 0.57
 20   2 0.44
 20   3 0.51
 20   4 0.11
 20   5 0.40
 20   6 0.50
 20   7 0.46
 20   8 0.36
 20   9 0.45
 20  10 0.15
 20  11 0.47
 20  12 0.57
 20  13 0.54
 20  14 0.41
 20  15 0.26
 20  16 0.41
 20  17 0.58
 20  18 0.24
 20  19 0.41
 20  20 0.43
 20  21 0.59
 20  22 0.56
 21   1 0.52
 21   2 0.36
 21   3 0.58
 21   4 0.15
 21   5 0.39
 21   6 0.49
 21   7 0.38
 21   8 0.37
 21   9 0.45
 21  10 0.18
 21  11 0.50
 21  12 0.61
 21  13 0.56
 21  14 0.37
 21  15 0.29
 21  16 0.45
 21  17 0.51
 21  18 0.23
 21  19 0.46
 21  20 0.36
 21  21 0.58
 21  22 0.50
 22   1 0.45
 22   2 0.37
 22   3 0.45
 22   4 0.21
 22   5 0.40
 22   6 0.53
 22   7 0.55
 22   8 0.33
 22   9 0.35
 22  10 0.27
 22  11 0.51
 22  12 0.59
 22  13 0.46
 22  14 0.34
 22  15 0.39
 22  16 0.34
 22  17 0.46
 22  18 0.28
 22  19 0.39
 22  20 0.37
 22  21 0.46
 22  22 0.47
