  1   1 0.41
  1   2 0.53
  1   3 0.40
  1   4 0.49
  1   5 0.47
  1   6 0.47
  1   7 0.32
  1   8 0.59
  1   9 0.82
  1  10 0.70
  1  11 0.57
  1  12 0.50
  1  13 0.59
  1  14 0.59
  1  15 0.49
  1  16 0.27
  1  17 0.44
  1  18 0.61
  1  19 0.43
  1  20 0.43
  1  21 0.62
  1  22 0.74
  2   1 0.54
  2   2 0.70
  2   3 0.45
  2   4 0.37
  2   5 0.64
  2   6 0.50
  2   7 0.35
  2   8 0.57
  2   9 0.62
  2  10 0.59
  2  11 0.36
  2  12 0.63
  2  13 0.57
  2  14 0.51
  2  15 0.63
  2  16 0.43
  2  17 0.46
  2  18 0.39
  2  19 0.40
  2  20 0.43
  2  21 0.52
  2  22 0.71
  3   1 0.47
  3   2 0.47
  3   3 0.23
  3   4 0.41
  3   5 0.52
  3   6 0.59
  3   7 0.46
  3   8 0.56
  3   9 0.41
  3  10 0.49
  3  11 0.59
  3  12 0.64
  3  13 0.35
  3  14 0.35
  3  15 0.31
  3  16 0.59
  3  17 0.58
  3  18 0.50
  3  19 0.41
  3  20 0.49
  3  21 0.49
  3  22 0.49
  4   1 0.43
  4   2 0.39
  4   3 0.48
  4   4 0.38
  4   5 0.19
  4   6 0.38
  4   7 0.11
  4   8 0.36
  4   9 0.44
  4  10 0.30
  4  11 0.09
  4  12 0.19
  4  13 0.41
  4  14 0.21
  4  15 0.60
  4  16 0.17
  4  17 0.18
  4  18 0.30
  4  19 0.16
  4  20 0.23
  4  21 0.18
  4  22 0.42
  5   1 0.57
  5   2 0.58
  5   3 0.41
  5   4 0.43
  5   5 0.51
  5   6 0.52
  5   7 0.56
  5   8 0.64
  5   9 0.52
  5  10 0.75
  5  11 0.57
  5  12 0.72
  5  13 0.51
  5  14 0.39
  5  15 0.40
  5  16 0.50
  5  17 0.50
  5  18 0.52
  5  19 0.48
  5  20 0.60
  5  21 0.66
  5  22 0.57
  6   1 0.30
  6   2 0.38
  6   3 0.16
  6   4 0.25
  6   5 0.50
  6   6 0.41
  6   7 0.57
  6   8 0.43
  6   9 0.31
  6  10 0.48
  6  11 0.70
  6  12 0.67
  6  13 0.36
  6  14 0.45
  6  15 0.27
  6  16 0.46
  6  17 0.76
  6  18 0.61
  6  19 0.65
  6  20 0.32
  6  21 0.67
  6  22 0.50
  7   1 0.62
  7   2 0.66
  7   3 0.54
  7   4 0.53
  7   5 0.50
  7   6 0.57
  7   7 0.23
  7   8 0.58
  7   9 0.78
  7  10 0.61
  7  11 0.41
  7  12 0.49
  7  13 0.62
  7  14 0.53
  7  15 0.51
  7  16 0.24
  7  17 0.34
  7  18 0.54
  7  19 0.29
  7  20 0.47
  7  21 0.54
  7  22 0.70
  8   1 0.48
  8   2 0.47
  8   3 0.29
  8   4 0.28
  8   5 0.38
  8   6 0.45
  8   7 0.57
  8   8 0.48
  8   9 0.37
  8  10 0.48
  8  11 0.41
  8  12 0.56
  8  13 0.35
  8  14 0.25
  8  15 0.33
  8  16 0.47
  8  17 0.46
  8  18 0.47
  8  19 0.54
  8  20 0.43
  8  21 0.48
  8  22 0.44
  9   1 0.43
  9   2 0.47
  9   3 0.28
  9   4 0.33
  9   5 0.61
  9   6 0.37
  9   7 0.47
  9   8 0.56
  9   9 0.41
  9  10 0.63
  9  11 0.69
  9  12 0.65
  9  13 0.46
  9  14 0.42
  9  15 0.24
  9  16 0.29
  9  17 0.59
  9  18 0.39
  9  19 0.45
  9  20 0.57
  9  21 0.58
  9  22 0.39
 10   1 0.61
 10   2 0.66
 10   3 0.47
 10   4 0.45
 10   5 0.60
 10   6 0.53
 10   7 0.46
 10   8 0.69
 10   9 0.60
 10  10 0.81
 10  11 0.52
 10  12 0.71
 10  13 0.58
 10  14 0.47
 10  15 0.43
 10  16 0.48
 10  17 0.48
 10  18 0.50
 10  19 0.43
 10  20 0.62
 10  21 0.62
 10  22 0.65
 11   1 0.31
 11   2 0.35
 11   3 0.18
 11   4 0.17
 11   5 0.33
 11   6 0.36
 11   7 0.51
 11   8 0.39
 11   9 0.24
 11  10 0.41
 11  11 0.43
 11  12 0.52
 11  13 0.30
 11  14 0.28
 11  15 0.30
 11  16 0.47
 11  17 0.51
 11  18 0.46
 11  19 0.65
 11  20 0.25
 11  21 0.54
 11  22 0.40
 12   1 0.35
 12   2 0.47
 12   3 0.29
 12   4 0.39
 12   5 0.42
 12   6 0.50
 12   7 0.35
 12   8 0.54
 12   9 0.54
 12  10 0.52
 12  11 0.38
 12  12 0.46
 12  13 0.48
 12  14 0.47
 12  15 0.42
 12  16 0.37
 12  17 0.40
 12  18 0.55
 12  19 0.46
 12  20 0.34
 12  21 0.51
 12  22 0.64
 13   1 0.38
 13   2 0.38
 13   3 0.24
 13   4 0.27
 13   5 0.36
 13   6 0.49
 13   7 0.39
 13   8 0.48
 13   9 0.28
 13  10 0.37
 13  11 0.31
 13  12 0.48
 13  13 0.32
 13  14 0.20
 13  15 0.31
 13  16 0.61
 13  17 0.40
 13  18 0.34
 13  19 0.44
 13  20 0.30
 13  21 0.29
 13  22 0.34
 14   1 0.55
 14   2 0.67
 14   3 0.39
 14   4 0.46
 14   5 0.71
 14   6 0.48
 14   7 0.46
 14   8 0.63
 14   9 0.57
 14  10 0.74
 14  11 0.66
 14  12 0.70
 14  13 0.57
 14  14 0.48
 14  15 0.33
 14  16 0.36
 14  17 0.49
 14  18 0.44
 14  19 0.40
 14  20 0.67
 14  21 0.62
 14  22 0.56
 15   1 0.53
 15   2 0.61
 15   3 0.47
 15   4 0.39
 15   5 0.53
 15   6 0.43
 15   7 0.34
 15   8 0.61
 15   9 0.66
 15  10 0.77
 15  11 0.56
 15  12 0.57
 15  13 0.63
 15  14 0.61
 15  15 0.45
 15  16 0.38
 15  17 0.48
 15  18 0.52
 15  19 0.49
 15  20 0.51
 15  21 0.65
 15  22 0.72
 16   1 0.49
 16   2 0.48
 16   3 0.25
 16   4 0.39
 16   5 0.53
 16   6 0.72
 16   7 0.50
 16   8 0.67
 16   9 0.45
 16  10 0.53
 16  11 0.58
 16  12 0.75
 16  13 0.46
 16  14 0.47
 16  15 0.39
 16  16 0.58
 16  17 0.68
 16  18 0.61
 16  19 0.59
 16  20 0.53
 16  21 0.60
 16  22 0.63
 17   1 0.33
 17   2 0.37
 17   3 0.21
 17   4 0.27
 17   5 0.43
 17   6 0.46
 17   7 0.77
 17   8 0.51
 17   9 0.26
 17  10 0.45
 17  11 0.50
 17  12 0.63
 17  13 0.31
 17  14 0.23
 17  15 0.21
 17  16 0.65
 17  17 0.64
 17  18 0.49
 17  19 0.49
 17  20 0.40
 17  21 0.46
 17  22 0.38
 18   1 0.55
 18   2 0.57
 18   3 0.39
 18   4 0.53
 18   5 0.61
 18   6 0.72
 18   7 0.47
 18   8 0.74
 18   9 0.57
 18  10 0.61
 18  11 0.62
 18  12 0.70
 18  13 0.52
 18  14 0.50
 18  15 0.40
 18  16 0.45
 18  17 0.64
 18  18 0.64
 18  19 0.50
 18  20 0.60
 18  21 0.57
 18  22 0.63
 19   1 0.43
 19   2 0.47
 19   3 0.27
 19   4 0.35
 19   5 0.48
 19   6 0.44
 19   7 0.39
 19   8 0.52
 19   9 0.57
 19  10 0.67
 19  11 0.61
 19  12 0.61
 19  13 0.47
 19  14 0.54
 19  15 0.40
 19  16 0.31
 19  17 0.54
 19  18 0.56
 19  19 0.49
 19  20 0.50
 19  21 0.66
 19  22 0.62
 20   1 0.48
 20   2 0.59
 20   3 0.36
 20   4 0.39
 20   5 0.58
 20   6 0.38
 20   7 0.49
 20   8 0.55
 20   9 0.54
 20  10 0.75
 20  11 0.64
 20  12 0.63
 20  13 0.54
 20  14 0.48
 20  15 0.41
 20  16 0.43
 20  17 0.57
 20  18 0.49
 20  19 0.58
 20  20 0.52
 20  21 0.69
 20  22 0.58
 21   1 0.51
 21   2 0.63
 21   3 0.49
 21   4 0.53
 21   5 0.48
 21   6 0.55
 21   7 0.28
 21   8 0.63
 21   9 0.77
 21  10 0.61
 21  11 0.44
 21  12 0.48
 21  13 0.57
 21  14 0.52
 21  15 0.65
 21  16 0.34
 21  17 0.38
 21  18 0.50
 21  19 0.39
 21  20 0.50
 21  21 0.48
 21  22 0.75
 22   1 0.70
 22   2 0.61
 22   3 0.66
 22   4 0.37
 22   5 0.39
 22   6 0.53
 22   7 0.36
 22   8 0.59
 22   9 0.60
 22  10 0.71
 22  11 0.34
 22  12 0.51
 22  13 0.64
 22  14 0.43
 22  15 0.49
 22  16 0.39
 22  17 0.41
 22  18 0.51
 22  19 0.42
 22  20 0.48
 22  21 0.52
 22  22 0.68
