  1   1 0.33
  1   2 0.20
  1   3 0.12
  1   4 0.60
  1   5 0.08
  1   6 0.35
  1   7 0.34
  1   8 0.29
  1   9 0.27
  1  10 0.24
  1  11 0.31
  1  12 0.39
  1  13 0.56
  1  14 0.16
  1  15 0.26
  1  16 0.45
  1  17 0.35
  1  18 0.50
  1  19 0.32
  1  20 0.54
  1  21 0.20
  1  22 0.38
  2   1 0.52
  2   2 0.45
  2   3 0.24
  2   4 0.39
  2   5 0.16
  2   6 0.58
  2   7 0.48
  2   8 0.48
  2   9 0.46
  2  10 0.67
  2  11 0.44
  2  12 0.44
  2  13 0.62
  2  14 0.20
  2  15 0.37
  2  16 0.56
  2  17 0.50
  2  18 0.63
  2  19 0.53
  2  20 0.42
  2  21 0.41
  2  22 0.56
  3   1 0.57
  3   2 0.38
  3   3 0.27
  3   4 0.45
  3   5 0.21
  3   6 0.56
  3   7 0.55
  3   8 0.43
  3   9 0.53
  3  10 0.59
  3  11 0.58
  3  12 0.61
  3  13 0.68
  3  14 0.32
  3  15 0.43
  3  16 0.57
  3  17 0.60
  3  18 0.68
  3  19 0.45
  3  20 0.42
  3  21 0.37
  3  22 0.65
  4   1 0.27
  4   2 0.29
  4   3 0.35
  4   4 0.28
  4   5 0.28
  4   6 0.39
  4   7 0.38
  4   8 0.36
  4   9 0.30
  4  10 0.53
  4  11 0.28
  4  12 0.57
  4  13 0.35
  4  14 0.43
  4  15 0.21
  4  16 0.43
  4  17 0.71
  4  18 0.51
  4  19 0.30
  4  20 0.33
  4  21 0.50
  4  22 0.35
  5   1 0.57
  5   2 0.40
  5   3 0.25
  5   4 0.48
  5   5 0.14
  5   6 0.72
  5   7 0.57
  5   8 0.54
  5   9 0.44
  5  10 0.57
  5  11 0.44
  5  12 0.41
  5  13 0.64
  5  14 0.26
  5  15 0.47
  5  16 0.74
  5  17 0.54
  5  18 0.71
  5  19 0.65
  5  20 0.45
  5  21 0.43
  5  22 0.65
  6   1 0.15
  6   2 0.14
  6   3 0.11
  6   4 0.34
  6   5 0.12
  6   6 0.20
  6   7 0.22
  6   8 0.17
  6   9 0.12
  6  10 0.20
  6  11 0.25
  6  12 0.39
  6  13 0.27
  6  14 0.13
  6  15 0.16
  6  16 0.24
  6  17 0.31
  6  18 0.23
  6  19 0.15
  6  20 0.25
  6  21 0.15
  6  22 0.23
  7   1 0.45
  7   2 0.48
  7   3 0.21
  7   4 0.40
  7   5 0.17
  7   6 0.62
  7   7 0.45
  7   8 0.48
  7   9 0.39
  7  10 0.53
  7  11 0.31
  7  12 0.57
  7  13 0.63
  7  14 0.27
  7  15 0.35
  7  16 0.70
  7  17 0.60
  7  18 0.73
  7  19 0.53
  7  20 0.46
  7  21 0.38
  7  22 0.56
  8   1 0.45
  8   2 0.45
  8   3 0.28
  8   4 0.45
  8   5 0.21
  8   6 0.53
  8   7 0.50
  8   8 0.41
  8   9 0.56
  8  10 0.66
  8  11 0.45
  8  12 0.62
  8  13 0.44
  8  14 0.32
  8  15 0.35
  8  16 0.52
  8  17 0.56
  8  18 0.60
  8  19 0.39
  8  20 0.43
  8  21 0.41
  8  22 0.46
  9   1 0.40
  9   2 0.34
  9   3 0.35
  9   4 0.45
  9   5 0.17
  9   6 0.34
  9   7 0.36
  9   8 0.27
  9   9 0.49
  9  10 0.53
  9  11 0.48
  9  12 0.52
  9  13 0.47
  9  14 0.35
  9  15 0.34
  9  16 0.41
  9  17 0.47
  9  18 0.45
  9  19 0.27
  9  20 0.33
  9  21 0.28
  9  22 0.42
 10   1 0.52
 10   2 0.61
 10   3 0.60
 10   4 0.24
 10   5 0.29
 10   6 0.36
 10   7 0.44
 10   8 0.30
 10   9 0.75
 10  10 0.65
 10  11 0.53
 10  12 0.42
 10  13 0.30
 10  14 0.48
 10  15 0.47
 10  16 0.35
 10  17 0.40
 10  18 0.45
 10  19 0.29
 10  20 0.26
 10  21 0.43
 10  22 0.40
 11   1 0.25
 11   2 0.37
 11   3 0.47
 11   4 0.19
 11   5 0.24
 11   6 0.33
 11   7 0.37
 11   8 0.27
 11   9 0.34
 11  10 0.50
 11  11 0.23
 11  12 0.49
 11  13 0.24
 11  14 0.39
 11  15 0.22
 11  16 0.38
 11  17 0.51
 11  18 0.48
 11  19 0.24
 11  20 0.27
 11  21 0.49
 11  22 0.30
 12   1 0.50
 12   2 0.53
 12   3 0.25
 12   4 0.36
 12   5 0.18
 12   6 0.60
 12   7 0.45
 12   8 0.47
 12   9 0.43
 12  10 0.63
 12  11 0.39
 12  12 0.56
 12  13 0.71
 12  14 0.26
 12  15 0.36
 12  16 0.61
 12  17 0.58
 12  18 0.67
 12  19 0.48
 12  20 0.45
 12  21 0.38
 12  22 0.58
 13   1 0.37
 13   2 0.44
 13   3 0.24
 13   4 0.33
 13   5 0.16
 13   6 0.37
 13   7 0.35
 13   8 0.25
 13   9 0.41
 13  10 0.53
 13  11 0.33
 13  12 0.53
 13  13 0.32
 13  14 0.29
 13  15 0.28
 13  16 0.57
 13  17 0.52
 13  18 0.62
 13  19 0.32
 13  20 0.38
 13  21 0.32
 13  22 0.40
 14   1 0.58
 14   2 0.63
 14   3 0.51
 14   4 0.26
 14   5 0.25
 14   6 0.33
 14   7 0.40
 14   8 0.31
 14   9 0.69
 14  10 0.62
 14  11 0.59
 14  12 0.54
 14  13 0.40
 14  14 0.49
 14  15 0.54
 14  16 0.31
 14  17 0.46
 14  18 0.49
 14  19 0.31
 14  20 0.29
 14  21 0.40
 14  22 0.47
 15   1 0.54
 15   2 0.60
 15   3 0.51
 15   4 0.23
 15   5 0.23
 15   6 0.40
 15   7 0.43
 15   8 0.42
 15   9 0.61
 15  10 0.82
 15  11 0.55
 15  12 0.46
 15  13 0.38
 15  14 0.33
 15  15 0.44
 15  16 0.36
 15  17 0.47
 15  18 0.44
 15  19 0.38
 15  20 0.28
 15  21 0.56
 15  22 0.44
 16   1 0.37
 16   2 0.33
 16   3 0.14
 16   4 0.46
 16   5 0.12
 16   6 0.50
 16   7 0.42
 16   8 0.40
 16   9 0.37
 16  10 0.40
 16  11 0.43
 16  12 0.42
 16  13 0.75
 16  14 0.21
 16  15 0.30
 16  16 0.69
 16  17 0.46
 16  18 0.72
 16  19 0.51
 16  20 0.52
 16  21 0.26
 16  22 0.56
 17   1 0.51
 17   2 0.46
 17   3 0.24
 17   4 0.35
 17   5 0.18
 17   6 0.65
 17   7 0.42
 17   8 0.48
 17   9 0.41
 17  10 0.68
 17  11 0.40
 17  12 0.50
 17  13 0.68
 17  14 0.26
 17  15 0.40
 17  16 0.60
 17  17 0.56
 17  18 0.65
 17  19 0.59
 17  20 0.40
 17  21 0.39
 17  22 0.59
 18   1 0.11
 18   2 0.15
 18   3 0.06
 18   4 0.35
 18   5 0.07
 18   6 0.16
 18   7 0.16
 18   8 0.12
 18   9 0.14
 18  10 0.16
 18  11 0.18
 18  12 0.44
 18  13 0.31
 18  14 0.14
 18  15 0.09
 18  16 0.32
 18  17 0.27
 18  18 0.33
 18  19 0.14
 18  20 0.38
 18  21 0.12
 18  22 0.21
 19   1 0.48
 19   2 0.42
 19   3 0.30
 19   4 0.43
 19   5 0.28
 19   6 0.49
 19   7 0.47
 19   8 0.37
 19   9 0.50
 19  10 0.58
 19  11 0.41
 19  12 0.70
 19  13 0.49
 19  14 0.46
 19  15 0.38
 19  16 0.58
 19  17 0.66
 19  18 0.74
 19  19 0.43
 19  20 0.43
 19  21 0.43
 19  22 0.53
 20   1 0.35
 20   2 0.46
 20   3 0.64
 20   4 0.22
 20   5 0.43
 20   6 0.23
 20   7 0.31
 20   8 0.22
 20   9 0.59
 20  10 0.48
 20  11 0.51
 20  12 0.46
 20  13 0.33
 20  14 0.61
 20  15 0.45
 20  16 0.23
 20  17 0.40
 20  18 0.31
 20  19 0.20
 20  20 0.19
 20  21 0.37
 20  22 0.35
 21   1 0.19
 21   2 0.17
 21   3 0.26
 21   4 0.14
 21   5 0.12
 21   6 0.18
 21   7 0.15
 21   8 0.15
 21   9 0.18
 21  10 0.21
 21  11 0.16
 21  12 0.10
 21  13 0.12
 21  14 0.18
 21  15 0.25
 21  16 0.15
 21  17 0.18
 21  18 0.14
 21  19 0.18
 21  20 0.10
 21  21 0.20
 21  22 0.12
 22   1 0.33
 22   2 0.29
 22   3 0.18
 22   4 0.47
 22   5 0.20
 22   6 0.48
 22   7 0.42
 22   8 0.45
 22   9 0.34
 22  10 0.48
 22  11 0.46
 22  12 0.59
 22  13 0.85
 22  14 0.22
 22  15 0.26
 22  16 0.62
 22  17 0.55
 22  18 0.61
 22  19 0.45
 22  20 0.48
 22  21 0.30
 22  22 0.57
