  1   1 0.74
  1   2 0.58
  1   3 0.74
  1   4 0.69
  1   5 0.66
  1   6 0.75
  1   7 0.59
  1   8 0.63
  1   9 0.67
  1  10 0.56
  1  11 0.63
  1  12 0.61
  1  13 0.70
  1  14 0.73
  1  15 0.62
  1  16 0.70
  1  17 0.62
  1  18 0.81
  1  19 0.69
  1  20 0.73
  1  21 0.56
  1  22 0.67
  2   1 0.70
  2   2 0.60
  2   3 0.70
  2   4 0.62
  2   5 0.56
  2   6 0.69
  2   7 0.66
  2   8 0.64
  2   9 0.57
  2  10 0.45
  2  11 0.58
  2  12 0.58
  2  13 0.67
  2  14 0.65
  2  15 0.55
  2  16 0.64
  2  17 0.59
  2  18 0.73
  2  19 0.59
  2  20 0.63
  2  21 0.51
  2  22 0.72
  3   1 0.72
  3   2 0.61
  3   3 0.71
  3   4 0.61
  3   5 0.66
  3   6 0.76
  3   7 0.60
  3   8 0.64
  3   9 0.70
  3  10 0.61
  3  11 0.66
  3  12 0.64
  3  13 0.72
  3  14 0.73
  3  15 0.65
  3  16 0.72
  3  17 0.67
  3  18 0.79
  3  19 0.71
  3  20 0.71
  3  21 0.58
  3  22 0.65
  4   1 0.69
  4   2 0.57
  4   3 0.62
  4   4 0.56
  4   5 0.48
  4   6 0.72
  4   7 0.50
  4   8 0.61
  4   9 0.58
  4  10 0.62
  4  11 0.65
  4  12 0.69
  4  13 0.75
  4  14 0.65
  4  15 0.64
  4  16 0.67
  4  17 0.71
  4  18 0.68
  4  19 0.70
  4  20 0.62
  4  21 0.60
  4  22 0.53
  5   1 0.73
  5   2 0.63
  5   3 0.68
  5   4 0.61
  5   5 0.64
  5   6 0.79
  5   7 0.61
  5   8 0.74
  5   9 0.66
  5  10 0.59
  5  11 0.63
  5  12 0.65
  5  13 0.75
  5  14 0.75
  5  15 0.68
  5  16 0.76
  5  17 0.68
  5  18 0.79
  5  19 0.72
  5  20 0.75
  5  21 0.65
  5  22 0.65
  6   1 0.70
  6   2 0.55
  6   3 0.70
  6   4 0.71
  6   5 0.59
  6   6 0.74
  6   7 0.43
  6   8 0.55
  6   9 0.65
  6  10 0.58
  6  11 0.61
  6  12 0.59
  6  13 0.69
  6  14 0.68
  6  15 0.61
  6  16 0.61
  6  17 0.68
  6  18 0.72
  6  19 0.65
  6  20 0.62
  6  21 0.52
  6  22 0.51
  7   1 0.79
  7   2 0.61
  7   3 0.71
  7   4 0.60
  7   5 0.70
  7   6 0.76
  7   7 0.55
  7   8 0.64
  7   9 0.70
  7  10 0.64
  7  11 0.65
  7  12 0.62
  7  13 0.72
  7  14 0.74
  7  15 0.67
  7  16 0.71
  7  17 0.66
  7  18 0.74
  7  19 0.73
  7  20 0.69
  7  21 0.58
  7  22 0.59
  8   1 0.61
  8   2 0.62
  8   3 0.30
  8   4 0.34
  8   5 0.39
  8   6 0.50
  8   7 0.46
  8   8 0.54
  8   9 0.43
  8  10 0.50
  8  11 0.54
  8  12 0.71
  8  13 0.48
  8  14 0.40
  8  15 0.53
  8  16 0.64
  8  17 0.63
  8  18 0.57
  8  19 0.44
  8  20 0.50
  8  21 0.56
  8  22 0.45
  9   1 0.65
  9   2 0.59
  9   3 0.61
  9   4 0.50
  9   5 0.74
  9   6 0.69
  9   7 0.53
  9   8 0.65
  9   9 0.71
  9  10 0.75
  9  11 0.65
  9  12 0.60
  9  13 0.69
  9  14 0.67
  9  15 0.70
  9  16 0.67
  9  17 0.64
  9  18 0.62
  9  19 0.68
  9  20 0.67
  9  21 0.64
  9  22 0.48
 10   1 0.71
 10   2 0.59
 10   3 0.69
 10   4 0.64
 10   5 0.62
 10   6 0.71
 10   7 0.55
 10   8 0.61
 10   9 0.62
 10  10 0.59
 10  11 0.69
 10  12 0.66
 10  13 0.74
 10  14 0.66
 10  15 0.66
 10  16 0.67
 10  17 0.67
 10  18 0.71
 10  19 0.65
 10  20 0.65
 10  21 0.57
 10  22 0.68
 11   1 0.73
 11   2 0.58
 11   3 0.72
 11   4 0.68
 11   5 0.55
 11   6 0.81
 11   7 0.52
 11   8 0.70
 11   9 0.56
 11  10 0.54
 11  11 0.63
 11  12 0.69
 11  13 0.72
 11  14 0.73
 11  15 0.70
 11  16 0.67
 11  17 0.70
 11  18 0.72
 11  19 0.77
 11  20 0.64
 11  21 0.65
 11  22 0.62
 12   1 0.63
 12   2 0.58
 12   3 0.53
 12   4 0.49
 12   5 0.42
 12   6 0.68
 12   7 0.48
 12   8 0.65
 12   9 0.50
 12  10 0.56
 12  11 0.58
 12  12 0.64
 12  13 0.63
 12  14 0.57
 12  15 0.69
 12  16 0.57
 12  17 0.66
 12  18 0.60
 12  19 0.66
 12  20 0.53
 12  21 0.60
 12  22 0.50
 13   1 0.38
 13   2 0.30
 13   3 0.34
 13   4 0.26
 13   5 0.37
 13   6 0.41
 13   7 0.28
 13   8 0.30
 13   9 0.47
 13  10 0.56
 13  11 0.47
 13  12 0.41
 13  13 0.45
 13  14 0.42
 13  15 0.45
 13  16 0.42
 13  17 0.54
 13  18 0.35
 13  19 0.38
 13  20 0.37
 13  21 0.43
 13  22 0.24
 14   1 0.67
 14   2 0.49
 14   3 0.75
 14   4 0.73
 14   5 0.55
 14   6 0.71
 14   7 0.39
 14   8 0.54
 14   9 0.68
 14  10 0.55
 14  11 0.66
 14  12 0.56
 14  13 0.70
 14  14 0.71
 14  15 0.57
 14  16 0.59
 14  17 0.67
 14  18 0.70
 14  19 0.66
 14  20 0.62
 14  21 0.49
 14  22 0.54
 15   1 0.76
 15   2 0.62
 15   3 0.61
 15   4 0.58
 15   5 0.59
 15   6 0.73
 15   7 0.58
 15   8 0.68
 15   9 0.62
 15  10 0.67
 15  11 0.67
 15  12 0.69
 15  13 0.73
 15  14 0.66
 15  15 0.68
 15  16 0.72
 15  17 0.73
 15  18 0.72
 15  19 0.68
 15  20 0.69
 15  21 0.67
 15  22 0.55
 16   1 0.75
 16   2 0.61
 16   3 0.64
 16   4 0.59
 16   5 0.60
 16   6 0.78
 16   7 0.54
 16   8 0.67
 16   9 0.60
 16  10 0.60
 16  11 0.63
 16  12 0.68
 16  13 0.67
 16  14 0.69
 16  15 0.70
 16  16 0.72
 16  17 0.66
 16  18 0.76
 16  19 0.75
 16  20 0.69
 16  21 0.60
 16  22 0.63
 17   1 0.68
 17   2 0.57
 17   3 0.52
 17   4 0.45
 17   5 0.54
 17   6 0.62
 17   7 0.51
 17   8 0.57
 17   9 0.65
 17  10 0.69
 17  11 0.63
 17  12 0.66
 17  13 0.66
 17  14 0.60
 17  15 0.62
 17  16 0.64
 17  17 0.70
 17  18 0.60
 17  19 0.59
 17  20 0.56
 17  21 0.64
 17  22 0.48
 18   1 0.65
 18   2 0.58
 18   3 0.55
 18   4 0.48
 18   5 0.58
 18   6 0.74
 18   7 0.47
 18   8 0.64
 18   9 0.56
 18  10 0.67
 18  11 0.60
 18  12 0.62
 18  13 0.63
 18  14 0.66
 18  15 0.69
 18  16 0.64
 18  17 0.65
 18  18 0.65
 18  19 0.74
 18  20 0.57
 18  21 0.62
 18  22 0.49
 19   1 0.64
 19   2 0.61
 19   3 0.50
 19   4 0.53
 19   5 0.44
 19   6 0.63
 19   7 0.42
 19   8 0.58
 19   9 0.45
 19  10 0.45
 19  11 0.55
 19  12 0.62
 19  13 0.60
 19  14 0.54
 19  15 0.56
 19  16 0.66
 19  17 0.59
 19  18 0.64
 19  19 0.62
 19  20 0.61
 19  21 0.53
 19  22 0.52
 20   1 0.72
 20   2 0.73
 20   3 0.59
 20   4 0.57
 20   5 0.65
 20   6 0.72
 20   7 0.67
 20   8 0.69
 20   9 0.65
 20  10 0.62
 20  11 0.63
 20  12 0.65
 20  13 0.69
 20  14 0.63
 20  15 0.66
 20  16 0.74
 20  17 0.64
 20  18 0.75
 20  19 0.69
 20  20 0.71
 20  21 0.62
 20  22 0.69
 21   1 0.50
 21   2 0.42
 21   3 0.39
 21   4 0.31
 21   5 0.51
 21   6 0.55
 21   7 0.43
 21   8 0.53
 21   9 0.48
 21  10 0.61
 21  11 0.42
 21  12 0.44
 21  13 0.51
 21  14 0.50
 21  15 0.54
 21  16 0.54
 21  17 0.49
 21  18 0.44
 21  19 0.47
 21  20 0.47
 21  21 0.63
 21  22 0.27
 22   1 0.70
 22   2 0.73
 22   3 0.57
 22   4 0.55
 22   5 0.60
 22   6 0.71
 22   7 0.57
 22   8 0.74
 22   9 0.55
 22  10 0.57
 22  11 0.59
 22  12 0.67
 22  13 0.66
 22  14 0.60
 22  15 0.68
 22  16 0.67
 22  17 0.61
 22  18 0.67
 22  19 0.63
 22  20 0.63
 22  21 0.62
 22  22 0.67
