  1   1 0.58
  1   2 0.43
  1   3 0.75
  1   4 0.50
  1   5 0.57
  1   6 0.73
  1   7 0.71
  1   8 0.64
  1   9 0.61
  1  10 0.67
  1  11 0.74
  1  12 0.60
  1  13 0.67
  1  14 0.72
  1  15 0.62
  1  16 0.68
  1  17 0.72
  1  18 0.75
  1  19 0.72
  1  20 0.74
  1  21 0.67
  1  22 0.37
  2   1 0.82
  2   2 0.74
  2   3 0.57
  2   4 0.37
  2   5 0.78
  2   6 0.66
  2   7 0.55
  2   8 0.75
  2   9 0.76
  2  10 0.75
  2  11 0.57
  2  12 0.68
  2  13 0.77
  2  14 0.71
  2  15 0.59
  2  16 0.65
  2  17 0.70
  2  18 0.66
  2  19 0.73
  2  20 0.64
  2  21 0.55
  2  22 0.41
  3   1 0.65
  3   2 0.52
  3   3 0.76
  3   4 0.50
  3   5 0.61
  3   6 0.79
  3   7 0.79
  3   8 0.69
  3   9 0.62
  3  10 0.77
  3  11 0.79
  3  12 0.67
  3  13 0.73
  3  14 0.79
  3  15 0.59
  3  16 0.75
  3  17 0.80
  3  18 0.78
  3  19 0.77
  3  20 0.74
  3  21 0.69
  3  22 0.46
  4   1 0.67
  4   2 0.58
  4   3 0.52
  4   4 0.34
  4   5 0.65
  4   6 0.59
  4   7 0.49
  4   8 0.67
  4   9 0.62
  4  10 0.63
  4  11 0.50
  4  12 0.54
  4  13 0.64
  4  14 0.63
  4  15 0.57
  4  16 0.57
  4  17 0.60
  4  18 0.59
  4  19 0.67
  4  20 0.61
  4  21 0.53
  4  22 0.31
  5   1 0.75
  5   2 0.59
  5   3 0.70
  5   4 0.43
  5   5 0.67
  5   6 0.74
  5   7 0.67
  5   8 0.78
  5   9 0.73
  5  10 0.73
  5  11 0.69
  5  12 0.62
  5  13 0.74
  5  14 0.73
  5  15 0.71
  5  16 0.64
  5  17 0.75
  5  18 0.74
  5  19 0.79
  5  20 0.78
  5  21 0.69
  5  22 0.45
  6   1 0.76
  6   2 0.60
  6   3 0.62
  6   4 0.42
  6   5 0.73
  6   6 0.69
  6   7 0.60
  6   8 0.75
  6   9 0.73
  6  10 0.68
  6  11 0.68
  6  12 0.62
  6  13 0.75
  6  14 0.71
  6  15 0.67
  6  16 0.65
  6  17 0.70
  6  18 0.72
  6  19 0.74
  6  20 0.74
  6  21 0.64
  6  22 0.34
  7   1 0.71
  7   2 0.62
  7   3 0.59
  7   4 0.41
  7   5 0.76
  7   6 0.68
  7   7 0.58
  7   8 0.74
  7   9 0.79
  7  10 0.70
  7  11 0.62
  7  12 0.60
  7  13 0.71
  7  14 0.70
  7  15 0.77
  7  16 0.61
  7  17 0.70
  7  18 0.71
  7  19 0.75
  7  20 0.78
  7  21 0.70
  7  22 0.35
  8   1 0.76
  8   2 0.65
  8   3 0.68
  8   4 0.40
  8   5 0.71
  8   6 0.78
  8   7 0.71
  8   8 0.78
  8   9 0.71
  8  10 0.77
  8  11 0.69
  8  12 0.72
  8  13 0.77
  8  14 0.76
  8  15 0.61
  8  16 0.72
  8  17 0.76
  8  18 0.76
  8  19 0.78
  8  20 0.76
  8  21 0.65
  8  22 0.44
  9   1 0.73
  9   2 0.59
  9   3 0.67
  9   4 0.58
  9   5 0.65
  9   6 0.78
  9   7 0.72
  9   8 0.77
  9   9 0.67
  9  10 0.72
  9  11 0.73
  9  12 0.69
  9  13 0.75
  9  14 0.76
  9  15 0.66
  9  16 0.75
  9  17 0.73
  9  18 0.78
  9  19 0.77
  9  20 0.77
  9  21 0.67
  9  22 0.46
 10   1 0.82
 10   2 0.72
 10   3 0.64
 10   4 0.39
 10   5 0.80
 10   6 0.67
 10   7 0.60
 10   8 0.80
 10   9 0.81
 10  10 0.79
 10  11 0.62
 10  12 0.70
 10  13 0.78
 10  14 0.76
 10  15 0.68
 10  16 0.72
 10  17 0.76
 10  18 0.71
 10  19 0.79
 10  20 0.72
 10  21 0.61
 10  22 0.38
 11   1 0.75
 11   2 0.74
 11   3 0.52
 11   4 0.33
 11   5 0.66
 11   6 0.65
 11   7 0.53
 11   8 0.72
 11   9 0.60
 11  10 0.67
 11  11 0.52
 11  12 0.76
 11  13 0.72
 11  14 0.65
 11  15 0.51
 11  16 0.72
 11  17 0.65
 11  18 0.63
 11  19 0.68
 11  20 0.56
 11  21 0.56
 11  22 0.34
 12   1 0.79
 12   2 0.60
 12   3 0.65
 12   4 0.42
 12   5 0.73
 12   6 0.69
 12   7 0.61
 12   8 0.79
 12   9 0.73
 12  10 0.71
 12  11 0.63
 12  12 0.64
 12  13 0.74
 12  14 0.71
 12  15 0.69
 12  16 0.66
 12  17 0.71
 12  18 0.73
 12  19 0.75
 12  20 0.73
 12  21 0.63
 12  22 0.35
 13   1 0.68
 13   2 0.54
 13   3 0.71
 13   4 0.43
 13   5 0.63
 13   6 0.73
 13   7 0.64
 13   8 0.74
 13   9 0.70
 13  10 0.70
 13  11 0.66
 13  12 0.64
 13  13 0.73
 13  14 0.70
 13  15 0.63
 13  16 0.64
 13  17 0.73
 13  18 0.74
 13  19 0.74
 13  20 0.72
 13  21 0.61
 13  22 0.42
 14   1 0.71
 14   2 0.56
 14   3 0.76
 14   4 0.51
 14   5 0.66
 14   6 0.75
 14   7 0.71
 14   8 0.74
 14   9 0.69
 14  10 0.77
 14  11 0.73
 14  12 0.69
 14  13 0.80
 14  14 0.78
 14  15 0.64
 14  16 0.76
 14  17 0.78
 14  18 0.77
 14  19 0.80
 14  20 0.72
 14  21 0.64
 14  22 0.43
 15   1 0.80
 15   2 0.73
 15   3 0.53
 15   4 0.29
 15   5 0.73
 15   6 0.61
 15   7 0.51
 15   8 0.76
 15   9 0.70
 15  10 0.69
 15  11 0.49
 15  12 0.67
 15  13 0.72
 15  14 0.65
 15  15 0.57
 15  16 0.67
 15  17 0.67
 15  18 0.62
 15  19 0.69
 15  20 0.56
 15  21 0.51
 15  22 0.34
 16   1 0.72
 16   2 0.66
 16   3 0.70
 16   4 0.44
 16   5 0.65
 16   6 0.79
 16   7 0.74
 16   8 0.72
 16   9 0.61
 16  10 0.76
 16  11 0.73
 16  12 0.70
 16  13 0.72
 16  14 0.75
 16  15 0.60
 16  16 0.79
 16  17 0.79
 16  18 0.78
 16  19 0.75
 16  20 0.67
 16  21 0.71
 16  22 0.46
 17   1 0.75
 17   2 0.66
 17   3 0.72
 17   4 0.46
 17   5 0.72
 17   6 0.74
 17   7 0.69
 17   8 0.78
 17   9 0.72
 17  10 0.80
 17  11 0.69
 17  12 0.76
 17  13 0.84
 17  14 0.77
 17  15 0.65
 17  16 0.79
 17  17 0.82
 17  18 0.78
 17  19 0.82
 17  20 0.71
 17  21 0.65
 17  22 0.44
 18   1 0.66
 18   2 0.58
 18   3 0.69
 18   4 0.41
 18   5 0.64
 18   6 0.70
 18   7 0.71
 18   8 0.65
 18   9 0.63
 18  10 0.78
 18  11 0.70
 18  12 0.68
 18  13 0.74
 18  14 0.78
 18  15 0.54
 18  16 0.75
 18  17 0.78
 18  18 0.70
 18  19 0.75
 18  20 0.67
 18  21 0.62
 18  22 0.37
 19   1 0.86
 19   2 0.72
 19   3 0.64
 19   4 0.39
 19   5 0.81
 19   6 0.68
 19   7 0.61
 19   8 0.82
 19   9 0.80
 19  10 0.76
 19  11 0.60
 19  12 0.69
 19  13 0.79
 19  14 0.74
 19  15 0.69
 19  16 0.70
 19  17 0.76
 19  18 0.71
 19  19 0.80
 19  20 0.73
 19  21 0.62
 19  22 0.41
 20   1 0.74
 20   2 0.64
 20   3 0.67
 20   4 0.45
 20   5 0.69
 20   6 0.70
 20   7 0.64
 20   8 0.73
 20   9 0.74
 20  10 0.74
 20  11 0.63
 20  12 0.68
 20  13 0.77
 20  14 0.71
 20  15 0.65
 20  16 0.64
 20  17 0.74
 20  18 0.74
 20  19 0.78
 20  20 0.70
 20  21 0.60
 20  22 0.49
 21   1 0.73
 21   2 0.58
 21   3 0.66
 21   4 0.44
 21   5 0.66
 21   6 0.64
 21   7 0.58
 21   8 0.73
 21   9 0.71
 21  10 0.69
 21  11 0.60
 21  12 0.70
 21  13 0.77
 21  14 0.71
 21  15 0.63
 21  16 0.72
 21  17 0.71
 21  18 0.68
 21  19 0.76
 21  20 0.70
 21  21 0.58
 21  22 0.38
 22   1 0.66
 22   2 0.54
 22   3 0.71
 22   4 0.40
 22   5 0.58
 22   6 0.69
 22   7 0.63
 22   8 0.70
 22   9 0.68
 22  10 0.65
 22  11 0.62
 22  12 0.63
 22  13 0.69
 22  14 0.67
 22  15 0.66
 22  16 0.63
 22  17 0.67
 22  18 0.68
 22  19 0.77
 22  20 0.69
 22  21 0.63
 22  22 0.40
