  1   1 1.00
  1   2 0.30
  1   3 0.21
  1   4 0.19
  1   5 0.22
  1   6 0.23
  1   7 0.09
  1   8 0.39
  1   9 0.17
  1  10 0.24
  1  11 0.18
  1  12 0.13
  1  13 0.19
  1  14 0.24
  1  15 0.17
  1  16 0.20
  1  17 0.21
  1  18 0.21
  1  19 0.25
  1  20 0.21
  1  21 0.15
  1  22 0.20
  2   1 0.30
  2   2 1.00
  2   3 0.20
  2   4 0.24
  2   5 0.30
  2   6 0.37
  2   7 0.14
  2   8 0.40
  2   9 0.19
  2  10 0.24
  2  11 0.36
  2  12 0.29
  2  13 0.23
  2  14 0.44
  2  15 0.29
  2  16 0.22
  2  17 0.26
  2  18 0.26
  2  19 0.18
  2  20 0.28
  2  21 0.20
  2  22 0.29
  3   1 0.21
  3   2 0.20
  3   3 1.00
  3   4 0.18
  3   5 0.37
  3   6 0.23
  3   7 0.12
  3   8 0.28
  3   9 0.28
  3  10 0.19
  3  11 0.24
  3  12 0.20
  3  13 0.32
  3  14 0.16
  3  15 0.24
  3  16 0.25
  3  17 0.22
  3  18 0.22
  3  19 0.24
  3  20 0.20
  3  21 0.33
  3  22 0.26
  4   1 0.19
  4   2 0.24
  4   3 0.18
  4   4 1.00
  4   5 0.29
  4   6 0.24
  4   7 0.16
  4   8 0.23
  4   9 0.35
  4  10 0.25
  4  11 0.24
  4  12 0.23
  4  13 0.25
  4  14 0.14
  4  15 0.23
  4  16 0.22
  4  17 0.27
  4  18 0.27
  4  19 0.12
  4  20 0.19
  4  21 0.16
  4  22 0.25
  5   1 0.22
  5   2 0.30
  5   3 0.37
  5   4 0.29
  5   5 1.00
  5   6 0.28
  5   7 0.10
  5   8 0.23
  5   9 0.48
  5  10 0.19
  5  11 0.22
  5  12 0.31
  5  13 0.44
  5  14 0.24
  5  15 0.32
  5  16 0.23
  5  17 0.22
  5  18 0.28
  5  19 0.17
  5  20 0.17
  5  21 0.41
  5  22 0.36
  6   1 0.23
  6   2 0.37
  6   3 0.23
  6   4 0.24
  6   5 0.28
  6   6 1.00
  6   7 0.16
  6   8 0.39
  6   9 0.23
  6  10 0.33
  6  11 0.38
  6  12 0.36
  6  13 0.20
  6  14 0.37
  6  15 0.30
  6  16 0.28
  6  17 0.37
  6  18 0.39
  6  19 0.20
  6  20 0.34
  6  21 0.28
  6  22 0.24
  7   1 0.09
  7   2 0.14
  7   3 0.12
  7   4 0.16
  7   5 0.10
  7   6 0.16
  7   7 1.00
  7   8 0.20
  7   9 0.11
  7  10 0.14
  7  11 0.21
  7  12 0.24
  7  13 0.08
  7  14 0.07
  7  15 0.23
  7  16 0.19
  7  17 0.13
  7  18 0.19
  7  19 0.21
  7  20 0.32
  7  21 0.09
  7  22 0.12
  8   1 0.39
  8   2 0.40
  8   3 0.28
  8   4 0.23
  8   5 0.23
  8   6 0.39
  8   7 0.20
  8   8 1.00
  8   9 0.24
  8  10 0.34
  8  11 0.37
  8  12 0.29
  8  13 0.19
  8  14 0.27
  8  15 0.26
  8  16 0.33
  8  17 0.40
  8  18 0.32
  8  19 0.42
  8  20 0.35
  8  21 0.17
  8  22 0.31
  9   1 0.17
  9   2 0.19
  9   3 0.28
  9   4 0.35
  9   5 0.48
  9   6 0.23
  9   7 0.11
  9   8 0.24
  9   9 1.00
  9  10 0.15
  9  11 0.19
  9  12 0.29
  9  13 0.28
  9  14 0.19
  9  15 0.37
  9  16 0.20
  9  17 0.17
  9  18 0.20
  9  19 0.10
  9  20 0.16
  9  21 0.28
  9  22 0.30
 10   1 0.24
 10   2 0.24
 10   3 0.19
 10   4 0.25
 10   5 0.19
 10   6 0.33
 10   7 0.14
 10   8 0.34
 10   9 0.15
 10  10 1.00
 10  11 0.35
 10  12 0.15
 10  13 0.17
 10  14 0.18
 10  15 0.23
 10  16 0.23
 10  17 0.27
 10  18 0.34
 10  19 0.38
 10  20 0.30
 10  21 0.14
 10  22 0.24
 11   1 0.18
 11   2 0.36
 11   3 0.24
 11   4 0.24
 11   5 0.22
 11   6 0.38
 11   7 0.21
 11   8 0.37
 11   9 0.19
 11  10 0.35
 11  11 1.00
 11  12 0.31
 11  13 0.22
 11  14 0.19
 11  15 0.44
 11  16 0.40
 11  17 0.39
 11  18 0.39
 11  19 0.35
 11  20 0.31
 11  21 0.26
 11  22 0.25
 12   1 0.13
 12   2 0.29
 12   3 0.20
 12   4 0.23
 12   5 0.31
 12   6 0.36
 12   7 0.24
 12   8 0.29
 12   9 0.29
 12  10 0.15
 12  11 0.31
 12  12 1.00
 12  13 0.20
 12  14 0.25
 12  15 0.39
 12  16 0.28
 12  17 0.30
 12  18 0.28
 12  19 0.14
 12  20 0.22
 12  21 0.28
 12  22 0.21
 13   1 0.19
 13   2 0.23
 13   3 0.32
 13   4 0.25
 13   5 0.44
 13   6 0.20
 13   7 0.08
 13   8 0.19
 13   9 0.28
 13  10 0.17
 13  11 0.22
 13  12 0.20
 13  13 1.00
 13  14 0.19
 13  15 0.19
 13  16 0.24
 13  17 0.21
 13  18 0.23
 13  19 0.08
 13  20 0.15
 13  21 0.35
 13  22 0.28
 14   1 0.24
 14   2 0.44
 14   3 0.16
 14   4 0.14
 14   5 0.24
 14   6 0.37
 14   7 0.07
 14   8 0.27
 14   9 0.19
 14  10 0.18
 14  11 0.19
 14  12 0.25
 14  13 0.19
 14  14 1.00
 14  15 0.23
 14  16 0.16
 14  17 0.17
 14  18 0.25
 14  19 0.08
 14  20 0.23
 14  21 0.25
 14  22 0.26
 15   1 0.17
 15   2 0.29
 15   3 0.24
 15   4 0.23
 15   5 0.32
 15   6 0.30
 15   7 0.23
 15   8 0.26
 15   9 0.37
 15  10 0.23
 15  11 0.44
 15  12 0.39
 15  13 0.19
 15  14 0.23
 15  15 1.00
 15  16 0.30
 15  17 0.37
 15  18 0.33
 15  19 0.27
 15  20 0.32
 15  21 0.31
 15  22 0.30
 16   1 0.20
 16   2 0.22
 16   3 0.25
 16   4 0.22
 16   5 0.23
 16   6 0.28
 16   7 0.19
 16   8 0.33
 16   9 0.20
 16  10 0.23
 16  11 0.40
 16  12 0.28
 16  13 0.24
 16  14 0.16
 16  15 0.30
 16  16 1.00
 16  17 0.34
 16  18 0.31
 16  19 0.21
 16  20 0.22
 16  21 0.26
 16  22 0.21
 17   1 0.21
 17   2 0.26
 17   3 0.22
 17   4 0.27
 17   5 0.22
 17   6 0.37
 17   7 0.13
 17   8 0.40
 17   9 0.17
 17  10 0.27
 17  11 0.39
 17  12 0.30
 17  13 0.21
 17  14 0.17
 17  15 0.37
 17  16 0.34
 17  17 1.00
 17  18 0.34
 17  19 0.29
 17  20 0.26
 17  21 0.17
 17  22 0.23
 18   1 0.21
 18   2 0.26
 18   3 0.22
 18   4 0.27
 18   5 0.28
 18   6 0.39
 18   7 0.19
 18   8 0.32
 18   9 0.20
 18  10 0.34
 18  11 0.39
 18  12 0.28
 18  13 0.23
 18  14 0.25
 18  15 0.33
 18  16 0.31
 18  17 0.34
 18  18 1.00
 18  19 0.26
 18  20 0.24
 18  21 0.33
 18  22 0.30
 19   1 0.25
 19   2 0.18
 19   3 0.24
 19   4 0.12
 19   5 0.17
 19   6 0.20
 19   7 0.21
 19   8 0.42
 19   9 0.10
 19  10 0.38
 19  11 0.35
 19  12 0.14
 19  13 0.08
 19  14 0.08
 19  15 0.27
 19  16 0.21
 19  17 0.29
 19  18 0.26
 19  19 1.00
 19  20 0.37
 19  21 0.15
 19  22 0.18
 20   1 0.21
 20   2 0.28
 20   3 0.20
 20   4 0.19
 20   5 0.17
 20   6 0.34
 20   7 0.32
 20   8 0.35
 20   9 0.16
 20  10 0.30
 20  11 0.31
 20  12 0.22
 20  13 0.15
 20  14 0.23
 20  15 0.32
 20  16 0.22
 20  17 0.26
 20  18 0.24
 20  19 0.37
 20  20 1.00
 20  21 0.17
 20  22 0.21
 21   1 0.15
 21   2 0.20
 21   3 0.33
 21   4 0.16
 21   5 0.41
 21   6 0.28
 21   7 0.09
 21   8 0.17
 21   9 0.28
 21  10 0.14
 21  11 0.26
 21  12 0.28
 21  13 0.35
 21  14 0.25
 21  15 0.31
 21  16 0.26
 21  17 0.17
 21  18 0.33
 21  19 0.15
 21  20 0.17
 21  21 1.00
 21  22 0.18
 22   1 0.20
 22   2 0.29
 22   3 0.26
 22   4 0.25
 22   5 0.36
 22   6 0.24
 22   7 0.12
 22   8 0.31
 22   9 0.30
 22  10 0.24
 22  11 0.25
 22  12 0.21
 22  13 0.28
 22  14 0.26
 22  15 0.30
 22  16 0.21
 22  17 0.23
 22  18 0.30
 22  19 0.18
 22  20 0.21
 22  21 0.18
 22  22 1.00
