  1   1 0.57
  1   2 0.65
  1   3 0.58
  1   4 0.49
  1   5 0.51
  1   6 0.78
  1   7 0.51
  1   8 0.70
  1   9 0.69
  1  10 0.33
  1  11 0.67
  1  12 0.50
  1  13 0.62
  1  14 0.58
  1  15 0.53
  1  16 0.54
  1  17 0.63
  1  18 0.48
  1  19 0.76
  1  20 0.61
  1  21 0.43
  1  22 0.63
  2   1 0.49
  2   2 0.61
  2   3 0.58
  2   4 0.51
  2   5 0.61
  2   6 0.48
  2   7 0.33
  2   8 0.54
  2   9 0.75
  2  10 0.61
  2  11 0.64
  2  12 0.63
  2  13 0.70
  2  14 0.65
  2  15 0.76
  2  16 0.73
  2  17 0.58
  2  18 0.34
  2  19 0.46
  2  20 0.30
  2  21 0.22
  2  22 0.50
  3   1 0.53
  3   2 0.55
  3   3 0.42
  3   4 0.52
  3   5 0.73
  3   6 0.66
  3   7 0.39
  3   8 0.59
  3   9 0.60
  3  10 0.42
  3  11 0.41
  3  12 0.58
  3  13 0.67
  3  14 0.67
  3  15 0.68
  3  16 0.67
  3  17 0.47
  3  18 0.64
  3  19 0.54
  3  20 0.31
  3  21 0.25
  3  22 0.36
  4   1 0.59
  4   2 0.66
  4   3 0.47
  4   4 0.75
  4   5 0.48
  4   6 0.70
  4   7 0.61
  4   8 0.85
  4   9 0.57
  4  10 0.43
  4  11 0.45
  4  12 0.50
  4  13 0.59
  4  14 0.62
  4  15 0.50
  4  16 0.51
  4  17 0.69
  4  18 0.54
  4  19 0.67
  4  20 0.37
  4  21 0.35
  4  22 0.47
  5   1 0.48
  5   2 0.50
  5   3 0.47
  5   4 0.53
  5   5 0.74
  5   6 0.61
  5   7 0.39
  5   8 0.68
  5   9 0.58
  5  10 0.36
  5  11 0.51
  5  12 0.76
  5  13 0.87
  5  14 0.72
  5  15 0.77
  5  16 0.76
  5  17 0.60
  5  18 0.69
  5  19 0.55
  5  20 0.36
  5  21 0.26
  5  22 0.41
  6   1 0.59
  6   2 0.68
  6   3 0.74
  6   4 0.70
  6   5 0.62
  6   6 0.62
  6   7 0.52
  6   8 0.78
  6   9 0.72
  6  10 0.62
  6  11 0.65
  6  12 0.64
  6  13 0.74
  6  14 0.74
  6  15 0.71
  6  16 0.76
  6  17 0.69
  6  18 0.47
  6  19 0.60
  6  20 0.37
  6  21 0.23
  6  22 0.54
  7   1 0.43
  7   2 0.47
  7   3 0.51
  7   4 0.54
  7   5 0.63
  7   6 0.58
  7   7 0.40
  7   8 0.77
  7   9 0.53
  7  10 0.33
  7  11 0.60
  7  12 0.71
  7  13 0.70
  7  14 0.68
  7  15 0.56
  7  16 0.64
  7  17 0.64
  7  18 0.53
  7  19 0.54
  7  20 0.47
  7  21 0.21
  7  22 0.49
  8   1 0.70
  8   2 0.82
  8   3 0.57
  8   4 0.79
  8   5 0.54
  8   6 0.73
  8   7 0.58
  8   8 0.77
  8   9 0.76
  8  10 0.63
  8  11 0.60
  8  12 0.51
  8  13 0.56
  8  14 0.73
  8  15 0.60
  8  16 0.63
  8  17 0.70
  8  18 0.41
  8  19 0.70
  8  20 0.44
  8  21 0.39
  8  22 0.62
  9   1 0.57
  9   2 0.66
  9   3 0.53
  9   4 0.39
  9   5 0.34
  9   6 0.68
  9   7 0.41
  9   8 0.51
  9   9 0.71
  9  10 0.40
  9  11 0.66
  9  12 0.33
  9  13 0.40
  9  14 0.47
  9  15 0.42
  9  16 0.47
  9  17 0.58
  9  18 0.24
  9  19 0.65
  9  20 0.64
  9  21 0.36
  9  22 0.69
 10   1 0.60
 10   2 0.69
 10   3 0.68
 10   4 0.60
 10   5 0.69
 10   6 0.78
 10   7 0.51
 10   8 0.81
 10   9 0.76
 10  10 0.42
 10  11 0.66
 10  12 0.60
 10  13 0.77
 10  14 0.70
 10  15 0.70
 10  16 0.70
 10  17 0.70
 10  18 0.57
 10  19 0.76
 10  20 0.55
 10  21 0.37
 10  22 0.60
 11   1 0.57
 11   2 0.61
 11   3 0.58
 11   4 0.61
 11   5 0.68
 11   6 0.60
 11   7 0.38
 11   8 0.77
 11   9 0.62
 11  10 0.48
 11  11 0.60
 11  12 0.77
 11  13 0.74
 11  14 0.74
 11  15 0.72
 11  16 0.73
 11  17 0.67
 11  18 0.58
 11  19 0.56
 11  20 0.45
 11  21 0.26
 11  22 0.58
 12   1 0.38
 12   2 0.44
 12   3 0.36
 12   4 0.60
 12   5 0.47
 12   6 0.36
 12   7 0.33
 12   8 0.45
 12   9 0.54
 12  10 0.54
 12  11 0.47
 12  12 0.42
 12  13 0.44
 12  14 0.60
 12  15 0.50
 12  16 0.56
 12  17 0.44
 12  18 0.31
 12  19 0.35
 12  20 0.19
 12  21 0.23
 12  22 0.45
 13   1 0.36
 13   2 0.50
 13   3 0.46
 13   4 0.27
 13   5 0.14
 13   6 0.46
 13   7 0.35
 13   8 0.33
 13   9 0.59
 13  10 0.20
 13  11 0.63
 13  12 0.16
 13  13 0.21
 13  14 0.28
 13  15 0.27
 13  16 0.21
 13  17 0.33
 13  18 0.14
 13  19 0.58
 13  20 0.45
 13  21 0.54
 13  22 0.44
 14   1 0.56
 14   2 0.63
 14   3 0.55
 14   4 0.51
 14   5 0.47
 14   6 0.72
 14   7 0.63
 14   8 0.72
 14   9 0.62
 14  10 0.39
 14  11 0.56
 14  12 0.39
 14  13 0.55
 14  14 0.54
 14  15 0.46
 14  16 0.48
 14  17 0.60
 14  18 0.38
 14  19 0.74
 14  20 0.60
 14  21 0.36
 14  22 0.61
 15   1 0.58
 15   2 0.74
 15   3 0.65
 15   4 0.52
 15   5 0.40
 15   6 0.70
 15   7 0.46
 15   8 0.70
 15   9 0.74
 15  10 0.54
 15  11 0.68
 15  12 0.46
 15  13 0.56
 15  14 0.60
 15  15 0.51
 15  16 0.59
 15  17 0.73
 15  18 0.34
 15  19 0.67
 15  20 0.50
 15  21 0.35
 15  22 0.69
 16   1 0.60
 16   2 0.64
 16   3 0.49
 16   4 0.45
 16   5 0.44
 16   6 0.73
 16   7 0.51
 16   8 0.58
 16   9 0.70
 16  10 0.42
 16  11 0.60
 16  12 0.51
 16  13 0.58
 16  14 0.52
 16  15 0.49
 16  16 0.49
 16  17 0.58
 16  18 0.48
 16  19 0.68
 16  20 0.59
 16  21 0.32
 16  22 0.53
 17   1 0.54
 17   2 0.73
 17   3 0.66
 17   4 0.43
 17   5 0.42
 17   6 0.50
 17   7 0.29
 17   8 0.45
 17   9 0.77
 17  10 0.62
 17  11 0.65
 17  12 0.42
 17  13 0.42
 17  14 0.50
 17  15 0.55
 17  16 0.57
 17  17 0.52
 17  18 0.25
 17  19 0.50
 17  20 0.29
 17  21 0.30
 17  22 0.58
 18   1 0.46
 18   2 0.48
 18   3 0.50
 18   4 0.58
 18   5 0.66
 18   6 0.55
 18   7 0.43
 18   8 0.72
 18   9 0.51
 18  10 0.37
 18  11 0.55
 18  12 0.76
 18  13 0.70
 18  14 0.66
 18  15 0.60
 18  16 0.66
 18  17 0.65
 18  18 0.60
 18  19 0.51
 18  20 0.35
 18  21 0.23
 18  22 0.42
 19   1 0.50
 19   2 0.51
 19   3 0.53
 19   4 0.66
 19   5 0.82
 19   6 0.54
 19   7 0.42
 19   8 0.76
 19   9 0.57
 19  10 0.43
 19  11 0.50
 19  12 0.80
 19  13 0.80
 19  14 0.74
 19  15 0.71
 19  16 0.78
 19  17 0.62
 19  18 0.65
 19  19 0.50
 19  20 0.28
 19  21 0.19
 19  22 0.39
 20   1 0.58
 20   2 0.68
 20   3 0.48
 20   4 0.36
 20   5 0.29
 20   6 0.54
 20   7 0.32
 20   8 0.38
 20   9 0.64
 20  10 0.58
 20  11 0.48
 20  12 0.27
 20  13 0.30
 20  14 0.44
 20  15 0.37
 20  16 0.46
 20  17 0.53
 20  18 0.22
 20  19 0.59
 20  20 0.25
 20  21 0.38
 20  22 0.54
 21   1 0.66
 21   2 0.83
 21   3 0.64
 21   4 0.56
 21   5 0.44
 21   6 0.72
 21   7 0.46
 21   8 0.55
 21   9 0.83
 21  10 0.58
 21  11 0.65
 21  12 0.34
 21  13 0.47
 21  14 0.50
 21  15 0.47
 21  16 0.57
 21  17 0.57
 21  18 0.28
 21  19 0.70
 21  20 0.42
 21  21 0.38
 21  22 0.55
 22   1 0.64
 22   2 0.77
 22   3 0.48
 22   4 0.52
 22   5 0.48
 22   6 0.70
 22   7 0.36
 22   8 0.52
 22   9 0.80
 22  10 0.58
 22  11 0.57
 22  12 0.44
 22  13 0.46
 22  14 0.61
 22  15 0.55
 22  16 0.61
 22  17 0.53
 22  18 0.33
 22  19 0.64
 22  20 0.41
 22  21 0.35
 22  22 0.60
