  1   1 0.43
  1   2 0.18
  1   3 0.47
  1   4 0.15
  1   5 0.68
  1   6 0.44
  1   7 0.48
  1   8 0.25
  1   9 0.33
  1  10 0.47
  1  11 0.65
  1  12 0.34
  1  13 0.42
  1  14 0.51
  1  15 0.75
  1  16 0.56
  1  17 0.49
  1  18 0.78
  1  19 0.64
  1  20 0.61
  1  21 0.35
  1  22 0.14
  2   1 0.82
  2   2 0.36
  2   3 0.67
  2   4 0.09
  2   5 0.55
  2   6 0.73
  2   7 0.78
  2   8 0.47
  2   9 0.69
  2  10 0.70
  2  11 0.31
  2  12 0.42
  2  13 0.31
  2  14 0.76
  2  15 0.72
  2  16 0.45
  2  17 0.52
  2  18 0.54
  2  19 0.45
  2  20 0.57
  2  21 0.50
  2  22 0.20
  3   1 0.58
  3   2 0.34
  3   3 0.46
  3   4 0.09
  3   5 0.54
  3   6 0.62
  3   7 0.62
  3   8 0.49
  3   9 0.44
  3  10 0.54
  3  11 0.36
  3  12 0.28
  3  13 0.30
  3  14 0.82
  3  15 0.54
  3  16 0.38
  3  17 0.47
  3  18 0.68
  3  19 0.49
  3  20 0.75
  3  21 0.39
  3  22 0.26
  4   1 0.41
  4   2 0.30
  4   3 0.36
  4   4 0.06
  4   5 0.64
  4   6 0.56
  4   7 0.39
  4   8 0.30
  4   9 0.55
  4  10 0.48
  4  11 0.49
  4  12 0.48
  4  13 0.57
  4  14 0.49
  4  15 0.69
  4  16 0.74
  4  17 0.58
  4  18 0.64
  4  19 0.55
  4  20 0.69
  4  21 0.57
  4  22 0.16
  5   1 0.38
  5   2 0.12
  5   3 0.44
  5   4 0.08
  5   5 0.43
  5   6 0.49
  5   7 0.42
  5   8 0.32
  5   9 0.35
  5  10 0.59
  5  11 0.39
  5  12 0.16
  5  13 0.24
  5  14 0.65
  5  15 0.51
  5  16 0.37
  5  17 0.57
  5  18 0.51
  5  19 0.62
  5  20 0.69
  5  21 0.46
  5  22 0.25
  6   1 0.23
  6   2 0.18
  6   3 0.26
  6   4 0.02
  6   5 0.69
  6   6 0.36
  6   7 0.39
  6   8 0.15
  6   9 0.31
  6  10 0.28
  6  11 0.69
  6  12 0.46
  6  13 0.53
  6  14 0.31
  6  15 0.68
  6  16 0.77
  6  17 0.41
  6  18 0.68
  6  19 0.76
  6  20 0.54
  6  21 0.38
  6  22 0.06
  7   1 0.40
  7   2 0.22
  7   3 0.37
  7   4 0.09
  7   5 0.71
  7   6 0.62
  7   7 0.47
  7   8 0.32
  7   9 0.49
  7  10 0.51
  7  11 0.62
  7  12 0.41
  7  13 0.45
  7  14 0.56
  7  15 0.77
  7  16 0.71
  7  17 0.56
  7  18 0.77
  7  19 0.75
  7  20 0.76
  7  21 0.51
  7  22 0.12
  8   1 0.51
  8   2 0.24
  8   3 0.45
  8   4 0.08
  8   5 0.63
  8   6 0.73
  8   7 0.49
  8   8 0.34
  8   9 0.61
  8  10 0.63
  8  11 0.46
  8  12 0.44
  8  13 0.46
  8  14 0.65
  8  15 0.80
  8  16 0.74
  8  17 0.74
  8  18 0.69
  8  19 0.73
  8  20 0.78
  8  21 0.58
  8  22 0.13
  9   1 0.39
  9   2 0.20
  9   3 0.33
  9   4 0.13
  9   5 0.52
  9   6 0.37
  9   7 0.54
  9   8 0.32
  9   9 0.26
  9  10 0.33
  9  11 0.51
  9  12 0.29
  9  13 0.30
  9  14 0.49
  9  15 0.56
  9  16 0.45
  9  17 0.30
  9  18 0.70
  9  19 0.67
  9  20 0.64
  9  21 0.25
  9  22 0.14
 10   1 0.26
 10   2 0.25
 10   3 0.25
 10   4 0.04
 10   5 0.60
 10   6 0.35
 10   7 0.28
 10   8 0.24
 10   9 0.37
 10  10 0.38
 10  11 0.50
 10  12 0.34
 10  13 0.37
 10  14 0.36
 10  15 0.51
 10  16 0.55
 10  17 0.42
 10  18 0.62
 10  19 0.56
 10  20 0.44
 10  21 0.27
 10  22 0.06
 11   1 0.20
 11   2 0.25
 11   3 0.20
 11   4 0.02
 11   5 0.72
 11   6 0.27
 11   7 0.29
 11   8 0.16
 11   9 0.34
 11  10 0.27
 11  11 0.60
 11  12 0.36
 11  13 0.48
 11  14 0.25
 11  15 0.54
 11  16 0.62
 11  17 0.31
 11  18 0.62
 11  19 0.66
 11  20 0.41
 11  21 0.28
 11  22 0.05
 12   1 0.55
 12   2 0.40
 12   3 0.49
 12   4 0.06
 12   5 0.54
 12   6 0.67
 12   7 0.65
 12   8 0.37
 12   9 0.60
 12  10 0.51
 12  11 0.44
 12  12 0.38
 12  13 0.32
 12  14 0.73
 12  15 0.68
 12  16 0.54
 12  17 0.56
 12  18 0.59
 12  19 0.68
 12  20 0.71
 12  21 0.52
 12  22 0.12
 13   1 0.17
 13   2 0.15
 13   3 0.16
 13   4 0.07
 13   5 0.63
 13   6 0.18
 13   7 0.25
 13   8 0.16
 13   9 0.21
 13  10 0.24
 13  11 0.53
 13  12 0.31
 13  13 0.47
 13  14 0.17
 13  15 0.41
 13  16 0.44
 13  17 0.26
 13  18 0.58
 13  19 0.58
 13  20 0.27
 13  21 0.15
 13  22 0.05
 14   1 0.61
 14   2 0.37
 14   3 0.39
 14   4 0.09
 14   5 0.36
 14   6 0.41
 14   7 0.74
 14   8 0.58
 14   9 0.33
 14  10 0.44
 14  11 0.25
 14  12 0.24
 14  13 0.16
 14  14 0.55
 14  15 0.45
 14  16 0.26
 14  17 0.24
 14  18 0.48
 14  19 0.35
 14  20 0.47
 14  21 0.23
 14  22 0.44
 15   1 0.73
 15   2 0.34
 15   3 0.54
 15   4 0.10
 15   5 0.59
 15   6 0.88
 15   7 0.66
 15   8 0.43
 15   9 0.72
 15  10 0.60
 15  11 0.44
 15  12 0.48
 15  13 0.39
 15  14 0.82
 15  15 0.80
 15  16 0.58
 15  17 0.65
 15  18 0.69
 15  19 0.55
 15  20 0.78
 15  21 0.70
 15  22 0.20
 16   1 0.31
 16   2 0.12
 16   3 0.38
 16   4 0.07
 16   5 0.68
 16   6 0.41
 16   7 0.28
 16   8 0.22
 16   9 0.32
 16  10 0.45
 16  11 0.72
 16  12 0.35
 16  13 0.44
 16  14 0.42
 16  15 0.56
 16  16 0.51
 16  17 0.45
 16  18 0.61
 16  19 0.43
 16  20 0.56
 16  21 0.54
 16  22 0.26
 17   1 0.33
 17   2 0.19
 17   3 0.34
 17   4 0.06
 17   5 0.64
 17   6 0.41
 17   7 0.34
 17   8 0.16
 17   9 0.41
 17  10 0.43
 17  11 0.49
 17  12 0.56
 17  13 0.64
 17  14 0.32
 17  15 0.72
 17  16 0.86
 17  17 0.55
 17  18 0.62
 17  19 0.63
 17  20 0.57
 17  21 0.42
 17  22 0.06
 18   1 0.35
 18   2 0.29
 18   3 0.46
 18   4 0.10
 18   5 0.51
 18   6 0.38
 18   7 0.53
 18   8 0.24
 18   9 0.34
 18  10 0.35
 18  11 0.50
 18  12 0.33
 18  13 0.28
 18  14 0.57
 18  15 0.62
 18  16 0.55
 18  17 0.36
 18  18 0.66
 18  19 0.64
 18  20 0.72
 18  21 0.32
 18  22 0.11
 19   1 0.49
 19   2 0.40
 19   3 0.31
 19   4 0.03
 19   5 0.55
 19   6 0.61
 19   7 0.55
 19   8 0.28
 19   9 0.50
 19  10 0.32
 19  11 0.44
 19  12 0.56
 19  13 0.46
 19  14 0.61
 19  15 0.68
 19  16 0.71
 19  17 0.44
 19  18 0.63
 19  19 0.75
 19  20 0.69
 19  21 0.43
 19  22 0.09
 20   1 0.46
 20   2 0.33
 20   3 0.38
 20   4 0.03
 20   5 0.59
 20   6 0.58
 20   7 0.61
 20   8 0.32
 20   9 0.42
 20  10 0.39
 20  11 0.48
 20  12 0.41
 20  13 0.39
 20  14 0.65
 20  15 0.71
 20  16 0.68
 20  17 0.49
 20  18 0.70
 20  19 0.75
 20  20 0.73
 20  21 0.41
 20  22 0.11
 21   1 0.20
 21   2 0.17
 21   3 0.09
 21   4 0.11
 21   5 0.50
 21   6 0.19
 21   7 0.20
 21   8 0.16
 21   9 0.20
 21  10 0.18
 21  11 0.37
 21  12 0.30
 21  13 0.37
 21  14 0.20
 21  15 0.33
 21  16 0.33
 21  17 0.17
 21  18 0.43
 21  19 0.46
 21  20 0.24
 21  21 0.08
 21  22 0.03
 22   1 0.38
 22   2 0.23
 22   3 0.39
 22   4 0.06
 22   5 0.65
 22   6 0.55
 22   7 0.43
 22   8 0.31
 22   9 0.44
 22  10 0.55
 22  11 0.47
 22  12 0.36
 22  13 0.46
 22  14 0.57
 22  15 0.67
 22  16 0.70
 22  17 0.63
 22  18 0.71
 22  19 0.69
 22  20 0.71
 22  21 0.39
 22  22 0.10
