  1   1 0.69
  1   2 0.54
  1   3 0.44
  1   4 0.21
  1   5 0.58
  1   6 0.49
  1   7 0.35
  1   8 0.39
  1   9 0.65
  1  10 0.64
  1  11 0.61
  1  12 0.65
  1  13 0.72
  1  14 0.68
  1  15 0.60
  1  16 0.66
  1  17 0.66
  1  18 0.55
  1  19 0.41
  1  20 0.33
  1  21 0.63
  1  22 0.66
  2   1 0.51
  2   2 0.37
  2   3 0.56
  2   4 0.18
  2   5 0.40
  2   6 0.47
  2   7 0.42
  2   8 0.37
  2   9 0.56
  2  10 0.56
  2  11 0.57
  2  12 0.59
  2  13 0.62
  2  14 0.59
  2  15 0.63
  2  16 0.63
  2  17 0.41
  2  18 0.54
  2  19 0.29
  2  20 0.36
  2  21 0.74
  2  22 0.55
  3   1 0.53
  3   2 0.42
  3   3 0.60
  3   4 0.28
  3   5 0.41
  3   6 0.60
  3   7 0.22
  3   8 0.37
  3   9 0.67
  3  10 0.64
  3  11 0.47
  3  12 0.66
  3  13 0.62
  3  14 0.62
  3  15 0.71
  3  16 0.69
  3  17 0.51
  3  18 0.62
  3  19 0.42
  3  20 0.39
  3  21 0.66
  3  22 0.72
  4   1 0.50
  4   2 0.53
  4   3 0.60
  4   4 0.23
  4   5 0.63
  4   6 0.66
  4   7 0.23
  4   8 0.59
  4   9 0.62
  4  10 0.65
  4  11 0.47
  4  12 0.56
  4  13 0.52
  4  14 0.66
  4  15 0.52
  4  16 0.51
  4  17 0.66
  4  18 0.65
  4  19 0.61
  4  20 0.48
  4  21 0.48
  4  22 0.60
  5   1 0.62
  5   2 0.56
  5   3 0.65
  5   4 0.25
  5   5 0.60
  5   6 0.63
  5   7 0.39
  5   8 0.55
  5   9 0.72
  5  10 0.75
  5  11 0.63
  5  12 0.70
  5  13 0.64
  5  14 0.74
  5  15 0.69
  5  16 0.75
  5  17 0.61
  5  18 0.69
  5  19 0.55
  5  20 0.48
  5  21 0.71
  5  22 0.78
  6   1 0.58
  6   2 0.46
  6   3 0.62
  6   4 0.29
  6   5 0.51
  6   6 0.69
  6   7 0.28
  6   8 0.45
  6   9 0.75
  6  10 0.68
  6  11 0.57
  6  12 0.74
  6  13 0.67
  6  14 0.69
  6  15 0.74
  6  16 0.73
  6  17 0.59
  6  18 0.73
  6  19 0.38
  6  20 0.38
  6  21 0.73
  6  22 0.68
  7   1 0.53
  7   2 0.49
  7   3 0.60
  7   4 0.20
  7   5 0.55
  7   6 0.67
  7   7 0.23
  7   8 0.54
  7   9 0.66
  7  10 0.74
  7  11 0.56
  7  12 0.67
  7  13 0.71
  7  14 0.74
  7  15 0.70
  7  16 0.74
  7  17 0.62
  7  18 0.68
  7  19 0.45
  7  20 0.41
  7  21 0.68
  7  22 0.65
  8   1 0.59
  8   2 0.46
  8   3 0.61
  8   4 0.23
  8   5 0.50
  8   6 0.62
  8   7 0.36
  8   8 0.49
  8   9 0.71
  8  10 0.73
  8  11 0.59
  8  12 0.70
  8  13 0.67
  8  14 0.69
  8  15 0.67
  8  16 0.65
  8  17 0.55
  8  18 0.69
  8  19 0.44
  8  20 0.45
  8  21 0.70
  8  22 0.65
  9   1 0.75
  9   2 0.60
  9   3 0.50
  9   4 0.25
  9   5 0.63
  9   6 0.56
  9   7 0.42
  9   8 0.44
  9   9 0.66
  9  10 0.67
  9  11 0.70
  9  12 0.72
  9  13 0.78
  9  14 0.70
  9  15 0.65
  9  16 0.70
  9  17 0.71
  9  18 0.64
  9  19 0.43
  9  20 0.37
  9  21 0.66
  9  22 0.67
 10   1 0.41
 10   2 0.45
 10   3 0.62
 10   4 0.20
 10   5 0.52
 10   6 0.65
 10   7 0.27
 10   8 0.67
 10   9 0.54
 10  10 0.70
 10  11 0.45
 10  12 0.55
 10  13 0.42
 10  14 0.63
 10  15 0.51
 10  16 0.50
 10  17 0.51
 10  18 0.69
 10  19 0.57
 10  20 0.52
 10  21 0.50
 10  22 0.56
 11   1 0.63
 11   2 0.52
 11   3 0.64
 11   4 0.22
 11   5 0.53
 11   6 0.60
 11   7 0.49
 11   8 0.52
 11   9 0.69
 11  10 0.76
 11  11 0.67
 11  12 0.73
 11  13 0.68
 11  14 0.71
 11  15 0.71
 11  16 0.73
 11  17 0.58
 11  18 0.67
 11  19 0.49
 11  20 0.47
 11  21 0.75
 11  22 0.73
 12   1 0.42
 12   2 0.35
 12   3 0.60
 12   4 0.20
 12   5 0.40
 12   6 0.63
 12   7 0.20
 12   8 0.49
 12   9 0.64
 12  10 0.66
 12  11 0.46
 12  12 0.66
 12  13 0.60
 12  14 0.63
 12  15 0.74
 12  16 0.77
 12  17 0.47
 12  18 0.70
 12  19 0.34
 12  20 0.39
 12  21 0.74
 12  22 0.64
 13   1 0.39
 13   2 0.42
 13   3 0.55
 13   4 0.21
 13   5 0.48
 13   6 0.62
 13   7 0.22
 13   8 0.63
 13   9 0.53
 13  10 0.60
 13  11 0.40
 13  12 0.53
 13  13 0.36
 13  14 0.54
 13  15 0.50
 13  16 0.48
 13  17 0.45
 13  18 0.62
 13  19 0.55
 13  20 0.55
 13  21 0.43
 13  22 0.48
 14   1 0.56
 14   2 0.44
 14   3 0.52
 14   4 0.20
 14   5 0.47
 14   6 0.58
 14   7 0.38
 14   8 0.48
 14   9 0.64
 14  10 0.66
 14  11 0.57
 14  12 0.65
 14  13 0.61
 14  14 0.69
 14  15 0.65
 14  16 0.67
 14  17 0.47
 14  18 0.61
 14  19 0.35
 14  20 0.36
 14  21 0.66
 14  22 0.59
 15   1 0.48
 15   2 0.42
 15   3 0.64
 15   4 0.20
 15   5 0.49
 15   6 0.63
 15   7 0.30
 15   8 0.59
 15   9 0.63
 15  10 0.75
 15  11 0.55
 15  12 0.65
 15  13 0.58
 15  14 0.70
 15  15 0.69
 15  16 0.71
 15  17 0.52
 15  18 0.69
 15  19 0.47
 15  20 0.47
 15  21 0.70
 15  22 0.62
 16   1 0.45
 16   2 0.41
 16   3 0.60
 16   4 0.19
 16   5 0.46
 16   6 0.62
 16   7 0.23
 16   8 0.53
 16   9 0.65
 16  10 0.69
 16  11 0.49
 16  12 0.61
 16  13 0.55
 16  14 0.65
 16  15 0.62
 16  16 0.65
 16  17 0.52
 16  18 0.61
 16  19 0.45
 16  20 0.41
 16  21 0.59
 16  22 0.65
 17   1 0.45
 17   2 0.36
 17   3 0.62
 17   4 0.20
 17   5 0.43
 17   6 0.63
 17   7 0.24
 17   8 0.51
 17   9 0.68
 17  10 0.70
 17  11 0.47
 17  12 0.65
 17  13 0.60
 17  14 0.66
 17  15 0.76
 17  16 0.78
 17  17 0.47
 17  18 0.68
 17  19 0.36
 17  20 0.40
 17  21 0.78
 17  22 0.66
 18   1 0.70
 18   2 0.53
 18   3 0.48
 18   4 0.23
 18   5 0.53
 18   6 0.57
 18   7 0.39
 18   8 0.38
 18   9 0.69
 18  10 0.66
 18  11 0.65
 18  12 0.71
 18  13 0.75
 18  14 0.69
 18  15 0.68
 18  16 0.71
 18  17 0.61
 18  18 0.59
 18  19 0.40
 18  20 0.34
 18  21 0.68
 18  22 0.69
 19   1 0.75
 19   2 0.55
 19   3 0.45
 19   4 0.29
 19   5 0.53
 19   6 0.52
 19   7 0.36
 19   8 0.32
 19   9 0.68
 19  10 0.56
 19  11 0.63
 19  12 0.69
 19  13 0.66
 19  14 0.63
 19  15 0.62
 19  16 0.59
 19  17 0.60
 19  18 0.53
 19  19 0.37
 19  20 0.34
 19  21 0.55
 19  22 0.64
 20   1 0.50
 20   2 0.39
 20   3 0.58
 20   4 0.22
 20   5 0.42
 20   6 0.60
 20   7 0.32
 20   8 0.42
 20   9 0.65
 20  10 0.60
 20  11 0.55
 20  12 0.66
 20  13 0.62
 20  14 0.64
 20  15 0.75
 20  16 0.76
 20  17 0.45
 20  18 0.65
 20  19 0.30
 20  20 0.37
 20  21 0.76
 20  22 0.60
 21   1 0.50
 21   2 0.48
 21   3 0.59
 21   4 0.19
 21   5 0.53
 21   6 0.63
 21   7 0.28
 21   8 0.55
 21   9 0.65
 21  10 0.73
 21  11 0.55
 21  12 0.62
 21  13 0.60
 21  14 0.70
 21  15 0.59
 21  16 0.67
 21  17 0.56
 21  18 0.65
 21  19 0.48
 21  20 0.39
 21  21 0.63
 21  22 0.66
 22   1 0.34
 22   2 0.38
 22   3 0.48
 22   4 0.19
 22   5 0.45
 22   6 0.53
 22   7 0.24
 22   8 0.55
 22   9 0.42
 22  10 0.61
 22  11 0.33
 22  12 0.44
 22  13 0.33
 22  14 0.52
 22  15 0.42
 22  16 0.40
 22  17 0.39
 22  18 0.60
 22  19 0.49
 22  20 0.53
 22  21 0.43
 22  22 0.47
