  1   1 0.07
  1   2 0.07
  1   3 0.03
  1   5 0.14
  1   6 0.09
  1   7 0.06
  1   8 0.12
  1  10 0.16
  1  12 0.08
  1  13 0.04
  1  15 0.11
  1  16 0.10
  1  17 0.30
  1  18 0.09
  1  19 0.14
  1  21 0.06
  1  22 0.07
  2   1 0.03
  2   2 0.06
  2   3 0.01
  2   5 0.03
  2   6 0.08
  2   7 0.02
  2   8 0.01
  2  10 0.11
  2  12 0.03
  2  13 0.03
  2  15 0.03
  2  16 0.05
  2  17 0.03
  2  18 0.03
  2  19 0.09
  2  21 0.02
  2  22 0.08
  3   1 0.14
  3   2 0.20
  3   3 0.11
  3   5 0.10
  3   6 0.27
  3   7 0.04
  3   8 0.15
  3  10 0.24
  3  12 0.11
  3  13 0.12
  3  15 0.25
  3  16 0.19
  3  17 0.18
  3  18 0.23
  3  19 0.35
  3  21 0.17
  3  22 0.29
  4   1 0.07
  4   2 0.16
  4   3 0.05
  4   5 0.10
  4   6 0.22
  4   7 0.03
  4   8 0.06
  4  10 0.19
  4  12 0.03
  4  13 0.05
  4  15 0.20
  4  16 0.15
  4  17 0.07
  4  18 0.17
  4  19 0.24
  4  21 0.09
  4  22 0.20
  5   1 0.12
  5   2 0.08
  5   3 0.14
  5   5 0.15
  5   6 0.12
  5   7 0.06
  5   8 0.19
  5  10 0.24
  5  12 0.08
  5  13 0.04
  5  15 0.18
  5  16 0.15
  5  17 0.26
  5  18 0.14
  5  19 0.15
  5  21 0.10
  5  22 0.11
  6   1 0.13
  6   2 0.12
  6   3 0.10
  6   5 0.10
  6   6 0.18
  6   7 0.05
  6   8 0.13
  6  10 0.25
  6  12 0.14
  6  13 0.11
  6  15 0.18
  6  16 0.17
  6  17 0.14
  6  18 0.23
  6  19 0.28
  6  21 0.10
  6  22 0.14
  7   1 0.09
  7   2 0.14
  7   3 0.10
  7   5 0.11
  7   6 0.21
  7   7 0.07
  7   8 0.25
  7  10 0.20
  7  12 0.08
  7  13 0.17
  7  15 0.21
  7  16 0.24
  7  17 0.15
  7  18 0.31
  7  19 0.15
  7  21 0.19
  7  22 0.34
  8   1 0.11
  8   2 0.10
  8   3 0.05
  8   5 0.18
  8   6 0.14
  8   7 0.07
  8   8 0.25
  8  10 0.16
  8  12 0.05
  8  13 0.16
  8  15 0.18
  8  16 0.22
  8  17 0.17
  8  18 0.20
  8  19 0.19
  8  21 0.12
  8  22 0.17
  9   1 0.15
  9   2 0.17
  9   3 0.11
  9   5 0.11
  9   6 0.36
  9   7 0.06
  9   8 0.07
  9  10 0.38
  9  12 0.10
  9  13 0.12
  9  15 0.27
  9  16 0.16
  9  17 0.09
  9  18 0.25
  9  19 0.44
  9  21 0.10
  9  22 0.26
 10   1 0.16
 10   2 0.12
 10   3 0.10
 10   5 0.18
 10   6 0.21
 10   7 0.07
 10   8 0.26
 10  10 0.28
 10  12 0.14
 10  13 0.17
 10  15 0.29
 10  16 0.29
 10  17 0.35
 10  18 0.29
 10  19 0.34
 10  21 0.19
 10  22 0.28
 11   1 0.08
 11   2 0.13
 11   3 0.05
 11   5 0.07
 11   6 0.36
 11   7 0.04
 11   8 0.15
 11  10 0.23
 11  12 0.11
 11  13 0.05
 11  15 0.18
 11  16 0.35
 11  17 0.15
 11  18 0.20
 11  19 0.32
 11  21 0.16
 11  22 0.24
 12   1 0.19
 12   2 0.21
 12   3 0.15
 12   5 0.14
 12   6 0.24
 12   7 0.05
 12   8 0.16
 12  10 0.40
 12  12 0.16
 12  13 0.11
 12  15 0.28
 12  16 0.18
 12  17 0.13
 12  18 0.38
 12  19 0.27
 12  21 0.24
 12  22 0.29
 13   1 0.13
 13   2 0.12
 13   3 0.08
 13   5 0.10
 13   6 0.14
 13   7 0.04
 13   8 0.08
 13  10 0.17
 13  12 0.07
 13  13 0.08
 13  15 0.22
 13  16 0.12
 13  17 0.18
 13  18 0.12
 13  19 0.14
 13  21 0.10
 13  22 0.13
 14   1 0.02
 14   2 0.01
 14   3 0.03
 14   5 0.08
 14   6 0.01
 14   7 0.07
 14   8 0.17
 14  10 0.01
 14  12 0.00
 14  13 0.05
 14  15 0.03
 14  16 0.06
 14  17 0.07
 14  18 0.06
 14  19 0.00
 14  21 0.04
 14  22 0.04
 15   1 0.21
 15   2 0.23
 15   3 0.10
 15   5 0.18
 15   6 0.31
 15   7 0.07
 15   8 0.18
 15  10 0.40
 15  12 0.22
 15  13 0.13
 15  15 0.32
 15  16 0.32
 15  17 0.21
 15  18 0.37
 15  19 0.46
 15  21 0.21
 15  22 0.26
 16   1 0.10
 16   2 0.23
 16   3 0.05
 16   5 0.13
 16   6 0.25
 16   7 0.04
 16   8 0.08
 16  10 0.22
 16  12 0.07
 16  13 0.05
 16  15 0.18
 16  16 0.13
 16  17 0.11
 16  18 0.13
 16  19 0.23
 16  21 0.08
 16  22 0.14
 17   1 0.12
 17   2 0.22
 17   3 0.09
 17   5 0.11
 17   6 0.42
 17   7 0.06
 17   8 0.08
 17  10 0.51
 17  12 0.16
 17  13 0.11
 17  15 0.25
 17  16 0.19
 17  17 0.10
 17  18 0.28
 17  19 0.43
 17  21 0.13
 17  22 0.19
 18   1 0.14
 18   2 0.17
 18   3 0.21
 18   5 0.09
 18   6 0.39
 18   7 0.07
 18   8 0.11
 18  10 0.44
 18  12 0.21
 18  13 0.11
 18  15 0.31
 18  16 0.16
 18  17 0.17
 18  18 0.36
 18  19 0.50
 18  21 0.15
 18  22 0.17
 19   1 0.19
 19   2 0.15
 19   3 0.14
 19   5 0.14
 19   6 0.29
 19   7 0.07
 19   8 0.11
 19  10 0.40
 19  12 0.15
 19  13 0.10
 19  15 0.37
 19  16 0.21
 19  17 0.12
 19  18 0.29
 19  19 0.49
 19  21 0.16
 19  22 0.23
 20   1 0.00
 20   2 0.02
 20   3 0.00
 20   5 0.00
 20   6 0.01
 20   7 0.01
 20   8 0.00
 20  10 0.02
 20  12 0.00
 20  13 0.00
 20  15 0.01
 20  16 0.02
 20  17 0.02
 20  18 0.01
 20  19 0.05
 20  21 0.00
 20  22 0.02
 21   1 0.09
 21   2 0.07
 21   3 0.06
 21   5 0.07
 21   6 0.11
 21   7 0.03
 21   8 0.10
 21  10 0.19
 21  12 0.07
 21  13 0.05
 21  15 0.17
 21  16 0.15
 21  17 0.14
 21  18 0.13
 21  19 0.16
 21  21 0.11
 21  22 0.11
 22   1 0.06
 22   2 0.05
 22   3 0.06
 22   5 0.05
 22   6 0.10
 22   7 0.02
 22   8 0.02
 22  10 0.20
 22  12 0.04
 22  13 0.03
 22  15 0.11
 22  16 0.03
 22  17 0.06
 22  18 0.12
 22  19 0.17
 22  21 0.03
 22  22 0.11
