  1   1 0.53
  1   2 0.57
  1   3 0.45
  1   4 0.55
  1   5 0.44
  1   6 0.53
  1   7 0.31
  1   8 0.48
  1   9 0.55
  1  10 0.53
  1  11 0.59
  1  12 0.53
  1  13 0.50
  1  14 0.64
  1  15 0.56
  1  16 0.53
  1  17 0.61
  1  18 0.49
  1  19 0.62
  1  20 0.70
  1  21 0.56
  1  22 0.43
  2   1 0.55
  2   2 0.38
  2   3 0.33
  2   4 0.36
  2   5 0.29
  2   6 0.35
  2   7 0.22
  2   8 0.29
  2   9 0.19
  2  10 0.13
  2  11 0.38
  2  12 0.32
  2  13 0.44
  2  14 0.30
  2  15 0.32
  2  16 0.38
  2  17 0.43
  2  18 0.43
  2  19 0.34
  2  20 0.54
  2  21 0.63
  2  22 0.27
  3   1 0.45
  3   2 0.37
  3   3 0.39
  3   4 0.37
  3   5 0.55
  3   6 0.67
  3   7 0.38
  3   8 0.54
  3   9 0.41
  3  10 0.36
  3  11 0.67
  3  12 0.67
  3  13 0.47
  3  14 0.47
  3  15 0.69
  3  16 0.56
  3  17 0.50
  3  18 0.55
  3  19 0.61
  3  20 0.63
  3  21 0.39
  3  22 0.43
  4   1 0.50
  4   2 0.51
  4   3 0.41
  4   4 0.44
  4   5 0.35
  4   6 0.50
  4   7 0.28
  4   8 0.48
  4   9 0.45
  4  10 0.45
  4  11 0.49
  4  12 0.58
  4  13 0.45
  4  14 0.60
  4  15 0.59
  4  16 0.52
  4  17 0.47
  4  18 0.53
  4  19 0.52
  4  20 0.52
  4  21 0.47
  4  22 0.39
  5   1 0.32
  5   2 0.30
  5   3 0.39
  5   4 0.36
  5   5 0.40
  5   6 0.66
  5   7 0.28
  5   8 0.47
  5   9 0.55
  5  10 0.38
  5  11 0.64
  5  12 0.65
  5  13 0.37
  5  14 0.46
  5  15 0.69
  5  16 0.45
  5  17 0.38
  5  18 0.54
  5  19 0.62
  5  20 0.48
  5  21 0.31
  5  22 0.39
  6   1 0.40
  6   2 0.33
  6   3 0.31
  6   4 0.34
  6   5 0.41
  6   6 0.48
  6   7 0.39
  6   8 0.35
  6   9 0.33
  6  10 0.30
  6  11 0.64
  6  12 0.56
  6  13 0.44
  6  14 0.35
  6  15 0.58
  6  16 0.54
  6  17 0.64
  6  18 0.36
  6  19 0.50
  6  20 0.60
  6  21 0.41
  6  22 0.33
  7   1 0.51
  7   2 0.35
  7   3 0.48
  7   4 0.39
  7   5 0.48
  7   6 0.74
  7   7 0.40
  7   8 0.54
  7   9 0.35
  7  10 0.27
  7  11 0.53
  7  12 0.64
  7  13 0.57
  7  14 0.46
  7  15 0.68
  7  16 0.51
  7  17 0.37
  7  18 0.58
  7  19 0.59
  7  20 0.62
  7  21 0.40
  7  22 0.55
  8   1 0.66
  8   2 0.52
  8   3 0.51
  8   4 0.43
  8   5 0.47
  8   6 0.54
  8   7 0.38
  8   8 0.52
  8   9 0.30
  8  10 0.29
  8  11 0.46
  8  12 0.56
  8  13 0.62
  8  14 0.46
  8  15 0.56
  8  16 0.52
  8  17 0.48
  8  18 0.61
  8  19 0.52
  8  20 0.69
  8  21 0.51
  8  22 0.58
  9   1 0.41
  9   2 0.36
  9   3 0.44
  9   4 0.40
  9   5 0.51
  9   6 0.53
  9   7 0.24
  9   8 0.43
  9   9 0.52
  9  10 0.41
  9  11 0.64
  9  12 0.57
  9  13 0.46
  9  14 0.44
  9  15 0.54
  9  16 0.43
  9  17 0.51
  9  18 0.53
  9  19 0.56
  9  20 0.60
  9  21 0.50
  9  22 0.34
 10   1 0.37
 10   2 0.30
 10   3 0.32
 10   4 0.32
 10   5 0.44
 10   6 0.49
 10   7 0.40
 10   8 0.39
 10   9 0.35
 10  10 0.29
 10  11 0.62
 10  12 0.59
 10  13 0.40
 10  14 0.40
 10  15 0.62
 10  16 0.43
 10  17 0.45
 10  18 0.41
 10  19 0.51
 10  20 0.53
 10  21 0.38
 10  22 0.32
 11   1 0.56
 11   2 0.45
 11   3 0.38
 11   4 0.43
 11   5 0.44
 11   6 0.61
 11   7 0.49
 11   8 0.44
 11   9 0.32
 11  10 0.26
 11  11 0.73
 11  12 0.57
 11  13 0.49
 11  14 0.43
 11  15 0.63
 11  16 0.60
 11  17 0.52
 11  18 0.48
 11  19 0.50
 11  20 0.68
 11  21 0.53
 11  22 0.46
 12   1 0.42
 12   2 0.28
 12   3 0.32
 12   4 0.33
 12   5 0.31
 12   6 0.32
 12   7 0.16
 12   8 0.23
 12   9 0.15
 12  10 0.13
 12  11 0.28
 12  12 0.28
 12  13 0.39
 12  14 0.33
 12  15 0.27
 12  16 0.34
 12  17 0.41
 12  18 0.40
 12  19 0.26
 12  20 0.46
 12  21 0.53
 12  22 0.21
 13   1 0.33
 13   2 0.23
 13   3 0.28
 13   4 0.30
 13   5 0.40
 13   6 0.41
 13   7 0.34
 13   8 0.25
 13   9 0.30
 13  10 0.29
 13  11 0.58
 13  12 0.49
 13  13 0.35
 13  14 0.35
 13  15 0.48
 13  16 0.40
 13  17 0.58
 13  18 0.32
 13  19 0.41
 13  20 0.49
 13  21 0.39
 13  22 0.23
 14   1 0.56
 14   2 0.42
 14   3 0.39
 14   4 0.39
 14   5 0.44
 14   6 0.53
 14   7 0.42
 14   8 0.39
 14   9 0.31
 14  10 0.21
 14  11 0.66
 14  12 0.55
 14  13 0.49
 14  14 0.37
 14  15 0.54
 14  16 0.53
 14  17 0.56
 14  18 0.50
 14  19 0.49
 14  20 0.77
 14  21 0.57
 14  22 0.38
 15   1 0.53
 15   2 0.42
 15   3 0.39
 15   4 0.37
 15   5 0.49
 15   6 0.47
 15   7 0.35
 15   8 0.33
 15   9 0.27
 15  10 0.23
 15  11 0.55
 15  12 0.48
 15  13 0.54
 15  14 0.36
 15  15 0.49
 15  16 0.55
 15  17 0.66
 15  18 0.44
 15  19 0.49
 15  20 0.75
 15  21 0.56
 15  22 0.37
 16   1 0.61
 16   2 0.47
 16   3 0.55
 16   4 0.47
 16   5 0.51
 16   6 0.61
 16   7 0.46
 16   8 0.60
 16   9 0.48
 16  10 0.36
 16  11 0.62
 16  12 0.66
 16  13 0.57
 16  14 0.56
 16  15 0.75
 16  16 0.56
 16  17 0.50
 16  18 0.71
 16  19 0.63
 16  20 0.71
 16  21 0.52
 16  22 0.57
 17   1 0.51
 17   2 0.35
 17   3 0.41
 17   4 0.36
 17   5 0.38
 17   6 0.45
 17   7 0.31
 17   8 0.42
 17   9 0.33
 17  10 0.25
 17  11 0.56
 17  12 0.55
 17  13 0.46
 17  14 0.40
 17  15 0.45
 17  16 0.40
 17  17 0.46
 17  18 0.53
 17  19 0.44
 17  20 0.62
 17  21 0.56
 17  22 0.34
 18   1 0.39
 18   2 0.46
 18   3 0.37
 18   4 0.44
 18   5 0.40
 18   6 0.57
 18   7 0.28
 18   8 0.52
 18   9 0.59
 18  10 0.54
 18  11 0.53
 18  12 0.63
 18  13 0.50
 18  14 0.57
 18  15 0.51
 18  16 0.49
 18  17 0.42
 18  18 0.49
 18  19 0.66
 18  20 0.55
 18  21 0.48
 18  22 0.40
 19   1 0.58
 19   2 0.41
 19   3 0.46
 19   4 0.37
 19   5 0.44
 19   6 0.55
 19   7 0.52
 19   8 0.45
 19   9 0.30
 19  10 0.19
 19  11 0.61
 19  12 0.52
 19  13 0.58
 19  14 0.39
 19  15 0.56
 19  16 0.47
 19  17 0.48
 19  18 0.55
 19  19 0.43
 19  20 0.74
 19  21 0.53
 19  22 0.52
 20   1 0.34
 20   2 0.48
 20   3 0.43
 20   4 0.33
 20   5 0.34
 20   6 0.52
 20   7 0.24
 20   8 0.49
 20   9 0.55
 20  10 0.67
 20  11 0.51
 20  12 0.63
 20  13 0.36
 20  14 0.60
 20  15 0.53
 20  16 0.45
 20  17 0.50
 20  18 0.43
 20  19 0.60
 20  20 0.47
 20  21 0.40
 20  22 0.41
 21   1 0.56
 21   2 0.46
 21   3 0.45
 21   4 0.46
 21   5 0.42
 21   6 0.63
 21   7 0.36
 21   8 0.49
 21   9 0.38
 21  10 0.28
 21  11 0.64
 21  12 0.62
 21  13 0.53
 21  14 0.43
 21  15 0.68
 21  16 0.64
 21  17 0.61
 21  18 0.61
 21  19 0.57
 21  20 0.72
 21  21 0.58
 21  22 0.44
 22   1 0.43
 22   2 0.33
 22   3 0.30
 22   4 0.32
 22   5 0.39
 22   6 0.58
 22   7 0.49
 22   8 0.34
 22   9 0.27
 22  10 0.23
 22  11 0.63
 22  12 0.54
 22  13 0.40
 22  14 0.41
 22  15 0.57
 22  16 0.59
 22  17 0.60
 22  18 0.36
 22  19 0.47
 22  20 0.63
 22  21 0.41
 22  22 0.35
