  1   1 0.34
  1   2 0.17
  1   3 0.20
  1   4 0.60
  1   5 0.27
  1   6 0.31
  1   7 0.12
  1   8 0.38
  1   9 0.38
  1  10 0.31
  1  11 0.18
  1  12 0.26
  1  13 0.21
  1  14 0.29
  1  15 0.17
  1  16 0.30
  1  17 0.25
  1  18 0.42
  1  19 0.40
  1  20 0.43
  1  21 0.22
  1  22 0.45
  2   1 0.55
  2   2 0.54
  2   3 0.57
  2   4 0.33
  2   5 0.71
  2   6 0.49
  2   7 0.10
  2   8 0.41
  2   9 0.44
  2  10 0.55
  2  11 0.59
  2  12 0.59
  2  13 0.64
  2  14 0.70
  2  15 0.46
  2  16 0.58
  2  17 0.70
  2  18 0.43
  2  19 0.62
  2  20 0.32
  2  21 0.13
  2  22 0.62
  3   1 0.56
  3   2 0.27
  3   3 0.28
  3   4 0.48
  3   5 0.55
  3   6 0.46
  3   7 0.16
  3   8 0.52
  3   9 0.51
  3  10 0.48
  3  11 0.45
  3  12 0.40
  3  13 0.46
  3  14 0.50
  3  15 0.25
  3  16 0.56
  3  17 0.45
  3  18 0.44
  3  19 0.65
  3  20 0.35
  3  21 0.17
  3  22 0.60
  4   1 0.34
  4   2 0.24
  4   3 0.61
  4   4 0.37
  4   5 0.46
  4   6 0.34
  4   7 0.14
  4   8 0.32
  4   9 0.32
  4  10 0.32
  4  11 0.29
  4  12 0.45
  4  13 0.26
  4  14 0.60
  4  15 0.25
  4  16 0.36
  4  17 0.50
  4  18 0.32
  4  19 0.36
  4  20 0.33
  4  21 0.23
  4  22 0.44
  5   1 0.46
  5   2 0.33
  5   3 0.21
  5   4 0.33
  5   5 0.51
  5   6 0.58
  5   7 0.09
  5   8 0.51
  5   9 0.40
  5  10 0.45
  5  11 0.44
  5  12 0.27
  5  13 0.47
  5  14 0.36
  5  15 0.34
  5  16 0.54
  5  17 0.29
  5  18 0.53
  5  19 0.71
  5  20 0.46
  5  21 0.09
  5  22 0.57
  6   1 0.23
  6   2 0.16
  6   3 0.18
  6   4 0.22
  6   5 0.16
  6   6 0.14
  6   7 0.13
  6   8 0.11
  6   9 0.21
  6  10 0.23
  6  11 0.14
  6  12 0.27
  6  13 0.18
  6  14 0.23
  6  15 0.16
  6  16 0.14
  6  17 0.22
  6  18 0.15
  6  19 0.18
  6  20 0.13
  6  21 0.20
  6  22 0.18
  7   1 0.43
  7   2 0.31
  7   3 0.18
  7   4 0.35
  7   5 0.38
  7   6 0.45
  7   7 0.05
  7   8 0.31
  7   9 0.31
  7  10 0.37
  7  11 0.35
  7  12 0.34
  7  13 0.44
  7  14 0.30
  7  15 0.37
  7  16 0.42
  7  17 0.30
  7  18 0.51
  7  19 0.51
  7  20 0.38
  7  21 0.11
  7  22 0.50
  8   1 0.45
  8   2 0.48
  8   3 0.53
  8   4 0.39
  8   5 0.68
  8   6 0.42
  8   7 0.23
  8   8 0.31
  8   9 0.43
  8  10 0.48
  8  11 0.42
  8  12 0.57
  8  13 0.47
  8  14 0.71
  8  15 0.40
  8  16 0.49
  8  17 0.72
  8  18 0.40
  8  19 0.46
  8  20 0.34
  8  21 0.26
  8  22 0.48
  9   1 0.66
  9   2 0.52
  9   3 0.45
  9   4 0.36
  9   5 0.68
  9   6 0.34
  9   7 0.19
  9   8 0.30
  9   9 0.65
  9  10 0.62
  9  11 0.51
  9  12 0.46
  9  13 0.53
  9  14 0.62
  9  15 0.40
  9  16 0.51
  9  17 0.64
  9  18 0.36
  9  19 0.50
  9  20 0.30
  9  21 0.21
  9  22 0.48
 10   1 0.46
 10   2 0.48
 10   3 0.62
 10   4 0.35
 10   5 0.72
 10   6 0.38
 10   7 0.09
 10   8 0.24
 10   9 0.42
 10  10 0.50
 10  11 0.54
 10  12 0.52
 10  13 0.48
 10  14 0.64
 10  15 0.47
 10  16 0.47
 10  17 0.74
 10  18 0.28
 10  19 0.43
 10  20 0.21
 10  21 0.10
 10  22 0.43
 11   1 0.36
 11   2 0.31
 11   3 0.44
 11   4 0.37
 11   5 0.58
 11   6 0.59
 11   7 0.11
 11   8 0.43
 11   9 0.36
 11  10 0.38
 11  11 0.31
 11  12 0.25
 11  13 0.39
 11  14 0.67
 11  15 0.36
 11  16 0.58
 11  17 0.56
 11  18 0.60
 11  19 0.56
 11  20 0.37
 11  21 0.17
 11  22 0.64
 12   1 0.28
 12   2 0.18
 12   3 0.22
 12   4 0.48
 12   5 0.36
 12   6 0.45
 12   7 0.06
 12   8 0.31
 12   9 0.32
 12  10 0.32
 12  11 0.33
 12  12 0.51
 12  13 0.36
 12  14 0.38
 12  15 0.22
 12  16 0.44
 12  17 0.35
 12  18 0.49
 12  19 0.49
 12  20 0.25
 12  21 0.09
 12  22 0.41
 13   1 0.10
 13   2 0.11
 13   3 0.15
 13   4 0.15
 13   5 0.13
 13   6 0.10
 13   7 0.27
 13   8 0.06
 13   9 0.17
 13  10 0.17
 13  11 0.11
 13  12 0.09
 13  13 0.07
 13  14 0.14
 13  15 0.17
 13  16 0.13
 13  17 0.11
 13  18 0.09
 13  19 0.09
 13  20 0.11
 13  21 0.30
 13  22 0.09
 14   1 0.58
 14   2 0.47
 14   3 0.50
 14   4 0.42
 14   5 0.58
 14   6 0.40
 14   7 0.15
 14   8 0.41
 14   9 0.51
 14  10 0.56
 14  11 0.43
 14  12 0.53
 14  13 0.46
 14  14 0.64
 14  15 0.37
 14  16 0.44
 14  17 0.60
 14  18 0.47
 14  19 0.53
 14  20 0.39
 14  21 0.27
 14  22 0.55
 15   1 0.47
 15   2 0.39
 15   3 0.64
 15   4 0.34
 15   5 0.70
 15   6 0.47
 15   7 0.20
 15   8 0.42
 15   9 0.47
 15  10 0.41
 15  11 0.51
 15  12 0.34
 15  13 0.46
 15  14 0.72
 15  15 0.33
 15  16 0.51
 15  17 0.63
 15  18 0.33
 15  19 0.50
 15  20 0.40
 15  21 0.14
 15  22 0.58
 16   1 0.46
 16   2 0.38
 16   3 0.23
 16   4 0.42
 16   5 0.45
 16   6 0.45
 16   7 0.12
 16   8 0.39
 16   9 0.41
 16  10 0.52
 16  11 0.40
 16  12 0.46
 16  13 0.50
 16  14 0.35
 16  15 0.38
 16  16 0.44
 16  17 0.37
 16  18 0.62
 16  19 0.61
 16  20 0.48
 16  21 0.17
 16  22 0.50
 17   1 0.23
 17   2 0.20
 17   3 0.29
 17   4 0.22
 17   5 0.27
 17   6 0.18
 17   7 0.29
 17   8 0.17
 17   9 0.33
 17  10 0.39
 17  11 0.17
 17  12 0.16
 17  13 0.21
 17  14 0.23
 17  15 0.22
 17  16 0.15
 17  17 0.21
 17  18 0.21
 17  19 0.20
 17  20 0.29
 17  21 0.49
 17  22 0.24
 18   1 0.43
 18   2 0.33
 18   3 0.31
 18   4 0.44
 18   5 0.44
 18   6 0.35
 18   7 0.16
 18   8 0.33
 18   9 0.36
 18  10 0.40
 18  11 0.35
 18  12 0.55
 18  13 0.44
 18  14 0.39
 18  15 0.29
 18  16 0.37
 18  17 0.39
 18  18 0.39
 18  19 0.48
 18  20 0.47
 18  21 0.18
 18  22 0.48
 19   1 0.34
 19   2 0.30
 19   3 0.31
 19   4 0.44
 19   5 0.48
 19   6 0.48
 19   7 0.15
 19   8 0.46
 19   9 0.45
 19  10 0.48
 19  11 0.33
 19  12 0.36
 19  13 0.38
 19  14 0.44
 19  15 0.38
 19  16 0.46
 19  17 0.38
 19  18 0.64
 19  19 0.58
 19  20 0.54
 19  21 0.19
 19  22 0.54
 20   1 0.55
 20   2 0.50
 20   3 0.56
 20   4 0.40
 20   5 0.72
 20   6 0.48
 20   7 0.15
 20   8 0.41
 20   9 0.63
 20  10 0.60
 20  11 0.67
 20  12 0.47
 20  13 0.63
 20  14 0.63
 20  15 0.50
 20  16 0.58
 20  17 0.70
 20  18 0.38
 20  19 0.60
 20  20 0.26
 20  21 0.14
 20  22 0.52
 21   1 0.43
 21   2 0.51
 21   3 0.48
 21   4 0.24
 21   5 0.60
 21   6 0.38
 21   7 0.14
 21   8 0.36
 21   9 0.49
 21  10 0.62
 21  11 0.48
 21  12 0.33
 21  13 0.49
 21  14 0.48
 21  15 0.54
 21  16 0.38
 21  17 0.51
 21  18 0.41
 21  19 0.43
 21  20 0.23
 21  21 0.19
 21  22 0.48
 22   1 0.42
 22   2 0.29
 22   3 0.29
 22   4 0.44
 22   5 0.47
 22   6 0.48
 22   7 0.10
 22   8 0.52
 22   9 0.49
 22  10 0.44
 22  11 0.44
 22  12 0.40
 22  13 0.44
 22  14 0.38
 22  15 0.26
 22  16 0.49
 22  17 0.39
 22  18 0.48
 22  19 0.62
 22  20 0.36
 22  21 0.11
 22  22 0.53
