  1   1 0.67
  1   2 0.71
  1   3 0.57
  1   4 0.54
  1   5 0.72
  1   6 0.54
  1   7 0.74
  1   8 0.63
  1   9 0.59
  1  10 0.61
  1  11 0.69
  1  12 0.52
  1  13 0.70
  1  14 0.73
  1  15 0.63
  1  16 0.70
  1  17 0.47
  1  18 0.63
  1  19 0.60
  1  20 0.67
  1  21 0.68
  1  22 0.57
  2   1 0.63
  2   2 0.76
  2   3 0.68
  2   4 0.60
  2   5 0.62
  2   6 0.60
  2   7 0.68
  2   8 0.53
  2   9 0.59
  2  10 0.58
  2  11 0.72
  2  12 0.61
  2  13 0.72
  2  14 0.68
  2  15 0.64
  2  16 0.66
  2  17 0.57
  2  18 0.71
  2  19 0.57
  2  20 0.67
  2  21 0.67
  2  22 0.64
  3   1 0.67
  3   2 0.73
  3   3 0.65
  3   4 0.60
  3   5 0.63
  3   6 0.57
  3   7 0.50
  3   8 0.44
  3   9 0.62
  3  10 0.65
  3  11 0.74
  3  12 0.60
  3  13 0.62
  3  14 0.64
  3  15 0.66
  3  16 0.62
  3  17 0.63
  3  18 0.73
  3  19 0.66
  3  20 0.59
  3  21 0.66
  3  22 0.62
  4   1 0.59
  4   2 0.69
  4   3 0.65
  4   4 0.56
  4   5 0.45
  4   6 0.71
  4   7 0.48
  4   8 0.42
  4   9 0.40
  4  10 0.57
  4  11 0.60
  4  12 0.70
  4  13 0.56
  4  14 0.53
  4  15 0.60
  4  16 0.59
  4  17 0.77
  4  18 0.76
  4  19 0.60
  4  20 0.57
  4  21 0.66
  4  22 0.51
  5   1 0.70
  5   2 0.81
  5   3 0.65
  5   4 0.66
  5   5 0.65
  5   6 0.65
  5   7 0.73
  5   8 0.63
  5   9 0.55
  5  10 0.68
  5  11 0.73
  5  12 0.68
  5  13 0.71
  5  14 0.74
  5  15 0.69
  5  16 0.73
  5  17 0.66
  5  18 0.72
  5  19 0.66
  5  20 0.73
  5  21 0.77
  5  22 0.59
  6   1 0.66
  6   2 0.70
  6   3 0.74
  6   4 0.57
  6   5 0.57
  6   6 0.69
  6   7 0.57
  6   8 0.49
  6   9 0.56
  6  10 0.61
  6  11 0.70
  6  12 0.63
  6  13 0.71
  6  14 0.66
  6  15 0.71
  6  16 0.64
  6  17 0.73
  6  18 0.82
  6  19 0.68
  6  20 0.65
  6  21 0.66
  6  22 0.66
  7   1 0.65
  7   2 0.73
  7   3 0.67
  7   4 0.59
  7   5 0.70
  7   6 0.60
  7   7 0.69
  7   8 0.56
  7   9 0.64
  7  10 0.64
  7  11 0.72
  7  12 0.58
  7  13 0.74
  7  14 0.74
  7  15 0.72
  7  16 0.69
  7  17 0.56
  7  18 0.72
  7  19 0.62
  7  20 0.69
  7  21 0.68
  7  22 0.59
  8   1 0.69
  8   2 0.71
  8   3 0.63
  8   4 0.59
  8   5 0.55
  8   6 0.66
  8   7 0.55
  8   8 0.57
  8   9 0.50
  8  10 0.77
  8  11 0.68
  8  12 0.70
  8  13 0.63
  8  14 0.58
  8  15 0.63
  8  16 0.66
  8  17 0.67
  8  18 0.70
  8  19 0.64
  8  20 0.61
  8  21 0.71
  8  22 0.49
  9   1 0.72
  9   2 0.73
  9   3 0.73
  9   4 0.58
  9   5 0.60
  9   6 0.68
  9   7 0.61
  9   8 0.54
  9   9 0.57
  9  10 0.67
  9  11 0.73
  9  12 0.68
  9  13 0.72
  9  14 0.64
  9  15 0.63
  9  16 0.68
  9  17 0.63
  9  18 0.78
  9  19 0.68
  9  20 0.67
  9  21 0.69
  9  22 0.58
 10   1 0.62
 10   2 0.68
 10   3 0.67
 10   4 0.55
 10   5 0.52
 10   6 0.66
 10   7 0.52
 10   8 0.44
 10   9 0.53
 10  10 0.59
 10  11 0.71
 10  12 0.66
 10  13 0.67
 10  14 0.64
 10  15 0.68
 10  16 0.64
 10  17 0.69
 10  18 0.76
 10  19 0.69
 10  20 0.56
 10  21 0.69
 10  22 0.67
 11   1 0.53
 11   2 0.62
 11   3 0.53
 11   4 0.56
 11   5 0.47
 11   6 0.60
 11   7 0.53
 11   8 0.47
 11   9 0.44
 11  10 0.57
 11  11 0.66
 11  12 0.64
 11  13 0.59
 11  14 0.56
 11  15 0.66
 11  16 0.72
 11  17 0.54
 11  18 0.66
 11  19 0.57
 11  20 0.58
 11  21 0.68
 11  22 0.51
 12   1 0.50
 12   2 0.54
 12   3 0.46
 12   4 0.51
 12   5 0.39
 12   6 0.64
 12   7 0.44
 12   8 0.46
 12   9 0.34
 12  10 0.59
 12  11 0.58
 12  12 0.80
 12  13 0.56
 12  14 0.48
 12  15 0.55
 12  16 0.72
 12  17 0.58
 12  18 0.60
 12  19 0.55
 12  20 0.50
 12  21 0.65
 12  22 0.39
 13   1 0.52
 13   2 0.58
 13   3 0.46
 13   4 0.41
 13   5 0.51
 13   6 0.54
 13   7 0.52
 13   8 0.52
 13   9 0.37
 13  10 0.60
 13  11 0.52
 13  12 0.63
 13  13 0.57
 13  14 0.55
 13  15 0.59
 13  16 0.62
 13  17 0.50
 13  18 0.54
 13  19 0.48
 13  20 0.51
 13  21 0.61
 13  22 0.35
 14   1 0.65
 14   2 0.74
 14   3 0.60
 14   4 0.57
 14   5 0.57
 14   6 0.63
 14   7 0.60
 14   8 0.57
 14   9 0.46
 14  10 0.65
 14  11 0.70
 14  12 0.67
 14  13 0.69
 14  14 0.64
 14  15 0.66
 14  16 0.71
 14  17 0.61
 14  18 0.71
 14  19 0.59
 14  20 0.62
 14  21 0.74
 14  22 0.52
 15   1 0.69
 15   2 0.74
 15   3 0.75
 15   4 0.61
 15   5 0.55
 15   6 0.75
 15   7 0.58
 15   8 0.52
 15   9 0.52
 15  10 0.67
 15  11 0.75
 15  12 0.78
 15  13 0.71
 15  14 0.64
 15  15 0.69
 15  16 0.73
 15  17 0.75
 15  18 0.83
 15  19 0.71
 15  20 0.67
 15  21 0.75
 15  22 0.65
 16   1 0.61
 16   2 0.66
 16   3 0.55
 16   4 0.53
 16   5 0.47
 16   6 0.75
 16   7 0.51
 16   8 0.47
 16   9 0.42
 16  10 0.63
 16  11 0.65
 16  12 0.72
 16  13 0.64
 16  14 0.56
 16  15 0.58
 16  16 0.70
 16  17 0.69
 16  18 0.72
 16  19 0.59
 16  20 0.59
 16  21 0.64
 16  22 0.44
 17   1 0.60
 17   2 0.65
 17   3 0.56
 17   4 0.56
 17   5 0.52
 17   6 0.69
 17   7 0.55
 17   8 0.49
 17   9 0.48
 17  10 0.64
 17  11 0.68
 17  12 0.73
 17  13 0.62
 17  14 0.60
 17  15 0.62
 17  16 0.72
 17  17 0.64
 17  18 0.72
 17  19 0.67
 17  20 0.58
 17  21 0.71
 17  22 0.60
 18   1 0.64
 18   2 0.69
 18   3 0.61
 18   4 0.50
 18   5 0.58
 18   6 0.70
 18   7 0.57
 18   8 0.51
 18   9 0.55
 18  10 0.65
 18  11 0.69
 18  12 0.65
 18  13 0.74
 18  14 0.65
 18  15 0.66
 18  16 0.73
 18  17 0.62
 18  18 0.77
 18  19 0.70
 18  20 0.65
 18  21 0.67
 18  22 0.62
 19   1 0.70
 19   2 0.73
 19   3 0.70
 19   4 0.63
 19   5 0.62
 19   6 0.65
 19   7 0.58
 19   8 0.51
 19   9 0.64
 19  10 0.59
 19  11 0.71
 19  12 0.56
 19  13 0.67
 19  14 0.70
 19  15 0.64
 19  16 0.64
 19  17 0.62
 19  18 0.74
 19  19 0.68
 19  20 0.68
 19  21 0.63
 19  22 0.73
 20   1 0.67
 20   2 0.71
 20   3 0.63
 20   4 0.52
 20   5 0.63
 20   6 0.56
 20   7 0.53
 20   8 0.47
 20   9 0.65
 20  10 0.57
 20  11 0.67
 20  12 0.51
 20  13 0.68
 20  14 0.69
 20  15 0.60
 20  16 0.61
 20  17 0.54
 20  18 0.70
 20  19 0.64
 20  20 0.64
 20  21 0.59
 20  22 0.60
 21   1 0.65
 21   2 0.69
 21   3 0.78
 21   4 0.63
 21   5 0.54
 21   6 0.75
 21   7 0.56
 21   8 0.48
 21   9 0.54
 21  10 0.60
 21  11 0.71
 21  12 0.70
 21  13 0.67
 21  14 0.64
 21  15 0.63
 21  16 0.65
 21  17 0.73
 21  18 0.82
 21  19 0.70
 21  20 0.63
 21  21 0.69
 21  22 0.61
 22   1 0.65
 22   2 0.70
 22   3 0.72
 22   4 0.55
 22   5 0.55
 22   6 0.61
 22   7 0.54
 22   8 0.49
 22   9 0.62
 22  10 0.58
 22  11 0.73
 22  12 0.62
 22  13 0.70
 22  14 0.69
 22  15 0.68
 22  16 0.65
 22  17 0.59
 22  18 0.74
 22  19 0.70
 22  20 0.63
 22  21 0.64
 22  22 0.67
