  1   1 0.51
  1   2 0.59
  1   3 0.10
  1   4 0.06
  1   5 0.49
  1   6 0.55
  1   7 0.43
  1   8 0.62
  1   9 0.50
  1  10 0.54
  1  11 0.67
  1  12 0.68
  1  13 0.68
  1  14 0.69
  1  15 0.47
  1  16 0.60
  1  17 0.59
  1  18 0.59
  1  19 0.46
  1  20 0.59
  1  21 0.49
  1  22 0.55
  2   1 0.42
  2   2 0.32
  2   3 0.40
  2   4 0.63
  2   5 0.36
  2   6 0.33
  2   7 0.21
  2   8 0.34
  2   9 0.38
  2  10 0.44
  2  11 0.33
  2  12 0.14
  2  13 0.15
  2  14 0.24
  2  15 0.41
  2  16 0.38
  2  17 0.17
  2  18 0.32
  2  19 0.37
  2  20 0.25
  2  21 0.53
  2  22 0.35
  3   1 0.45
  3   2 0.33
  3   3 0.10
  3   4 0.08
  3   5 0.41
  3   6 0.47
  3   7 0.24
  3   8 0.58
  3   9 0.48
  3  10 0.32
  3  11 0.43
  3  12 0.52
  3  13 0.41
  3  14 0.73
  3  15 0.50
  3  16 0.61
  3  17 0.61
  3  18 0.46
  3  19 0.50
  3  20 0.51
  3  21 0.26
  3  22 0.43
  4   1 0.37
  4   2 0.43
  4   3 0.11
  4   4 0.12
  4   5 0.39
  4   6 0.37
  4   7 0.36
  4   8 0.41
  4   9 0.38
  4  10 0.47
  4  11 0.59
  4  12 0.48
  4  13 0.49
  4  14 0.45
  4  15 0.32
  4  16 0.42
  4  17 0.45
  4  18 0.37
  4  19 0.25
  4  20 0.45
  4  21 0.28
  4  22 0.44
  5   1 0.65
  5   2 0.50
  5   3 0.17
  5   4 0.08
  5   5 0.57
  5   6 0.61
  5   7 0.36
  5   8 0.73
  5   9 0.60
  5  10 0.48
  5  11 0.60
  5  12 0.49
  5  13 0.44
  5  14 0.81
  5  15 0.61
  5  16 0.74
  5  17 0.70
  5  18 0.55
  5  19 0.63
  5  20 0.65
  5  21 0.34
  5  22 0.62
  6   1 0.41
  6   2 0.35
  6   3 0.15
  6   4 0.06
  6   5 0.40
  6   6 0.43
  6   7 0.23
  6   8 0.58
  6   9 0.45
  6  10 0.33
  6  11 0.46
  6  12 0.50
  6  13 0.41
  6  14 0.74
  6  15 0.45
  6  16 0.57
  6  17 0.56
  6  18 0.42
  6  19 0.43
  6  20 0.54
  6  21 0.30
  6  22 0.42
  7   1 0.66
  7   2 0.62
  7   3 0.15
  7   4 0.11
  7   5 0.72
  7   6 0.70
  7   7 0.53
  7   8 0.78
  7   9 0.72
  7  10 0.63
  7  11 0.76
  7  12 0.55
  7  13 0.47
  7  14 0.64
  7  15 0.68
  7  16 0.84
  7  17 0.71
  7  18 0.59
  7  19 0.66
  7  20 0.70
  7  21 0.49
  7  22 0.79
  8   1 0.50
  8   2 0.30
  8   3 0.17
  8   4 0.06
  8   5 0.44
  8   6 0.39
  8   7 0.27
  8   8 0.58
  8   9 0.41
  8  10 0.34
  8  11 0.40
  8  12 0.39
  8  13 0.38
  8  14 0.76
  8  15 0.40
  8  16 0.54
  8  17 0.54
  8  18 0.42
  8  19 0.46
  8  20 0.51
  8  21 0.18
  8  22 0.41
  9   1 0.55
  9   2 0.44
  9   3 0.13
  9   4 0.08
  9   5 0.49
  9   6 0.48
  9   7 0.35
  9   8 0.67
  9   9 0.50
  9  10 0.41
  9  11 0.55
  9  12 0.44
  9  13 0.43
  9  14 0.83
  9  15 0.51
  9  16 0.61
  9  17 0.56
  9  18 0.48
  9  19 0.52
  9  20 0.54
  9  21 0.31
  9  22 0.51
 10   1 0.49
 10   2 0.40
 10   3 0.15
 10   4 0.06
 10   5 0.44
 10   6 0.43
 10   7 0.27
 10   8 0.59
 10   9 0.42
 10  10 0.38
 10  11 0.49
 10  12 0.50
 10  13 0.45
 10  14 0.70
 10  15 0.47
 10  16 0.56
 10  17 0.61
 10  18 0.38
 10  19 0.43
 10  20 0.57
 10  21 0.26
 10  22 0.48
 11   1 0.60
 11   2 0.48
 11   3 0.16
 11   4 0.08
 11   5 0.57
 11   6 0.49
 11   7 0.39
 11   8 0.70
 11   9 0.51
 11  10 0.50
 11  11 0.63
 11  12 0.46
 11  13 0.46
 11  14 0.74
 11  15 0.52
 11  16 0.64
 11  17 0.58
 11  18 0.51
 11  19 0.51
 11  20 0.59
 11  21 0.36
 11  22 0.62
 12   1 0.47
 12   2 0.47
 12   3 0.10
 12   4 0.09
 12   5 0.43
 12   6 0.53
 12   7 0.29
 12   8 0.57
 12   9 0.49
 12  10 0.41
 12  11 0.54
 12  12 0.70
 12  13 0.62
 12  14 0.69
 12  15 0.53
 12  16 0.66
 12  17 0.64
 12  18 0.50
 12  19 0.53
 12  20 0.62
 12  21 0.37
 12  22 0.47
 13   1 0.34
 13   2 0.23
 13   3 0.26
 13   4 0.40
 13   5 0.41
 13   6 0.19
 13   7 0.26
 13   8 0.38
 13   9 0.29
 13  10 0.39
 13  11 0.38
 13  12 0.17
 13  13 0.20
 13  14 0.41
 13  15 0.26
 13  16 0.35
 13  17 0.23
 13  18 0.28
 13  19 0.28
 13  20 0.26
 13  21 0.21
 13  22 0.36
 14   1 0.41
 14   2 0.37
 14   3 0.14
 14   4 0.07
 14   5 0.42
 14   6 0.44
 14   7 0.26
 14   8 0.56
 14   9 0.48
 14  10 0.37
 14  11 0.48
 14  12 0.67
 14  13 0.56
 14  14 0.72
 14  15 0.48
 14  16 0.59
 14  17 0.64
 14  18 0.48
 14  19 0.45
 14  20 0.56
 14  21 0.28
 14  22 0.47
 15   1 0.47
 15   2 0.37
 15   3 0.12
 15   4 0.08
 15   5 0.45
 15   6 0.47
 15   7 0.29
 15   8 0.60
 15   9 0.48
 15  10 0.37
 15  11 0.45
 15  12 0.51
 15  13 0.45
 15  14 0.82
 15  15 0.44
 15  16 0.57
 15  17 0.58
 15  18 0.44
 15  19 0.52
 15  20 0.59
 15  21 0.26
 15  22 0.44
 16   1 0.73
 16   2 0.61
 16   3 0.18
 16   4 0.08
 16   5 0.55
 16   6 0.66
 16   7 0.41
 16   8 0.77
 16   9 0.62
 16  10 0.62
 16  11 0.72
 16  12 0.57
 16  13 0.56
 16  14 0.68
 16  15 0.65
 16  16 0.73
 16  17 0.64
 16  18 0.72
 16  19 0.58
 16  20 0.56
 16  21 0.53
 16  22 0.65
 17   1 0.56
 17   2 0.49
 17   3 0.15
 17   4 0.09
 17   5 0.58
 17   6 0.55
 17   7 0.39
 17   8 0.67
 17   9 0.55
 17  10 0.50
 17  11 0.62
 17  12 0.58
 17  13 0.52
 17  14 0.78
 17  15 0.54
 17  16 0.70
 17  17 0.64
 17  18 0.55
 17  19 0.55
 17  20 0.61
 17  21 0.42
 17  22 0.60
 18   1 0.50
 18   2 0.37
 18   3 0.28
 18   4 0.19
 18   5 0.58
 18   6 0.35
 18   7 0.33
 18   8 0.56
 18   9 0.43
 18  10 0.55
 18  11 0.55
 18  12 0.34
 18  13 0.32
 18  14 0.57
 18  15 0.46
 18  16 0.56
 18  17 0.42
 18  18 0.41
 18  19 0.37
 18  20 0.42
 18  21 0.36
 18  22 0.58
 19   1 0.56
 19   2 0.42
 19   3 0.24
 19   4 0.19
 19   5 0.59
 19   6 0.43
 19   7 0.36
 19   8 0.69
 19   9 0.51
 19  10 0.51
 19  11 0.59
 19  12 0.44
 19  13 0.42
 19  14 0.75
 19  15 0.53
 19  16 0.66
 19  17 0.53
 19  18 0.45
 19  19 0.49
 19  20 0.54
 19  21 0.36
 19  22 0.59
 20   1 0.60
 20   2 0.43
 20   3 0.25
 20   4 0.18
 20   5 0.57
 20   6 0.45
 20   7 0.34
 20   8 0.65
 20   9 0.52
 20  10 0.51
 20  11 0.56
 20  12 0.46
 20  13 0.42
 20  14 0.74
 20  15 0.57
 20  16 0.65
 20  17 0.52
 20  18 0.51
 20  19 0.51
 20  20 0.50
 20  21 0.41
 20  22 0.59
 21   1 0.20
 21   2 0.13
 21   3 0.17
 21   4 0.12
 21   5 0.24
 21   6 0.10
 21   7 0.10
 21   8 0.25
 21   9 0.14
 21  10 0.20
 21  11 0.16
 21  12 0.08
 21  13 0.08
 21  14 0.21
 21  15 0.17
 21  16 0.21
 21  17 0.16
 21  18 0.11
 21  19 0.17
 21  20 0.22
 21  21 0.14
 21  22 0.22
 22   1 0.58
 22   2 0.55
 22   3 0.16
 22   4 0.12
 22   5 0.48
 22   6 0.59
 22   7 0.39
 22   8 0.72
 22   9 0.56
 22  10 0.52
 22  11 0.62
 22  12 0.67
 22  13 0.64
 22  14 0.75
 22  15 0.58
 22  16 0.66
 22  17 0.66
 22  18 0.59
 22  19 0.52
 22  20 0.57
 22  21 0.42
 22  22 0.57
