  1   1 0.67
  1   2 0.46
  1   3 0.48
  1   4 0.03
  1   5 0.52
  1   6 0.46
  1   7 0.42
  1   8 0.35
  1   9 0.52
  1  10 0.59
  1  11 0.66
  1  12 0.60
  1  13 0.75
  1  14 0.66
  1  15 0.63
  1  16 0.70
  1  17 0.59
  1  18 0.61
  1  19 0.41
  1  20 0.35
  1  21 0.57
  1  22 0.60
  2   1 0.51
  2   2 0.34
  2   3 0.58
  2   4 0.06
  2   5 0.37
  2   6 0.43
  2   7 0.49
  2   8 0.37
  2   9 0.46
  2  10 0.54
  2  11 0.61
  2  12 0.58
  2  13 0.68
  2  14 0.60
  2  15 0.57
  2  16 0.61
  2  17 0.41
  2  18 0.58
  2  19 0.28
  2  20 0.37
  2  21 0.64
  2  22 0.55
  3   1 0.62
  3   2 0.37
  3   3 0.55
  3   4 0.08
  3   5 0.33
  3   6 0.56
  3   7 0.31
  3   8 0.37
  3   9 0.48
  3  10 0.59
  3  11 0.55
  3  12 0.64
  3  13 0.67
  3  14 0.58
  3  15 0.64
  3  16 0.70
  3  17 0.54
  3  18 0.67
  3  19 0.39
  3  20 0.38
  3  21 0.65
  3  22 0.66
  4   1 0.55
  4   2 0.47
  4   3 0.50
  4   4 0.12
  4   5 0.52
  4   6 0.74
  4   7 0.29
  4   8 0.51
  4   9 0.53
  4  10 0.64
  4  11 0.51
  4  12 0.55
  4  13 0.60
  4  14 0.55
  4  15 0.56
  4  16 0.61
  4  17 0.74
  4  18 0.66
  4  19 0.54
  4  20 0.47
  4  21 0.62
  4  22 0.52
  5   1 0.65
  5   2 0.49
  5   3 0.64
  5   4 0.08
  5   5 0.54
  5   6 0.60
  5   7 0.47
  5   8 0.49
  5   9 0.58
  5  10 0.72
  5  11 0.69
  5  12 0.67
  5  13 0.70
  5  14 0.67
  5  15 0.68
  5  16 0.78
  5  17 0.62
  5  18 0.72
  5  19 0.51
  5  20 0.48
  5  21 0.70
  5  22 0.69
  6   1 0.64
  6   2 0.39
  6   3 0.56
  6   4 0.05
  6   5 0.43
  6   6 0.60
  6   7 0.34
  6   8 0.41
  6   9 0.53
  6  10 0.66
  6  11 0.64
  6  12 0.72
  6  13 0.73
  6  14 0.65
  6  15 0.70
  6  16 0.75
  6  17 0.62
  6  18 0.75
  6  19 0.36
  6  20 0.39
  6  21 0.68
  6  22 0.65
  7   1 0.57
  7   2 0.40
  7   3 0.53
  7   4 0.07
  7   5 0.42
  7   6 0.67
  7   7 0.32
  7   8 0.48
  7   9 0.47
  7  10 0.72
  7  11 0.64
  7  12 0.64
  7  13 0.78
  7  14 0.66
  7  15 0.68
  7  16 0.78
  7  17 0.67
  7  18 0.72
  7  19 0.42
  7  20 0.40
  7  21 0.69
  7  22 0.55
  8   1 0.64
  8   2 0.42
  8   3 0.62
  8   4 0.09
  8   5 0.43
  8   6 0.61
  8   7 0.43
  8   8 0.48
  8   9 0.54
  8  10 0.69
  8  11 0.65
  8  12 0.68
  8  13 0.71
  8  14 0.66
  8  15 0.71
  8  16 0.69
  8  17 0.55
  8  18 0.70
  8  19 0.41
  8  20 0.45
  8  21 0.70
  8  22 0.65
  9   1 0.76
  9   2 0.54
  9   3 0.56
  9   4 0.05
  9   5 0.56
  9   6 0.51
  9   7 0.48
  9   8 0.39
  9   9 0.56
  9  10 0.63
  9  11 0.74
  9  12 0.67
  9  13 0.79
  9  14 0.68
  9  15 0.70
  9  16 0.77
  9  17 0.67
  9  18 0.68
  9  19 0.43
  9  20 0.40
  9  21 0.62
  9  22 0.66
 10   1 0.48
 10   2 0.41
 10   3 0.52
 10   4 0.17
 10   5 0.41
 10   6 0.75
 10   7 0.32
 10   8 0.59
 10   9 0.47
 10  10 0.71
 10  11 0.50
 10  12 0.55
 10  13 0.52
 10  14 0.51
 10  15 0.56
 10  16 0.57
 10  17 0.63
 10  18 0.66
 10  19 0.49
 10  20 0.50
 10  21 0.64
 10  22 0.52
 11   1 0.64
 11   2 0.47
 11   3 0.65
 11   4 0.07
 11   5 0.49
 11   6 0.56
 11   7 0.56
 11   8 0.48
 11   9 0.57
 11  10 0.71
 11  11 0.72
 11  12 0.71
 11  13 0.69
 11  14 0.66
 11  15 0.71
 11  16 0.76
 11  17 0.58
 11  18 0.71
 11  19 0.47
 11  20 0.48
 11  21 0.71
 11  22 0.68
 12   1 0.50
 12   2 0.28
 12   3 0.55
 12   4 0.06
 12   5 0.28
 12   6 0.61
 12   7 0.28
 12   8 0.47
 12   9 0.40
 12  10 0.67
 12  11 0.57
 12  12 0.65
 12  13 0.68
 12  14 0.55
 12  15 0.65
 12  16 0.78
 12  17 0.55
 12  18 0.71
 12  19 0.33
 12  20 0.37
 12  21 0.71
 12  22 0.58
 13   1 0.47
 13   2 0.41
 13   3 0.52
 13   4 0.13
 13   5 0.36
 13   6 0.72
 13   7 0.28
 13   8 0.65
 13   9 0.45
 13  10 0.61
 13  11 0.44
 13  12 0.51
 13  13 0.44
 13  14 0.43
 13  15 0.56
 13  16 0.51
 13  17 0.57
 13  18 0.55
 13  19 0.51
 13  20 0.51
 13  21 0.58
 13  22 0.47
 14   1 0.58
 14   2 0.37
 14   3 0.54
 14   4 0.06
 14   5 0.41
 14   6 0.53
 14   7 0.44
 14   8 0.43
 14   9 0.47
 14  10 0.63
 14  11 0.63
 14  12 0.63
 14  13 0.68
 14  14 0.66
 14  15 0.65
 14  16 0.69
 14  17 0.49
 14  18 0.63
 14  19 0.36
 14  20 0.37
 14  21 0.61
 14  22 0.58
 15   1 0.51
 15   2 0.37
 15   3 0.59
 15   4 0.08
 15   5 0.40
 15   6 0.65
 15   7 0.37
 15   8 0.56
 15   9 0.48
 15  10 0.74
 15  11 0.63
 15  12 0.62
 15  13 0.65
 15  14 0.62
 15  15 0.68
 15  16 0.74
 15  17 0.55
 15  18 0.70
 15  19 0.43
 15  20 0.45
 15  21 0.71
 15  22 0.55
 16   1 0.49
 16   2 0.34
 16   3 0.52
 16   4 0.07
 16   5 0.34
 16   6 0.64
 16   7 0.30
 16   8 0.47
 16   9 0.46
 16  10 0.67
 16  11 0.56
 16  12 0.58
 16  13 0.63
 16  14 0.57
 16  15 0.61
 16  16 0.71
 16  17 0.55
 16  18 0.64
 16  19 0.42
 16  20 0.40
 16  21 0.65
 16  22 0.53
 17   1 0.49
 17   2 0.29
 17   3 0.56
 17   4 0.05
 17   5 0.32
 17   6 0.59
 17   7 0.32
 17   8 0.48
 17   9 0.45
 17  10 0.69
 17  11 0.57
 17  12 0.62
 17  13 0.67
 17  14 0.58
 17  15 0.68
 17  16 0.77
 17  17 0.51
 17  18 0.70
 17  19 0.35
 17  20 0.37
 17  21 0.74
 17  22 0.59
 18   1 0.70
 18   2 0.48
 18   3 0.53
 18   4 0.04
 18   5 0.48
 18   6 0.49
 18   7 0.46
 18   8 0.36
 18   9 0.53
 18  10 0.60
 18  11 0.70
 18  12 0.67
 18  13 0.76
 18  14 0.67
 18  15 0.69
 18  16 0.73
 18  17 0.57
 18  18 0.66
 18  19 0.41
 18  20 0.37
 18  21 0.59
 18  22 0.65
 19   1 0.74
 19   2 0.50
 19   3 0.55
 19   4 0.04
 19   5 0.51
 19   6 0.45
 19   7 0.43
 19   8 0.31
 19   9 0.58
 19  10 0.48
 19  11 0.65
 19  12 0.69
 19  13 0.65
 19  14 0.66
 19  15 0.66
 19  16 0.63
 19  17 0.53
 19  18 0.58
 19  19 0.37
 19  20 0.39
 19  21 0.51
 19  22 0.66
 20   1 0.55
 20   2 0.35
 20   3 0.61
 20   4 0.04
 20   5 0.37
 20   6 0.53
 20   7 0.41
 20   8 0.44
 20   9 0.50
 20  10 0.60
 20  11 0.63
 20  12 0.66
 20  13 0.70
 20  14 0.64
 20  15 0.68
 20  16 0.74
 20  17 0.50
 20  18 0.68
 20  19 0.31
 20  20 0.39
 20  21 0.67
 20  22 0.59
 21   1 0.53
 21   2 0.40
 21   3 0.51
 21   4 0.06
 21   5 0.45
 21   6 0.60
 21   7 0.35
 21   8 0.42
 21   9 0.49
 21  10 0.70
 21  11 0.62
 21  12 0.61
 21  13 0.68
 21  14 0.61
 21  15 0.59
 21  16 0.72
 21  17 0.57
 21  18 0.69
 21  19 0.43
 21  20 0.39
 21  21 0.62
 21  22 0.56
 22   1 0.40
 22   2 0.36
 22   3 0.42
 22   4 0.28
 22   5 0.33
 22   6 0.64
 22   7 0.29
 22   8 0.57
 22   9 0.36
 22  10 0.61
 22  11 0.37
 22  12 0.43
 22  13 0.40
 22  14 0.44
 22  15 0.50
 22  16 0.44
 22  17 0.48
 22  18 0.56
 22  19 0.45
 22  20 0.48
 22  21 0.61
 22  22 0.48
