  1   1 0.31
  1   2 0.30
  1   3 0.52
  1   4 0.27
  1   5 0.38
  1   6 0.26
  1   7 0.46
  1   8 0.36
  1   9 0.44
  1  10 0.34
  1  11 0.35
  1  12 0.22
  1  13 0.53
  1  14 0.47
  1  15 0.56
  1  16 0.40
  1  17 0.45
  1  18 0.29
  1  19 0.45
  1  20 0.33
  1  21 0.31
  1  22 0.26
  2   1 0.53
  2   2 0.57
  2   3 0.51
  2   4 0.22
  2   5 0.45
  2   6 0.26
  2   7 0.46
  2   8 0.64
  2   9 0.42
  2  10 0.28
  2  11 0.42
  2  12 0.23
  2  13 0.35
  2  14 0.46
  2  15 0.38
  2  16 0.34
  2  17 0.29
  2  18 0.43
  2  19 0.49
  2  20 0.40
  2  21 0.42
  2  22 0.25
  3   1 0.43
  3   2 0.28
  3   3 0.24
  3   4 0.07
  3   5 0.45
  3   6 0.58
  3   7 0.35
  3   8 0.41
  3   9 0.36
  3  10 0.53
  3  11 0.74
  3  12 0.62
  3  13 0.26
  3  14 0.67
  3  15 0.30
  3  16 0.54
  3  17 0.61
  3  18 0.54
  3  19 0.36
  3  20 0.50
  3  21 0.54
  3  22 0.39
  4   1 0.34
  4   2 0.36
  4   3 0.58
  4   4 0.26
  4   5 0.51
  4   6 0.40
  4   7 0.50
  4   8 0.42
  4   9 0.65
  4  10 0.41
  4  11 0.42
  4  12 0.31
  4  13 0.44
  4  14 0.51
  4  15 0.61
  4  16 0.46
  4  17 0.37
  4  18 0.30
  4  19 0.58
  4  20 0.50
  4  21 0.36
  4  22 0.38
  5   1 0.42
  5   2 0.44
  5   3 0.54
  5   4 0.24
  5   5 0.52
  5   6 0.42
  5   7 0.57
  5   8 0.54
  5   9 0.51
  5  10 0.46
  5  11 0.39
  5  12 0.32
  5  13 0.50
  5  14 0.51
  5  15 0.60
  5  16 0.47
  5  17 0.43
  5  18 0.32
  5  19 0.70
  5  20 0.49
  5  21 0.37
  5  22 0.41
  6   1 0.54
  6   2 0.32
  6   3 0.32
  6   4 0.13
  6   5 0.43
  6   6 0.43
  6   7 0.32
  6   8 0.47
  6   9 0.34
  6  10 0.35
  6  11 0.56
  6  12 0.46
  6  13 0.22
  6  14 0.58
  6  15 0.30
  6  16 0.41
  6  17 0.44
  6  18 0.45
  6  19 0.39
  6  20 0.46
  6  21 0.62
  6  22 0.30
  7   1 0.53
  7   2 0.50
  7   3 0.62
  7   4 0.24
  7   5 0.67
  7   6 0.55
  7   7 0.65
  7   8 0.61
  7   9 0.67
  7  10 0.57
  7  11 0.68
  7  12 0.44
  7  13 0.46
  7  14 0.70
  7  15 0.61
  7  16 0.53
  7  17 0.54
  7  18 0.54
  7  19 0.72
  7  20 0.66
  7  21 0.58
  7  22 0.55
  8   1 0.61
  8   2 0.48
  8   3 0.50
  8   4 0.19
  8   5 0.59
  8   6 0.54
  8   7 0.48
  8   8 0.63
  8   9 0.44
  8  10 0.50
  8  11 0.65
  8  12 0.55
  8  13 0.34
  8  14 0.69
  8  15 0.42
  8  16 0.56
  8  17 0.54
  8  18 0.66
  8  19 0.58
  8  20 0.61
  8  21 0.60
  8  22 0.39
  9   1 0.42
  9   2 0.41
  9   3 0.67
  9   4 0.21
  9   5 0.48
  9   6 0.27
  9   7 0.76
  9   8 0.54
  9   9 0.64
  9  10 0.31
  9  11 0.53
  9  12 0.22
  9  13 0.40
  9  14 0.52
  9  15 0.50
  9  16 0.29
  9  17 0.33
  9  18 0.45
  9  19 0.49
  9  20 0.39
  9  21 0.41
  9  22 0.43
 10   1 0.47
 10   2 0.51
 10   3 0.62
 10   4 0.25
 10   5 0.68
 10   6 0.50
 10   7 0.72
 10   8 0.64
 10   9 0.60
 10  10 0.47
 10  11 0.67
 10  12 0.40
 10  13 0.45
 10  14 0.70
 10  15 0.63
 10  16 0.58
 10  17 0.48
 10  18 0.57
 10  19 0.65
 10  20 0.60
 10  21 0.53
 10  22 0.41
 11   1 0.27
 11   2 0.32
 11   3 0.32
 11   4 0.12
 11   5 0.34
 11   6 0.32
 11   7 0.26
 11   8 0.27
 11   9 0.25
 11  10 0.30
 11  11 0.32
 11  12 0.31
 11  13 0.31
 11  14 0.34
 11  15 0.37
 11  16 0.48
 11  17 0.30
 11  18 0.39
 11  19 0.36
 11  20 0.36
 11  21 0.29
 11  22 0.24
 12   1 0.41
 12   2 0.42
 12   3 0.39
 12   4 0.18
 12   5 0.54
 12   6 0.52
 12   7 0.46
 12   8 0.42
 12   9 0.47
 12  10 0.48
 12  11 0.50
 12  12 0.35
 12  13 0.42
 12  14 0.58
 12  15 0.52
 12  16 0.55
 12  17 0.47
 12  18 0.35
 12  19 0.67
 12  20 0.50
 12  21 0.47
 12  22 0.49
 13   1 0.21
 13   2 0.22
 13   3 0.31
 13   4 0.13
 13   5 0.37
 13   6 0.24
 13   7 0.27
 13   8 0.20
 13   9 0.25
 13  10 0.30
 13  11 0.29
 13  12 0.30
 13  13 0.24
 13  14 0.29
 13  15 0.37
 13  16 0.45
 13  17 0.30
 13  18 0.43
 13  19 0.36
 13  20 0.36
 13  21 0.21
 13  22 0.19
 14   1 0.46
 14   2 0.48
 14   3 0.64
 14   4 0.19
 14   5 0.62
 14   6 0.45
 14   7 0.80
 14   8 0.56
 14   9 0.71
 14  10 0.48
 14  11 0.66
 14  12 0.30
 14  13 0.36
 14  14 0.66
 14  15 0.56
 14  16 0.40
 14  17 0.45
 14  18 0.40
 14  19 0.61
 14  20 0.52
 14  21 0.48
 14  22 0.57
 15   1 0.43
 15   2 0.37
 15   3 0.29
 15   4 0.12
 15   5 0.48
 15   6 0.62
 15   7 0.36
 15   8 0.46
 15   9 0.34
 15  10 0.47
 15  11 0.55
 15  12 0.57
 15  13 0.30
 15  14 0.58
 15  15 0.32
 15  16 0.58
 15  17 0.52
 15  18 0.57
 15  19 0.52
 15  20 0.57
 15  21 0.44
 15  22 0.39
 16   1 0.43
 16   2 0.39
 16   3 0.62
 16   4 0.28
 16   5 0.63
 16   6 0.39
 16   7 0.59
 16   8 0.51
 16   9 0.46
 16  10 0.54
 16  11 0.55
 16  12 0.38
 16  13 0.52
 16  14 0.59
 16  15 0.68
 16  16 0.53
 16  17 0.54
 16  18 0.44
 16  19 0.61
 16  20 0.49
 16  21 0.40
 16  22 0.43
 17   1 0.36
 17   2 0.38
 17   3 0.39
 17   4 0.17
 17   5 0.55
 17   6 0.50
 17   7 0.59
 17   8 0.43
 17   9 0.50
 17  10 0.48
 17  11 0.50
 17  12 0.47
 17  13 0.49
 17  14 0.58
 17  15 0.55
 17  16 0.63
 17  17 0.51
 17  18 0.43
 17  19 0.65
 17  20 0.50
 17  21 0.43
 17  22 0.42
 18   1 0.46
 18   2 0.40
 18   3 0.46
 18   4 0.18
 18   5 0.76
 18   6 0.67
 18   7 0.62
 18   8 0.50
 18   9 0.49
 18  10 0.63
 18  11 0.73
 18  12 0.53
 18  13 0.45
 18  14 0.80
 18  15 0.55
 18  16 0.69
 18  17 0.61
 18  18 0.59
 18  19 0.67
 18  20 0.72
 18  21 0.50
 18  22 0.56
 19   1 0.56
 19   2 0.46
 19   3 0.42
 19   4 0.17
 19   5 0.52
 19   6 0.43
 19   7 0.54
 19   8 0.65
 19   9 0.49
 19  10 0.32
 19  11 0.65
 19  12 0.39
 19  13 0.28
 19  14 0.66
 19  15 0.37
 19  16 0.42
 19  17 0.36
 19  18 0.51
 19  19 0.44
 19  20 0.51
 19  21 0.64
 19  22 0.39
 20   1 0.48
 20   2 0.42
 20   3 0.40
 20   4 0.19
 20   5 0.67
 20   6 0.64
 20   7 0.50
 20   8 0.50
 20   9 0.41
 20  10 0.52
 20  11 0.62
 20  12 0.56
 20  13 0.46
 20  14 0.73
 20  15 0.49
 20  16 0.72
 20  17 0.51
 20  18 0.47
 20  19 0.69
 20  20 0.75
 20  21 0.50
 20  22 0.51
 21   1 0.34
 21   2 0.28
 21   3 0.51
 21   4 0.35
 21   5 0.45
 21   6 0.26
 21   7 0.49
 21   8 0.36
 21   9 0.43
 21  10 0.37
 21  11 0.41
 21  12 0.27
 21  13 0.53
 21  14 0.43
 21  15 0.68
 21  16 0.39
 21  17 0.46
 21  18 0.35
 21  19 0.47
 21  20 0.35
 21  21 0.31
 21  22 0.31
 22   1 0.48
 22   2 0.38
 22   3 0.35
 22   4 0.20
 22   5 0.66
 22   6 0.56
 22   7 0.44
 22   8 0.49
 22   9 0.31
 22  10 0.50
 22  11 0.56
 22  12 0.51
 22  13 0.41
 22  14 0.68
 22  15 0.49
 22  16 0.70
 22  17 0.45
 22  18 0.44
 22  19 0.62
 22  20 0.67
 22  21 0.48
 22  22 0.45
