  1   1 0.34
  1   2 0.18
  1   3 0.42
  1   5 0.57
  1   6 0.43
  1   7 0.38
  1   8 0.26
  1   9 0.35
  1  10 0.54
  1  11 0.59
  1  12 0.36
  1  13 0.43
  1  14 0.47
  1  15 0.83
  1  16 0.49
  1  17 0.37
  1  18 0.66
  1  19 0.47
  1  20 0.59
  1  21 0.44
  1  22 0.05
  2   1 0.76
  2   2 0.35
  2   3 0.63
  2   5 0.49
  2   6 0.62
  2   7 0.64
  2   8 0.56
  2   9 0.64
  2  10 0.76
  2  11 0.35
  2  12 0.39
  2  13 0.26
  2  14 0.77
  2  15 0.57
  2  16 0.41
  2  17 0.46
  2  18 0.51
  2  19 0.74
  2  20 0.52
  2  21 0.47
  2  22 0.05
  3   1 0.52
  3   2 0.37
  3   3 0.45
  3   5 0.50
  3   6 0.52
  3   7 0.53
  3   8 0.54
  3   9 0.35
  3  10 0.65
  3  11 0.35
  3  12 0.29
  3  13 0.26
  3  14 0.80
  3  15 0.50
  3  16 0.30
  3  17 0.40
  3  18 0.77
  3  19 0.49
  3  20 0.73
  3  21 0.46
  3  22 0.08
  4   1 0.34
  4   2 0.27
  4   3 0.31
  4   5 0.56
  4   6 0.62
  4   7 0.29
  4   8 0.37
  4   9 0.64
  4  10 0.54
  4  11 0.47
  4  12 0.53
  4  13 0.49
  4  14 0.45
  4  15 0.65
  4  16 0.74
  4  17 0.48
  4  18 0.45
  4  19 0.56
  4  20 0.47
  4  21 0.56
  4  22 0.06
  5   1 0.32
  5   2 0.13
  5   3 0.38
  5   5 0.40
  5   6 0.49
  5   7 0.34
  5   8 0.31
  5   9 0.34
  5  10 0.64
  5  11 0.31
  5  12 0.16
  5  13 0.25
  5  14 0.60
  5  15 0.54
  5  16 0.30
  5  17 0.41
  5  18 0.53
  5  19 0.45
  5  20 0.68
  5  21 0.55
  5  22 0.03
  6   1 0.13
  6   2 0.13
  6   3 0.25
  6   5 0.63
  6   6 0.45
  6   7 0.25
  6   8 0.18
  6   9 0.42
  6  10 0.37
  6  11 0.66
  6  12 0.48
  6  13 0.58
  6  14 0.27
  6  15 0.73
  6  16 0.71
  6  17 0.33
  6  18 0.47
  6  19 0.50
  6  20 0.45
  6  21 0.46
  6  22 0.05
  7   1 0.31
  7   2 0.20
  7   3 0.30
  7   5 0.67
  7   6 0.67
  7   7 0.34
  7   8 0.34
  7   9 0.53
  7  10 0.58
  7  11 0.56
  7  12 0.42
  7  13 0.46
  7  14 0.51
  7  15 0.79
  7  16 0.62
  7  17 0.47
  7  18 0.65
  7  19 0.65
  7  20 0.65
  7  21 0.59
  7  22 0.03
  8   1 0.43
  8   2 0.23
  8   3 0.37
  8   5 0.57
  8   6 0.77
  8   7 0.33
  8   8 0.40
  8   9 0.67
  8  10 0.69
  8  11 0.41
  8  12 0.45
  8  13 0.44
  8  14 0.61
  8  15 0.76
  8  16 0.65
  8  17 0.59
  8  18 0.56
  8  19 0.73
  8  20 0.66
  8  21 0.65
  8  22 0.03
  9   1 0.32
  9   2 0.18
  9   3 0.32
  9   5 0.48
  9   6 0.33
  9   7 0.42
  9   8 0.33
  9   9 0.29
  9  10 0.41
  9  11 0.42
  9  12 0.29
  9  13 0.29
  9  14 0.48
  9  15 0.63
  9  16 0.36
  9  17 0.23
  9  18 0.68
  9  19 0.50
  9  20 0.66
  9  21 0.34
  9  22 0.05
 10   1 0.24
 10   2 0.25
 10   3 0.17
 10   5 0.57
 10   6 0.35
 10   7 0.21
 10   8 0.30
 10   9 0.42
 10  10 0.43
 10  11 0.40
 10  12 0.36
 10  13 0.31
 10  14 0.33
 10  15 0.61
 10  16 0.49
 10  17 0.37
 10  18 0.53
 10  19 0.46
 10  20 0.35
 10  21 0.32
 10  22 0.03
 11   1 0.15
 11   2 0.20
 11   3 0.19
 11   5 0.69
 11   6 0.35
 11   7 0.19
 11   8 0.21
 11   9 0.45
 11  10 0.33
 11  11 0.59
 11  12 0.38
 11  13 0.52
 11  14 0.22
 11  15 0.61
 11  16 0.62
 11  17 0.28
 11  18 0.44
 11  19 0.52
 11  20 0.31
 11  21 0.33
 11  22 0.03
 12   1 0.49
 12   2 0.35
 12   3 0.49
 12   5 0.53
 12   6 0.69
 12   7 0.48
 12   8 0.44
 12   9 0.62
 12  10 0.61
 12  11 0.45
 12  12 0.36
 12  13 0.32
 12  14 0.72
 12  15 0.60
 12  16 0.46
 12  17 0.46
 12  18 0.52
 12  19 0.76
 12  20 0.69
 12  21 0.58
 12  22 0.05
 13   1 0.13
 13   2 0.13
 13   3 0.15
 13   5 0.53
 13   6 0.19
 13   7 0.17
 13   8 0.17
 13   9 0.25
 13  10 0.28
 13  11 0.47
 13  12 0.33
 13  13 0.49
 13  14 0.15
 13  15 0.54
 13  16 0.41
 13  17 0.22
 13  18 0.42
 13  19 0.31
 13  20 0.20
 13  21 0.22
 13  22 0.02
 14   1 0.56
 14   2 0.38
 14   3 0.44
 14   5 0.35
 14   6 0.34
 14   7 0.75
 14   8 0.63
 14   9 0.28
 14  10 0.54
 14  11 0.29
 14  12 0.23
 14  13 0.13
 14  14 0.59
 14  15 0.38
 14  16 0.21
 14  17 0.20
 14  18 0.49
 14  19 0.46
 14  20 0.48
 14  21 0.25
 14  22 0.18
 15   1 0.66
 15   2 0.34
 15   3 0.45
 15   5 0.55
 15   6 0.81
 15   7 0.50
 15   8 0.51
 15   9 0.71
 15  10 0.66
 15  11 0.48
 15  12 0.46
 15  13 0.33
 15  14 0.80
 15  15 0.66
 15  16 0.50
 15  17 0.58
 15  18 0.64
 15  19 0.72
 15  20 0.72
 15  21 0.71
 15  22 0.08
 16   1 0.24
 16   2 0.11
 16   3 0.29
 16   5 0.58
 16   6 0.41
 16   7 0.21
 16   8 0.20
 16   9 0.34
 16  10 0.48
 16  11 0.68
 16  12 0.37
 16  13 0.46
 16  14 0.36
 16  15 0.59
 16  16 0.53
 16  17 0.42
 16  18 0.59
 16  19 0.28
 16  20 0.46
 16  21 0.53
 16  22 0.06
 17   1 0.25
 17   2 0.16
 17   3 0.28
 17   5 0.50
 17   6 0.50
 17   7 0.24
 17   8 0.21
 17   9 0.57
 17  10 0.45
 17  11 0.43
 17  12 0.61
 17  13 0.59
 17  14 0.28
 17  15 0.77
 17  16 0.86
 17  17 0.44
 17  18 0.37
 17  19 0.53
 17  20 0.38
 17  21 0.45
 17  22 0.02
 18   1 0.29
 18   2 0.24
 18   3 0.44
 18   5 0.49
 18   6 0.41
 18   7 0.41
 18   8 0.28
 18   9 0.38
 18  10 0.45
 18  11 0.45
 18  12 0.33
 18  13 0.28
 18  14 0.55
 18  15 0.64
 18  16 0.45
 18  17 0.28
 18  18 0.65
 18  19 0.51
 18  20 0.71
 18  21 0.39
 18  22 0.04
 19   1 0.42
 19   2 0.34
 19   3 0.27
 19   5 0.53
 19   6 0.63
 19   7 0.37
 19   8 0.38
 19   9 0.58
 19  10 0.43
 19  11 0.44
 19  12 0.55
 19  13 0.43
 19  14 0.61
 19  15 0.63
 19  16 0.60
 19  17 0.39
 19  18 0.54
 19  19 0.70
 19  20 0.63
 19  21 0.49
 19  22 0.05
 20   1 0.37
 20   2 0.29
 20   3 0.35
 20   5 0.57
 20   6 0.61
 20   7 0.48
 20   8 0.39
 20   9 0.48
 20  10 0.50
 20  11 0.48
 20  12 0.40
 20  13 0.40
 20  14 0.63
 20  15 0.69
 20  16 0.55
 20  17 0.39
 20  18 0.62
 20  19 0.66
 20  20 0.72
 20  21 0.53
 20  22 0.07
 21   1 0.17
 21   2 0.17
 21   3 0.08
 21   5 0.44
 21   6 0.15
 21   7 0.13
 21   8 0.21
 21   9 0.22
 21  10 0.23
 21  11 0.33
 21  12 0.31
 21  13 0.38
 21  14 0.19
 21  15 0.43
 21  16 0.32
 21  17 0.16
 21  18 0.39
 21  19 0.32
 21  20 0.18
 21  21 0.11
 21  22 0.00
 22   1 0.32
 22   2 0.25
 22   3 0.32
 22   5 0.58
 22   6 0.59
 22   7 0.33
 22   8 0.33
 22   9 0.46
 22  10 0.60
 22  11 0.40
 22  12 0.39
 22  13 0.46
 22  14 0.52
 22  15 0.72
 22  16 0.61
 22  17 0.48
 22  18 0.62
 22  19 0.54
 22  20 0.62
 22  21 0.53
 22  22 0.03
