  1   1 1.00
  1   2 0.70
  1   3 0.60
  1   4 0.50
  1   5 0.74
  1   6 0.59
  1   7 0.72
  1   8 0.65
  1   9 0.63
  1  10 0.60
  1  11 0.61
  1  12 0.52
  1  13 0.53
  1  14 0.68
  1  15 0.62
  1  16 0.58
  1  17 0.63
  1  18 0.69
  1  19 0.66
  1  20 0.68
  1  21 0.56
  1  22 0.58
  2   1 0.70
  2   2 1.00
  2   3 0.68
  2   4 0.58
  2   5 0.77
  2   6 0.66
  2   7 0.73
  2   8 0.65
  2   9 0.71
  2  10 0.71
  2  11 0.57
  2  12 0.57
  2  13 0.57
  2  14 0.73
  2  15 0.72
  2  16 0.62
  2  17 0.68
  2  18 0.65
  2  19 0.68
  2  20 0.71
  2  21 0.62
  2  22 0.67
  3   1 0.60
  3   2 0.68
  3   3 1.00
  3   4 0.69
  3   5 0.69
  3   6 0.68
  3   7 0.69
  3   8 0.68
  3   9 0.69
  3  10 0.76
  3  11 0.63
  3  12 0.51
  3  13 0.46
  3  14 0.66
  3  15 0.71
  3  16 0.58
  3  17 0.66
  3  18 0.65
  3  19 0.72
  3  20 0.68
  3  21 0.64
  3  22 0.72
  4   1 0.50
  4   2 0.58
  4   3 0.69
  4   4 1.00
  4   5 0.67
  4   6 0.70
  4   7 0.61
  4   8 0.67
  4   9 0.64
  4  10 0.71
  4  11 0.59
  4  12 0.55
  4  13 0.47
  4  14 0.62
  4  15 0.72
  4  16 0.66
  4  17 0.64
  4  18 0.64
  4  19 0.63
  4  20 0.53
  4  21 0.75
  4  22 0.62
  5   1 0.74
  5   2 0.77
  5   3 0.69
  5   4 0.67
  5   5 1.00
  5   6 0.70
  5   7 0.74
  5   8 0.68
  5   9 0.72
  5  10 0.72
  5  11 0.63
  5  12 0.63
  5  13 0.64
  5  14 0.73
  5  15 0.73
  5  16 0.67
  5  17 0.74
  5  18 0.72
  5  19 0.71
  5  20 0.67
  5  21 0.69
  5  22 0.69
  6   1 0.59
  6   2 0.66
  6   3 0.68
  6   4 0.70
  6   5 0.70
  6   6 1.00
  6   7 0.72
  6   8 0.63
  6   9 0.71
  6  10 0.73
  6  11 0.60
  6  12 0.53
  6  13 0.49
  6  14 0.63
  6  15 0.76
  6  16 0.62
  6  17 0.63
  6  18 0.73
  6  19 0.77
  6  20 0.70
  6  21 0.72
  6  22 0.72
  7   1 0.72
  7   2 0.73
  7   3 0.69
  7   4 0.61
  7   5 0.74
  7   6 0.72
  7   7 1.00
  7   8 0.64
  7   9 0.67
  7  10 0.70
  7  11 0.65
  7  12 0.53
  7  13 0.57
  7  14 0.66
  7  15 0.66
  7  16 0.63
  7  17 0.68
  7  18 0.74
  7  19 0.69
  7  20 0.72
  7  21 0.67
  7  22 0.69
  8   1 0.65
  8   2 0.65
  8   3 0.68
  8   4 0.67
  8   5 0.68
  8   6 0.63
  8   7 0.64
  8   8 1.00
  8   9 0.73
  8  10 0.67
  8  11 0.63
  8  12 0.61
  8  13 0.53
  8  14 0.69
  8  15 0.74
  8  16 0.65
  8  17 0.65
  8  18 0.66
  8  19 0.63
  8  20 0.57
  8  21 0.67
  8  22 0.60
  9   1 0.63
  9   2 0.71
  9   3 0.69
  9   4 0.64
  9   5 0.72
  9   6 0.71
  9   7 0.67
  9   8 0.73
  9   9 1.00
  9  10 0.69
  9  11 0.57
  9  12 0.59
  9  13 0.53
  9  14 0.69
  9  15 0.77
  9  16 0.65
  9  17 0.65
  9  18 0.67
  9  19 0.66
  9  20 0.67
  9  21 0.69
  9  22 0.71
 10   1 0.60
 10   2 0.71
 10   3 0.76
 10   4 0.71
 10   5 0.72
 10   6 0.73
 10   7 0.70
 10   8 0.67
 10   9 0.69
 10  10 1.00
 10  11 0.63
 10  12 0.60
 10  13 0.49
 10  14 0.65
 10  15 0.77
 10  16 0.64
 10  17 0.75
 10  18 0.70
 10  19 0.71
 10  20 0.64
 10  21 0.69
 10  22 0.76
 11   1 0.61
 11   2 0.57
 11   3 0.63
 11   4 0.59
 11   5 0.63
 11   6 0.60
 11   7 0.65
 11   8 0.63
 11   9 0.57
 11  10 0.63
 11  11 1.00
 11  12 0.64
 11  13 0.53
 11  14 0.64
 11  15 0.69
 11  16 0.64
 11  17 0.67
 11  18 0.68
 11  19 0.57
 11  20 0.55
 11  21 0.64
 11  22 0.57
 12   1 0.52
 12   2 0.57
 12   3 0.51
 12   4 0.55
 12   5 0.63
 12   6 0.53
 12   7 0.53
 12   8 0.61
 12   9 0.59
 12  10 0.60
 12  11 0.64
 12  12 1.00
 12  13 0.63
 12  14 0.64
 12  15 0.69
 12  16 0.71
 12  17 0.73
 12  18 0.61
 12  19 0.47
 12  20 0.47
 12  21 0.57
 12  22 0.51
 13   1 0.53
 13   2 0.57
 13   3 0.46
 13   4 0.47
 13   5 0.64
 13   6 0.49
 13   7 0.57
 13   8 0.53
 13   9 0.53
 13  10 0.49
 13  11 0.53
 13  12 0.63
 13  13 1.00
 13  14 0.63
 13  15 0.60
 13  16 0.64
 13  17 0.62
 13  18 0.57
 13  19 0.43
 13  20 0.47
 13  21 0.53
 13  22 0.45
 14   1 0.68
 14   2 0.73
 14   3 0.66
 14   4 0.62
 14   5 0.73
 14   6 0.63
 14   7 0.66
 14   8 0.69
 14   9 0.69
 14  10 0.65
 14  11 0.64
 14  12 0.64
 14  13 0.63
 14  14 1.00
 14  15 0.75
 14  16 0.70
 14  17 0.66
 14  18 0.65
 14  19 0.61
 14  20 0.62
 14  21 0.63
 14  22 0.61
 15   1 0.62
 15   2 0.72
 15   3 0.71
 15   4 0.72
 15   5 0.73
 15   6 0.76
 15   7 0.66
 15   8 0.74
 15   9 0.77
 15  10 0.77
 15  11 0.69
 15  12 0.69
 15  13 0.60
 15  14 0.75
 15  15 1.00
 15  16 0.73
 15  17 0.74
 15  18 0.71
 15  19 0.69
 15  20 0.65
 15  21 0.79
 15  22 0.74
 16   1 0.58
 16   2 0.62
 16   3 0.58
 16   4 0.66
 16   5 0.67
 16   6 0.62
 16   7 0.63
 16   8 0.65
 16   9 0.65
 16  10 0.64
 16  11 0.64
 16  12 0.71
 16  13 0.64
 16  14 0.70
 16  15 0.73
 16  16 1.00
 16  17 0.75
 16  18 0.72
 16  19 0.55
 16  20 0.52
 16  21 0.68
 16  22 0.55
 17   1 0.63
 17   2 0.68
 17   3 0.66
 17   4 0.64
 17   5 0.74
 17   6 0.63
 17   7 0.68
 17   8 0.65
 17   9 0.65
 17  10 0.75
 17  11 0.67
 17  12 0.73
 17  13 0.62
 17  14 0.66
 17  15 0.74
 17  16 0.75
 17  17 1.00
 17  18 0.75
 17  19 0.61
 17  20 0.56
 17  21 0.65
 17  22 0.61
 18   1 0.69
 18   2 0.65
 18   3 0.65
 18   4 0.64
 18   5 0.72
 18   6 0.73
 18   7 0.74
 18   8 0.66
 18   9 0.67
 18  10 0.70
 18  11 0.68
 18  12 0.61
 18  13 0.57
 18  14 0.65
 18  15 0.71
 18  16 0.72
 18  17 0.75
 18  18 1.00
 18  19 0.70
 18  20 0.66
 18  21 0.66
 18  22 0.63
 19   1 0.66
 19   2 0.68
 19   3 0.72
 19   4 0.63
 19   5 0.71
 19   6 0.77
 19   7 0.69
 19   8 0.63
 19   9 0.66
 19  10 0.71
 19  11 0.57
 19  12 0.47
 19  13 0.43
 19  14 0.61
 19  15 0.69
 19  16 0.55
 19  17 0.61
 19  18 0.70
 19  19 1.00
 19  20 0.69
 19  21 0.65
 19  22 0.72
 20   1 0.68
 20   2 0.71
 20   3 0.68
 20   4 0.53
 20   5 0.67
 20   6 0.70
 20   7 0.72
 20   8 0.57
 20   9 0.67
 20  10 0.64
 20  11 0.55
 20  12 0.47
 20  13 0.47
 20  14 0.62
 20  15 0.65
 20  16 0.52
 20  17 0.56
 20  18 0.66
 20  19 0.69
 20  20 1.00
 20  21 0.60
 20  22 0.71
 21   1 0.56
 21   2 0.62
 21   3 0.64
 21   4 0.75
 21   5 0.69
 21   6 0.72
 21   7 0.67
 21   8 0.67
 21   9 0.69
 21  10 0.69
 21  11 0.64
 21  12 0.57
 21  13 0.53
 21  14 0.63
 21  15 0.79
 21  16 0.68
 21  17 0.65
 21  18 0.66
 21  19 0.65
 21  20 0.60
 21  21 1.00
 21  22 0.70
 22   1 0.58
 22   2 0.67
 22   3 0.72
 22   4 0.62
 22   5 0.69
 22   6 0.72
 22   7 0.69
 22   8 0.60
 22   9 0.71
 22  10 0.76
 22  11 0.57
 22  12 0.51
 22  13 0.45
 22  14 0.61
 22  15 0.74
 22  16 0.55
 22  17 0.61
 22  18 0.63
 22  19 0.72
 22  20 0.71
 22  21 0.70
 22  22 1.00
