  1   1 0.59
  1   2 0.48
  1   3 0.67
  1   4 0.56
  1   5 0.70
  1   6 0.61
  1   7 0.77
  1   8 0.51
  1   9 0.42
  1  10 0.61
  1  11 0.45
  1  12 0.73
  1  13 0.65
  1  14 0.48
  1  15 0.58
  1  16 0.53
  1  17 0.38
  1  18 0.45
  1  19 0.70
  1  20 0.29
  1  21 0.73
  1  22 0.56
  2   1 0.63
  2   2 0.51
  2   3 0.65
  2   4 0.61
  2   5 0.64
  2   6 0.57
  2   7 0.70
  2   8 0.45
  2   9 0.45
  2  10 0.60
  2  11 0.42
  2  12 0.71
  2  13 0.64
  2  14 0.54
  2  15 0.58
  2  16 0.51
  2  17 0.35
  2  18 0.44
  2  19 0.67
  2  20 0.29
  2  21 0.71
  2  22 0.54
  3   1 0.56
  3   2 0.49
  3   3 0.63
  3   4 0.43
  3   5 0.60
  3   6 0.60
  3   7 0.71
  3   8 0.52
  3   9 0.48
  3  10 0.71
  3  11 0.53
  3  12 0.74
  3  13 0.75
  3  14 0.45
  3  15 0.53
  3  16 0.60
  3  17 0.43
  3  18 0.60
  3  19 0.75
  3  20 0.35
  3  21 0.77
  3  22 0.48
  4   1 0.66
  4   2 0.58
  4   3 0.67
  4   4 0.50
  4   5 0.68
  4   6 0.63
  4   7 0.71
  4   8 0.48
  4   9 0.53
  4  10 0.68
  4  11 0.52
  4  12 0.71
  4  13 0.66
  4  14 0.54
  4  15 0.61
  4  16 0.62
  4  17 0.45
  4  18 0.57
  4  19 0.76
  4  20 0.33
  4  21 0.72
  4  22 0.48
  5   1 0.62
  5   2 0.53
  5   3 0.80
  5   4 0.65
  5   5 0.75
  5   6 0.59
  5   7 0.70
  5   8 0.57
  5   9 0.42
  5  10 0.55
  5  11 0.52
  5  12 0.72
  5  13 0.49
  5  14 0.60
  5  15 0.44
  5  16 0.56
  5  17 0.53
  5  18 0.45
  5  19 0.71
  5  20 0.52
  5  21 0.62
  5  22 0.69
  6   1 0.66
  6   2 0.61
  6   3 0.63
  6   4 0.41
  6   5 0.66
  6   6 0.64
  6   7 0.53
  6   8 0.64
  6   9 0.66
  6  10 0.75
  6  11 0.73
  6  12 0.67
  6  13 0.59
  6  14 0.52
  6  15 0.57
  6  16 0.63
  6  17 0.63
  6  18 0.72
  6  19 0.77
  6  20 0.58
  6  21 0.66
  6  22 0.50
  7   1 0.68
  7   2 0.57
  7   3 0.78
  7   4 0.58
  7   5 0.78
  7   6 0.62
  7   7 0.76
  7   8 0.60
  7   9 0.50
  7  10 0.65
  7  11 0.63
  7  12 0.75
  7  13 0.58
  7  14 0.59
  7  15 0.55
  7  16 0.65
  7  17 0.60
  7  18 0.54
  7  19 0.79
  7  20 0.54
  7  21 0.72
  7  22 0.66
  8   1 0.65
  8   2 0.58
  8   3 0.61
  8   4 0.38
  8   5 0.64
  8   6 0.66
  8   7 0.53
  8   8 0.51
  8   9 0.59
  8  10 0.66
  8  11 0.62
  8  12 0.59
  8  13 0.50
  8  14 0.58
  8  15 0.56
  8  16 0.56
  8  17 0.56
  8  18 0.64
  8  19 0.71
  8  20 0.48
  8  21 0.63
  8  22 0.43
  9   1 0.63
  9   2 0.56
  9   3 0.72
  9   4 0.59
  9   5 0.72
  9   6 0.66
  9   7 0.75
  9   8 0.51
  9   9 0.50
  9  10 0.69
  9  11 0.53
  9  12 0.77
  9  13 0.75
  9  14 0.59
  9  15 0.57
  9  16 0.63
  9  17 0.49
  9  18 0.57
  9  19 0.78
  9  20 0.40
  9  21 0.75
  9  22 0.67
 10   1 0.58
 10   2 0.57
 10   3 0.61
 10   4 0.47
 10   5 0.72
 10   6 0.68
 10   7 0.48
 10   8 0.45
 10   9 0.50
 10  10 0.61
 10  11 0.55
 10  12 0.52
 10  13 0.43
 10  14 0.56
 10  15 0.50
 10  16 0.48
 10  17 0.60
 10  18 0.52
 10  19 0.69
 10  20 0.50
 10  21 0.54
 10  22 0.50
 11   1 0.59
 11   2 0.50
 11   3 0.71
 11   4 0.67
 11   5 0.78
 11   6 0.65
 11   7 0.57
 11   8 0.62
 11   9 0.51
 11  10 0.50
 11  11 0.56
 11  12 0.69
 11  13 0.43
 11  14 0.72
 11  15 0.43
 11  16 0.54
 11  17 0.61
 11  18 0.44
 11  19 0.67
 11  20 0.61
 11  21 0.56
 11  22 0.71
 12   1 0.68
 12   2 0.67
 12   3 0.72
 12   4 0.48
 12   5 0.66
 12   6 0.72
 12   7 0.64
 12   8 0.56
 12   9 0.63
 12  10 0.66
 12  11 0.64
 12  12 0.75
 12  13 0.63
 12  14 0.61
 12  15 0.56
 12  16 0.58
 12  17 0.56
 12  18 0.58
 12  19 0.74
 12  20 0.51
 12  21 0.71
 12  22 0.49
 13   1 0.54
 13   2 0.46
 13   3 0.44
 13   4 0.53
 13   5 0.55
 13   6 0.47
 13   7 0.38
 13   8 0.26
 13   9 0.41
 13  10 0.36
 13  11 0.43
 13  12 0.43
 13  13 0.26
 13  14 0.57
 13  15 0.40
 13  16 0.45
 13  17 0.61
 13  18 0.27
 13  19 0.49
 13  20 0.45
 13  21 0.36
 13  22 0.46
 14   1 0.66
 14   2 0.56
 14   3 0.67
 14   4 0.51
 14   5 0.68
 14   6 0.68
 14   7 0.70
 14   8 0.55
 14   9 0.57
 14  10 0.75
 14  11 0.59
 14  12 0.79
 14  13 0.78
 14  14 0.56
 14  15 0.63
 14  16 0.65
 14  17 0.49
 14  18 0.65
 14  19 0.81
 14  20 0.37
 14  21 0.76
 14  22 0.57
 15   1 0.69
 15   2 0.63
 15   3 0.80
 15   4 0.60
 15   5 0.78
 15   6 0.73
 15   7 0.73
 15   8 0.56
 15   9 0.53
 15  10 0.66
 15  11 0.57
 15  12 0.77
 15  13 0.63
 15  14 0.65
 15  15 0.54
 15  16 0.61
 15  17 0.53
 15  18 0.54
 15  19 0.80
 15  20 0.47
 15  21 0.71
 15  22 0.67
 16   1 0.64
 16   2 0.62
 16   3 0.64
 16   4 0.41
 16   5 0.64
 16   6 0.73
 16   7 0.63
 16   8 0.56
 16   9 0.60
 16  10 0.75
 16  11 0.61
 16  12 0.75
 16  13 0.76
 16  14 0.52
 16  15 0.62
 16  16 0.60
 16  17 0.55
 16  18 0.65
 16  19 0.80
 16  20 0.42
 16  21 0.76
 16  22 0.48
 17   1 0.66
 17   2 0.59
 17   3 0.65
 17   4 0.41
 17   5 0.64
 17   6 0.66
 17   7 0.56
 17   8 0.60
 17   9 0.68
 17  10 0.72
 17  11 0.78
 17  12 0.64
 17  13 0.57
 17  14 0.59
 17  15 0.52
 17  16 0.63
 17  17 0.70
 17  18 0.68
 17  19 0.77
 17  20 0.68
 17  21 0.70
 17  22 0.46
 18   1 0.55
 18   2 0.43
 18   3 0.70
 18   4 0.54
 18   5 0.72
 18   6 0.56
 18   7 0.73
 18   8 0.63
 18   9 0.46
 18  10 0.64
 18  11 0.56
 18  12 0.72
 18  13 0.62
 18  14 0.54
 18  15 0.45
 18  16 0.60
 18  17 0.53
 18  18 0.54
 18  19 0.73
 18  20 0.48
 18  21 0.70
 18  22 0.67
 19   1 0.69
 19   2 0.59
 19   3 0.72
 19   4 0.52
 19   5 0.71
 19   6 0.69
 19   7 0.69
 19   8 0.59
 19   9 0.52
 19  10 0.77
 19  11 0.57
 19  12 0.72
 19  13 0.64
 19  14 0.56
 19  15 0.61
 19  16 0.55
 19  17 0.48
 19  18 0.62
 19  19 0.81
 19  20 0.41
 19  21 0.75
 19  22 0.61
 20   1 0.77
 20   2 0.68
 20   3 0.76
 20   4 0.53
 20   5 0.74
 20   6 0.70
 20   7 0.58
 20   8 0.57
 20   9 0.57
 20  10 0.72
 20  11 0.67
 20  12 0.70
 20  13 0.59
 20  14 0.62
 20  15 0.55
 20  16 0.67
 20  17 0.62
 20  18 0.60
 20  19 0.81
 20  20 0.52
 20  21 0.64
 20  22 0.57
 21   1 0.62
 21   2 0.58
 21   3 0.49
 21   4 0.28
 21   5 0.54
 21   6 0.57
 21   7 0.33
 21   8 0.44
 21   9 0.59
 21  10 0.62
 21  11 0.66
 21  12 0.43
 21  13 0.36
 21  14 0.47
 21  15 0.41
 21  16 0.52
 21  17 0.65
 21  18 0.53
 21  19 0.63
 21  20 0.56
 21  21 0.45
 21  22 0.34
 22   1 0.68
 22   2 0.53
 22   3 0.67
 22   4 0.51
 22   5 0.64
 22   6 0.55
 22   7 0.59
 22   8 0.47
 22   9 0.50
 22  10 0.63
 22  11 0.52
 22  12 0.62
 22  13 0.51
 22  14 0.51
 22  15 0.46
 22  16 0.68
 22  17 0.53
 22  18 0.54
 22  19 0.73
 22  20 0.44
 22  21 0.60
 22  22 0.57
