  1   1 0.39
  1   2 0.29
  1   3 0.06
  1   5 0.34
  1   6 0.52
  1   7 0.40
  1   8 0.40
  1   9 0.27
  1  10 0.43
  1  11 0.52
  1  12 0.41
  1  13 0.51
  1  14 0.52
  1  15 0.52
  1  16 0.49
  1  17 0.36
  1  18 0.38
  1  19 0.61
  1  20 0.42
  1  21 0.59
  1  22 0.44
  2   1 0.54
  2   2 0.30
  2   3 0.12
  2   5 0.41
  2   6 0.57
  2   7 0.33
  2   8 0.32
  2   9 0.42
  2  10 0.44
  2  11 0.47
  2  12 0.35
  2  13 0.55
  2  14 0.43
  2  15 0.43
  2  16 0.45
  2  17 0.38
  2  18 0.37
  2  19 0.46
  2  20 0.58
  2  21 0.52
  2  22 0.34
  3   1 0.43
  3   2 0.26
  3   3 0.09
  3   5 0.36
  3   6 0.59
  3   7 0.45
  3   8 0.41
  3   9 0.27
  3  10 0.46
  3  11 0.47
  3  12 0.48
  3  13 0.52
  3  14 0.60
  3  15 0.53
  3  16 0.49
  3  17 0.36
  3  18 0.40
  3  19 0.67
  3  20 0.45
  3  21 0.65
  3  22 0.42
  4   1 0.35
  4   2 0.24
  4   3 0.10
  4   5 0.36
  4   6 0.46
  4   7 0.36
  4   8 0.29
  4   9 0.37
  4  10 0.37
  4  11 0.43
  4  12 0.36
  4  13 0.44
  4  14 0.35
  4  15 0.38
  4  16 0.44
  4  17 0.28
  4  18 0.34
  4  19 0.42
  4  20 0.39
  4  21 0.41
  4  22 0.25
  5   1 0.44
  5   2 0.24
  5   3 0.08
  5   5 0.41
  5   6 0.48
  5   7 0.53
  5   8 0.30
  5   9 0.37
  5  10 0.39
  5  11 0.45
  5  12 0.39
  5  13 0.46
  5  14 0.47
  5  15 0.46
  5  16 0.53
  5  17 0.37
  5  18 0.48
  5  19 0.44
  5  20 0.49
  5  21 0.50
  5  22 0.27
  6   1 0.40
  6   2 0.31
  6   3 0.08
  6   5 0.37
  6   6 0.57
  6   7 0.36
  6   8 0.38
  6   9 0.30
  6  10 0.45
  6  11 0.56
  6  12 0.43
  6  13 0.57
  6  14 0.53
  6  15 0.48
  6  16 0.47
  6  17 0.31
  6  18 0.39
  6  19 0.52
  6  20 0.45
  6  21 0.65
  6  22 0.41
  7   1 0.43
  7   2 0.28
  7   3 0.10
  7   5 0.33
  7   6 0.48
  7   7 0.25
  7   8 0.27
  7   9 0.40
  7  10 0.43
  7  11 0.42
  7  12 0.31
  7  13 0.45
  7  14 0.37
  7  15 0.41
  7  16 0.37
  7  17 0.31
  7  18 0.32
  7  19 0.37
  7  20 0.38
  7  21 0.40
  7  22 0.30
  8   1 0.46
  8   2 0.36
  8   3 0.03
  8   5 0.21
  8   6 0.33
  8   7 0.13
  8   8 0.28
  8   9 0.15
  8  10 0.37
  8  11 0.37
  8  12 0.27
  8  13 0.31
  8  14 0.31
  8  15 0.47
  8  16 0.21
  8  17 0.28
  8  18 0.19
  8  19 0.32
  8  20 0.20
  8  21 0.39
  8  22 0.47
  9   1 0.54
  9   2 0.40
  9   3 0.05
  9   5 0.33
  9   6 0.52
  9   7 0.32
  9   8 0.36
  9   9 0.23
  9  10 0.48
  9  11 0.53
  9  12 0.43
  9  13 0.53
  9  14 0.47
  9  15 0.53
  9  16 0.41
  9  17 0.36
  9  18 0.36
  9  19 0.50
  9  20 0.38
  9  21 0.59
  9  22 0.48
 10   1 0.40
 10   2 0.25
 10   3 0.10
 10   5 0.46
 10   6 0.50
 10   7 0.58
 10   8 0.37
 10   9 0.45
 10  10 0.49
 10  11 0.45
 10  12 0.46
 10  13 0.57
 10  14 0.52
 10  15 0.58
 10  16 0.58
 10  17 0.45
 10  18 0.43
 10  19 0.57
 10  20 0.44
 10  21 0.54
 10  22 0.30
 11   1 0.39
 11   2 0.34
 11   3 0.09
 11   5 0.45
 11   6 0.46
 11   7 0.51
 11   8 0.37
 11   9 0.37
 11  10 0.45
 11  11 0.51
 11  12 0.49
 11  13 0.50
 11  14 0.50
 11  15 0.49
 11  16 0.52
 11  17 0.39
 11  18 0.37
 11  19 0.50
 11  20 0.37
 11  21 0.58
 11  22 0.36
 12   1 0.40
 12   2 0.23
 12   3 0.06
 12   5 0.37
 12   6 0.41
 12   7 0.41
 12   8 0.31
 12   9 0.27
 12  10 0.38
 12  11 0.41
 12  12 0.38
 12  13 0.49
 12  14 0.48
 12  15 0.45
 12  16 0.45
 12  17 0.35
 12  18 0.42
 12  19 0.53
 12  20 0.45
 12  21 0.49
 12  22 0.31
 13   1 0.35
 13   2 0.22
 13   3 0.04
 13   5 0.28
 13   6 0.49
 13   7 0.30
 13   8 0.33
 13   9 0.20
 13  10 0.39
 13  11 0.41
 13  12 0.38
 13  13 0.45
 13  14 0.44
 13  15 0.54
 13  16 0.35
 13  17 0.31
 13  18 0.28
 13  19 0.63
 13  20 0.38
 13  21 0.56
 13  22 0.45
 14   1 0.26
 14   2 0.13
 14   3 0.05
 14   5 0.32
 14   6 0.40
 14   7 0.38
 14   8 0.36
 14   9 0.28
 14  10 0.29
 14  11 0.34
 14  12 0.31
 14  13 0.39
 14  14 0.35
 14  15 0.40
 14  16 0.44
 14  17 0.37
 14  18 0.31
 14  19 0.44
 14  20 0.36
 14  21 0.34
 14  22 0.16
 15   1 0.43
 15   2 0.37
 15   3 0.07
 15   5 0.39
 15   6 0.51
 15   7 0.27
 15   8 0.48
 15   9 0.34
 15  10 0.40
 15  11 0.51
 15  12 0.35
 15  13 0.42
 15  14 0.44
 15  15 0.43
 15  16 0.42
 15  17 0.38
 15  18 0.29
 15  19 0.48
 15  20 0.39
 15  21 0.46
 15  22 0.42
 16   1 0.40
 16   2 0.35
 16   3 0.04
 16   5 0.25
 16   6 0.51
 16   7 0.22
 16   8 0.33
 16   9 0.18
 16  10 0.39
 16  11 0.43
 16  12 0.43
 16  13 0.43
 16  14 0.45
 16  15 0.49
 16  16 0.36
 16  17 0.31
 16  18 0.28
 16  19 0.50
 16  20 0.30
 16  21 0.50
 16  22 0.52
 17   1 0.47
 17   2 0.50
 17   3 0.08
 17   5 0.35
 17   6 0.38
 17   7 0.21
 17   8 0.18
 17   9 0.45
 17  10 0.46
 17  11 0.48
 17  12 0.38
 17  13 0.42
 17  14 0.31
 17  15 0.42
 17  16 0.33
 17  17 0.27
 17  18 0.24
 17  19 0.32
 17  20 0.30
 17  21 0.42
 17  22 0.34
 18   1 0.32
 18   2 0.29
 18   3 0.02
 18   5 0.19
 18   6 0.47
 18   7 0.10
 18   8 0.32
 18   9 0.12
 18  10 0.33
 18  11 0.30
 18  12 0.34
 18  13 0.37
 18  14 0.43
 18  15 0.40
 18  16 0.23
 18  17 0.22
 18  18 0.21
 18  19 0.43
 18  20 0.22
 18  21 0.40
 18  22 0.61
 19   1 0.47
 19   2 0.31
 19   3 0.06
 19   5 0.34
 19   6 0.57
 19   7 0.27
 19   8 0.42
 19   9 0.29
 19  10 0.44
 19  11 0.48
 19  12 0.41
 19  13 0.50
 19  14 0.54
 19  15 0.48
 19  16 0.39
 19  17 0.38
 19  18 0.30
 19  19 0.56
 19  20 0.41
 19  21 0.53
 19  22 0.40
 20   1 0.25
 20   2 0.14
 20   3 0.10
 20   5 0.25
 20   6 0.28
 20   7 0.23
 20   8 0.20
 20   9 0.28
 20  10 0.26
 20  11 0.25
 20  12 0.18
 20  13 0.26
 20  14 0.25
 20  15 0.30
 20  16 0.30
 20  17 0.23
 20  18 0.29
 20  19 0.22
 20  20 0.24
 20  21 0.23
 20  22 0.16
 21   1 0.40
 21   2 0.19
 21   3 0.09
 21   5 0.39
 21   6 0.48
 21   7 0.51
 21   8 0.33
 21   9 0.36
 21  10 0.39
 21  11 0.42
 21  12 0.27
 21  13 0.51
 21  14 0.45
 21  15 0.46
 21  16 0.56
 21  17 0.36
 21  18 0.46
 21  19 0.51
 21  20 0.58
 21  21 0.52
 21  22 0.24
 22   1 0.47
 22   2 0.28
 22   3 0.08
 22   5 0.39
 22   6 0.58
 22   7 0.51
 22   8 0.51
 22   9 0.27
 22  10 0.40
 22  11 0.49
 22  12 0.41
 22  13 0.53
 22  14 0.57
 22  15 0.51
 22  16 0.53
 22  17 0.45
 22  18 0.44
 22  19 0.58
 22  20 0.48
 22  21 0.58
 22  22 0.41
