  1   1 0.12
  1   2 0.16
  1   6 0.18
  1   7 0.09
  1   8 0.08
  1   9 0.02
  1  10 0.12
  1  11 0.08
  1  12 0.17
  1  13 0.00
  1  15 0.16
  1  16 0.09
  1  17 0.15
  1  18 0.12
  1  19 0.14
  1  21 0.19
  1  22 0.17
  2   1 0.15
  2   2 0.28
  2   6 0.25
  2   7 0.04
  2   8 0.05
  2   9 0.09
  2  10 0.20
  2  11 0.14
  2  12 0.21
  2  13 0.01
  2  15 0.22
  2  16 0.10
  2  17 0.23
  2  18 0.12
  2  19 0.23
  2  21 0.25
  2  22 0.23
  3   1 0.16
  3   2 0.18
  3   6 0.16
  3   7 0.11
  3   8 0.17
  3   9 0.03
  3  10 0.13
  3  11 0.16
  3  12 0.25
  3  13 0.01
  3  15 0.23
  3  16 0.13
  3  17 0.26
  3  18 0.18
  3  19 0.14
  3  21 0.22
  3  22 0.23
  4   1 0.13
  4   2 0.16
  4   6 0.21
  4   7 0.20
  4   8 0.20
  4   9 0.02
  4  10 0.22
  4  11 0.17
  4  12 0.27
  4  13 0.01
  4  15 0.19
  4  16 0.15
  4  17 0.18
  4  18 0.17
  4  19 0.18
  4  21 0.13
  4  22 0.17
  5   1 0.34
  5   2 0.19
  5   6 0.15
  5   7 0.23
  5   8 0.30
  5   9 0.02
  5  10 0.15
  5  11 0.27
  5  12 0.30
  5  13 0.03
  5  15 0.30
  5  16 0.22
  5  17 0.42
  5  18 0.15
  5  19 0.13
  5  21 0.24
  5  22 0.35
  6   1 0.17
  6   2 0.28
  6   6 0.37
  6   7 0.04
  6   8 0.05
  6   9 0.03
  6  10 0.24
  6  11 0.11
  6  12 0.31
  6  13 0.00
  6  15 0.22
  6  16 0.12
  6  17 0.31
  6  18 0.28
  6  19 0.24
  6  21 0.34
  6  22 0.24
  7   1 0.05
  7   2 0.10
  7   6 0.14
  7   7 0.04
  7   8 0.05
  7   9 0.01
  7  10 0.17
  7  11 0.10
  7  12 0.06
  7  13 0.01
  7  15 0.04
  7  16 0.05
  7  17 0.18
  7  18 0.18
  7  19 0.05
  7  21 0.09
  7  22 0.04
  8   1 0.15
  8   2 0.24
  8   6 0.32
  8   7 0.11
  8   8 0.08
  8   9 0.06
  8  10 0.24
  8  11 0.10
  8  12 0.32
  8  13 0.00
  8  15 0.20
  8  16 0.10
  8  17 0.18
  8  18 0.19
  8  19 0.14
  8  21 0.15
  8  22 0.19
  9   1 0.29
  9   2 0.18
  9   6 0.13
  9   7 0.23
  9   8 0.40
  9   9 0.02
  9  10 0.14
  9  11 0.31
  9  12 0.30
  9  13 0.04
  9  15 0.26
  9  16 0.22
  9  17 0.37
  9  18 0.14
  9  19 0.10
  9  21 0.18
  9  22 0.29
 10   1 0.08
 10   2 0.30
 10   6 0.33
 10   7 0.09
 10   8 0.06
 10   9 0.01
 10  10 0.20
 10  11 0.09
 10  12 0.19
 10  13 0.00
 10  15 0.14
 10  16 0.09
 10  17 0.13
 10  18 0.23
 10  19 0.22
 10  21 0.17
 10  22 0.16
 11   1 0.12
 11   2 0.38
 11   6 0.49
 11   7 0.10
 11   8 0.09
 11   9 0.09
 11  10 0.32
 11  11 0.13
 11  12 0.35
 11  13 0.02
 11  15 0.24
 11  16 0.14
 11  17 0.24
 11  18 0.33
 11  19 0.32
 11  21 0.35
 11  22 0.18
 12   1 0.22
 12   2 0.20
 12   6 0.27
 12   7 0.13
 12   8 0.12
 12   9 0.08
 12  10 0.28
 12  11 0.18
 12  12 0.22
 12  13 0.05
 12  15 0.14
 12  16 0.19
 12  17 0.31
 12  18 0.28
 12  19 0.17
 12  21 0.22
 12  22 0.16
 13   1 0.20
 13   2 0.11
 13   6 0.11
 13   7 0.23
 13   8 0.34
 13   9 0.02
 13  10 0.12
 13  11 0.16
 13  12 0.34
 13  13 0.01
 13  15 0.25
 13  16 0.21
 13  17 0.27
 13  18 0.16
 13  19 0.17
 13  21 0.22
 13  22 0.33
 14   1 0.12
 14   2 0.19
 14   6 0.14
 14   7 0.03
 14   8 0.04
 14   9 0.07
 14  10 0.24
 14  11 0.11
 14  12 0.15
 14  13 0.01
 14  15 0.21
 14  16 0.10
 14  17 0.24
 14  18 0.12
 14  19 0.13
 14  21 0.21
 14  22 0.22
 15   1 0.26
 15   2 0.41
 15   6 0.32
 15   7 0.15
 15   8 0.16
 15   9 0.06
 15  10 0.36
 15  11 0.28
 15  12 0.29
 15  13 0.03
 15  15 0.20
 15  16 0.17
 15  17 0.43
 15  18 0.41
 15  19 0.22
 15  21 0.37
 15  22 0.17
 16   1 0.15
 16   2 0.29
 16   6 0.42
 16   7 0.09
 16   8 0.11
 16   9 0.05
 16  10 0.23
 16  11 0.12
 16  12 0.28
 16  13 0.01
 16  15 0.25
 16  16 0.23
 16  17 0.24
 16  18 0.36
 16  19 0.30
 16  21 0.30
 16  22 0.19
 17   1 0.15
 17   2 0.28
 17   6 0.37
 17   7 0.10
 17   8 0.06
 17   9 0.03
 17  10 0.31
 17  11 0.12
 17  12 0.41
 17  13 0.00
 17  15 0.20
 17  16 0.13
 17  17 0.21
 17  18 0.32
 17  19 0.32
 17  21 0.27
 17  22 0.17
 18   1 0.16
 18   2 0.24
 18   6 0.29
 18   7 0.09
 18   8 0.12
 18   9 0.08
 18  10 0.31
 18  11 0.13
 18  12 0.31
 18  13 0.01
 18  15 0.23
 18  16 0.12
 18  17 0.28
 18  18 0.32
 18  19 0.27
 18  21 0.25
 18  22 0.21
 19   1 0.06
 19   2 0.22
 19   6 0.30
 19   7 0.09
 19   8 0.01
 19   9 0.03
 19  10 0.16
 19  11 0.13
 19  12 0.14
 19  13 0.00
 19  15 0.07
 19  16 0.03
 19  17 0.14
 19  18 0.21
 19  19 0.16
 19  21 0.12
 19  22 0.05
 20   1 0.14
 20   2 0.27
 20   6 0.30
 20   7 0.03
 20   8 0.07
 20   9 0.03
 20  10 0.26
 20  11 0.15
 20  12 0.16
 20  13 0.01
 20  15 0.13
 20  16 0.07
 20  17 0.24
 20  18 0.19
 20  19 0.18
 20  21 0.19
 20  22 0.13
 21   1 0.22
 21   2 0.21
 21   6 0.21
 21   7 0.06
 21   8 0.21
 21   9 0.05
 21  10 0.18
 21  11 0.20
 21  12 0.16
 21  13 0.00
 21  15 0.24
 21  16 0.15
 21  17 0.38
 21  18 0.25
 21  19 0.13
 21  21 0.28
 21  22 0.27
 22   1 0.16
 22   2 0.21
 22   6 0.15
 22   7 0.17
 22   8 0.14
 22   9 0.03
 22  10 0.18
 22  11 0.17
 22  12 0.26
 22  13 0.04
 22  15 0.26
 22  16 0.16
 22  17 0.26
 22  18 0.14
 22  19 0.15
 22  21 0.22
 22  22 0.27
