  1   1 1.00
  1   2 0.11
  1   3 0.07
  1   5 0.12
  1   6 0.09
  1   7 0.06
  1   8 0.05
  1  10 0.22
  1  12 0.06
  1  13 0.05
  1  15 0.23
  1  16 0.08
  1  17 0.13
  1  18 0.13
  1  19 0.11
  1  21 0.11
  1  22 0.09
  2   1 0.11
  2   2 1.00
  2   3 0.02
  2   5 0.06
  2   6 0.24
  2   7 0.03
  2   8 0.04
  2  10 0.23
  2  12 0.05
  2  13 0.03
  2  15 0.13
  2  16 0.07
  2  17 0.03
  2  18 0.15
  2  19 0.22
  2  21 0.07
  2  22 0.12
  3   1 0.07
  3   2 0.02
  3   3 1.00
  3   5 0.07
  3   6 0.05
  3   7 0.03
  3   8 0.06
  3  10 0.20
  3  12 0.05
  3  13 0.05
  3  15 0.11
  3  16 0.05
  3  17 0.06
  3  18 0.13
  3  19 0.15
  3  21 0.07
  3  22 0.11
  5   1 0.12
  5   2 0.06
  5   3 0.07
  5   5 1.00
  5   6 0.10
  5   7 0.04
  5   8 0.17
  5  10 0.19
  5  12 0.02
  5  13 0.07
  5  15 0.18
  5  16 0.10
  5  17 0.23
  5  18 0.11
  5  19 0.08
  5  21 0.10
  5  22 0.16
  6   1 0.09
  6   2 0.24
  6   3 0.05
  6   5 0.10
  6   6 1.00
  6   7 0.06
  6   8 0.10
  6  10 0.36
  6  12 0.12
  6  13 0.08
  6  15 0.25
  6  16 0.17
  6  17 0.08
  6  18 0.22
  6  19 0.35
  6  21 0.12
  6  22 0.20
  7   1 0.06
  7   2 0.03
  7   3 0.03
  7   5 0.04
  7   6 0.06
  7   7 1.00
  7   8 0.11
  7  10 0.10
  7  12 0.02
  7  13 0.08
  7  15 0.11
  7  16 0.07
  7  17 0.07
  7  18 0.11
  7  19 0.04
  7  21 0.08
  7  22 0.05
  8   1 0.05
  8   2 0.04
  8   3 0.06
  8   5 0.17
  8   6 0.10
  8   7 0.11
  8   8 1.00
  8  10 0.11
  8  12 0.09
  8  13 0.15
  8  15 0.19
  8  16 0.35
  8  17 0.35
  8  18 0.26
  8  19 0.10
  8  21 0.27
  8  22 0.18
 10   1 0.22
 10   2 0.23
 10   3 0.20
 10   5 0.19
 10   6 0.36
 10   7 0.10
 10   8 0.11
 10  10 1.00
 10  12 0.16
 10  13 0.08
 10  15 0.31
 10  16 0.15
 10  17 0.14
 10  18 0.31
 10  19 0.45
 10  21 0.17
 10  22 0.21
 12   1 0.06
 12   2 0.05
 12   3 0.05
 12   5 0.02
 12   6 0.12
 12   7 0.02
 12   8 0.09
 12  10 0.16
 12  12 1.00
 12  13 0.04
 12  15 0.12
 12  16 0.11
 12  17 0.11
 12  18 0.17
 12  19 0.22
 12  21 0.07
 12  22 0.03
 13   1 0.05
 13   2 0.03
 13   3 0.05
 13   5 0.07
 13   6 0.08
 13   7 0.08
 13   8 0.15
 13  10 0.08
 13  12 0.04
 13  13 1.00
 13  15 0.10
 13  16 0.15
 13  17 0.08
 13  18 0.15
 13  19 0.08
 13  21 0.09
 13  22 0.12
 15   1 0.23
 15   2 0.13
 15   3 0.11
 15   5 0.18
 15   6 0.25
 15   7 0.11
 15   8 0.19
 15  10 0.31
 15  12 0.12
 15  13 0.10
 15  15 1.00
 15  16 0.17
 15  17 0.21
 15  18 0.29
 15  19 0.28
 15  21 0.23
 15  22 0.23
 16   1 0.08
 16   2 0.07
 16   3 0.05
 16   5 0.10
 16   6 0.17
 16   7 0.07
 16   8 0.35
 16  10 0.15
 16  12 0.11
 16  13 0.15
 16  15 0.17
 16  16 1.00
 16  17 0.24
 16  18 0.30
 16  19 0.22
 16  21 0.27
 16  22 0.24
 17   1 0.13
 17   2 0.03
 17   3 0.06
 17   5 0.23
 17   6 0.08
 17   7 0.07
 17   8 0.35
 17  10 0.14
 17  12 0.11
 17  13 0.08
 17  15 0.21
 17  16 0.24
 17  17 1.00
 17  18 0.14
 17  19 0.12
 17  21 0.16
 17  22 0.13
 18   1 0.13
 18   2 0.15
 18   3 0.13
 18   5 0.11
 18   6 0.22
 18   7 0.11
 18   8 0.26
 18  10 0.31
 18  12 0.17
 18  13 0.15
 18  15 0.29
 18  16 0.30
 18  17 0.14
 18  18 1.00
 18  19 0.33
 18  21 0.29
 18  22 0.29
 19   1 0.11
 19   2 0.22
 19   3 0.15
 19   5 0.08
 19   6 0.35
 19   7 0.04
 19   8 0.10
 19  10 0.45
 19  12 0.22
 19  13 0.08
 19  15 0.28
 19  16 0.22
 19  17 0.12
 19  18 0.33
 19  19 1.00
 19  21 0.19
 19  22 0.28
 21   1 0.11
 21   2 0.07
 21   3 0.07
 21   5 0.10
 21   6 0.12
 21   7 0.08
 21   8 0.27
 21  10 0.17
 21  12 0.07
 21  13 0.09
 21  15 0.23
 21  16 0.27
 21  17 0.16
 21  18 0.29
 21  19 0.19
 21  21 1.00
 21  22 0.26
 22   1 0.09
 22   2 0.12
 22   3 0.11
 22   5 0.16
 22   6 0.20
 22   7 0.05
 22   8 0.18
 22  10 0.21
 22  12 0.03
 22  13 0.12
 22  15 0.23
 22  16 0.24
 22  17 0.13
 22  18 0.29
 22  19 0.28
 22  21 0.26
 22  22 1.00
