  1   1 1.00
  1   2 0.25
  1   3 0.13
  1   4 0.11
  1   5 0.49
  1   6 0.55
  1   7 0.32
  1   8 0.53
  1   9 0.29
  1  10 0.30
  1  11 0.43
  1  12 0.53
  1  13 0.53
  1  14 0.53
  1  15 0.36
  1  16 0.58
  1  17 0.51
  1  18 0.35
  1  19 0.53
  1  20 0.49
  1  21 0.49
  1  22 0.54
  2   1 0.25
  2   2 1.00
  2   3 0.04
  2   4 0.03
  2   5 0.14
  2   6 0.31
  2   7 0.06
  2   8 0.17
  2   9 0.25
  2  10 0.42
  2  11 0.14
  2  12 0.12
  2  13 0.12
  2  14 0.38
  2  15 0.12
  2  16 0.15
  2  17 0.14
  2  18 0.14
  2  19 0.31
  2  20 0.12
  2  21 0.30
  2  22 0.20
  3   1 0.13
  3   2 0.04
  3   3 1.00
  3   4 0.07
  3   5 0.07
  3   6 0.06
  3   7 0.04
  3   8 0.04
  3   9 0.03
  3  10 0.04
  3  11 0.04
  3  12 0.08
  3  13 0.08
  3  14 0.11
  3  15 0.02
  3  16 0.10
  3  17 0.07
  3  18 0.09
  3  19 0.10
  3  20 0.05
  3  21 0.08
  3  22 0.09
  4   1 0.11
  4   2 0.03
  4   3 0.07
  4   4 1.00
  4   5 0.07
  4   6 0.04
  4   7 0.05
  4   8 0.03
  4   9 0.01
  4  10 0.02
  4  11 0.04
  4  12 0.08
  4  13 0.15
  4  14 0.08
  4  15 0.01
  4  16 0.12
  4  17 0.05
  4  18 0.08
  4  19 0.06
  4  20 0.10
  4  21 0.10
  4  22 0.04
  5   1 0.49
  5   2 0.14
  5   3 0.07
  5   4 0.07
  5   5 1.00
  5   6 0.39
  5   7 0.28
  5   8 0.39
  5   9 0.30
  5  10 0.24
  5  11 0.34
  5  12 0.36
  5  13 0.49
  5  14 0.37
  5  15 0.28
  5  16 0.40
  5  17 0.36
  5  18 0.25
  5  19 0.40
  5  20 0.38
  5  21 0.35
  5  22 0.31
  6   1 0.55
  6   2 0.31
  6   3 0.06
  6   4 0.04
  6   5 0.39
  6   6 1.00
  6   7 0.27
  6   8 0.48
  6   9 0.57
  6  10 0.53
  6  11 0.44
  6  12 0.39
  6  13 0.35
  6  14 0.58
  6  15 0.42
  6  16 0.45
  6  17 0.46
  6  18 0.33
  6  19 0.59
  6  20 0.38
  6  21 0.62
  6  22 0.29
  7   1 0.32
  7   2 0.06
  7   3 0.04
  7   4 0.05
  7   5 0.28
  7   6 0.27
  7   7 1.00
  7   8 0.42
  7   9 0.09
  7  10 0.08
  7  11 0.40
  7  12 0.35
  7  13 0.39
  7  14 0.22
  7  15 0.22
  7  16 0.34
  7  17 0.36
  7  18 0.18
  7  19 0.25
  7  20 0.35
  7  21 0.21
  7  22 0.23
  8   1 0.53
  8   2 0.17
  8   3 0.04
  8   4 0.03
  8   5 0.39
  8   6 0.48
  8   7 0.42
  8   8 1.00
  8   9 0.28
  8  10 0.24
  8  11 0.57
  8  12 0.46
  8  13 0.42
  8  14 0.32
  8  15 0.37
  8  16 0.54
  8  17 0.53
  8  18 0.43
  8  19 0.42
  8  20 0.51
  8  21 0.38
  8  22 0.39
  9   1 0.29
  9   2 0.25
  9   3 0.03
  9   4 0.01
  9   5 0.30
  9   6 0.57
  9   7 0.09
  9   8 0.28
  9   9 1.00
  9  10 0.59
  9  11 0.25
  9  12 0.21
  9  13 0.29
  9  14 0.48
  9  15 0.31
  9  16 0.21
  9  17 0.25
  9  18 0.34
  9  19 0.63
  9  20 0.17
  9  21 0.39
  9  22 0.24
 10   1 0.30
 10   2 0.42
 10   3 0.04
 10   4 0.02
 10   5 0.24
 10   6 0.53
 10   7 0.08
 10   8 0.24
 10   9 0.59
 10  10 1.00
 10  11 0.20
 10  12 0.19
 10  13 0.25
 10  14 0.53
 10  15 0.17
 10  16 0.21
 10  17 0.24
 10  18 0.24
 10  19 0.53
 10  20 0.15
 10  21 0.40
 10  22 0.24
 11   1 0.43
 11   2 0.14
 11   3 0.04
 11   4 0.04
 11   5 0.34
 11   6 0.44
 11   7 0.40
 11   8 0.57
 11   9 0.25
 11  10 0.20
 11  11 1.00
 11  12 0.49
 11  13 0.36
 11  14 0.26
 11  15 0.35
 11  16 0.55
 11  17 0.69
 11  18 0.29
 11  19 0.39
 11  20 0.65
 11  21 0.37
 11  22 0.21
 12   1 0.53
 12   2 0.12
 12   3 0.08
 12   4 0.08
 12   5 0.36
 12   6 0.39
 12   7 0.35
 12   8 0.46
 12   9 0.21
 12  10 0.19
 12  11 0.49
 12  12 1.00
 12  13 0.50
 12  14 0.35
 12  15 0.27
 12  16 0.57
 12  17 0.53
 12  18 0.29
 12  19 0.49
 12  20 0.52
 12  21 0.37
 12  22 0.27
 13   1 0.53
 13   2 0.12
 13   3 0.08
 13   4 0.15
 13   5 0.49
 13   6 0.35
 13   7 0.39
 13   8 0.42
 13   9 0.29
 13  10 0.25
 13  11 0.36
 13  12 0.50
 13  13 1.00
 13  14 0.38
 13  15 0.24
 13  16 0.50
 13  17 0.42
 13  18 0.30
 13  19 0.49
 13  20 0.41
 13  21 0.34
 13  22 0.38
 14   1 0.53
 14   2 0.38
 14   3 0.11
 14   4 0.08
 14   5 0.37
 14   6 0.58
 14   7 0.22
 14   8 0.32
 14   9 0.48
 14  10 0.53
 14  11 0.26
 14  12 0.35
 14  13 0.38
 14  14 1.00
 14  15 0.28
 14  16 0.39
 14  17 0.32
 14  18 0.28
 14  19 0.71
 14  20 0.27
 14  21 0.46
 14  22 0.35
 15   1 0.36
 15   2 0.12
 15   3 0.02
 15   4 0.01
 15   5 0.28
 15   6 0.42
 15   7 0.22
 15   8 0.37
 15   9 0.31
 15  10 0.17
 15  11 0.35
 15  12 0.27
 15  13 0.24
 15  14 0.28
 15  15 1.00
 15  16 0.30
 15  17 0.37
 15  18 0.26
 15  19 0.31
 15  20 0.27
 15  21 0.32
 15  22 0.21
 16   1 0.58
 16   2 0.15
 16   3 0.10
 16   4 0.12
 16   5 0.40
 16   6 0.45
 16   7 0.34
 16   8 0.54
 16   9 0.21
 16  10 0.21
 16  11 0.55
 16  12 0.57
 16  13 0.50
 16  14 0.39
 16  15 0.30
 16  16 1.00
 16  17 0.68
 16  18 0.31
 16  19 0.52
 16  20 0.61
 16  21 0.49
 16  22 0.29
 17   1 0.51
 17   2 0.14
 17   3 0.07
 17   4 0.05
 17   5 0.36
 17   6 0.46
 17   7 0.36
 17   8 0.53
 17   9 0.25
 17  10 0.24
 17  11 0.69
 17  12 0.53
 17  13 0.42
 17  14 0.32
 17  15 0.37
 17  16 0.68
 17  17 1.00
 17  18 0.33
 17  19 0.46
 17  20 0.62
 17  21 0.43
 17  22 0.28
 18   1 0.35
 18   2 0.14
 18   3 0.09
 18   4 0.08
 18   5 0.25
 18   6 0.33
 18   7 0.18
 18   8 0.43
 18   9 0.34
 18  10 0.24
 18  11 0.29
 18  12 0.29
 18  13 0.30
 18  14 0.28
 18  15 0.26
 18  16 0.31
 18  17 0.33
 18  18 1.00
 18  19 0.35
 18  20 0.26
 18  21 0.30
 18  22 0.33
 19   1 0.53
 19   2 0.31
 19   3 0.10
 19   4 0.06
 19   5 0.40
 19   6 0.59
 19   7 0.25
 19   8 0.42
 19   9 0.63
 19  10 0.53
 19  11 0.39
 19  12 0.49
 19  13 0.49
 19  14 0.71
 19  15 0.31
 19  16 0.52
 19  17 0.46
 19  18 0.35
 19  19 1.00
 19  20 0.38
 19  21 0.45
 19  22 0.39
 20   1 0.49
 20   2 0.12
 20   3 0.05
 20   4 0.10
 20   5 0.38
 20   6 0.38
 20   7 0.35
 20   8 0.51
 20   9 0.17
 20  10 0.15
 20  11 0.65
 20  12 0.52
 20  13 0.41
 20  14 0.27
 20  15 0.27
 20  16 0.61
 20  17 0.62
 20  18 0.26
 20  19 0.38
 20  20 1.00
 20  21 0.41
 20  22 0.26
 21   1 0.49
 21   2 0.30
 21   3 0.08
 21   4 0.10
 21   5 0.35
 21   6 0.62
 21   7 0.21
 21   8 0.38
 21   9 0.39
 21  10 0.40
 21  11 0.37
 21  12 0.37
 21  13 0.34
 21  14 0.46
 21  15 0.32
 21  16 0.49
 21  17 0.43
 21  18 0.30
 21  19 0.45
 21  20 0.41
 21  21 1.00
 21  22 0.23
 22   1 0.54
 22   2 0.20
 22   3 0.09
 22   4 0.04
 22   5 0.31
 22   6 0.29
 22   7 0.23
 22   8 0.39
 22   9 0.24
 22  10 0.24
 22  11 0.21
 22  12 0.27
 22  13 0.38
 22  14 0.35
 22  15 0.21
 22  16 0.29
 22  17 0.28
 22  18 0.33
 22  19 0.39
 22  20 0.26
 22  21 0.23
 22  22 1.00
