  1   1 1.00
  1   2 0.46
  1   3 0.43
  1   4 0.42
  1   5 0.55
  1   6 0.36
  1   7 0.44
  1   8 0.57
  1   9 0.44
  1  10 0.45
  1  11 0.29
  1  12 0.45
  1  13 0.48
  1  14 0.67
  1  15 0.48
  1  16 0.35
  1  17 0.41
  1  18 0.30
  1  19 0.44
  1  20 0.51
  1  21 0.27
  1  22 0.48
  2   1 0.46
  2   2 1.00
  2   3 0.43
  2   4 0.42
  2   5 0.54
  2   6 0.42
  2   7 0.54
  2   8 0.67
  2   9 0.36
  2  10 0.41
  2  11 0.40
  2  12 0.53
  2  13 0.63
  2  14 0.62
  2  15 0.47
  2  16 0.37
  2  17 0.43
  2  18 0.54
  2  19 0.51
  2  20 0.48
  2  21 0.35
  2  22 0.42
  3   1 0.43
  3   2 0.43
  3   3 1.00
  3   4 0.38
  3   5 0.47
  3   6 0.46
  3   7 0.43
  3   8 0.45
  3   9 0.20
  3  10 0.34
  3  11 0.46
  3  12 0.49
  3  13 0.48
  3  14 0.49
  3  15 0.40
  3  16 0.35
  3  17 0.35
  3  18 0.27
  3  19 0.36
  3  20 0.50
  3  21 0.34
  3  22 0.29
  4   1 0.42
  4   2 0.42
  4   3 0.38
  4   4 1.00
  4   5 0.51
  4   6 0.50
  4   7 0.51
  4   8 0.52
  4   9 0.36
  4  10 0.44
  4  11 0.41
  4  12 0.58
  4  13 0.48
  4  14 0.53
  4  15 0.65
  4  16 0.44
  4  17 0.52
  4  18 0.39
  4  19 0.56
  4  20 0.52
  4  21 0.49
  4  22 0.48
  5   1 0.55
  5   2 0.54
  5   3 0.47
  5   4 0.51
  5   5 1.00
  5   6 0.61
  5   7 0.55
  5   8 0.67
  5   9 0.46
  5  10 0.56
  5  11 0.41
  5  12 0.72
  5  13 0.63
  5  14 0.63
  5  15 0.70
  5  16 0.59
  5  17 0.53
  5  18 0.37
  5  19 0.58
  5  20 0.65
  5  21 0.55
  5  22 0.65
  6   1 0.36
  6   2 0.42
  6   3 0.46
  6   4 0.50
  6   5 0.61
  6   6 1.00
  6   7 0.57
  6   8 0.45
  6   9 0.28
  6  10 0.56
  6  11 0.46
  6  12 0.69
  6  13 0.55
  6  14 0.51
  6  15 0.57
  6  16 0.52
  6  17 0.51
  6  18 0.35
  6  19 0.57
  6  20 0.61
  6  21 0.58
  6  22 0.55
  7   1 0.44
  7   2 0.54
  7   3 0.43
  7   4 0.51
  7   5 0.55
  7   6 0.57
  7   7 1.00
  7   8 0.55
  7   9 0.31
  7  10 0.50
  7  11 0.37
  7  12 0.53
  7  13 0.56
  7  14 0.60
  7  15 0.57
  7  16 0.60
  7  17 0.53
  7  18 0.44
  7  19 0.50
  7  20 0.48
  7  21 0.41
  7  22 0.47
  8   1 0.57
  8   2 0.67
  8   3 0.45
  8   4 0.52
  8   5 0.67
  8   6 0.45
  8   7 0.55
  8   8 1.00
  8   9 0.45
  8  10 0.49
  8  11 0.39
  8  12 0.57
  8  13 0.54
  8  14 0.65
  8  15 0.60
  8  16 0.51
  8  17 0.59
  8  18 0.41
  8  19 0.59
  8  20 0.59
  8  21 0.45
  8  22 0.56
  9   1 0.44
  9   2 0.36
  9   3 0.20
  9   4 0.36
  9   5 0.46
  9   6 0.28
  9   7 0.31
  9   8 0.45
  9   9 1.00
  9  10 0.28
  9  11 0.26
  9  12 0.38
  9  13 0.37
  9  14 0.40
  9  15 0.35
  9  16 0.31
  9  17 0.43
  9  18 0.22
  9  19 0.32
  9  20 0.37
  9  21 0.31
  9  22 0.41
 10   1 0.45
 10   2 0.41
 10   3 0.34
 10   4 0.44
 10   5 0.56
 10   6 0.56
 10   7 0.50
 10   8 0.49
 10   9 0.28
 10  10 1.00
 10  11 0.34
 10  12 0.51
 10  13 0.57
 10  14 0.59
 10  15 0.58
 10  16 0.39
 10  17 0.42
 10  18 0.35
 10  19 0.51
 10  20 0.57
 10  21 0.41
 10  22 0.56
 11   1 0.29
 11   2 0.40
 11   3 0.46
 11   4 0.41
 11   5 0.41
 11   6 0.46
 11   7 0.37
 11   8 0.39
 11   9 0.26
 11  10 0.34
 11  11 1.00
 11  12 0.56
 11  13 0.49
 11  14 0.35
 11  15 0.41
 11  16 0.33
 11  17 0.36
 11  18 0.38
 11  19 0.37
 11  20 0.49
 11  21 0.38
 11  22 0.30
 12   1 0.45
 12   2 0.53
 12   3 0.49
 12   4 0.58
 12   5 0.72
 12   6 0.69
 12   7 0.53
 12   8 0.57
 12   9 0.38
 12  10 0.51
 12  11 0.56
 12  12 1.00
 12  13 0.64
 12  14 0.57
 12  15 0.67
 12  16 0.58
 12  17 0.57
 12  18 0.43
 12  19 0.68
 12  20 0.65
 12  21 0.63
 12  22 0.56
 13   1 0.48
 13   2 0.63
 13   3 0.48
 13   4 0.48
 13   5 0.63
 13   6 0.55
 13   7 0.56
 13   8 0.54
 13   9 0.37
 13  10 0.57
 13  11 0.49
 13  12 0.64
 13  13 1.00
 13  14 0.57
 13  15 0.56
 13  16 0.47
 13  17 0.40
 13  18 0.52
 13  19 0.52
 13  20 0.57
 13  21 0.43
 13  22 0.54
 14   1 0.67
 14   2 0.62
 14   3 0.49
 14   4 0.53
 14   5 0.63
 14   6 0.51
 14   7 0.60
 14   8 0.65
 14   9 0.40
 14  10 0.59
 14  11 0.35
 14  12 0.57
 14  13 0.57
 14  14 1.00
 14  15 0.62
 14  16 0.45
 14  17 0.48
 14  18 0.40
 14  19 0.55
 14  20 0.61
 14  21 0.43
 14  22 0.60
 15   1 0.48
 15   2 0.47
 15   3 0.40
 15   4 0.65
 15   5 0.70
 15   6 0.57
 15   7 0.57
 15   8 0.60
 15   9 0.35
 15  10 0.58
 15  11 0.41
 15  12 0.67
 15  13 0.56
 15  14 0.62
 15  15 1.00
 15  16 0.56
 15  17 0.57
 15  18 0.47
 15  19 0.64
 15  20 0.67
 15  21 0.54
 15  22 0.63
 16   1 0.35
 16   2 0.37
 16   3 0.35
 16   4 0.44
 16   5 0.59
 16   6 0.52
 16   7 0.60
 16   8 0.51
 16   9 0.31
 16  10 0.39
 16  11 0.33
 16  12 0.58
 16  13 0.47
 16  14 0.45
 16  15 0.56
 16  16 1.00
 16  17 0.57
 16  18 0.39
 16  19 0.46
 16  20 0.40
 16  21 0.46
 16  22 0.50
 17   1 0.41
 17   2 0.43
 17   3 0.35
 17   4 0.52
 17   5 0.53
 17   6 0.51
 17   7 0.53
 17   8 0.59
 17   9 0.43
 17  10 0.42
 17  11 0.36
 17  12 0.57
 17  13 0.40
 17  14 0.48
 17  15 0.57
 17  16 0.57
 17  17 1.00
 17  18 0.31
 17  19 0.45
 17  20 0.49
 17  21 0.50
 17  22 0.53
 18   1 0.30
 18   2 0.54
 18   3 0.27
 18   4 0.39
 18   5 0.37
 18   6 0.35
 18   7 0.44
 18   8 0.41
 18   9 0.22
 18  10 0.35
 18  11 0.38
 18  12 0.43
 18  13 0.52
 18  14 0.40
 18  15 0.47
 18  16 0.39
 18  17 0.31
 18  18 1.00
 18  19 0.53
 18  20 0.48
 18  21 0.31
 18  22 0.40
 19   1 0.44
 19   2 0.51
 19   3 0.36
 19   4 0.56
 19   5 0.58
 19   6 0.57
 19   7 0.50
 19   8 0.59
 19   9 0.32
 19  10 0.51
 19  11 0.37
 19  12 0.68
 19  13 0.52
 19  14 0.55
 19  15 0.64
 19  16 0.46
 19  17 0.45
 19  18 0.53
 19  19 1.00
 19  20 0.62
 19  21 0.57
 19  22 0.57
 20   1 0.51
 20   2 0.48
 20   3 0.50
 20   4 0.52
 20   5 0.65
 20   6 0.61
 20   7 0.48
 20   8 0.59
 20   9 0.37
 20  10 0.57
 20  11 0.49
 20  12 0.65
 20  13 0.57
 20  14 0.61
 20  15 0.67
 20  16 0.40
 20  17 0.49
 20  18 0.48
 20  19 0.62
 20  20 1.00
 20  21 0.52
 20  22 0.62
 21   1 0.27
 21   2 0.35
 21   3 0.34
 21   4 0.49
 21   5 0.55
 21   6 0.58
 21   7 0.41
 21   8 0.45
 21   9 0.31
 21  10 0.41
 21  11 0.38
 21  12 0.63
 21  13 0.43
 21  14 0.43
 21  15 0.54
 21  16 0.46
 21  17 0.50
 21  18 0.31
 21  19 0.57
 21  20 0.52
 21  21 1.00
 21  22 0.59
 22   1 0.48
 22   2 0.42
 22   3 0.29
 22   4 0.48
 22   5 0.65
 22   6 0.55
 22   7 0.47
 22   8 0.56
 22   9 0.41
 22  10 0.56
 22  11 0.30
 22  12 0.56
 22  13 0.54
 22  14 0.60
 22  15 0.63
 22  16 0.50
 22  17 0.53
 22  18 0.40
 22  19 0.57
 22  20 0.62
 22  21 0.59
 22  22 1.00
