  1   1 0.93
  1   2 0.58
  1   3 0.45
  1   4 0.24
  1   5 0.18
  1   6 0.52
  1   7 0.55
  1   8 0.42
  1   9 0.70
  1  10 0.62
  1  11 0.62
  1  12 0.27
  1  13 0.40
  1  14 0.30
  1  15 0.71
  1  16 0.33
  1  17 0.38
  1  18 0.49
  1  19 0.43
  1  20 0.27
  1  21 0.56
  1  22 0.53
  2   1 0.55
  2   2 0.95
  2   3 0.57
  2   4 0.21
  2   5 0.28
  2   6 0.41
  2   7 0.37
  2   8 0.40
  2   9 0.64
  2  10 0.61
  2  11 0.44
  2  12 0.36
  2  13 0.28
  2  14 0.49
  2  15 0.66
  2  16 0.38
  2  17 0.38
  2  18 0.43
  2  19 0.46
  2  20 0.32
  2  21 0.51
  2  22 0.38
  3   1 0.46
  3   2 0.64
  3   3 0.88
  3   4 0.15
  3   5 0.36
  3   6 0.25
  3   7 0.35
  3   8 0.26
  3   9 0.64
  3  10 0.61
  3  11 0.44
  3  12 0.31
  3  13 0.22
  3  14 0.61
  3  15 0.55
  3  16 0.22
  3  17 0.38
  3  18 0.33
  3  19 0.26
  3  20 0.17
  3  21 0.56
  3  22 0.30
  4   1 0.21
  4   2 0.17
  4   3 0.17
  4   4 0.83
  4   5 0.14
  4   6 0.31
  4   7 0.36
  4   8 0.29
  4   9 0.29
  4  10 0.25
  4  11 0.27
  4  12 0.37
  4  13 0.33
  4  14 0.24
  4  15 0.28
  4  16 0.36
  4  17 0.30
  4  18 0.36
  4  19 0.29
  4  20 0.46
  4  21 0.21
  4  22 0.26
  5   1 0.26
  5   2 0.32
  5   3 0.48
  5   4 0.11
  5   5 0.93
  5   6 0.17
  5   7 0.18
  5   8 0.14
  5   9 0.32
  5  10 0.36
  5  11 0.23
  5  12 0.34
  5  13 0.18
  5  14 0.66
  5  15 0.37
  5  16 0.15
  5  17 0.44
  5  18 0.26
  5  19 0.16
  5  20 0.11
  5  21 0.36
  5  22 0.20
  6   1 0.55
  6   2 0.38
  6   3 0.24
  6   4 0.26
  6   5 0.13
  6   6 0.91
  6   7 0.54
  6   8 0.64
  6   9 0.45
  6  10 0.50
  6  11 0.47
  6  12 0.29
  6  13 0.56
  6  14 0.21
  6  15 0.53
  6  16 0.51
  6  17 0.34
  6  18 0.57
  6  19 0.69
  6  20 0.34
  6  21 0.45
  6  22 0.54
  7   1 0.49
  7   2 0.37
  7   3 0.38
  7   4 0.45
  7   5 0.21
  7   6 0.58
  7   7 0.89
  7   8 0.62
  7   9 0.56
  7  10 0.50
  7  11 0.56
  7  12 0.40
  7  13 0.49
  7  14 0.36
  7  15 0.42
  7  16 0.49
  7  17 0.42
  7  18 0.66
  7  19 0.49
  7  20 0.46
  7  21 0.52
  7  22 0.55
  8   1 0.54
  8   2 0.50
  8   3 0.31
  8   4 0.28
  8   5 0.16
  8   6 0.68
  8   7 0.63
  8   8 0.91
  8   9 0.50
  8  10 0.61
  8  11 0.55
  8  12 0.34
  8  13 0.54
  8  14 0.23
  8  15 0.48
  8  16 0.45
  8  17 0.37
  8  18 0.55
  8  19 0.63
  8  20 0.40
  8  21 0.52
  8  22 0.55
  9   1 0.65
  9   2 0.68
  9   3 0.57
  9   4 0.30
  9   5 0.27
  9   6 0.43
  9   7 0.48
  9   8 0.36
  9   9 0.93
  9  10 0.61
  9  11 0.67
  9  12 0.35
  9  13 0.35
  9  14 0.47
  9  15 0.63
  9  16 0.35
  9  17 0.33
  9  18 0.49
  9  19 0.38
  9  20 0.26
  9  21 0.41
  9  22 0.41
 10   1 0.59
 10   2 0.57
 10   3 0.39
 10   4 0.28
 10   5 0.24
 10   6 0.53
 10   7 0.40
 10   8 0.49
 10   9 0.58
 10  10 0.93
 10  11 0.58
 10  12 0.55
 10  13 0.58
 10  14 0.33
 10  15 0.47
 10  16 0.47
 10  17 0.54
 10  18 0.56
 10  19 0.47
 10  20 0.35
 10  21 0.46
 10  22 0.51
 11   1 0.58
 11   2 0.41
 11   3 0.33
 11   4 0.35
 11   5 0.16
 11   6 0.54
 11   7 0.59
 11   8 0.53
 11   9 0.67
 11  10 0.70
 11  11 0.91
 11  12 0.39
 11  13 0.57
 11  14 0.22
 11  15 0.45
 11  16 0.47
 11  17 0.41
 11  18 0.59
 11  19 0.47
 11  20 0.37
 11  21 0.43
 11  22 0.63
 12   1 0.45
 12   2 0.43
 12   3 0.28
 12   4 0.51
 12   5 0.30
 12   6 0.48
 12   7 0.39
 12   8 0.35
 12   9 0.48
 12  10 0.62
 12  11 0.42
 12  12 0.85
 12  13 0.66
 12  14 0.40
 12  15 0.40
 12  16 0.56
 12  17 0.67
 12  18 0.61
 12  19 0.41
 12  20 0.47
 12  21 0.34
 12  22 0.52
 13   1 0.49
 13   2 0.28
 13   3 0.19
 13   4 0.38
 13   5 0.13
 13   6 0.63
 13   7 0.52
 13   8 0.57
 13   9 0.38
 13  10 0.48
 13  11 0.58
 13  12 0.40
 13  13 0.93
 13  14 0.19
 13  15 0.38
 13  16 0.60
 13  17 0.44
 13  18 0.69
 13  19 0.64
 13  20 0.51
 13  21 0.35
 13  22 0.72
 14   1 0.20
 14   2 0.34
 14   3 0.63
 14   4 0.14
 14   5 0.64
 14   6 0.21
 14   7 0.20
 14   8 0.16
 14   9 0.42
 14  10 0.35
 14  11 0.28
 14  12 0.33
 14  13 0.14
 14  14 0.89
 14  15 0.46
 14  16 0.16
 14  17 0.47
 14  18 0.28
 14  19 0.18
 14  20 0.12
 14  21 0.41
 14  22 0.18
 15   1 0.54
 15   2 0.58
 15   3 0.63
 15   4 0.24
 15   5 0.32
 15   6 0.48
 15   7 0.36
 15   8 0.38
 15   9 0.58
 15  10 0.52
 15  11 0.48
 15  12 0.24
 15  13 0.26
 15  14 0.49
 15  15 0.89
 15  16 0.29
 15  17 0.35
 15  18 0.35
 15  19 0.39
 15  20 0.18
 15  21 0.51
 15  22 0.33
 16   1 0.34
 16   2 0.46
 16   3 0.16
 16   4 0.46
 16   5 0.13
 16   6 0.43
 16   7 0.36
 16   8 0.35
 16   9 0.40
 16  10 0.45
 16  11 0.35
 16  12 0.55
 16  13 0.44
 16  14 0.24
 16  15 0.30
 16  16 0.81
 16  17 0.48
 16  18 0.68
 16  19 0.42
 16  20 0.48
 16  21 0.25
 16  22 0.45
 17   1 0.34
 17   2 0.32
 17   3 0.35
 17   4 0.38
 17   5 0.42
 17   6 0.43
 17   7 0.35
 17   8 0.37
 17   9 0.33
 17  10 0.58
 17  11 0.37
 17  12 0.70
 17  13 0.58
 17  14 0.46
 17  15 0.33
 17  16 0.52
 17  17 0.89
 17  18 0.55
 17  19 0.36
 17  20 0.39
 17  21 0.50
 17  22 0.51
 18   1 0.50
 18   2 0.43
 18   3 0.33
 18   4 0.47
 18   5 0.32
 18   6 0.51
 18   7 0.53
 18   8 0.41
 18   9 0.50
 18  10 0.54
 18  11 0.48
 18  12 0.60
 18  13 0.58
 18  14 0.45
 18  15 0.43
 18  16 0.58
 18  17 0.66
 18  18 0.87
 18  19 0.47
 18  20 0.50
 18  21 0.40
 18  22 0.58
 19   1 0.55
 19   2 0.59
 19   3 0.25
 19   4 0.31
 19   5 0.14
 19   6 0.69
 19   7 0.53
 19   8 0.72
 19   9 0.49
 19  10 0.56
 19  11 0.48
 19  12 0.36
 19  13 0.58
 19  14 0.21
 19  15 0.52
 19  16 0.59
 19  17 0.38
 19  18 0.64
 19  19 0.89
 19  20 0.48
 19  21 0.51
 19  22 0.59
 20   1 0.31
 20   2 0.37
 20   3 0.14
 20   4 0.45
 20   5 0.09
 20   6 0.39
 20   7 0.40
 20   8 0.45
 20   9 0.32
 20  10 0.37
 20  11 0.34
 20  12 0.41
 20  13 0.50
 20  14 0.17
 20  15 0.25
 20  16 0.51
 20  17 0.33
 20  18 0.50
 20  19 0.45
 20  20 0.93
 20  21 0.27
 20  22 0.39
 21   1 0.58
 21   2 0.51
 21   3 0.61
 21   4 0.23
 21   5 0.39
 21   6 0.53
 21   7 0.54
 21   8 0.57
 21   9 0.53
 21  10 0.68
 21  11 0.53
 21  12 0.44
 21  13 0.42
 21  14 0.52
 21  15 0.57
 21  16 0.39
 21  17 0.62
 21  18 0.49
 21  19 0.51
 21  20 0.31
 21  21 0.89
 21  22 0.55
 22   1 0.63
 22   2 0.46
 22   3 0.20
 22   4 0.29
 22   5 0.13
 22   6 0.56
 22   7 0.48
 22   8 0.49
 22   9 0.49
 22  10 0.55
 22  11 0.57
 22  12 0.41
 22  13 0.68
 22  14 0.21
 22  15 0.41
 22  16 0.53
 22  17 0.48
 22  18 0.67
 22  19 0.59
 22  20 0.41
 22  21 0.41
 22  22 0.89
