  1   1 0.84
  1   2 0.75
  1   3 0.55
  1   4 0.47
  1   5 0.61
  1   6 0.50
  1   7 0.27
  1   8 0.46
  1   9 0.60
  1  10 0.62
  1  11 0.57
  1  12 0.66
  1  13 0.57
  1  14 0.66
  1  15 0.54
  1  16 0.59
  1  17 0.54
  1  18 0.50
  1  19 0.49
  1  20 0.57
  1  21 0.53
  1  22 0.28
  2   1 0.57
  2   2 0.85
  2   3 0.51
  2   4 0.30
  2   5 0.47
  2   6 0.35
  2   7 0.27
  2   8 0.36
  2   9 0.52
  2  10 0.47
  2  11 0.43
  2  12 0.50
  2  13 0.56
  2  14 0.60
  2  15 0.52
  2  16 0.49
  2  17 0.44
  2  18 0.38
  2  19 0.38
  2  20 0.52
  2  21 0.41
  2  22 0.50
  3   1 0.56
  3   2 0.56
  3   3 0.85
  3   4 0.37
  3   5 0.63
  3   6 0.31
  3   7 0.15
  3   8 0.25
  3   9 0.69
  3  10 0.69
  3  11 0.47
  3  12 0.63
  3  13 0.51
  3  14 0.58
  3  15 0.37
  3  16 0.49
  3  17 0.42
  3  18 0.33
  3  19 0.32
  3  20 0.51
  3  21 0.36
  3  22 0.25
  4   1 0.60
  4   2 0.44
  4   3 0.39
  4   4 0.86
  4   5 0.43
  4   6 0.41
  4   7 0.15
  4   8 0.30
  4   9 0.42
  4  10 0.42
  4  11 0.38
  4  12 0.60
  4  13 0.34
  4  14 0.45
  4  15 0.40
  4  16 0.37
  4  17 0.42
  4  18 0.39
  4  19 0.34
  4  20 0.39
  4  21 0.49
  4  22 0.24
  5   1 0.67
  5   2 0.57
  5   3 0.76
  5   4 0.47
  5   5 0.93
  5   6 0.47
  5   7 0.24
  5   8 0.32
  5   9 0.75
  5  10 0.78
  5  11 0.68
  5  12 0.75
  5  13 0.58
  5  14 0.69
  5  15 0.54
  5  16 0.57
  5  17 0.62
  5  18 0.48
  5  19 0.41
  5  20 0.72
  5  21 0.42
  5  22 0.25
  6   1 0.75
  6   2 0.67
  6   3 0.62
  6   4 0.42
  6   5 0.63
  6   6 0.69
  6   7 0.42
  6   8 0.59
  6   9 0.68
  6  10 0.60
  6  11 0.61
  6  12 0.66
  6  13 0.65
  6  14 0.73
  6  15 0.60
  6  16 0.65
  6  17 0.66
  6  18 0.60
  6  19 0.60
  6  20 0.67
  6  21 0.61
  6  22 0.26
  7   1 0.39
  7   2 0.32
  7   3 0.26
  7   4 0.23
  7   5 0.31
  7   6 0.45
  7   7 0.77
  7   8 0.68
  7   9 0.28
  7  10 0.33
  7  11 0.33
  7  12 0.30
  7  13 0.44
  7  14 0.45
  7  15 0.50
  7  16 0.51
  7  17 0.37
  7  18 0.55
  7  19 0.57
  7  20 0.41
  7  21 0.49
  7  22 0.20
  8   1 0.50
  8   2 0.38
  8   3 0.34
  8   4 0.36
  8   5 0.39
  8   6 0.59
  8   7 0.55
  8   8 0.90
  8   9 0.39
  8  10 0.42
  8  11 0.44
  8  12 0.43
  8  13 0.46
  8  14 0.47
  8  15 0.51
  8  16 0.59
  8  17 0.52
  8  18 0.58
  8  19 0.66
  8  20 0.45
  8  21 0.65
  8  22 0.24
  9   1 0.70
  9   2 0.51
  9   3 0.68
  9   4 0.45
  9   5 0.69
  9   6 0.62
  9   7 0.27
  9   8 0.50
  9   9 0.80
  9  10 0.71
  9  11 0.55
  9  12 0.68
  9  13 0.61
  9  14 0.68
  9  15 0.57
  9  16 0.72
  9  17 0.62
  9  18 0.60
  9  19 0.60
  9  20 0.65
  9  21 0.58
  9  22 0.30
 10   1 0.57
 10   2 0.52
 10   3 0.67
 10   4 0.39
 10   5 0.74
 10   6 0.45
 10   7 0.30
 10   8 0.43
 10   9 0.68
 10  10 0.92
 10  11 0.54
 10  12 0.62
 10  13 0.63
 10  14 0.62
 10  15 0.60
 10  16 0.71
 10  17 0.54
 10  18 0.52
 10  19 0.49
 10  20 0.62
 10  21 0.46
 10  22 0.37
 11   1 0.64
 11   2 0.62
 11   3 0.77
 11   4 0.40
 11   5 0.82
 11   6 0.56
 11   7 0.28
 11   8 0.43
 11   9 0.79
 11  10 0.74
 11  11 0.80
 11  12 0.73
 11  13 0.68
 11  14 0.75
 11  15 0.60
 11  16 0.64
 11  17 0.65
 11  18 0.57
 11  19 0.52
 11  20 0.78
 11  21 0.49
 11  22 0.28
 12   1 0.67
 12   2 0.52
 12   3 0.54
 12   4 0.57
 12   5 0.71
 12   6 0.49
 12   7 0.25
 12   8 0.37
 12   9 0.58
 12  10 0.64
 12  11 0.56
 12  12 0.92
 12  13 0.53
 12  14 0.62
 12  15 0.49
 12  16 0.55
 12  17 0.63
 12  18 0.50
 12  19 0.46
 12  20 0.63
 12  21 0.53
 12  22 0.23
 13   1 0.55
 13   2 0.62
 13   3 0.65
 13   4 0.36
 13   5 0.68
 13   6 0.46
 13   7 0.31
 13   8 0.41
 13   9 0.65
 13  10 0.71
 13  11 0.54
 13  12 0.63
 13  13 0.80
 13  14 0.67
 13  15 0.64
 13  16 0.74
 13  17 0.52
 13  18 0.55
 13  19 0.49
 13  20 0.70
 13  21 0.48
 13  22 0.47
 14   1 0.70
 14   2 0.62
 14   3 0.67
 14   4 0.41
 14   5 0.70
 14   6 0.58
 14   7 0.43
 14   8 0.50
 14   9 0.66
 14  10 0.65
 14  11 0.62
 14  12 0.67
 14  13 0.67
 14  14 0.91
 14  15 0.68
 14  16 0.67
 14  17 0.70
 14  18 0.63
 14  19 0.60
 14  20 0.79
 14  21 0.55
 14  22 0.32
 15   1 0.30
 15   2 0.34
 15   3 0.25
 15   4 0.20
 15   5 0.31
 15   6 0.30
 15   7 0.25
 15   8 0.30
 15   9 0.26
 15  10 0.33
 15  11 0.29
 15  12 0.27
 15  13 0.35
 15  14 0.41
 15  15 0.70
 15  16 0.34
 15  17 0.32
 15  18 0.35
 15  19 0.31
 15  20 0.35
 15  21 0.30
 15  22 0.44
 16   1 0.62
 16   2 0.48
 16   3 0.60
 16   4 0.43
 16   5 0.62
 16   6 0.65
 16   7 0.33
 16   8 0.59
 16   9 0.64
 16  10 0.70
 16  11 0.54
 16  12 0.60
 16  13 0.64
 16  14 0.63
 16  15 0.61
 16  16 0.86
 16  17 0.60
 16  18 0.67
 16  19 0.67
 16  20 0.59
 16  21 0.60
 16  22 0.36
 17   1 0.58
 17   2 0.54
 17   3 0.66
 17   4 0.36
 17   5 0.57
 17   6 0.50
 17   7 0.23
 17   8 0.42
 17   9 0.67
 17  10 0.63
 17  11 0.46
 17  12 0.64
 17  13 0.55
 17  14 0.60
 17  15 0.47
 17  16 0.63
 17  17 0.63
 17  18 0.47
 17  19 0.50
 17  20 0.53
 17  21 0.49
 17  22 0.28
 18   1 0.71
 18   2 0.51
 18   3 0.50
 18   4 0.49
 18   5 0.61
 18   6 0.72
 18   7 0.48
 18   8 0.64
 18   9 0.55
 18  10 0.61
 18  11 0.61
 18  12 0.63
 18  13 0.66
 18  14 0.71
 18  15 0.72
 18  16 0.70
 18  17 0.72
 18  18 0.92
 18  19 0.74
 18  20 0.70
 18  21 0.68
 18  22 0.31
 19   1 0.69
 19   2 0.63
 19   3 0.58
 19   4 0.39
 19   5 0.59
 19   6 0.70
 19   7 0.40
 19   8 0.68
 19   9 0.68
 19  10 0.60
 19  11 0.64
 19  12 0.65
 19  13 0.70
 19  14 0.73
 19  15 0.68
 19  16 0.71
 19  17 0.70
 19  18 0.68
 19  19 0.82
 19  20 0.69
 19  21 0.69
 19  22 0.38
 20   1 0.70
 20   2 0.54
 20   3 0.64
 20   4 0.48
 20   5 0.80
 20   6 0.60
 20   7 0.33
 20   8 0.45
 20   9 0.64
 20  10 0.70
 20  11 0.67
 20  12 0.76
 20  13 0.60
 20  14 0.72
 20  15 0.64
 20  16 0.61
 20  17 0.69
 20  18 0.60
 20  19 0.54
 20  20 0.91
 20  21 0.53
 20  22 0.26
 21   1 0.69
 21   2 0.54
 21   3 0.48
 21   4 0.52
 21   5 0.51
 21   6 0.69
 21   7 0.51
 21   8 0.79
 21   9 0.53
 21  10 0.52
 21  11 0.54
 21  12 0.62
 21  13 0.60
 21  14 0.67
 21  15 0.62
 21  16 0.67
 21  17 0.66
 21  18 0.72
 21  19 0.74
 21  20 0.61
 21  21 0.90
 21  22 0.27
 22   1 0.22
 22   2 0.33
 22   3 0.25
 22   4 0.19
 22   5 0.22
 22   6 0.16
 22   7 0.15
 22   8 0.20
 22   9 0.25
 22  10 0.30
 22  11 0.16
 22  12 0.21
 22  13 0.33
 22  14 0.29
 22  15 0.38
 22  16 0.38
 22  17 0.19
 22  18 0.23
 22  19 0.21
 22  20 0.25
 22  21 0.22
 22  22 0.87
