  1   1 0.82
  1   2 0.44
  1   3 0.53
  1   4 0.50
  1   5 0.58
  1   6 0.65
  1   7 0.38
  1   8 0.57
  1   9 0.47
  1  10 0.56
  1  11 0.55
  1  12 0.58
  1  13 0.55
  1  14 0.52
  1  15 0.57
  1  16 0.52
  1  17 0.51
  1  18 0.51
  1  19 0.50
  1  20 0.42
  1  21 0.48
  1  22 0.52
  2   1 0.49
  2   2 0.76
  2   3 0.37
  2   4 0.20
  2   5 0.33
  2   6 0.44
  2   7 0.21
  2   8 0.34
  2   9 0.31
  2  10 0.34
  2  11 0.30
  2  12 0.45
  2  13 0.41
  2  14 0.23
  2  15 0.34
  2  16 0.40
  2  17 0.39
  2  18 0.32
  2  19 0.39
  2  20 0.37
  2  21 0.31
  2  22 0.52
  3   1 0.70
  3   2 0.30
  3   3 0.89
  3   4 0.55
  3   5 0.70
  3   6 0.65
  3   7 0.31
  3   8 0.56
  3   9 0.63
  3  10 0.56
  3  11 0.59
  3  12 0.51
  3  13 0.73
  3  14 0.49
  3  15 0.69
  3  16 0.40
  3  17 0.61
  3  18 0.66
  3  19 0.53
  3  20 0.51
  3  21 0.38
  3  22 0.69
  4   1 0.48
  4   2 0.14
  4   3 0.43
  4   4 0.87
  4   5 0.43
  4   6 0.41
  4   7 0.38
  4   8 0.54
  4   9 0.38
  4  10 0.57
  4  11 0.61
  4  12 0.39
  4  13 0.42
  4  14 0.52
  4  15 0.51
  4  16 0.39
  4  17 0.49
  4  18 0.37
  4  19 0.41
  4  20 0.21
  4  21 0.31
  4  22 0.36
  5   1 0.68
  5   2 0.28
  5   3 0.64
  5   4 0.39
  5   5 0.90
  5   6 0.62
  5   7 0.36
  5   8 0.48
  5   9 0.59
  5  10 0.55
  5  11 0.55
  5  12 0.51
  5  13 0.62
  5  14 0.52
  5  15 0.56
  5  16 0.40
  5  17 0.59
  5  18 0.68
  5  19 0.42
  5  20 0.50
  5  21 0.44
  5  22 0.49
  6   1 0.54
  6   2 0.37
  6   3 0.51
  6   4 0.40
  6   5 0.44
  6   6 0.91
  6   7 0.34
  6   8 0.50
  6   9 0.51
  6  10 0.69
  6  11 0.64
  6  12 0.67
  6  13 0.54
  6  14 0.61
  6  15 0.49
  6  16 0.60
  6  17 0.59
  6  18 0.51
  6  19 0.45
  6  20 0.41
  6  21 0.43
  6  22 0.53
  7   1 0.44
  7   2 0.20
  7   3 0.50
  7   4 0.54
  7   5 0.43
  7   6 0.55
  7   7 0.60
  7   8 0.41
  7   9 0.40
  7  10 0.52
  7  11 0.54
  7  12 0.41
  7  13 0.42
  7  14 0.51
  7  15 0.39
  7  16 0.45
  7  17 0.53
  7  18 0.43
  7  19 0.37
  7  20 0.35
  7  21 0.35
  7  22 0.34
  8   1 0.57
  8   2 0.26
  8   3 0.46
  8   4 0.64
  8   5 0.47
  8   6 0.59
  8   7 0.40
  8   8 0.87
  8   9 0.42
  8  10 0.55
  8  11 0.64
  8  12 0.50
  8  13 0.40
  8  14 0.47
  8  15 0.58
  8  16 0.48
  8  17 0.49
  8  18 0.47
  8  19 0.43
  8  20 0.21
  8  21 0.28
  8  22 0.50
  9   1 0.47
  9   2 0.26
  9   3 0.71
  9   4 0.44
  9   5 0.53
  9   6 0.66
  9   7 0.22
  9   8 0.39
  9   9 0.91
  9  10 0.57
  9  11 0.62
  9  12 0.58
  9  13 0.69
  9  14 0.58
  9  15 0.51
  9  16 0.49
  9  17 0.57
  9  18 0.56
  9  19 0.39
  9  20 0.47
  9  21 0.50
  9  22 0.59
 10   1 0.45
 10   2 0.26
 10   3 0.43
 10   4 0.46
 10   5 0.38
 10   6 0.69
 10   7 0.35
 10   8 0.47
 10   9 0.42
 10  10 0.87
 10  11 0.59
 10  12 0.61
 10  13 0.47
 10  14 0.62
 10  15 0.44
 10  16 0.55
 10  17 0.60
 10  18 0.46
 10  19 0.39
 10  20 0.31
 10  21 0.43
 10  22 0.44
 11   1 0.54
 11   2 0.34
 11   3 0.54
 11   4 0.48
 11   5 0.51
 11   6 0.80
 11   7 0.28
 11   8 0.56
 11   9 0.59
 11  10 0.71
 11  11 0.85
 11  12 0.67
 11  13 0.60
 11  14 0.62
 11  15 0.57
 11  16 0.62
 11  17 0.70
 11  18 0.62
 11  19 0.49
 11  20 0.40
 11  21 0.49
 11  22 0.60
 12   1 0.45
 12   2 0.27
 12   3 0.36
 12   4 0.36
 12   5 0.36
 12   6 0.69
 12   7 0.25
 12   8 0.43
 12   9 0.41
 12  10 0.69
 12  11 0.56
 12  12 0.90
 12  13 0.53
 12  14 0.57
 12  15 0.43
 12  16 0.69
 12  17 0.55
 12  18 0.48
 12  19 0.40
 12  20 0.33
 12  21 0.54
 12  22 0.42
 13   1 0.59
 13   2 0.30
 13   3 0.64
 13   4 0.48
 13   5 0.58
 13   6 0.71
 13   7 0.32
 13   8 0.48
 13   9 0.61
 13  10 0.68
 13  11 0.62
 13  12 0.70
 13  13 0.87
 13  14 0.58
 13  15 0.58
 13  16 0.58
 13  17 0.65
 13  18 0.61
 13  19 0.52
 13  20 0.50
 13  21 0.60
 13  22 0.57
 14   1 0.44
 14   2 0.19
 14   3 0.43
 14   4 0.47
 14   5 0.45
 14   6 0.66
 14   7 0.34
 14   8 0.45
 14   9 0.51
 14  10 0.75
 14  11 0.65
 14  12 0.60
 14  13 0.51
 14  14 0.91
 14  15 0.47
 14  16 0.60
 14  17 0.61
 14  18 0.49
 14  19 0.40
 14  20 0.33
 14  21 0.46
 14  22 0.37
 15   1 0.76
 15   2 0.37
 15   3 0.60
 15   4 0.50
 15   5 0.61
 15   6 0.67
 15   7 0.38
 15   8 0.67
 15   9 0.50
 15  10 0.57
 15  11 0.59
 15  12 0.59
 15  13 0.61
 15  14 0.50
 15  15 0.90
 15  16 0.52
 15  17 0.56
 15  18 0.58
 15  19 0.62
 15  20 0.37
 15  21 0.44
 15  22 0.60
 16   1 0.41
 16   2 0.27
 16   3 0.29
 16   4 0.34
 16   5 0.30
 16   6 0.62
 16   7 0.25
 16   8 0.42
 16   9 0.34
 16  10 0.62
 16  11 0.54
 16  12 0.69
 16  13 0.44
 16  14 0.55
 16  15 0.42
 16  16 0.90
 16  17 0.56
 16  18 0.44
 16  19 0.41
 16  20 0.29
 16  21 0.49
 16  22 0.39
 17   1 0.56
 17   2 0.28
 17   3 0.58
 17   4 0.51
 17   5 0.56
 17   6 0.70
 17   7 0.33
 17   8 0.54
 17   9 0.54
 17  10 0.72
 17  11 0.69
 17  12 0.61
 17  13 0.65
 17  14 0.66
 17  15 0.56
 17  16 0.59
 17  17 0.94
 17  18 0.67
 17  19 0.53
 17  20 0.47
 17  21 0.54
 17  22 0.58
 18   1 0.57
 18   2 0.33
 18   3 0.53
 18   4 0.38
 18   5 0.51
 18   6 0.69
 18   7 0.27
 18   8 0.49
 18   9 0.53
 18  10 0.68
 18  11 0.61
 18  12 0.74
 18  13 0.68
 18  14 0.60
 18  15 0.51
 18  16 0.60
 18  17 0.65
 18  18 0.74
 18  19 0.51
 18  20 0.53
 18  21 0.65
 18  22 0.57
 19   1 0.67
 19   2 0.36
 19   3 0.47
 19   4 0.42
 19   5 0.46
 19   6 0.60
 19   7 0.35
 19   8 0.57
 19   9 0.45
 19  10 0.53
 19  11 0.56
 19  12 0.65
 19  13 0.58
 19  14 0.46
 19  15 0.58
 19  16 0.58
 19  17 0.56
 19  18 0.53
 19  19 0.82
 19  20 0.29
 19  21 0.54
 19  22 0.57
 20   1 0.62
 20   2 0.33
 20   3 0.67
 20   4 0.36
 20   5 0.61
 20   6 0.64
 20   7 0.26
 20   8 0.43
 20   9 0.61
 20  10 0.58
 20  11 0.51
 20  12 0.62
 20  13 0.69
 20  14 0.47
 20  15 0.60
 20  16 0.47
 20  17 0.62
 20  18 0.64
 20  19 0.45
 20  20 0.78
 20  21 0.61
 20  22 0.63
 21   1 0.47
 21   2 0.25
 21   3 0.30
 21   4 0.33
 21   5 0.31
 21   6 0.56
 21   7 0.30
 21   8 0.35
 21   9 0.40
 21  10 0.61
 21  11 0.47
 21  12 0.61
 21  13 0.56
 21  14 0.57
 21  15 0.45
 21  16 0.57
 21  17 0.50
 21  18 0.46
 21  19 0.47
 21  20 0.36
 21  21 0.89
 21  22 0.29
 22   1 0.66
 22   2 0.32
 22   3 0.58
 22   4 0.62
 22   5 0.49
 22   6 0.64
 22   7 0.34
 22   8 0.73
 22   9 0.53
 22  10 0.61
 22  11 0.73
 22  12 0.59
 22  13 0.55
 22  14 0.56
 22  15 0.66
 22  16 0.57
 22  17 0.57
 22  18 0.52
 22  19 0.59
 22  20 0.33
 22  21 0.43
 22  22 0.73
