  1   1 0.94
  1   2 0.83
  1   3 0.68
  1   4 0.65
  1   5 0.67
  1   6 0.70
  1   7 0.63
  1   8 0.67
  1   9 0.64
  1  10 0.75
  1  11 0.72
  1  12 0.64
  1  13 0.70
  1  14 0.71
  1  15 0.60
  1  16 0.70
  1  17 0.68
  1  18 0.72
  1  19 0.69
  1  20 0.74
  1  21 0.68
  1  22 0.53
  2   1 0.83
  2   2 0.90
  2   3 0.72
  2   4 0.67
  2   5 0.67
  2   6 0.71
  2   7 0.63
  2   8 0.61
  2   9 0.72
  2  10 0.70
  2  11 0.77
  2  12 0.69
  2  13 0.76
  2  14 0.78
  2  15 0.68
  2  16 0.72
  2  17 0.66
  2  18 0.76
  2  19 0.73
  2  20 0.74
  2  21 0.69
  2  22 0.67
  3   1 0.68
  3   2 0.74
  3   3 0.86
  3   4 0.69
  3   5 0.63
  3   6 0.61
  3   7 0.67
  3   8 0.61
  3   9 0.70
  3  10 0.60
  3  11 0.77
  3  12 0.60
  3  13 0.72
  3  14 0.72
  3  15 0.64
  3  16 0.65
  3  17 0.60
  3  18 0.74
  3  19 0.72
  3  20 0.67
  3  21 0.66
  3  22 0.72
  4   1 0.59
  4   2 0.66
  4   3 0.62
  4   4 0.88
  4   5 0.58
  4   6 0.47
  4   7 0.58
  4   8 0.51
  4   9 0.66
  4  10 0.48
  4  11 0.68
  4  12 0.41
  4  13 0.54
  4  14 0.65
  4  15 0.50
  4  16 0.55
  4  17 0.48
  4  18 0.60
  4  19 0.56
  4  20 0.58
  4  21 0.52
  4  22 0.55
  5   1 0.65
  5   2 0.61
  5   3 0.54
  5   4 0.49
  5   5 0.91
  5   6 0.41
  5   7 0.64
  5   8 0.53
  5   9 0.71
  5  10 0.58
  5  11 0.60
  5  12 0.39
  5  13 0.57
  5  14 0.67
  5  15 0.55
  5  16 0.52
  5  17 0.39
  5  18 0.53
  5  19 0.57
  5  20 0.62
  5  21 0.48
  5  22 0.52
  6   1 0.68
  6   2 0.67
  6   3 0.64
  6   4 0.55
  6   5 0.47
  6   6 0.91
  6   7 0.48
  6   8 0.47
  6   9 0.50
  6  10 0.60
  6  11 0.66
  6  12 0.70
  6  13 0.68
  6  14 0.61
  6  15 0.54
  6  16 0.65
  6  17 0.71
  6  18 0.78
  6  19 0.68
  6  20 0.63
  6  21 0.61
  6  22 0.53
  7   1 0.64
  7   2 0.70
  7   3 0.65
  7   4 0.58
  7   5 0.68
  7   6 0.53
  7   7 0.92
  7   8 0.80
  7   9 0.54
  7  10 0.60
  7  11 0.68
  7  12 0.55
  7  13 0.70
  7  14 0.71
  7  15 0.61
  7  16 0.70
  7  17 0.48
  7  18 0.60
  7  19 0.54
  7  20 0.69
  7  21 0.67
  7  22 0.45
  8   1 0.73
  8   2 0.70
  8   3 0.61
  8   4 0.62
  8   5 0.67
  8   6 0.57
  8   7 0.77
  8   8 0.91
  8   9 0.63
  8  10 0.73
  8  11 0.66
  8  12 0.58
  8  13 0.67
  8  14 0.73
  8  15 0.61
  8  16 0.74
  8  17 0.52
  8  18 0.60
  8  19 0.61
  8  20 0.72
  8  21 0.69
  8  22 0.43
  9   1 0.77
  9   2 0.71
  9   3 0.68
  9   4 0.63
  9   5 0.64
  9   6 0.62
  9   7 0.50
  9   8 0.54
  9   9 0.89
  9  10 0.63
  9  11 0.69
  9  12 0.53
  9  13 0.66
  9  14 0.75
  9  15 0.56
  9  16 0.57
  9  17 0.61
  9  18 0.72
  9  19 0.71
  9  20 0.66
  9  21 0.57
  9  22 0.63
 10   1 0.75
 10   2 0.72
 10   3 0.57
 10   4 0.56
 10   5 0.68
 10   6 0.55
 10   7 0.63
 10   8 0.71
 10   9 0.62
 10  10 0.91
 10  11 0.69
 10  12 0.62
 10  13 0.68
 10  14 0.68
 10  15 0.67
 10  16 0.74
 10  17 0.54
 10  18 0.65
 10  19 0.70
 10  20 0.68
 10  21 0.73
 10  22 0.50
 11   1 0.72
 11   2 0.75
 11   3 0.71
 11   4 0.67
 11   5 0.71
 11   6 0.57
 11   7 0.67
 11   8 0.59
 11   9 0.73
 11  10 0.64
 11  11 0.93
 11  12 0.55
 11  13 0.72
 11  14 0.75
 11  15 0.65
 11  16 0.71
 11  17 0.55
 11  18 0.76
 11  19 0.72
 11  20 0.72
 11  21 0.68
 11  22 0.67
 12   1 0.63
 12   2 0.67
 12   3 0.60
 12   4 0.55
 12   5 0.45
 12   6 0.72
 12   7 0.43
 12   8 0.46
 12   9 0.45
 12  10 0.69
 12  11 0.64
 12  12 0.90
 12  13 0.58
 12  14 0.52
 12  15 0.60
 12  16 0.70
 12  17 0.72
 12  18 0.72
 12  19 0.69
 12  20 0.56
 12  21 0.67
 12  22 0.48
 13   1 0.74
 13   2 0.75
 13   3 0.73
 13   4 0.55
 13   5 0.64
 13   6 0.68
 13   7 0.68
 13   8 0.65
 13   9 0.68
 13  10 0.65
 13  11 0.77
 13  12 0.64
 13  13 0.94
 13  14 0.78
 13  15 0.68
 13  16 0.74
 13  17 0.60
 13  18 0.77
 13  19 0.69
 13  20 0.71
 13  21 0.69
 13  22 0.62
 14   1 0.76
 14   2 0.77
 14   3 0.65
 14   4 0.62
 14   5 0.74
 14   6 0.61
 14   7 0.76
 14   8 0.69
 14   9 0.71
 14  10 0.68
 14  11 0.74
 14  12 0.57
 14  13 0.74
 14  14 0.94
 14  15 0.66
 14  16 0.72
 14  17 0.59
 14  18 0.70
 14  19 0.65
 14  20 0.72
 14  21 0.70
 14  22 0.58
 15   1 0.64
 15   2 0.70
 15   3 0.67
 15   4 0.51
 15   5 0.59
 15   6 0.61
 15   7 0.59
 15   8 0.54
 15   9 0.54
 15  10 0.68
 15  11 0.66
 15  12 0.67
 15  13 0.72
 15  14 0.68
 15  15 0.92
 15  16 0.70
 15  17 0.63
 15  18 0.71
 15  19 0.61
 15  20 0.61
 15  21 0.73
 15  22 0.60
 16   1 0.72
 16   2 0.72
 16   3 0.61
 16   4 0.62
 16   5 0.61
 16   6 0.69
 16   7 0.63
 16   8 0.64
 16   9 0.59
 16  10 0.74
 16  11 0.75
 16  12 0.77
 16  13 0.71
 16  14 0.69
 16  15 0.70
 16  16 0.94
 16  17 0.63
 16  18 0.74
 16  19 0.67
 16  20 0.71
 16  21 0.77
 16  22 0.55
 17   1 0.64
 17   2 0.64
 17   3 0.65
 17   4 0.58
 17   5 0.43
 17   6 0.73
 17   7 0.41
 17   8 0.42
 17   9 0.41
 17  10 0.63
 17  11 0.59
 17  12 0.73
 17  13 0.58
 17  14 0.52
 17  15 0.58
 17  16 0.58
 17  17 0.93
 17  18 0.73
 17  19 0.60
 17  20 0.56
 17  21 0.61
 17  22 0.45
 18   1 0.72
 18   2 0.75
 18   3 0.75
 18   4 0.63
 18   5 0.60
 18   6 0.79
 18   7 0.60
 18   8 0.54
 18   9 0.63
 18  10 0.67
 18  11 0.77
 18  12 0.71
 18  13 0.77
 18  14 0.72
 18  15 0.69
 18  16 0.72
 18  17 0.77
 18  18 0.94
 18  19 0.76
 18  20 0.68
 18  21 0.72
 18  22 0.67
 19   1 0.69
 19   2 0.70
 19   3 0.63
 19   4 0.59
 19   5 0.59
 19   6 0.65
 19   7 0.53
 19   8 0.56
 19   9 0.62
 19  10 0.67
 19  11 0.72
 19  12 0.67
 19  13 0.64
 19  14 0.65
 19  15 0.59
 19  16 0.67
 19  17 0.60
 19  18 0.73
 19  19 0.94
 19  20 0.63
 19  21 0.63
 19  22 0.66
 20   1 0.71
 20   2 0.73
 20   3 0.59
 20   4 0.57
 20   5 0.72
 20   6 0.59
 20   7 0.69
 20   8 0.63
 20   9 0.64
 20  10 0.60
 20  11 0.65
 20  12 0.53
 20  13 0.67
 20  14 0.67
 20  15 0.57
 20  16 0.66
 20  17 0.49
 20  18 0.62
 20  19 0.58
 20  20 0.90
 20  21 0.60
 20  22 0.55
 21   1 0.70
 21   2 0.78
 21   3 0.65
 21   4 0.59
 21   5 0.60
 21   6 0.65
 21   7 0.63
 21   8 0.63
 21   9 0.54
 21  10 0.75
 21  11 0.73
 21  12 0.74
 21  13 0.71
 21  14 0.70
 21  15 0.75
 21  16 0.79
 21  17 0.66
 21  18 0.73
 21  19 0.67
 21  20 0.68
 21  21 0.93
 21  22 0.62
 22   1 0.61
 22   2 0.70
 22   3 0.66
 22   4 0.57
 22   5 0.54
 22   6 0.59
 22   7 0.52
 22   8 0.42
 22   9 0.59
 22  10 0.50
 22  11 0.65
 22  12 0.56
 22  13 0.63
 22  14 0.63
 22  15 0.61
 22  16 0.58
 22  17 0.57
 22  18 0.70
 22  19 0.68
 22  20 0.61
 22  21 0.61
 22  22 0.92
