  1   1 0.91
  1   2 0.84
  1   3 0.70
  1   4 0.48
  1   5 0.67
  1   6 0.75
  1   7 0.52
  1   8 0.46
  1   9 0.61
  1  10 0.71
  1  11 0.63
  1  12 0.68
  1  13 0.56
  1  14 0.70
  1  15 0.60
  1  16 0.65
  1  17 0.65
  1  18 0.62
  1  19 0.78
  1  20 0.51
  1  21 0.62
  1  22 0.55
  2   1 0.78
  2   2 0.91
  2   3 0.71
  2   4 0.47
  2   5 0.60
  2   6 0.71
  2   7 0.47
  2   8 0.39
  2   9 0.52
  2  10 0.60
  2  11 0.52
  2  12 0.65
  2  13 0.51
  2  14 0.65
  2  15 0.57
  2  16 0.56
  2  17 0.55
  2  18 0.53
  2  19 0.68
  2  20 0.40
  2  21 0.55
  2  22 0.57
  3   1 0.70
  3   2 0.67
  3   3 0.93
  3   4 0.61
  3   5 0.74
  3   6 0.63
  3   7 0.66
  3   8 0.59
  3   9 0.50
  3  10 0.63
  3  11 0.61
  3  12 0.73
  3  13 0.57
  3  14 0.67
  3  15 0.46
  3  16 0.62
  3  17 0.58
  3  18 0.52
  3  19 0.77
  3  20 0.59
  3  21 0.64
  3  22 0.68
  4   1 0.61
  4   2 0.49
  4   3 0.72
  4   4 0.94
  4   5 0.73
  4   6 0.51
  4   7 0.66
  4   8 0.45
  4   9 0.33
  4  10 0.45
  4  11 0.37
  4  12 0.71
  4  13 0.49
  4  14 0.61
  4  15 0.42
  4  16 0.52
  4  17 0.43
  4  18 0.34
  4  19 0.60
  4  20 0.36
  4  21 0.55
  4  22 0.79
  5   1 0.63
  5   2 0.51
  5   3 0.69
  5   4 0.66
  5   5 0.90
  5   6 0.58
  5   7 0.55
  5   8 0.51
  5   9 0.49
  5  10 0.51
  5  11 0.59
  5  12 0.60
  5  13 0.38
  5  14 0.70
  5  15 0.49
  5  16 0.61
  5  17 0.69
  5  18 0.44
  5  19 0.68
  5  20 0.60
  5  21 0.51
  5  22 0.72
  6   1 0.63
  6   2 0.66
  6   3 0.68
  6   4 0.51
  6   5 0.69
  6   6 0.86
  6   7 0.54
  6   8 0.49
  6   9 0.53
  6  10 0.55
  6  11 0.54
  6  12 0.70
  6  13 0.47
  6  14 0.67
  6  15 0.48
  6  16 0.52
  6  17 0.59
  6  18 0.45
  6  19 0.73
  6  20 0.52
  6  21 0.56
  6  22 0.59
  7   1 0.49
  7   2 0.43
  7   3 0.56
  7   4 0.48
  7   5 0.54
  7   6 0.52
  7   7 0.91
  7   8 0.42
  7   9 0.33
  7  10 0.63
  7  11 0.42
  7  12 0.68
  7  13 0.72
  7  14 0.38
  7  15 0.57
  7  16 0.43
  7  17 0.28
  7  18 0.48
  7  19 0.64
  7  20 0.21
  7  21 0.77
  7  22 0.47
  8   1 0.60
  8   2 0.54
  8   3 0.54
  8   4 0.30
  8   5 0.56
  8   6 0.58
  8   7 0.48
  8   8 0.81
  8   9 0.64
  8  10 0.68
  8  11 0.64
  8  12 0.57
  8  13 0.50
  8  14 0.47
  8  15 0.48
  8  16 0.60
  8  17 0.53
  8  18 0.75
  8  19 0.71
  8  20 0.53
  8  21 0.59
  8  22 0.44
  9   1 0.58
  9   2 0.55
  9   3 0.49
  9   4 0.29
  9   5 0.54
  9   6 0.60
  9   7 0.30
  9   8 0.57
  9   9 0.85
  9  10 0.57
  9  11 0.73
  9  12 0.49
  9  13 0.34
  9  14 0.58
  9  15 0.42
  9  16 0.55
  9  17 0.68
  9  18 0.62
  9  19 0.60
  9  20 0.72
  9  21 0.47
  9  22 0.36
 10   1 0.69
 10   2 0.61
 10   3 0.64
 10   4 0.38
 10   5 0.62
 10   6 0.69
 10   7 0.62
 10   8 0.59
 10   9 0.62
 10  10 0.93
 10  11 0.68
 10  12 0.71
 10  13 0.69
 10  14 0.51
 10  15 0.62
 10  16 0.63
 10  17 0.58
 10  18 0.73
 10  19 0.86
 10  20 0.47
 10  21 0.75
 10  22 0.46
 11   1 0.65
 11   2 0.62
 11   3 0.65
 11   4 0.44
 11   5 0.67
 11   6 0.63
 11   7 0.54
 11   8 0.61
 11   9 0.71
 11  10 0.67
 11  11 0.89
 11  12 0.65
 11  13 0.53
 11  14 0.63
 11  15 0.57
 11  16 0.59
 11  17 0.70
 11  18 0.66
 11  19 0.72
 11  20 0.72
 11  21 0.66
 11  22 0.52
 12   1 0.60
 12   2 0.60
 12   3 0.65
 12   4 0.50
 12   5 0.58
 12   6 0.63
 12   7 0.56
 12   8 0.60
 12   9 0.52
 12  10 0.55
 12  11 0.52
 12  12 0.86
 12  13 0.51
 12  14 0.60
 12  15 0.44
 12  16 0.55
 12  17 0.55
 12  18 0.51
 12  19 0.66
 12  20 0.51
 12  21 0.63
 12  22 0.64
 13   1 0.66
 13   2 0.59
 13   3 0.72
 13   4 0.52
 13   5 0.69
 13   6 0.70
 13   7 0.71
 13   8 0.56
 13   9 0.54
 13  10 0.69
 13  11 0.57
 13  12 0.79
 13  13 0.81
 13  14 0.60
 13  15 0.57
 13  16 0.62
 13  17 0.53
 13  18 0.57
 13  19 0.79
 13  20 0.42
 13  21 0.71
 13  22 0.61
 14   1 0.64
 14   2 0.57
 14   3 0.65
 14   4 0.58
 14   5 0.72
 14   6 0.63
 14   7 0.44
 14   8 0.41
 14   9 0.51
 14  10 0.42
 14  11 0.53
 14  12 0.55
 14  13 0.34
 14  14 0.88
 14  15 0.42
 14  16 0.52
 14  17 0.62
 14  18 0.38
 14  19 0.60
 14  20 0.59
 14  21 0.44
 14  22 0.59
 15   1 0.50
 15   2 0.45
 15   3 0.38
 15   4 0.36
 15   5 0.52
 15   6 0.56
 15   7 0.45
 15   8 0.31
 15   9 0.46
 15  10 0.57
 15  11 0.47
 15  12 0.51
 15  13 0.48
 15  14 0.42
 15  15 0.87
 15  16 0.43
 15  17 0.47
 15  18 0.51
 15  19 0.59
 15  20 0.29
 15  21 0.60
 15  22 0.34
 16   1 0.55
 16   2 0.39
 16   3 0.46
 16   4 0.28
 16   5 0.53
 16   6 0.41
 16   7 0.41
 16   8 0.45
 16   9 0.53
 16  10 0.61
 16  11 0.53
 16  12 0.52
 16  13 0.46
 16  14 0.44
 16  15 0.43
 16  16 0.89
 16  17 0.50
 16  18 0.57
 16  19 0.66
 16  20 0.38
 16  21 0.52
 16  22 0.36
 17   1 0.61
 17   2 0.56
 17   3 0.57
 17   4 0.45
 17   5 0.66
 17   6 0.61
 17   7 0.38
 17   8 0.42
 17   9 0.55
 17  10 0.49
 17  11 0.63
 17  12 0.52
 17  13 0.32
 17  14 0.68
 17  15 0.44
 17  16 0.60
 17  17 0.90
 17  18 0.46
 17  19 0.65
 17  20 0.67
 17  21 0.42
 17  22 0.54
 18   1 0.66
 18   2 0.57
 18   3 0.60
 18   4 0.31
 18   5 0.55
 18   6 0.57
 18   7 0.53
 18   8 0.66
 18   9 0.62
 18  10 0.78
 18  11 0.65
 18  12 0.66
 18  13 0.63
 18  14 0.50
 18  15 0.57
 18  16 0.62
 18  17 0.51
 18  18 0.91
 18  19 0.78
 18  20 0.45
 18  21 0.72
 18  22 0.42
 19   1 0.74
 19   2 0.68
 19   3 0.73
 19   4 0.49
 19   5 0.75
 19   6 0.78
 19   7 0.61
 19   8 0.54
 19   9 0.63
 19  10 0.71
 19  11 0.65
 19  12 0.75
 19  13 0.58
 19  14 0.71
 19  15 0.55
 19  16 0.72
 19  17 0.70
 19  18 0.61
 19  19 0.91
 19  20 0.57
 19  21 0.67
 19  22 0.60
 20   1 0.43
 20   2 0.42
 20   3 0.49
 20   4 0.30
 20   5 0.52
 20   6 0.45
 20   7 0.28
 20   8 0.48
 20   9 0.62
 20  10 0.40
 20  11 0.73
 20  12 0.36
 20  13 0.18
 20  14 0.56
 20  15 0.28
 20  16 0.47
 20  17 0.73
 20  18 0.44
 20  19 0.51
 20  20 0.94
 20  21 0.36
 20  22 0.38
 21   1 0.67
 21   2 0.62
 21   3 0.72
 21   4 0.44
 21   5 0.66
 21   6 0.68
 21   7 0.68
 21   8 0.64
 21   9 0.62
 21  10 0.73
 21  11 0.69
 21  12 0.77
 21  13 0.62
 21  14 0.58
 21  15 0.59
 21  16 0.62
 21  17 0.57
 21  18 0.68
 21  19 0.81
 21  20 0.56
 21  21 0.84
 21  22 0.54
 22   1 0.57
 22   2 0.51
 22   3 0.70
 22   4 0.69
 22   5 0.70
 22   6 0.56
 22   7 0.58
 22   8 0.54
 22   9 0.33
 22  10 0.42
 22  11 0.35
 22  12 0.70
 22  13 0.46
 22  14 0.60
 22  15 0.38
 22  16 0.48
 22  17 0.48
 22  18 0.34
 22  19 0.59
 22  20 0.38
 22  21 0.50
 22  22 0.94
