  1   1 0.74
  1   2 0.30
  1   3 0.29
  1   5 0.36
  1   6 0.43
  1   7 0.23
  1   8 0.37
  1   9 0.36
  1  10 0.45
  1  11 0.39
  1  12 0.27
  1  13 0.48
  1  14 0.17
  1  15 0.31
  1  16 0.33
  1  17 0.41
  1  18 0.45
  1  19 0.46
  1  21 0.41
  1  22 0.43
  2   1 0.38
  2   2 0.78
  2   3 0.29
  2   5 0.32
  2   6 0.37
  2   7 0.14
  2   8 0.28
  2   9 0.33
  2  10 0.37
  2  11 0.29
  2  12 0.25
  2  13 0.31
  2  14 0.26
  2  15 0.43
  2  16 0.24
  2  17 0.29
  2  18 0.43
  2  19 0.33
  2  21 0.41
  2  22 0.38
  3   1 0.37
  3   2 0.34
  3   3 0.59
  3   5 0.36
  3   6 0.44
  3   7 0.23
  3   8 0.35
  3   9 0.36
  3  10 0.47
  3  11 0.38
  3  12 0.38
  3  13 0.41
  3  14 0.21
  3  15 0.45
  3  16 0.32
  3  17 0.38
  3  18 0.41
  3  19 0.48
  3  21 0.42
  3  22 0.39
  4   1 0.24
  4   2 0.14
  4   3 0.21
  4   5 0.19
  4   6 0.22
  4   7 0.08
  4   8 0.11
  4   9 0.18
  4  10 0.34
  4  11 0.26
  4  12 0.08
  4  13 0.25
  4  14 0.09
  4  15 0.23
  4  16 0.20
  4  17 0.43
  4  18 0.30
  4  19 0.24
  4  21 0.26
  4  22 0.25
  5   1 0.45
  5   2 0.28
  5   3 0.34
  5   5 0.76
  5   6 0.43
  5   7 0.19
  5   8 0.33
  5   9 0.56
  5  10 0.52
  5  11 0.44
  5  12 0.29
  5  13 0.45
  5  14 0.25
  5  15 0.49
  5  16 0.35
  5  17 0.52
  5  18 0.48
  5  19 0.48
  5  21 0.52
  5  22 0.42
  6   1 0.40
  6   2 0.37
  6   3 0.33
  6   5 0.30
  6   6 0.78
  6   7 0.33
  6   8 0.47
  6   9 0.30
  6  10 0.60
  6  11 0.45
  6  12 0.47
  6  13 0.46
  6  14 0.20
  6  15 0.44
  6  16 0.57
  6  17 0.48
  6  18 0.58
  6  19 0.60
  6  21 0.57
  6  22 0.64
  7   1 0.16
  7   2 0.16
  7   3 0.23
  7   5 0.14
  7   6 0.33
  7   7 0.52
  7   8 0.55
  7   9 0.25
  7  10 0.30
  7  11 0.23
  7  12 0.42
  7  13 0.28
  7  14 0.08
  7  15 0.25
  7  16 0.37
  7  17 0.18
  7  18 0.26
  7  19 0.43
  7  21 0.34
  7  22 0.31
  8   1 0.33
  8   2 0.29
  8   3 0.28
  8   5 0.32
  8   6 0.41
  8   7 0.35
  8   8 0.87
  8   9 0.48
  8  10 0.45
  8  11 0.37
  8  12 0.43
  8  13 0.49
  8  14 0.15
  8  15 0.38
  8  16 0.45
  8  17 0.31
  8  18 0.49
  8  19 0.54
  8  21 0.47
  8  22 0.46
  9   1 0.45
  9   2 0.30
  9   3 0.32
  9   5 0.62
  9   6 0.32
  9   7 0.23
  9   8 0.47
  9   9 0.75
  9  10 0.49
  9  11 0.44
  9  12 0.31
  9  13 0.46
  9  14 0.17
  9  15 0.46
  9  16 0.30
  9  17 0.47
  9  18 0.49
  9  19 0.48
  9  21 0.52
  9  22 0.40
 10   1 0.41
 10   2 0.44
 10   3 0.33
 10   5 0.38
 10   6 0.56
 10   7 0.34
 10   8 0.52
 10   9 0.35
 10  10 0.88
 10  11 0.45
 10  12 0.43
 10  13 0.52
 10  14 0.20
 10  15 0.58
 10  16 0.53
 10  17 0.49
 10  18 0.63
 10  19 0.65
 10  21 0.62
 10  22 0.67
 11   1 0.36
 11   2 0.23
 11   3 0.28
 11   5 0.31
 11   6 0.46
 11   7 0.29
 11   8 0.42
 11   9 0.34
 11  10 0.53
 11  11 0.51
 11  12 0.43
 11  13 0.50
 11  14 0.17
 11  15 0.34
 11  16 0.41
 11  17 0.37
 11  18 0.49
 11  19 0.55
 11  21 0.48
 11  22 0.47
 12   1 0.27
 12   2 0.28
 12   3 0.28
 12   5 0.23
 12   6 0.50
 12   7 0.34
 12   8 0.46
 12   9 0.29
 12  10 0.46
 12  11 0.38
 12  12 0.68
 12  13 0.39
 12  14 0.17
 12  15 0.34
 12  16 0.47
 12  17 0.23
 12  18 0.43
 12  19 0.54
 12  21 0.49
 12  22 0.52
 13   1 0.36
 13   2 0.27
 13   3 0.25
 13   5 0.35
 13   6 0.42
 13   7 0.25
 13   8 0.48
 13   9 0.38
 13  10 0.51
 13  11 0.37
 13  12 0.34
 13  13 0.89
 13  14 0.19
 13  15 0.42
 13  16 0.39
 13  17 0.48
 13  18 0.45
 13  19 0.52
 13  21 0.44
 13  22 0.49
 14   1 0.32
 14   2 0.28
 14   3 0.28
 14   5 0.37
 14   6 0.39
 14   7 0.15
 14   8 0.25
 14   9 0.28
 14  10 0.36
 14  11 0.34
 14  12 0.26
 14  13 0.37
 14  14 0.59
 14  15 0.39
 14  16 0.24
 14  17 0.37
 14  18 0.28
 14  19 0.32
 14  21 0.36
 14  22 0.32
 15   1 0.40
 15   2 0.41
 15   3 0.43
 15   5 0.50
 15   6 0.53
 15   7 0.21
 15   8 0.38
 15   9 0.37
 15  10 0.56
 15  11 0.40
 15  12 0.35
 15  13 0.47
 15  14 0.29
 15  15 0.85
 15  16 0.40
 15  17 0.47
 15  18 0.50
 15  19 0.55
 15  21 0.55
 15  22 0.46
 16   1 0.35
 16   2 0.26
 16   3 0.28
 16   5 0.29
 16   6 0.65
 16   7 0.32
 16   8 0.54
 16   9 0.28
 16  10 0.58
 16  11 0.44
 16  12 0.49
 16  13 0.48
 16  14 0.18
 16  15 0.43
 16  16 0.82
 16  17 0.34
 16  18 0.61
 16  19 0.66
 16  21 0.54
 16  22 0.68
 17   1 0.36
 17   2 0.23
 17   3 0.34
 17   5 0.32
 17   6 0.48
 17   7 0.19
 17   8 0.32
 17   9 0.34
 17  10 0.49
 17  11 0.41
 17  12 0.23
 17  13 0.51
 17  14 0.18
 17  15 0.37
 17  16 0.39
 17  17 0.79
 17  18 0.42
 17  19 0.48
 17  21 0.39
 17  22 0.39
 18   1 0.39
 18   2 0.46
 18   3 0.34
 18   5 0.43
 18   6 0.42
 18   7 0.24
 18   8 0.44
 18   9 0.46
 18  10 0.67
 18  11 0.46
 18  12 0.35
 18  13 0.45
 18  14 0.14
 18  15 0.48
 18  16 0.44
 18  17 0.53
 18  18 0.85
 18  19 0.56
 18  21 0.59
 18  22 0.56
 19   1 0.36
 19   2 0.27
 19   3 0.33
 19   5 0.32
 19   6 0.53
 19   7 0.32
 19   8 0.45
 19   9 0.38
 19  10 0.55
 19  11 0.41
 19  12 0.49
 19  13 0.51
 19  14 0.19
 19  15 0.39
 19  16 0.51
 19  17 0.38
 19  18 0.51
 19  19 0.70
 19  21 0.52
 19  22 0.50
 20   1 0.34
 20   2 0.23
 20   3 0.28
 20   5 0.31
 20   6 0.45
 20   7 0.23
 20   8 0.38
 20   9 0.34
 20  10 0.38
 20  11 0.44
 20  12 0.32
 20  13 0.39
 20  14 0.18
 20  15 0.31
 20  16 0.35
 20  17 0.39
 20  18 0.39
 20  19 0.41
 20  21 0.39
 20  22 0.37
 21   1 0.45
 21   2 0.40
 21   3 0.34
 21   5 0.54
 21   6 0.49
 21   7 0.37
 21   8 0.55
 21   9 0.51
 21  10 0.60
 21  11 0.45
 21  12 0.44
 21  13 0.53
 21  14 0.22
 21  15 0.56
 21  16 0.46
 21  17 0.47
 21  18 0.55
 21  19 0.61
 21  21 0.84
 21  22 0.57
 22   1 0.37
 22   2 0.37
 22   3 0.27
 22   5 0.30
 22   6 0.60
 22   7 0.36
 22   8 0.43
 22   9 0.28
 22  10 0.59
 22  11 0.43
 22  12 0.50
 22  13 0.46
 22  14 0.20
 22  15 0.45
 22  16 0.60
 22  17 0.39
 22  18 0.59
 22  19 0.61
 22  21 0.59
 22  22 0.83
