  1   1 0.94
  1   2 0.76
  1   3 0.66
  1   4 0.48
  1   5 0.70
  1   6 0.72
  1   7 0.52
  1   8 0.72
  1   9 0.66
  1  10 0.70
  1  11 0.73
  1  12 0.62
  1  13 0.72
  1  14 0.75
  1  15 0.67
  1  16 0.61
  1  17 0.64
  1  18 0.74
  1  19 0.67
  1  20 0.73
  1  21 0.61
  1  22 0.64
  2   1 0.75
  2   2 0.92
  2   3 0.60
  2   4 0.53
  2   5 0.60
  2   6 0.63
  2   7 0.45
  2   8 0.60
  2   9 0.70
  2  10 0.55
  2  11 0.67
  2  12 0.55
  2  13 0.63
  2  14 0.76
  2  15 0.60
  2  16 0.58
  2  17 0.52
  2  18 0.67
  2  19 0.56
  2  20 0.65
  2  21 0.49
  2  22 0.67
  3   1 0.75
  3   2 0.69
  3   3 0.81
  3   4 0.50
  3   5 0.75
  3   6 0.69
  3   7 0.44
  3   8 0.62
  3   9 0.60
  3  10 0.63
  3  11 0.72
  3  12 0.64
  3  13 0.69
  3  14 0.76
  3  15 0.65
  3  16 0.61
  3  17 0.51
  3  18 0.72
  3  19 0.65
  3  20 0.73
  3  21 0.58
  3  22 0.68
  4   1 0.50
  4   2 0.56
  4   3 0.59
  4   4 0.94
  4   5 0.57
  4   6 0.51
  4   7 0.54
  4   8 0.52
  4   9 0.65
  4  10 0.54
  4  11 0.59
  4  12 0.61
  4  13 0.54
  4  14 0.50
  4  15 0.48
  4  16 0.48
  4  17 0.51
  4  18 0.53
  4  19 0.49
  4  20 0.54
  4  21 0.51
  4  22 0.63
  5   1 0.68
  5   2 0.59
  5   3 0.68
  5   4 0.53
  5   5 0.91
  5   6 0.62
  5   7 0.56
  5   8 0.65
  5   9 0.60
  5  10 0.70
  5  11 0.68
  5  12 0.64
  5  13 0.67
  5  14 0.63
  5  15 0.64
  5  16 0.57
  5  17 0.61
  5  18 0.71
  5  19 0.62
  5  20 0.68
  5  21 0.61
  5  22 0.65
  6   1 0.66
  6   2 0.67
  6   3 0.63
  6   4 0.48
  6   5 0.64
  6   6 0.94
  6   7 0.50
  6   8 0.57
  6   9 0.67
  6  10 0.63
  6  11 0.69
  6  12 0.63
  6  13 0.67
  6  14 0.65
  6  15 0.68
  6  16 0.73
  6  17 0.56
  6  18 0.71
  6  19 0.68
  6  20 0.71
  6  21 0.63
  6  22 0.66
  7   1 0.52
  7   2 0.48
  7   3 0.62
  7   4 0.59
  7   5 0.69
  7   6 0.56
  7   7 0.90
  7   8 0.71
  7   9 0.59
  7  10 0.73
  7  11 0.67
  7  12 0.64
  7  13 0.68
  7  14 0.48
  7  15 0.62
  7  16 0.47
  7  17 0.61
  7  18 0.61
  7  19 0.59
  7  20 0.63
  7  21 0.65
  7  22 0.64
  8   1 0.70
  8   2 0.63
  8   3 0.59
  8   4 0.51
  8   5 0.67
  8   6 0.67
  8   7 0.67
  8   8 0.88
  8   9 0.66
  8  10 0.70
  8  11 0.67
  8  12 0.67
  8  13 0.70
  8  14 0.64
  8  15 0.62
  8  16 0.57
  8  17 0.71
  8  18 0.74
  8  19 0.66
  8  20 0.68
  8  21 0.62
  8  22 0.64
  9   1 0.62
  9   2 0.70
  9   3 0.55
  9   4 0.57
  9   5 0.59
  9   6 0.62
  9   7 0.46
  9   8 0.52
  9   9 0.90
  9  10 0.58
  9  11 0.66
  9  12 0.62
  9  13 0.60
  9  14 0.74
  9  15 0.60
  9  16 0.63
  9  17 0.52
  9  18 0.68
  9  19 0.60
  9  20 0.66
  9  21 0.52
  9  22 0.71
 10   1 0.58
 10   2 0.51
 10   3 0.57
 10   4 0.53
 10   5 0.67
 10   6 0.64
 10   7 0.61
 10   8 0.66
 10   9 0.68
 10  10 0.88
 10  11 0.71
 10  12 0.69
 10  13 0.69
 10  14 0.58
 10  15 0.71
 10  16 0.61
 10  17 0.70
 10  18 0.70
 10  19 0.65
 10  20 0.68
 10  21 0.67
 10  22 0.64
 11   1 0.70
 11   2 0.73
 11   3 0.72
 11   4 0.57
 11   5 0.71
 11   6 0.72
 11   7 0.52
 11   8 0.62
 11   9 0.72
 11  10 0.69
 11  11 0.90
 11  12 0.69
 11  13 0.71
 11  14 0.73
 11  15 0.69
 11  16 0.69
 11  17 0.63
 11  18 0.79
 11  19 0.65
 11  20 0.71
 11  21 0.64
 11  22 0.73
 12   1 0.57
 12   2 0.53
 12   3 0.56
 12   4 0.48
 12   5 0.60
 12   6 0.66
 12   7 0.58
 12   8 0.67
 12   9 0.61
 12  10 0.67
 12  11 0.70
 12  12 0.90
 12  13 0.68
 12  14 0.57
 12  15 0.63
 12  16 0.68
 12  17 0.69
 12  18 0.75
 12  19 0.69
 12  20 0.61
 12  21 0.66
 12  22 0.68
 13   1 0.72
 13   2 0.71
 13   3 0.67
 13   4 0.53
 13   5 0.69
 13   6 0.70
 13   7 0.60
 13   8 0.72
 13   9 0.61
 13  10 0.74
 13  11 0.74
 13  12 0.67
 13  13 0.93
 13  14 0.74
 13  15 0.69
 13  16 0.65
 13  17 0.65
 13  18 0.78
 13  19 0.64
 13  20 0.67
 13  21 0.66
 13  22 0.69
 14   1 0.74
 14   2 0.72
 14   3 0.60
 14   4 0.52
 14   5 0.66
 14   6 0.65
 14   7 0.46
 14   8 0.65
 14   9 0.75
 14  10 0.67
 14  11 0.73
 14  12 0.64
 14  13 0.72
 14  14 0.90
 14  15 0.65
 14  16 0.63
 14  17 0.61
 14  18 0.78
 14  19 0.62
 14  20 0.65
 14  21 0.57
 14  22 0.69
 15   1 0.74
 15   2 0.64
 15   3 0.61
 15   4 0.42
 15   5 0.69
 15   6 0.74
 15   7 0.50
 15   8 0.66
 15   9 0.61
 15  10 0.74
 15  11 0.72
 15  12 0.62
 15  13 0.75
 15  14 0.71
 15  15 0.90
 15  16 0.68
 15  17 0.67
 15  18 0.74
 15  19 0.67
 15  20 0.73
 15  21 0.72
 15  22 0.62
 16   1 0.58
 16   2 0.61
 16   3 0.52
 16   4 0.40
 16   5 0.56
 16   6 0.73
 16   7 0.37
 16   8 0.49
 16   9 0.62
 16  10 0.55
 16  11 0.65
 16  12 0.67
 16  13 0.63
 16  14 0.67
 16  15 0.63
 16  16 0.88
 16  17 0.53
 16  18 0.72
 16  19 0.68
 16  20 0.58
 16  21 0.60
 16  22 0.66
 17   1 0.62
 17   2 0.53
 17   3 0.53
 17   4 0.50
 17   5 0.63
 17   6 0.60
 17   7 0.54
 17   8 0.70
 17   9 0.61
 17  10 0.69
 17  11 0.66
 17  12 0.67
 17  13 0.65
 17  14 0.59
 17  15 0.61
 17  16 0.56
 17  17 0.89
 17  18 0.70
 17  19 0.57
 17  20 0.62
 17  21 0.59
 17  22 0.61
 18   1 0.68
 18   2 0.69
 18   3 0.65
 18   4 0.52
 18   5 0.68
 18   6 0.74
 18   7 0.55
 18   8 0.64
 18   9 0.70
 18  10 0.69
 18  11 0.78
 18  12 0.76
 18  13 0.74
 18  14 0.73
 18  15 0.71
 18  16 0.75
 18  17 0.61
 18  18 0.91
 18  19 0.74
 18  20 0.70
 18  21 0.68
 18  22 0.76
 19   1 0.65
 19   2 0.57
 19   3 0.63
 19   4 0.40
 19   5 0.66
 19   6 0.75
 19   7 0.58
 19   8 0.70
 19   9 0.59
 19  10 0.70
 19  11 0.69
 19  12 0.69
 19  13 0.71
 19  14 0.62
 19  15 0.72
 19  16 0.65
 19  17 0.58
 19  18 0.73
 19  19 0.92
 19  20 0.68
 19  21 0.68
 19  22 0.66
 20   1 0.71
 20   2 0.67
 20   3 0.71
 20   4 0.55
 20   5 0.71
 20   6 0.74
 20   7 0.60
 20   8 0.63
 20   9 0.70
 20  10 0.73
 20  11 0.73
 20  12 0.71
 20  13 0.71
 20  14 0.68
 20  15 0.71
 20  16 0.65
 20  17 0.60
 20  18 0.72
 20  19 0.70
 20  20 0.91
 20  21 0.64
 20  22 0.73
 21   1 0.61
 21   2 0.52
 21   3 0.63
 21   4 0.44
 21   5 0.65
 21   6 0.66
 21   7 0.54
 21   8 0.61
 21   9 0.56
 21  10 0.73
 21  11 0.68
 21  12 0.65
 21  13 0.70
 21  14 0.56
 21  15 0.76
 21  16 0.60
 21  17 0.63
 21  18 0.67
 21  19 0.70
 21  20 0.68
 21  21 0.87
 21  22 0.65
 22   1 0.73
 22   2 0.72
 22   3 0.70
 22   4 0.52
 22   5 0.75
 22   6 0.70
 22   7 0.57
 22   8 0.71
 22   9 0.67
 22  10 0.70
 22  11 0.77
 22  12 0.71
 22  13 0.77
 22  14 0.73
 22  15 0.72
 22  16 0.62
 22  17 0.67
 22  18 0.80
 22  19 0.68
 22  20 0.74
 22  21 0.65
 22  22 0.88
