  1   1 0.94
  1   2 0.61
  1   3 0.46
  1   4 0.18
  1   5 0.46
  1   6 0.39
  1   7 0.41
  1   8 0.74
  1   9 0.38
  1  10 0.39
  1  11 0.48
  1  12 0.35
  1  13 0.30
  1  14 0.55
  1  15 0.38
  1  16 0.39
  1  17 0.31
  1  18 0.33
  1  19 0.50
  1  20 0.50
  1  21 0.61
  1  22 0.50
  2   1 0.64
  2   2 0.94
  2   3 0.41
  2   4 0.18
  2   5 0.42
  2   6 0.27
  2   7 0.36
  2   8 0.76
  2   9 0.30
  2  10 0.23
  2  11 0.44
  2  12 0.22
  2  13 0.28
  2  14 0.46
  2  15 0.33
  2  16 0.33
  2  17 0.24
  2  18 0.33
  2  19 0.42
  2  20 0.40
  2  21 0.46
  2  22 0.25
  3   1 0.49
  3   2 0.47
  3   3 0.86
  3   4 0.22
  3   5 0.55
  3   6 0.34
  3   7 0.67
  3   8 0.49
  3   9 0.67
  3  10 0.40
  3  11 0.46
  3  12 0.27
  3  13 0.41
  3  14 0.53
  3  15 0.62
  3  16 0.36
  3  17 0.37
  3  18 0.28
  3  19 0.63
  3  20 0.51
  3  21 0.40
  3  22 0.50
  4   1 0.23
  4   2 0.18
  4   3 0.34
  4   4 0.60
  4   5 0.35
  4   6 0.17
  4   7 0.30
  4   8 0.19
  4   9 0.33
  4  10 0.24
  4  11 0.24
  4  12 0.18
  4  13 0.27
  4  14 0.30
  4  15 0.46
  4  16 0.24
  4  17 0.29
  4  18 0.23
  4  19 0.33
  4  20 0.32
  4  21 0.19
  4  22 0.27
  5   1 0.46
  5   2 0.38
  5   3 0.39
  5   4 0.24
  5   5 0.93
  5   6 0.67
  5   7 0.46
  5   8 0.41
  5   9 0.41
  5  10 0.78
  5  11 0.70
  5  12 0.58
  5  13 0.40
  5  14 0.69
  5  15 0.56
  5  16 0.71
  5  17 0.67
  5  18 0.46
  5  19 0.72
  5  20 0.81
  5  21 0.51
  5  22 0.64
  6   1 0.48
  6   2 0.31
  6   3 0.24
  6   4 0.11
  6   5 0.51
  6   6 0.83
  6   7 0.34
  6   8 0.44
  6   9 0.36
  6  10 0.56
  6  11 0.64
  6  12 0.71
  6  13 0.29
  6  14 0.66
  6  15 0.31
  6  16 0.56
  6  17 0.59
  6  18 0.58
  6  19 0.49
  6  20 0.63
  6  21 0.65
  6  22 0.46
  7   1 0.38
  7   2 0.33
  7   3 0.57
  7   4 0.13
  7   5 0.56
  7   6 0.42
  7   7 0.84
  7   8 0.42
  7   9 0.74
  7  10 0.45
  7  11 0.55
  7  12 0.25
  7  13 0.36
  7  14 0.59
  7  15 0.50
  7  16 0.37
  7  17 0.40
  7  18 0.37
  7  19 0.56
  7  20 0.48
  7  21 0.43
  7  22 0.57
  8   1 0.72
  8   2 0.74
  8   3 0.48
  8   4 0.18
  8   5 0.41
  8   6 0.31
  8   7 0.42
  8   8 0.92
  8   9 0.36
  8  10 0.26
  8  11 0.50
  8  12 0.25
  8  13 0.31
  8  14 0.51
  8  15 0.36
  8  16 0.29
  8  17 0.23
  8  18 0.38
  8  19 0.39
  8  20 0.41
  8  21 0.54
  8  22 0.34
  9   1 0.35
  9   2 0.32
  9   3 0.64
  9   4 0.17
  9   5 0.51
  9   6 0.38
  9   7 0.76
  9   8 0.36
  9   9 0.89
  9  10 0.42
  9  11 0.51
  9  12 0.24
  9  13 0.39
  9  14 0.53
  9  15 0.59
  9  16 0.35
  9  17 0.40
  9  18 0.28
  9  19 0.60
  9  20 0.45
  9  21 0.42
  9  22 0.56
 10   1 0.43
 10   2 0.28
 10   3 0.42
 10   4 0.17
 10   5 0.68
 10   6 0.48
 10   7 0.46
 10   8 0.35
 10   9 0.41
 10  10 0.79
 10  11 0.50
 10  12 0.45
 10  13 0.60
 10  14 0.53
 10  15 0.62
 10  16 0.57
 10  17 0.60
 10  18 0.32
 10  19 0.72
 10  20 0.60
 10  21 0.40
 10  22 0.70
 11   1 0.53
 11   2 0.44
 11   3 0.40
 11   4 0.13
 11   5 0.72
 11   6 0.65
 11   7 0.51
 11   8 0.54
 11   9 0.47
 11  10 0.63
 11  11 0.90
 11  12 0.57
 11  13 0.31
 11  14 0.79
 11  15 0.41
 11  16 0.58
 11  17 0.65
 11  18 0.58
 11  19 0.53
 11  20 0.71
 11  21 0.65
 11  22 0.49
 12   1 0.28
 12   2 0.23
 12   3 0.20
 12   4 0.11
 12   5 0.46
 12   6 0.50
 12   7 0.25
 12   8 0.28
 12   9 0.24
 12  10 0.50
 12  11 0.45
 12  12 0.83
 12  13 0.33
 12  14 0.46
 12  15 0.30
 12  16 0.64
 12  17 0.52
 12  18 0.52
 12  19 0.43
 12  20 0.53
 12  21 0.34
 12  22 0.32
 13   1 0.30
 13   2 0.27
 13   3 0.36
 13   4 0.21
 13   5 0.38
 13   6 0.36
 13   7 0.41
 13   8 0.32
 13   9 0.36
 13  10 0.42
 13  11 0.30
 13  12 0.36
 13  13 0.93
 13  14 0.39
 13  15 0.55
 13  16 0.42
 13  17 0.39
 13  18 0.32
 13  19 0.54
 13  20 0.46
 13  21 0.31
 13  22 0.47
 14   1 0.47
 14   2 0.37
 14   3 0.38
 14   4 0.15
 14   5 0.66
 14   6 0.72
 14   7 0.59
 14   8 0.49
 14   9 0.55
 14  10 0.64
 14  11 0.77
 14  12 0.57
 14  13 0.42
 14  14 0.89
 14  15 0.44
 14  16 0.64
 14  17 0.67
 14  18 0.54
 14  19 0.60
 14  20 0.68
 14  21 0.60
 14  22 0.60
 15   1 0.45
 15   2 0.45
 15   3 0.60
 15   4 0.26
 15   5 0.73
 15   6 0.49
 15   7 0.65
 15   8 0.51
 15   9 0.57
 15  10 0.58
 15  11 0.58
 15  12 0.40
 15  13 0.55
 15  14 0.63
 15  15 0.91
 15  16 0.60
 15  17 0.54
 15  18 0.45
 15  19 0.75
 15  20 0.59
 15  21 0.46
 15  22 0.55
 16   1 0.37
 16   2 0.29
 16   3 0.26
 16   4 0.17
 16   5 0.73
 16   6 0.59
 16   7 0.34
 16   8 0.30
 16   9 0.28
 16  10 0.67
 16  11 0.55
 16  12 0.65
 16  13 0.40
 16  14 0.63
 16  15 0.51
 16  16 0.95
 16  17 0.63
 16  18 0.46
 16  19 0.59
 16  20 0.70
 16  21 0.42
 16  22 0.45
 17   1 0.38
 17   2 0.27
 17   3 0.30
 17   4 0.11
 17   5 0.69
 17   6 0.73
 17   7 0.41
 17   8 0.31
 17   9 0.40
 17  10 0.81
 17  11 0.70
 17  12 0.68
 17  13 0.36
 17  14 0.68
 17  15 0.43
 17  16 0.65
 17  17 0.89
 17  18 0.48
 17  19 0.62
 17  20 0.61
 17  21 0.46
 17  22 0.61
 18   1 0.40
 18   2 0.39
 18   3 0.32
 18   4 0.14
 18   5 0.52
 18   6 0.56
 18   7 0.41
 18   8 0.50
 18   9 0.36
 18  10 0.46
 18  11 0.62
 18  12 0.50
 18  13 0.34
 18  14 0.60
 18  15 0.36
 18  16 0.50
 18  17 0.47
 18  18 0.91
 18  19 0.46
 18  20 0.59
 18  21 0.52
 18  22 0.35
 19   1 0.35
 19   2 0.38
 19   3 0.40
 19   4 0.24
 19   5 0.54
 19   6 0.44
 19   7 0.43
 19   8 0.37
 19   9 0.40
 19  10 0.54
 19  11 0.33
 19  12 0.46
 19  13 0.62
 19  14 0.46
 19  15 0.63
 19  16 0.57
 19  17 0.49
 19  18 0.31
 19  19 0.85
 19  20 0.57
 19  21 0.34
 19  22 0.52
 20   1 0.50
 20   2 0.42
 20   3 0.44
 20   4 0.23
 20   5 0.76
 20   6 0.68
 20   7 0.48
 20   8 0.47
 20   9 0.40
 20  10 0.62
 20  11 0.61
 20  12 0.59
 20  13 0.47
 20  14 0.72
 20  15 0.48
 20  16 0.66
 20  17 0.54
 20  18 0.42
 20  19 0.71
 20  20 0.92
 20  21 0.51
 20  22 0.61
 21   1 0.65
 21   2 0.52
 21   3 0.39
 21   4 0.17
 21   5 0.46
 21   6 0.53
 21   7 0.42
 21   8 0.68
 21   9 0.41
 21  10 0.39
 21  11 0.56
 21  12 0.43
 21  13 0.34
 21  14 0.63
 21  15 0.41
 21  16 0.46
 21  17 0.39
 21  18 0.41
 21  19 0.50
 21  20 0.50
 21  21 0.87
 21  22 0.39
 22   1 0.48
 22   2 0.30
 22   3 0.38
 22   4 0.19
 22   5 0.63
 22   6 0.60
 22   7 0.44
 22   8 0.36
 22   9 0.44
 22  10 0.67
 22  11 0.47
 22  12 0.48
 22  13 0.49
 22  14 0.55
 22  15 0.47
 22  16 0.51
 22  17 0.51
 22  18 0.30
 22  19 0.69
 22  20 0.65
 22  21 0.44
 22  22 0.92
