  1   1 0.77
  1   2 0.44
  1   3 0.09
  1   5 0.36
  1   6 0.57
  1   7 0.31
  1   8 0.32
  1   9 0.33
  1  10 0.41
  1  11 0.47
  1  12 0.39
  1  13 0.48
  1  14 0.43
  1  15 0.55
  1  16 0.39
  1  17 0.33
  1  18 0.35
  1  19 0.53
  1  20 0.49
  1  21 0.57
  1  22 0.45
  2   1 0.52
  2   2 0.80
  2   3 0.04
  2   5 0.25
  2   6 0.34
  2   7 0.17
  2   8 0.26
  2   9 0.22
  2  10 0.36
  2  11 0.48
  2  12 0.36
  2  13 0.40
  2  14 0.30
  2  15 0.39
  2  16 0.25
  2  17 0.26
  2  18 0.20
  2  19 0.31
  2  20 0.21
  2  21 0.40
  2  22 0.42
  3   1 0.24
  3   2 0.09
  3   3 0.28
  3   5 0.24
  3   6 0.29
  3   7 0.25
  3   8 0.18
  3   9 0.29
  3  10 0.28
  3  11 0.24
  3  12 0.12
  3  13 0.28
  3  14 0.18
  3  15 0.17
  3  16 0.31
  3  17 0.21
  3  18 0.33
  3  19 0.18
  3  20 0.29
  3  21 0.25
  3  22 0.10
  4   1 0.04
  4   2 0.02
  4   3 0.03
  4   5 0.07
  4   6 0.06
  4   7 0.04
  4   8 0.02
  4   9 0.06
  4  10 0.06
  4  11 0.05
  4  12 0.05
  4  13 0.04
  4  14 0.03
  4  15 0.05
  4  16 0.06
  4  17 0.05
  4  18 0.11
  4  19 0.02
  4  20 0.05
  4  21 0.05
  4  22 0.01
  5   1 0.46
  5   2 0.30
  5   3 0.10
  5   5 0.63
  5   6 0.47
  5   7 0.32
  5   8 0.39
  5   9 0.43
  5  10 0.49
  5  11 0.54
  5  12 0.37
  5  13 0.49
  5  14 0.44
  5  15 0.45
  5  16 0.39
  5  17 0.41
  5  18 0.33
  5  19 0.47
  5  20 0.41
  5  21 0.51
  5  22 0.33
  6   1 0.56
  6   2 0.39
  6   3 0.09
  6   5 0.39
  6   6 0.76
  6   7 0.28
  6   8 0.43
  6   9 0.36
  6  10 0.51
  6  11 0.58
  6  12 0.47
  6  13 0.59
  6  14 0.52
  6  15 0.55
  6  16 0.48
  6  17 0.37
  6  18 0.36
  6  19 0.61
  6  20 0.51
  6  21 0.63
  6  22 0.54
  7   1 0.24
  7   2 0.15
  7   3 0.05
  7   5 0.34
  7   6 0.42
  7   7 0.87
  7   8 0.41
  7   9 0.25
  7  10 0.27
  7  11 0.40
  7  12 0.31
  7  13 0.49
  7  14 0.34
  7  15 0.38
  7  16 0.58
  7  17 0.35
  7  18 0.37
  7  19 0.55
  7  20 0.35
  7  21 0.47
  7  22 0.21
  8   1 0.25
  8   2 0.18
  8   3 0.03
  8   5 0.28
  8   6 0.38
  8   7 0.29
  8   8 0.83
  8   9 0.14
  8  10 0.29
  8  11 0.30
  8  12 0.31
  8  13 0.30
  8  14 0.44
  8  15 0.40
  8  16 0.29
  8  17 0.33
  8  18 0.20
  8  19 0.46
  8  20 0.18
  8  21 0.30
  8  22 0.38
  9   1 0.49
  9   2 0.33
  9   3 0.07
  9   5 0.39
  9   6 0.53
  9   7 0.25
  9   8 0.32
  9   9 0.43
  9  10 0.42
  9  11 0.44
  9  12 0.39
  9  13 0.51
  9  14 0.45
  9  15 0.52
  9  16 0.37
  9  17 0.31
  9  18 0.28
  9  19 0.45
  9  20 0.45
  9  21 0.51
  9  22 0.43
 10   1 0.43
 10   2 0.32
 10   3 0.07
 10   5 0.41
 10   6 0.48
 10   7 0.33
 10   8 0.46
 10   9 0.31
 10  10 0.70
 10  11 0.52
 10  12 0.38
 10  13 0.52
 10  14 0.55
 10  15 0.52
 10  16 0.41
 10  17 0.43
 10  18 0.34
 10  19 0.49
 10  20 0.37
 10  21 0.54
 10  22 0.37
 11   1 0.52
 11   2 0.34
 11   3 0.08
 11   5 0.40
 11   6 0.55
 11   7 0.43
 11   8 0.44
 11   9 0.37
 11  10 0.46
 11  11 0.81
 11  12 0.38
 11  13 0.59
 11  14 0.49
 11  15 0.47
 11  16 0.51
 11  17 0.44
 11  18 0.38
 11  19 0.58
 11  20 0.53
 11  21 0.62
 11  22 0.39
 12   1 0.26
 12   2 0.31
 12   3 0.03
 12   5 0.23
 12   6 0.41
 12   7 0.22
 12   8 0.33
 12   9 0.14
 12  10 0.39
 12  11 0.34
 12  12 0.63
 12  13 0.45
 12  14 0.43
 12  15 0.50
 12  16 0.31
 12  17 0.30
 12  18 0.23
 12  19 0.53
 12  20 0.22
 12  21 0.45
 12  22 0.52
 13   1 0.50
 13   2 0.40
 13   3 0.08
 13   5 0.39
 13   6 0.61
 13   7 0.39
 13   8 0.39
 13   9 0.35
 13  10 0.48
 13  11 0.58
 13  12 0.47
 13  13 0.82
 13  14 0.50
 13  15 0.52
 13  16 0.48
 13  17 0.38
 13  18 0.37
 13  19 0.53
 13  20 0.49
 13  21 0.59
 13  22 0.52
 14   1 0.38
 14   2 0.30
 14   3 0.04
 14   5 0.29
 14   6 0.47
 14   7 0.22
 14   8 0.42
 14   9 0.16
 14  10 0.46
 14  11 0.42
 14  12 0.41
 14  13 0.47
 14  14 0.77
 14  15 0.53
 14  16 0.35
 14  17 0.32
 14  18 0.28
 14  19 0.51
 14  20 0.27
 14  21 0.56
 14  22 0.52
 15   1 0.52
 15   2 0.37
 15   3 0.06
 15   5 0.39
 15   6 0.55
 15   7 0.31
 15   8 0.48
 15   9 0.31
 15  10 0.52
 15  11 0.50
 15  12 0.47
 15  13 0.51
 15  14 0.59
 15  15 0.84
 15  16 0.44
 15  17 0.43
 15  18 0.32
 15  19 0.60
 15  20 0.38
 15  21 0.60
 15  22 0.49
 16   1 0.46
 16   2 0.34
 16   3 0.12
 16   5 0.41
 16   6 0.60
 16   7 0.42
 16   8 0.33
 16   9 0.46
 16  10 0.51
 16  11 0.52
 16  12 0.43
 16  13 0.57
 16  14 0.46
 16  15 0.53
 16  16 0.66
 16  17 0.39
 16  18 0.38
 16  19 0.58
 16  20 0.50
 16  21 0.56
 16  22 0.40
 17   1 0.41
 17   2 0.26
 17   3 0.06
 17   5 0.36
 17   6 0.41
 17   7 0.30
 17   8 0.41
 17   9 0.25
 17  10 0.36
 17  11 0.43
 17  12 0.37
 17  13 0.40
 17  14 0.44
 17  15 0.44
 17  16 0.34
 17  17 0.70
 17  18 0.24
 17  19 0.42
 17  20 0.34
 17  21 0.38
 17  22 0.44
 18   1 0.43
 18   2 0.31
 18   3 0.08
 18   5 0.38
 18   6 0.54
 18   7 0.44
 18   8 0.42
 18   9 0.26
 18  10 0.48
 18  11 0.44
 18  12 0.45
 18  13 0.57
 18  14 0.53
 18  15 0.53
 18  16 0.49
 18  17 0.39
 18  18 0.55
 18  19 0.54
 18  20 0.48
 18  21 0.55
 18  22 0.41
 19   1 0.39
 19   2 0.31
 19   3 0.06
 19   5 0.36
 19   6 0.69
 19   7 0.41
 19   8 0.50
 19   9 0.29
 19  10 0.44
 19  11 0.55
 19  12 0.46
 19  13 0.56
 19  14 0.52
 19  15 0.58
 19  16 0.52
 19  17 0.39
 19  18 0.33
 19  19 0.91
 19  20 0.47
 19  21 0.60
 19  22 0.56
 20   1 0.53
 20   2 0.23
 20   3 0.13
 20   5 0.38
 20   6 0.58
 20   7 0.32
 20   8 0.29
 20   9 0.47
 20  10 0.44
 20  11 0.51
 20  12 0.28
 20  13 0.53
 20  14 0.41
 20  15 0.42
 20  16 0.46
 20  17 0.33
 20  18 0.46
 20  19 0.47
 20  20 0.84
 20  21 0.54
 20  22 0.33
 21   1 0.53
 21   2 0.40
 21   3 0.07
 21   5 0.37
 21   6 0.57
 21   7 0.43
 21   8 0.39
 21   9 0.29
 21  10 0.49
 21  11 0.58
 21  12 0.40
 21  13 0.57
 21  14 0.54
 21  15 0.58
 21  16 0.50
 21  17 0.35
 21  18 0.38
 21  19 0.60
 21  20 0.46
 21  21 0.86
 21  22 0.46
 22   1 0.35
 22   2 0.35
 22   3 0.04
 22   5 0.23
 22   6 0.49
 22   7 0.15
 22   8 0.37
 22   9 0.14
 22  10 0.36
 22  11 0.36
 22  12 0.36
 22  13 0.43
 22  14 0.46
 22  15 0.40
 22  16 0.31
 22  17 0.27
 22  18 0.22
 22  19 0.52
 22  20 0.31
 22  21 0.45
 22  22 0.81
