  1   1 0.77
  1   2 0.35
  1   3 0.45
  1   5 0.38
  1   6 0.46
  1   7 0.33
  1   8 0.47
  1   9 0.47
  1  10 0.58
  1  11 0.52
  1  12 0.53
  1  13 0.47
  1  14 0.41
  1  15 0.32
  1  16 0.42
  1  17 0.51
  1  18 0.56
  1  19 0.57
  1  20 0.22
  1  21 0.47
  1  22 0.52
  2   1 0.48
  2   2 0.80
  2   3 0.24
  2   5 0.26
  2   6 0.32
  2   7 0.23
  2   8 0.38
  2   9 0.31
  2  10 0.46
  2  11 0.30
  2  12 0.41
  2  13 0.25
  2  14 0.31
  2  15 0.28
  2  16 0.40
  2  17 0.33
  2  18 0.58
  2  19 0.33
  2  20 0.16
  2  21 0.42
  2  22 0.56
  3   1 0.32
  3   2 0.18
  3   3 0.77
  3   5 0.15
  3   6 0.43
  3   7 0.24
  3   8 0.33
  3   9 0.28
  3  10 0.39
  3  11 0.48
  3  12 0.51
  3  13 0.37
  3  14 0.28
  3  15 0.31
  3  16 0.31
  3  17 0.32
  3  18 0.38
  3  19 0.50
  3  20 0.24
  3  21 0.23
  3  22 0.32
  4   1 0.29
  4   2 0.12
  4   3 0.17
  4   5 0.37
  4   6 0.15
  4   7 0.11
  4   8 0.12
  4   9 0.32
  4  10 0.41
  4  11 0.29
  4  12 0.20
  4  13 0.21
  4  14 0.19
  4  15 0.09
  4  16 0.26
  4  17 0.33
  4  18 0.29
  4  19 0.24
  4  20 0.12
  4  21 0.24
  4  22 0.26
  5   1 0.49
  5   2 0.27
  5   3 0.35
  5   5 0.69
  5   6 0.28
  5   7 0.17
  5   8 0.37
  5   9 0.65
  5  10 0.59
  5  11 0.55
  5  12 0.46
  5  13 0.54
  5  14 0.60
  5  15 0.36
  5  16 0.42
  5  17 0.63
  5  18 0.51
  5  19 0.55
  5  20 0.31
  5  21 0.45
  5  22 0.43
  6   1 0.45
  6   2 0.34
  6   3 0.41
  6   5 0.22
  6   6 0.85
  6   7 0.40
  6   8 0.56
  6   9 0.30
  6  10 0.47
  6  11 0.43
  6  12 0.60
  6  13 0.32
  6  14 0.32
  6  15 0.52
  6  16 0.59
  6  17 0.48
  6  18 0.56
  6  19 0.62
  6  20 0.32
  6  21 0.43
  6  22 0.55
  7   1 0.20
  7   2 0.24
  7   3 0.30
  7   5 0.12
  7   6 0.41
  7   7 0.92
  7   8 0.56
  7   9 0.16
  7  10 0.25
  7  11 0.22
  7  12 0.46
  7  13 0.22
  7  14 0.19
  7  15 0.32
  7  16 0.38
  7  17 0.21
  7  18 0.25
  7  19 0.43
  7  20 0.13
  7  21 0.31
  7  22 0.46
  8   1 0.37
  8   2 0.34
  8   3 0.44
  8   5 0.23
  8   6 0.59
  8   7 0.55
  8   8 0.83
  8   9 0.32
  8  10 0.47
  8  11 0.55
  8  12 0.63
  8  13 0.46
  8  14 0.36
  8  15 0.56
  8  16 0.65
  8  17 0.52
  8  18 0.52
  8  19 0.65
  8  20 0.32
  8  21 0.45
  8  22 0.52
  9   1 0.50
  9   2 0.24
  9   3 0.42
  9   5 0.53
  9   6 0.28
  9   7 0.18
  9   8 0.35
  9   9 0.86
  9  10 0.55
  9  11 0.56
  9  12 0.45
  9  13 0.63
  9  14 0.43
  9  15 0.36
  9  16 0.34
  9  17 0.59
  9  18 0.44
  9  19 0.58
  9  20 0.35
  9  21 0.39
  9  22 0.39
 10   1 0.46
 10   2 0.32
 10   3 0.40
 10   5 0.38
 10   6 0.38
 10   7 0.26
 10   8 0.44
 10   9 0.48
 10  10 0.87
 10  11 0.59
 10  12 0.51
 10  13 0.53
 10  14 0.42
 10  15 0.39
 10  16 0.54
 10  17 0.60
 10  18 0.57
 10  19 0.66
 10  20 0.31
 10  21 0.36
 10  22 0.48
 11   1 0.48
 11   2 0.22
 11   3 0.51
 11   5 0.36
 11   6 0.47
 11   7 0.29
 11   8 0.53
 11   9 0.53
 11  10 0.60
 11  11 0.89
 11  12 0.62
 11  13 0.61
 11  14 0.42
 11  15 0.47
 11  16 0.51
 11  17 0.65
 11  18 0.55
 11  19 0.75
 11  20 0.33
 11  21 0.44
 11  22 0.51
 12   1 0.48
 12   2 0.33
 12   3 0.50
 12   5 0.30
 12   6 0.56
 12   7 0.36
 12   8 0.50
 12   9 0.43
 12  10 0.58
 12  11 0.58
 12  12 0.78
 12  13 0.49
 12  14 0.38
 12  15 0.45
 12  16 0.44
 12  17 0.46
 12  18 0.56
 12  19 0.69
 12  20 0.27
 12  21 0.46
 12  22 0.50
 13   1 0.54
 13   2 0.22
 13   3 0.49
 13   5 0.42
 13   6 0.31
 13   7 0.25
 13   8 0.46
 13   9 0.59
 13  10 0.57
 13  11 0.66
 13  12 0.51
 13  13 0.85
 13  14 0.45
 13  15 0.39
 13  16 0.38
 13  17 0.60
 13  18 0.52
 13  19 0.68
 13  20 0.32
 13  21 0.46
 13  22 0.41
 14   1 0.43
 14   2 0.28
 14   3 0.52
 14   5 0.42
 14   6 0.27
 14   7 0.19
 14   8 0.41
 14   9 0.52
 14  10 0.49
 14  11 0.57
 14  12 0.53
 14  13 0.63
 14  14 0.69
 14  15 0.39
 14  16 0.35
 14  17 0.56
 14  18 0.44
 14  19 0.57
 14  20 0.42
 14  21 0.37
 14  22 0.37
 15   1 0.44
 15   2 0.36
 15   3 0.50
 15   5 0.32
 15   6 0.60
 15   7 0.39
 15   8 0.60
 15   9 0.38
 15  10 0.55
 15  11 0.57
 15  12 0.64
 15  13 0.47
 15  14 0.46
 15  15 0.76
 15  16 0.67
 15  17 0.58
 15  18 0.60
 15  19 0.68
 15  20 0.42
 15  21 0.44
 15  22 0.55
 16   1 0.34
 16   2 0.36
 16   3 0.31
 16   5 0.37
 16   6 0.44
 16   7 0.29
 16   8 0.46
 16   9 0.33
 16  10 0.56
 16  11 0.48
 16  12 0.47
 16  13 0.34
 16  14 0.37
 16  15 0.53
 16  16 0.81
 16  17 0.56
 16  18 0.52
 16  19 0.57
 16  20 0.35
 16  21 0.32
 16  22 0.55
 17   1 0.43
 17   2 0.27
 17   3 0.37
 17   5 0.35
 17   6 0.38
 17   7 0.28
 17   8 0.54
 17   9 0.51
 17  10 0.54
 17  11 0.60
 17  12 0.45
 17  13 0.52
 17  14 0.48
 17  15 0.39
 17  16 0.49
 17  17 0.86
 17  18 0.50
 17  19 0.61
 17  20 0.33
 17  21 0.47
 17  22 0.46
 18   1 0.46
 18   2 0.47
 18   3 0.27
 18   5 0.33
 18   6 0.37
 18   7 0.19
 18   8 0.37
 18   9 0.36
 18  10 0.55
 18  11 0.40
 18  12 0.46
 18  13 0.35
 18  14 0.31
 18  15 0.33
 18  16 0.47
 18  17 0.40
 18  18 0.71
 18  19 0.37
 18  20 0.25
 18  21 0.47
 18  22 0.53
 19   1 0.40
 19   2 0.23
 19   3 0.60
 19   5 0.32
 19   6 0.49
 19   7 0.35
 19   8 0.51
 19   9 0.54
 19  10 0.59
 19  11 0.69
 19  12 0.62
 19  13 0.65
 19  14 0.46
 19  15 0.48
 19  16 0.51
 19  17 0.58
 19  18 0.52
 19  19 0.87
 19  20 0.37
 19  21 0.39
 19  22 0.48
 20   1 0.34
 20   2 0.24
 20   3 0.46
 20   5 0.22
 20   6 0.42
 20   7 0.26
 20   8 0.45
 20   9 0.37
 20  10 0.37
 20  11 0.54
 20  12 0.53
 20  13 0.45
 20  14 0.40
 20  15 0.39
 20  16 0.50
 20  17 0.57
 20  18 0.42
 20  19 0.57
 20  20 0.62
 20  21 0.30
 20  22 0.36
 21   1 0.52
 21   2 0.38
 21   3 0.33
 21   5 0.42
 21   6 0.53
 21   7 0.42
 21   8 0.62
 21   9 0.36
 21  10 0.53
 21  11 0.47
 21  12 0.47
 21  13 0.35
 21  14 0.33
 21  15 0.41
 21  16 0.49
 21  17 0.52
 21  18 0.62
 21  19 0.51
 21  20 0.18
 21  21 0.86
 21  22 0.65
 22   1 0.42
 22   2 0.45
 22   3 0.28
 22   5 0.28
 22   6 0.51
 22   7 0.45
 22   8 0.51
 22   9 0.29
 22  10 0.47
 22  11 0.41
 22  12 0.45
 22  13 0.30
 22  14 0.28
 22  15 0.34
 22  16 0.53
 22  17 0.38
 22  18 0.62
 22  19 0.46
 22  20 0.21
 22  21 0.50
 22  22 0.89
