  1   1 0.87
  1   2 0.49
  1   3 0.48
  1   4 0.25
  1   5 0.47
  1   6 0.26
  1   7 0.29
  1   8 0.28
  1   9 0.64
  1  10 0.35
  1  11 0.23
  1  12 0.28
  1  13 0.51
  1  14 0.51
  1  15 0.32
  1  16 0.26
  1  17 0.46
  1  18 0.43
  1  19 0.34
  1  20 0.29
  1  21 0.49
  1  22 0.63
  2   1 0.38
  2   2 0.91
  2   3 0.36
  2   4 0.38
  2   5 0.56
  2   6 0.41
  2   7 0.42
  2   8 0.44
  2   9 0.59
  2  10 0.43
  2  11 0.58
  2  12 0.43
  2  13 0.58
  2  14 0.51
  2  15 0.54
  2  16 0.38
  2  17 0.53
  2  18 0.58
  2  19 0.39
  2  20 0.47
  2  21 0.51
  2  22 0.47
  3   1 0.35
  3   2 0.37
  3   3 0.83
  3   4 0.41
  3   5 0.50
  3   6 0.39
  3   7 0.35
  3   8 0.48
  3   9 0.38
  3  10 0.57
  3  11 0.37
  3  12 0.42
  3  13 0.40
  3  14 0.55
  3  15 0.34
  3  16 0.48
  3  17 0.45
  3  18 0.43
  3  19 0.44
  3  20 0.52
  3  21 0.41
  3  22 0.33
  4   1 0.17
  4   2 0.39
  4   3 0.39
  4   4 0.84
  4   5 0.43
  4   6 0.45
  4   7 0.51
  4   8 0.61
  4   9 0.38
  4  10 0.65
  4  11 0.45
  4  12 0.32
  4  13 0.49
  4  14 0.36
  4  15 0.51
  4  16 0.59
  4  17 0.43
  4  18 0.41
  4  19 0.58
  4  20 0.62
  4  21 0.34
  4  22 0.20
  5   1 0.37
  5   2 0.45
  5   3 0.59
  5   4 0.48
  5   5 0.74
  5   6 0.59
  5   7 0.50
  5   8 0.61
  5   9 0.50
  5  10 0.65
  5  11 0.52
  5  12 0.57
  5  13 0.56
  5  14 0.62
  5  15 0.56
  5  16 0.49
  5  17 0.60
  5  18 0.52
  5  19 0.59
  5  20 0.75
  5  21 0.62
  5  22 0.43
  6   1 0.25
  6   2 0.46
  6   3 0.40
  6   4 0.51
  6   5 0.46
  6   6 0.87
  6   7 0.57
  6   8 0.70
  6   9 0.46
  6  10 0.63
  6  11 0.62
  6  12 0.57
  6  13 0.64
  6  14 0.56
  6  15 0.71
  6  16 0.51
  6  17 0.60
  6  18 0.54
  6  19 0.68
  6  20 0.71
  6  21 0.42
  6  22 0.38
  7   1 0.15
  7   2 0.41
  7   3 0.28
  7   4 0.48
  7   5 0.47
  7   6 0.52
  7   7 0.86
  7   8 0.62
  7   9 0.40
  7  10 0.48
  7  11 0.50
  7  12 0.43
  7  13 0.57
  7  14 0.51
  7  15 0.72
  7  16 0.37
  7  17 0.47
  7  18 0.43
  7  19 0.44
  7  20 0.54
  7  21 0.40
  7  22 0.29
  8   1 0.22
  8   2 0.46
  8   3 0.40
  8   4 0.49
  8   5 0.48
  8   6 0.65
  8   7 0.62
  8   8 0.90
  8   9 0.42
  8  10 0.63
  8  11 0.59
  8  12 0.52
  8  13 0.56
  8  14 0.53
  8  15 0.69
  8  16 0.49
  8  17 0.60
  8  18 0.53
  8  19 0.62
  8  20 0.69
  8  21 0.40
  8  22 0.32
  9   1 0.55
  9   2 0.54
  9   3 0.41
  9   4 0.32
  9   5 0.52
  9   6 0.47
  9   7 0.38
  9   8 0.42
  9   9 0.88
  9  10 0.42
  9  11 0.45
  9  12 0.45
  9  13 0.71
  9  14 0.50
  9  15 0.49
  9  16 0.31
  9  17 0.56
  9  18 0.55
  9  19 0.44
  9  20 0.47
  9  21 0.49
  9  22 0.70
 10   1 0.32
 10   2 0.43
 10   3 0.55
 10   4 0.64
 10   5 0.53
 10   6 0.63
 10   7 0.51
 10   8 0.71
 10   9 0.44
 10  10 0.94
 10  11 0.52
 10  12 0.41
 10  13 0.54
 10  14 0.49
 10  15 0.59
 10  16 0.69
 10  17 0.62
 10  18 0.51
 10  19 0.69
 10  20 0.71
 10  21 0.47
 10  22 0.35
 11   1 0.25
 11   2 0.51
 11   3 0.48
 11   4 0.48
 11   5 0.62
 11   6 0.67
 11   7 0.53
 11   8 0.64
 11   9 0.42
 11  10 0.60
 11  11 0.85
 11  12 0.63
 11  13 0.63
 11  14 0.58
 11  15 0.62
 11  16 0.54
 11  17 0.65
 11  18 0.62
 11  19 0.63
 11  20 0.67
 11  21 0.51
 11  22 0.35
 12   1 0.32
 12   2 0.45
 12   3 0.53
 12   4 0.33
 12   5 0.56
 12   6 0.60
 12   7 0.46
 12   8 0.51
 12   9 0.40
 12  10 0.45
 12  11 0.53
 12  12 0.92
 12  13 0.54
 12  14 0.64
 12  15 0.51
 12  16 0.44
 12  17 0.57
 12  18 0.57
 12  19 0.55
 12  20 0.57
 12  21 0.51
 12  22 0.45
 13   1 0.40
 13   2 0.58
 13   3 0.44
 13   4 0.57
 13   5 0.61
 13   6 0.59
 13   7 0.63
 13   8 0.61
 13   9 0.64
 13  10 0.55
 13  11 0.64
 13  12 0.50
 13  13 0.84
 13  14 0.66
 13  15 0.65
 13  16 0.42
 13  17 0.65
 13  18 0.63
 13  19 0.55
 13  20 0.57
 13  21 0.54
 13  22 0.51
 14   1 0.47
 14   2 0.47
 14   3 0.57
 14   4 0.35
 14   5 0.62
 14   6 0.54
 14   7 0.55
 14   8 0.51
 14   9 0.54
 14  10 0.53
 14  11 0.50
 14  12 0.60
 14  13 0.65
 14  14 0.94
 14  15 0.58
 14  16 0.35
 14  17 0.60
 14  18 0.55
 14  19 0.46
 14  20 0.51
 14  21 0.61
 14  22 0.50
 15   1 0.37
 15   2 0.55
 15   3 0.34
 15   4 0.38
 15   5 0.51
 15   6 0.54
 15   7 0.62
 15   8 0.56
 15   9 0.54
 15  10 0.54
 15  11 0.53
 15  12 0.42
 15  13 0.64
 15  14 0.59
 15  15 0.89
 15  16 0.36
 15  17 0.59
 15  18 0.54
 15  19 0.46
 15  20 0.53
 15  21 0.48
 15  22 0.50
 16   1 0.20
 16   2 0.38
 16   3 0.40
 16   4 0.61
 16   5 0.38
 16   6 0.53
 16   7 0.39
 16   8 0.64
 16   9 0.34
 16  10 0.61
 16  11 0.47
 16  12 0.41
 16  13 0.46
 16  14 0.35
 16  15 0.48
 16  16 0.91
 16  17 0.49
 16  18 0.46
 16  19 0.66
 16  20 0.68
 16  21 0.35
 16  22 0.25
 17   1 0.53
 17   2 0.54
 17   3 0.53
 17   4 0.45
 17   5 0.59
 17   6 0.62
 17   7 0.54
 17   8 0.66
 17   9 0.57
 17  10 0.63
 17  11 0.55
 17  12 0.57
 17  13 0.66
 17  14 0.63
 17  15 0.61
 17  16 0.52
 17  17 0.89
 17  18 0.63
 17  19 0.67
 17  20 0.61
 17  21 0.57
 17  22 0.57
 18   1 0.34
 18   2 0.57
 18   3 0.49
 18   4 0.48
 18   5 0.63
 18   6 0.58
 18   7 0.54
 18   8 0.62
 18   9 0.53
 18  10 0.57
 18  11 0.66
 18  12 0.58
 18  13 0.68
 18  14 0.62
 18  15 0.62
 18  16 0.51
 18  17 0.63
 18  18 0.89
 18  19 0.56
 18  20 0.64
 18  21 0.64
 18  22 0.45
 19   1 0.32
 19   2 0.44
 19   3 0.44
 19   4 0.60
 19   5 0.46
 19   6 0.73
 19   7 0.49
 19   8 0.76
 19   9 0.45
 19  10 0.70
 19  11 0.53
 19  12 0.55
 19  13 0.54
 19  14 0.48
 19  15 0.62
 19  16 0.67
 19  17 0.58
 19  18 0.51
 19  19 0.91
 19  20 0.79
 19  21 0.44
 19  22 0.40
 20   1 0.30
 20   2 0.40
 20   3 0.52
 20   4 0.52
 20   5 0.48
 20   6 0.64
 20   7 0.40
 20   8 0.72
 20   9 0.47
 20  10 0.66
 20  11 0.49
 20  12 0.55
 20  13 0.50
 20  14 0.49
 20  15 0.55
 20  16 0.62
 20  17 0.58
 20  18 0.44
 20  19 0.69
 20  20 0.90
 20  21 0.44
 20  22 0.34
 21   1 0.38
 21   2 0.57
 21   3 0.53
 21   4 0.50
 21   5 0.75
 21   6 0.42
 21   7 0.57
 21   8 0.51
 21   9 0.50
 21  10 0.51
 21  11 0.55
 21  12 0.46
 21  13 0.58
 21  14 0.63
 21  15 0.48
 21  16 0.49
 21  17 0.49
 21  18 0.58
 21  19 0.45
 21  20 0.45
 21  21 0.81
 21  22 0.49
 22   1 0.56
 22   2 0.45
 22   3 0.38
 22   4 0.25
 22   5 0.46
 22   6 0.40
 22   7 0.36
 22   8 0.35
 22   9 0.59
 22  10 0.35
 22  11 0.32
 22  12 0.41
 22  13 0.62
 22  14 0.50
 22  15 0.42
 22  16 0.30
 22  17 0.47
 22  18 0.48
 22  19 0.40
 22  20 0.31
 22  21 0.51
 22  22 0.91
