  1   1 0.95
  1   2 0.77
  1   3 0.46
  1   4 0.19
  1   5 0.77
  1   6 0.65
  1   7 0.52
  1   8 0.78
  1   9 0.74
  1  10 0.75
  1  11 0.60
  1  12 0.71
  1  13 0.72
  1  14 0.70
  1  15 0.69
  1  16 0.59
  1  17 0.71
  1  18 0.59
  1  19 0.74
  1  20 0.61
  1  21 0.59
  1  22 0.39
  2   1 0.79
  2   2 0.96
  2   3 0.34
  2   4 0.17
  2   5 0.77
  2   6 0.57
  2   7 0.42
  2   8 0.73
  2   9 0.64
  2  10 0.68
  2  11 0.48
  2  12 0.67
  2  13 0.68
  2  14 0.65
  2  15 0.57
  2  16 0.53
  2  17 0.65
  2  18 0.48
  2  19 0.68
  2  20 0.46
  2  21 0.50
  2  22 0.39
  3   1 0.58
  3   2 0.49
  3   3 0.81
  3   4 0.24
  3   5 0.49
  3   6 0.75
  3   7 0.66
  3   8 0.57
  3   9 0.58
  3  10 0.73
  3  11 0.77
  3  12 0.70
  3  13 0.63
  3  14 0.75
  3  15 0.71
  3  16 0.68
  3  17 0.77
  3  18 0.75
  3  19 0.73
  3  20 0.56
  3  21 0.63
  3  22 0.46
  4   1 0.38
  4   2 0.32
  4   3 0.45
  4   4 0.82
  4   5 0.34
  4   6 0.53
  4   7 0.49
  4   8 0.41
  4   9 0.37
  4  10 0.46
  4  11 0.55
  4  12 0.48
  4  13 0.42
  4  14 0.51
  4  15 0.48
  4  16 0.48
  4  17 0.45
  4  18 0.56
  4  19 0.45
  4  20 0.40
  4  21 0.42
  4  22 0.47
  5   1 0.80
  5   2 0.74
  5   3 0.37
  5   4 0.16
  5   5 0.95
  5   6 0.58
  5   7 0.51
  5   8 0.69
  5   9 0.78
  5  10 0.76
  5  11 0.55
  5  12 0.66
  5  13 0.72
  5  14 0.68
  5  15 0.69
  5  16 0.52
  5  17 0.74
  5  18 0.53
  5  19 0.67
  5  20 0.58
  5  21 0.55
  5  22 0.28
  6   1 0.64
  6   2 0.59
  6   3 0.55
  6   4 0.27
  6   5 0.56
  6   6 0.94
  6   7 0.76
  6   8 0.64
  6   9 0.58
  6  10 0.70
  6  11 0.78
  6  12 0.74
  6  13 0.65
  6  14 0.71
  6  15 0.72
  6  16 0.66
  6  17 0.77
  6  18 0.79
  6  19 0.75
  6  20 0.66
  6  21 0.77
  6  22 0.46
  7   1 0.56
  7   2 0.49
  7   3 0.59
  7   4 0.24
  7   5 0.46
  7   6 0.82
  7   7 0.91
  7   8 0.58
  7   9 0.47
  7  10 0.66
  7  11 0.71
  7  12 0.69
  7  13 0.57
  7  14 0.66
  7  15 0.63
  7  16 0.72
  7  17 0.72
  7  18 0.76
  7  19 0.68
  7  20 0.58
  7  21 0.73
  7  22 0.37
  8   1 0.78
  8   2 0.67
  8   3 0.49
  8   4 0.25
  8   5 0.68
  8   6 0.74
  8   7 0.63
  8   8 0.88
  8   9 0.73
  8  10 0.74
  8  11 0.62
  8  12 0.72
  8  13 0.69
  8  14 0.70
  8  15 0.71
  8  16 0.64
  8  17 0.72
  8  18 0.67
  8  19 0.75
  8  20 0.71
  8  21 0.70
  8  22 0.36
  9   1 0.75
  9   2 0.71
  9   3 0.45
  9   4 0.23
  9   5 0.77
  9   6 0.60
  9   7 0.49
  9   8 0.72
  9   9 0.95
  9  10 0.76
  9  11 0.59
  9  12 0.69
  9  13 0.73
  9  14 0.74
  9  15 0.73
  9  16 0.52
  9  17 0.74
  9  18 0.61
  9  19 0.76
  9  20 0.70
  9  21 0.57
  9  22 0.43
 10   1 0.71
 10   2 0.69
 10   3 0.56
 10   4 0.22
 10   5 0.73
 10   6 0.71
 10   7 0.63
 10   8 0.69
 10   9 0.69
 10  10 0.94
 10  11 0.75
 10  12 0.81
 10  13 0.78
 10  14 0.83
 10  15 0.70
 10  16 0.65
 10  17 0.86
 10  18 0.70
 10  19 0.75
 10  20 0.58
 10  21 0.61
 10  22 0.45
 11   1 0.57
 11   2 0.47
 11   3 0.65
 11   4 0.26
 11   5 0.51
 11   6 0.77
 11   7 0.69
 11   8 0.51
 11   9 0.53
 11  10 0.72
 11  11 0.93
 11  12 0.71
 11  13 0.59
 11  14 0.74
 11  15 0.72
 11  16 0.65
 11  17 0.78
 11  18 0.73
 11  19 0.66
 11  20 0.54
 11  21 0.69
 11  22 0.41
 12   1 0.68
 12   2 0.72
 12   3 0.55
 12   4 0.27
 12   5 0.64
 12   6 0.66
 12   7 0.53
 12   8 0.69
 12   9 0.61
 12  10 0.78
 12  11 0.70
 12  12 0.89
 12  13 0.75
 12  14 0.77
 12  15 0.66
 12  16 0.71
 12  17 0.75
 12  18 0.70
 12  19 0.75
 12  20 0.54
 12  21 0.60
 12  22 0.52
 13   1 0.74
 13   2 0.68
 13   3 0.62
 13   4 0.22
 13   5 0.72
 13   6 0.68
 13   7 0.58
 13   8 0.73
 13   9 0.72
 13  10 0.86
 13  11 0.71
 13  12 0.81
 13  13 0.92
 13  14 0.81
 13  15 0.70
 13  16 0.73
 13  17 0.80
 13  18 0.68
 13  19 0.77
 13  20 0.61
 13  21 0.60
 13  22 0.46
 14   1 0.71
 14   2 0.65
 14   3 0.60
 14   4 0.26
 14   5 0.70
 14   6 0.73
 14   7 0.67
 14   8 0.68
 14   9 0.69
 14  10 0.86
 14  11 0.79
 14  12 0.77
 14  13 0.76
 14  14 0.93
 14  15 0.72
 14  16 0.67
 14  17 0.85
 14  18 0.71
 14  19 0.74
 14  20 0.62
 14  21 0.63
 14  22 0.46
 15   1 0.61
 15   2 0.52
 15   3 0.41
 15   4 0.22
 15   5 0.57
 15   6 0.64
 15   7 0.51
 15   8 0.57
 15   9 0.69
 15  10 0.61
 15  11 0.55
 15  12 0.61
 15  13 0.55
 15  14 0.60
 15  15 0.90
 15  16 0.44
 15  17 0.66
 15  18 0.62
 15  19 0.67
 15  20 0.65
 15  21 0.63
 15  22 0.30
 16   1 0.68
 16   2 0.63
 16   3 0.67
 16   4 0.26
 16   5 0.62
 16   6 0.73
 16   7 0.71
 16   8 0.66
 16   9 0.55
 16  10 0.77
 16  11 0.74
 16  12 0.80
 16  13 0.70
 16  14 0.75
 16  15 0.63
 16  16 0.92
 16  17 0.75
 16  18 0.72
 16  19 0.72
 16  20 0.56
 16  21 0.68
 16  22 0.41
 17   1 0.69
 17   2 0.64
 17   3 0.66
 17   4 0.25
 17   5 0.68
 17   6 0.75
 17   7 0.66
 17   8 0.67
 17   9 0.68
 17  10 0.86
 17  11 0.79
 17  12 0.81
 17  13 0.76
 17  14 0.83
 17  15 0.74
 17  16 0.70
 17  17 0.96
 17  18 0.77
 17  19 0.77
 17  20 0.61
 17  21 0.67
 17  22 0.48
 18   1 0.64
 18   2 0.57
 18   3 0.59
 18   4 0.29
 18   5 0.60
 18   6 0.82
 18   7 0.72
 18   8 0.63
 18   9 0.62
 18  10 0.75
 18  11 0.77
 18  12 0.76
 18  13 0.66
 18  14 0.74
 18  15 0.77
 18  16 0.66
 18  17 0.80
 18  18 0.92
 18  19 0.73
 18  20 0.62
 18  21 0.73
 18  22 0.47
 19   1 0.73
 19   2 0.67
 19   3 0.65
 19   4 0.24
 19   5 0.65
 19   6 0.79
 19   7 0.67
 19   8 0.72
 19   9 0.73
 19  10 0.80
 19  11 0.73
 19  12 0.81
 19  13 0.74
 19  14 0.78
 19  15 0.79
 19  16 0.72
 19  17 0.81
 19  18 0.75
 19  19 0.93
 19  20 0.68
 19  21 0.76
 19  22 0.44
 20   1 0.64
 20   2 0.53
 20   3 0.47
 20   4 0.25
 20   5 0.58
 20   6 0.74
 20   7 0.69
 20   8 0.62
 20   9 0.70
 20  10 0.70
 20  11 0.68
 20  12 0.69
 20  13 0.64
 20  14 0.67
 20  15 0.73
 20  16 0.56
 20  17 0.70
 20  18 0.69
 20  19 0.70
 20  20 0.89
 20  21 0.72
 20  22 0.37
 21   1 0.56
 21   2 0.49
 21   3 0.49
 21   4 0.16
 21   5 0.48
 21   6 0.75
 21   7 0.67
 21   8 0.49
 21   9 0.53
 21  10 0.59
 21  11 0.65
 21  12 0.68
 21  13 0.51
 21  14 0.58
 21  15 0.74
 21  16 0.60
 21  17 0.68
 21  18 0.67
 21  19 0.67
 21  20 0.60
 21  21 0.90
 21  22 0.26
 22   1 0.39
 22   2 0.41
 22   3 0.39
 22   4 0.31
 22   5 0.30
 22   6 0.52
 22   7 0.36
 22   8 0.45
 22   9 0.40
 22  10 0.48
 22  11 0.53
 22  12 0.49
 22  13 0.49
 22  14 0.55
 22  15 0.40
 22  16 0.43
 22  17 0.48
 22  18 0.53
 22  19 0.50
 22  20 0.38
 22  21 0.36
 22  22 0.88
