  1   1 0.35
  1   2 0.23
  1   3 0.06
  1   5 0.18
  1   6 0.21
  1   7 0.08
  1   8 0.09
  1  10 0.28
  1  12 0.11
  1  13 0.10
  1  15 0.27
  1  16 0.17
  1  17 0.19
  1  18 0.15
  1  19 0.17
  1  21 0.12
  1  22 0.12
  2   1 0.11
  2   2 0.66
  2   3 0.01
  2   5 0.05
  2   6 0.22
  2   7 0.02
  2   8 0.03
  2  10 0.17
  2  12 0.07
  2  13 0.03
  2  15 0.10
  2  16 0.07
  2  17 0.03
  2  18 0.11
  2  19 0.17
  2  21 0.06
  2  22 0.09
  3   1 0.11
  3   2 0.11
  3   3 0.37
  3   5 0.11
  3   6 0.13
  3   7 0.07
  3   8 0.09
  3  10 0.38
  3  12 0.12
  3  13 0.06
  3  15 0.18
  3  16 0.08
  3  17 0.11
  3  18 0.18
  3  19 0.24
  3  21 0.10
  3  22 0.08
  4   1 0.05
  4   2 0.03
  4   3 0.06
  4   5 0.06
  4   6 0.07
  4   7 0.00
  4   8 0.07
  4  10 0.18
  4  12 0.00
  4  13 0.03
  4  15 0.07
  4  16 0.05
  4  17 0.06
  4  18 0.14
  4  19 0.13
  4  21 0.05
  4  22 0.06
  5   1 0.21
  5   2 0.18
  5   3 0.14
  5   5 0.33
  5   6 0.24
  5   7 0.09
  5   8 0.25
  5  10 0.38
  5  12 0.08
  5  13 0.11
  5  15 0.35
  5  16 0.21
  5  17 0.33
  5  18 0.31
  5  19 0.29
  5  21 0.25
  5  22 0.24
  6   1 0.11
  6   2 0.32
  6   3 0.07
  6   5 0.11
  6   6 0.82
  6   7 0.06
  6   8 0.10
  6  10 0.39
  6  12 0.11
  6  13 0.08
  6  15 0.29
  6  16 0.17
  6  17 0.10
  6  18 0.25
  6  19 0.39
  6  21 0.13
  6  22 0.24
  7   1 0.03
  7   2 0.05
  7   3 0.03
  7   5 0.08
  7   6 0.10
  7   7 0.13
  7   8 0.28
  7  10 0.10
  7  12 0.05
  7  13 0.13
  7  15 0.09
  7  16 0.20
  7  17 0.15
  7  18 0.21
  7  19 0.09
  7  21 0.13
  7  22 0.14
  8   1 0.17
  8   2 0.13
  8   3 0.11
  8   5 0.14
  8   6 0.16
  8   7 0.06
  8   8 0.52
  8  10 0.22
  8  12 0.16
  8  13 0.08
  8  15 0.31
  8  16 0.27
  8  17 0.30
  8  18 0.27
  8  19 0.24
  8  21 0.34
  8  22 0.23
  9   1 0.04
  9   2 0.02
  9   3 0.02
  9   5 0.20
  9   6 0.02
  9   7 0.03
  9   8 0.24
  9  10 0.05
  9  12 0.00
  9  13 0.05
  9  15 0.07
  9  16 0.10
  9  17 0.21
  9  18 0.10
  9  19 0.01
  9  21 0.07
  9  22 0.09
 10   1 0.24
 10   2 0.28
 10   3 0.20
 10   5 0.20
 10   6 0.35
 10   7 0.11
 10   8 0.16
 10  10 0.81
 10  12 0.18
 10  13 0.11
 10  15 0.33
 10  16 0.18
 10  17 0.15
 10  18 0.33
 10  19 0.51
 10  21 0.20
 10  22 0.21
 11   1 0.08
 11   2 0.07
 11   3 0.10
 11   5 0.08
 11   6 0.10
 11   7 0.05
 11   8 0.05
 11  10 0.23
 11  12 0.07
 11  13 0.04
 11  15 0.13
 11  16 0.07
 11  17 0.09
 11  18 0.15
 11  19 0.16
 11  21 0.10
 11  22 0.11
 12   1 0.13
 12   2 0.12
 12   3 0.11
 12   5 0.13
 12   6 0.27
 12   7 0.08
 12   8 0.30
 12  10 0.33
 12  12 0.39
 12  13 0.10
 12  15 0.27
 12  16 0.30
 12  17 0.34
 12  18 0.34
 12  19 0.45
 12  21 0.28
 12  22 0.17
 13   1 0.07
 13   2 0.05
 13   3 0.06
 13   5 0.07
 13   6 0.11
 13   7 0.05
 13   8 0.09
 13  10 0.14
 13  12 0.08
 13  13 0.10
 13  15 0.13
 13  16 0.13
 13  17 0.19
 13  18 0.10
 13  19 0.16
 13  21 0.08
 13  22 0.09
 14   1 0.06
 14   2 0.07
 14   3 0.07
 14   5 0.11
 14   6 0.07
 14   7 0.03
 14   8 0.10
 14  10 0.15
 14  12 0.03
 14  13 0.02
 14  15 0.12
 14  16 0.09
 14  17 0.16
 14  18 0.08
 14  19 0.08
 14  21 0.09
 14  22 0.07
 15   1 0.24
 15   2 0.13
 15   3 0.12
 15   5 0.19
 15   6 0.26
 15   7 0.12
 15   8 0.21
 15  10 0.33
 15  12 0.12
 15  13 0.13
 15  15 0.87
 15  16 0.20
 15  17 0.28
 15  18 0.29
 15  19 0.29
 15  21 0.27
 15  22 0.26
 16   1 0.07
 16   2 0.14
 16   3 0.05
 16   5 0.08
 16   6 0.29
 16   7 0.03
 16   8 0.15
 16  10 0.21
 16  12 0.10
 16  13 0.08
 16  15 0.16
 16  16 0.49
 16  17 0.18
 16  18 0.24
 16  19 0.30
 16  21 0.19
 16  22 0.24
 17   1 0.13
 17   2 0.03
 17   3 0.07
 17   5 0.19
 17   6 0.09
 17   7 0.08
 17   8 0.35
 17  10 0.15
 17  12 0.11
 17  13 0.08
 17  15 0.23
 17  16 0.22
 17  17 0.86
 17  18 0.13
 17  19 0.12
 17  21 0.18
 17  22 0.10
 18   1 0.16
 18   2 0.16
 18   3 0.11
 18   5 0.07
 18   6 0.32
 18   7 0.11
 18   8 0.23
 18  10 0.33
 18  12 0.21
 18  13 0.10
 18  15 0.30
 18  16 0.32
 18  17 0.17
 18  18 0.80
 18  19 0.40
 18  21 0.30
 18  22 0.22
 19   1 0.17
 19   2 0.21
 19   3 0.14
 19   5 0.09
 19   6 0.30
 19   7 0.08
 19   8 0.15
 19  10 0.45
 19  12 0.24
 19  13 0.10
 19  15 0.32
 19  16 0.25
 19  17 0.19
 19  18 0.40
 19  19 0.72
 19  21 0.27
 19  22 0.22
 20   1 0.04
 20   2 0.07
 20   3 0.03
 20   5 0.04
 20   6 0.15
 20   7 0.03
 20   8 0.08
 20  10 0.13
 20  12 0.03
 20  13 0.06
 20  15 0.05
 20  16 0.09
 20  17 0.06
 20  18 0.10
 20  19 0.09
 20  21 0.06
 20  22 0.07
 21   1 0.15
 21   2 0.15
 21   3 0.10
 21   5 0.10
 21   6 0.18
 21   7 0.06
 21   8 0.24
 21  10 0.25
 21  12 0.15
 21  13 0.09
 21  15 0.27
 21  16 0.27
 21  17 0.25
 21  18 0.33
 21  19 0.30
 21  21 0.60
 21  22 0.26
 22   1 0.14
 22   2 0.25
 22   3 0.09
 22   5 0.11
 22   6 0.32
 22   7 0.06
 22   8 0.19
 22  10 0.26
 22  12 0.12
 22  13 0.11
 22  15 0.25
 22  16 0.25
 22  17 0.19
 22  18 0.24
 22  19 0.31
 22  21 0.21
 22  22 0.40
