  1   1 0.93
  1   2 0.67
  1   3 0.64
  1   4 0.39
  1   5 0.46
  1   6 0.45
  1   7 0.24
  1   8 0.49
  1   9 0.53
  1  10 0.48
  1  11 0.30
  1  12 0.43
  1  13 0.59
  1  14 0.32
  1  15 0.31
  1  16 0.25
  1  17 0.25
  1  18 0.32
  1  19 0.22
  1  20 0.47
  1  21 0.35
  1  22 0.47
  2   1 0.67
  2   2 0.89
  2   3 0.51
  2   4 0.49
  2   5 0.75
  2   6 0.45
  2   7 0.28
  2   8 0.54
  2   9 0.51
  2  10 0.52
  2  11 0.41
  2  12 0.53
  2  13 0.54
  2  14 0.38
  2  15 0.33
  2  16 0.30
  2  17 0.30
  2  18 0.27
  2  19 0.25
  2  20 0.53
  2  21 0.39
  2  22 0.46
  3   1 0.68
  3   2 0.63
  3   3 0.90
  3   4 0.40
  3   5 0.31
  3   6 0.37
  3   7 0.18
  3   8 0.45
  3   9 0.61
  3  10 0.52
  3  11 0.18
  3  12 0.27
  3  13 0.64
  3  14 0.31
  3  15 0.49
  3  16 0.20
  3  17 0.21
  3  18 0.32
  3  19 0.19
  3  20 0.30
  3  21 0.29
  3  22 0.56
  4   1 0.50
  4   2 0.56
  4   3 0.44
  4   4 0.86
  4   5 0.57
  4   6 0.63
  4   7 0.29
  4   8 0.68
  4   9 0.56
  4  10 0.45
  4  11 0.46
  4  12 0.50
  4  13 0.44
  4  14 0.34
  4  15 0.36
  4  16 0.32
  4  17 0.29
  4  18 0.42
  4  19 0.25
  4  20 0.60
  4  21 0.31
  4  22 0.46
  5   1 0.49
  5   2 0.70
  5   3 0.36
  5   4 0.44
  5   5 0.80
  5   6 0.45
  5   7 0.31
  5   8 0.52
  5   9 0.47
  5  10 0.59
  5  11 0.49
  5  12 0.62
  5  13 0.50
  5  14 0.46
  5  15 0.36
  5  16 0.38
  5  17 0.41
  5  18 0.28
  5  19 0.33
  5  20 0.52
  5  21 0.53
  5  22 0.46
  6   1 0.36
  6   2 0.36
  6   3 0.17
  6   4 0.29
  6   5 0.43
  6   6 0.75
  6   7 0.33
  6   8 0.55
  6   9 0.27
  6  10 0.32
  6  11 0.37
  6  12 0.63
  6  13 0.26
  6  14 0.34
  6  15 0.24
  6  16 0.64
  6  17 0.47
  6  18 0.42
  6  19 0.32
  6  20 0.31
  6  21 0.40
  6  22 0.45
  7   1 0.39
  7   2 0.42
  7   3 0.26
  7   4 0.32
  7   5 0.50
  7   6 0.47
  7   7 0.85
  7   8 0.57
  7   9 0.37
  7  10 0.59
  7  11 0.59
  7  12 0.74
  7  13 0.39
  7  14 0.34
  7  15 0.24
  7  16 0.53
  7  17 0.60
  7  18 0.63
  7  19 0.51
  7  20 0.47
  7  21 0.64
  7  22 0.51
  8   1 0.41
  8   2 0.47
  8   3 0.26
  8   4 0.33
  8   5 0.55
  8   6 0.70
  8   7 0.31
  8   8 0.61
  8   9 0.31
  8  10 0.41
  8  11 0.37
  8  12 0.66
  8  13 0.31
  8  14 0.28
  8  15 0.25
  8  16 0.62
  8  17 0.43
  8  18 0.30
  8  19 0.30
  8  20 0.37
  8  21 0.36
  8  22 0.43
  9   1 0.51
  9   2 0.60
  9   3 0.60
  9   4 0.55
  9   5 0.47
  9   6 0.46
  9   7 0.15
  9   8 0.48
  9   9 0.93
  9  10 0.52
  9  11 0.42
  9  12 0.37
  9  13 0.62
  9  14 0.53
  9  15 0.55
  9  16 0.16
  9  17 0.25
  9  18 0.45
  9  19 0.20
  9  20 0.44
  9  21 0.39
  9  22 0.68
 10   1 0.50
 10   2 0.63
 10   3 0.40
 10   4 0.37
 10   5 0.61
 10   6 0.44
 10   7 0.44
 10   8 0.61
 10   9 0.64
 10  10 0.93
 10  11 0.60
 10  12 0.70
 10  13 0.57
 10  14 0.55
 10  15 0.53
 10  16 0.39
 10  17 0.57
 10  18 0.52
 10  19 0.43
 10  20 0.56
 10  21 0.69
 10  22 0.67
 11   1 0.31
 11   2 0.46
 11   3 0.18
 11   4 0.43
 11   5 0.59
 11   6 0.53
 11   7 0.47
 11   8 0.56
 11   9 0.45
 11  10 0.54
 11  11 0.88
 11  12 0.68
 11  13 0.41
 11  14 0.54
 11  15 0.32
 11  16 0.43
 11  17 0.71
 11  18 0.51
 11  19 0.53
 11  20 0.46
 11  21 0.63
 11  22 0.50
 12   1 0.47
 12   2 0.59
 12   3 0.26
 12   4 0.46
 12   5 0.77
 12   6 0.66
 12   7 0.50
 12   8 0.67
 12   9 0.47
 12  10 0.56
 12  11 0.64
 12  12 0.90
 12  13 0.40
 12  14 0.46
 12  15 0.34
 12  16 0.53
 12  17 0.60
 12  18 0.45
 12  19 0.47
 12  20 0.53
 12  21 0.58
 12  22 0.55
 13   1 0.67
 13   2 0.67
 13   3 0.55
 13   4 0.41
 13   5 0.52
 13   6 0.47
 13   7 0.23
 13   8 0.60
 13   9 0.65
 13  10 0.65
 13  11 0.41
 13  12 0.46
 13  13 0.91
 13  14 0.54
 13  15 0.48
 13  16 0.28
 13  17 0.38
 13  18 0.49
 13  19 0.36
 13  20 0.43
 13  21 0.54
 13  22 0.67
 14   1 0.37
 14   2 0.46
 14   3 0.37
 14   4 0.33
 14   5 0.48
 14   6 0.36
 14   7 0.18
 14   8 0.46
 14   9 0.58
 14  10 0.56
 14  11 0.50
 14  12 0.47
 14  13 0.55
 14  14 0.93
 14  15 0.39
 14  16 0.20
 14  17 0.43
 14  18 0.48
 14  19 0.38
 14  20 0.42
 14  21 0.60
 14  22 0.65
 15   1 0.54
 15   2 0.71
 15   3 0.55
 15   4 0.39
 15   5 0.58
 15   6 0.37
 15   7 0.24
 15   8 0.48
 15   9 0.57
 15  10 0.63
 15  11 0.38
 15  12 0.46
 15  13 0.56
 15  14 0.46
 15  15 0.74
 15  16 0.33
 15  17 0.40
 15  18 0.30
 15  19 0.34
 15  20 0.42
 15  21 0.45
 15  22 0.57
 16   1 0.39
 16   2 0.40
 16   3 0.23
 16   4 0.30
 16   5 0.41
 16   6 0.66
 16   7 0.53
 16   8 0.57
 16   9 0.25
 16  10 0.37
 16  11 0.35
 16  12 0.59
 16  13 0.30
 16  14 0.20
 16  15 0.28
 16  16 0.92
 16  17 0.51
 16  18 0.39
 16  19 0.43
 16  20 0.40
 16  21 0.37
 16  22 0.38
 17   1 0.23
 17   2 0.37
 17   3 0.13
 17   4 0.17
 17   5 0.51
 17   6 0.41
 17   7 0.52
 17   8 0.38
 17   9 0.21
 17  10 0.38
 17  11 0.59
 17  12 0.61
 17  13 0.27
 17  14 0.33
 17  15 0.21
 17  16 0.56
 17  17 0.84
 17  18 0.43
 17  19 0.51
 17  20 0.25
 17  21 0.54
 17  22 0.37
 18   1 0.29
 18   2 0.29
 18   3 0.23
 18   4 0.36
 18   5 0.30
 18   6 0.49
 18   7 0.54
 18   8 0.46
 18   9 0.39
 18  10 0.48
 18  11 0.56
 18  12 0.53
 18  13 0.42
 18  14 0.44
 18  15 0.31
 18  16 0.43
 18  17 0.58
 18  18 0.86
 18  19 0.62
 18  20 0.29
 18  21 0.63
 18  22 0.60
 19   1 0.53
 19   2 0.59
 19   3 0.34
 19   4 0.47
 19   5 0.65
 19   6 0.63
 19   7 0.57
 19   8 0.71
 19   9 0.51
 19  10 0.62
 19  11 0.70
 19  12 0.70
 19  13 0.52
 19  14 0.45
 19  15 0.42
 19  16 0.50
 19  17 0.67
 19  18 0.57
 19  19 0.71
 19  20 0.60
 19  21 0.64
 19  22 0.56
 20   1 0.50
 20   2 0.51
 20   3 0.35
 20   4 0.47
 20   5 0.56
 20   6 0.58
 20   7 0.38
 20   8 0.71
 20   9 0.52
 20  10 0.57
 20  11 0.52
 20  12 0.59
 20  13 0.42
 20  14 0.42
 20  15 0.34
 20  16 0.32
 20  17 0.42
 20  18 0.40
 20  19 0.24
 20  20 0.95
 20  21 0.40
 20  22 0.46
 21   1 0.49
 21   2 0.57
 21   3 0.33
 21   4 0.39
 21   5 0.60
 21   6 0.55
 21   7 0.50
 21   8 0.62
 21   9 0.50
 21  10 0.68
 21  11 0.60
 21  12 0.77
 21  13 0.57
 21  14 0.58
 21  15 0.38
 21  16 0.49
 21  17 0.61
 21  18 0.61
 21  19 0.50
 21  20 0.49
 21  21 0.87
 21  22 0.66
 22   1 0.47
 22   2 0.56
 22   3 0.47
 22   4 0.47
 22   5 0.48
 22   6 0.56
 22   7 0.29
 22   8 0.58
 22   9 0.78
 22  10 0.64
 22  11 0.47
 22  12 0.55
 22  13 0.65
 22  14 0.64
 22  15 0.62
 22  16 0.35
 22  17 0.47
 22  18 0.64
 22  19 0.43
 22  20 0.39
 22  21 0.57
 22  22 0.92
