  1   1 0.76
  1   2 0.33
  1   3 0.41
  1   4 0.23
  1   5 0.28
  1   6 0.46
  1   7 0.16
  1   8 0.26
  1   9 0.43
  1  10 0.49
  1  11 0.46
  1  12 0.39
  1  13 0.32
  1  14 0.38
  1  15 0.35
  1  16 0.47
  1  17 0.47
  1  18 0.39
  1  19 0.34
  1  20 0.40
  1  21 0.35
  1  22 0.23
  2   1 0.49
  2   2 0.87
  2   3 0.32
  2   4 0.18
  2   5 0.29
  2   6 0.66
  2   7 0.47
  2   8 0.48
  2   9 0.31
  2  10 0.46
  2  11 0.47
  2  12 0.45
  2  13 0.41
  2  14 0.49
  2  15 0.57
  2  16 0.58
  2  17 0.47
  2  18 0.51
  2  19 0.48
  2  20 0.45
  2  21 0.51
  2  22 0.47
  3   1 0.45
  3   2 0.43
  3   3 0.75
  3   4 0.17
  3   5 0.31
  3   6 0.39
  3   7 0.24
  3   8 0.28
  3   9 0.33
  3  10 0.47
  3  11 0.52
  3  12 0.38
  3  13 0.67
  3  14 0.42
  3  15 0.48
  3  16 0.32
  3  17 0.37
  3  18 0.41
  3  19 0.25
  3  20 0.50
  3  21 0.29
  3  22 0.42
  4   1 0.33
  4   2 0.21
  4   3 0.32
  4   4 0.33
  4   5 0.22
  4   6 0.41
  4   7 0.16
  4   8 0.17
  4   9 0.41
  4  10 0.36
  4  11 0.40
  4  12 0.29
  4  13 0.28
  4  14 0.30
  4  15 0.20
  4  16 0.41
  4  17 0.26
  4  18 0.30
  4  19 0.27
  4  20 0.35
  4  21 0.22
  4  22 0.21
  5   1 0.46
  5   2 0.21
  5   3 0.37
  5   4 0.18
  5   5 0.46
  5   6 0.49
  5   7 0.22
  5   8 0.22
  5   9 0.58
  5  10 0.44
  5  11 0.50
  5  12 0.44
  5  13 0.30
  5  14 0.43
  5  15 0.31
  5  16 0.49
  5  17 0.49
  5  18 0.44
  5  19 0.39
  5  20 0.51
  5  21 0.31
  5  22 0.26
  6   1 0.46
  6   2 0.42
  6   3 0.25
  6   4 0.14
  6   5 0.30
  6   6 0.76
  6   7 0.39
  6   8 0.33
  6   9 0.36
  6  10 0.49
  6  11 0.45
  6  12 0.53
  6  13 0.32
  6  14 0.40
  6  15 0.38
  6  16 0.57
  6  17 0.52
  6  18 0.47
  6  19 0.62
  6  20 0.55
  6  21 0.43
  6  22 0.40
  7   1 0.31
  7   2 0.42
  7   3 0.20
  7   4 0.11
  7   5 0.19
  7   6 0.43
  7   7 0.78
  7   8 0.59
  7   9 0.20
  7  10 0.27
  7  11 0.33
  7  12 0.39
  7  13 0.26
  7  14 0.24
  7  15 0.40
  7  16 0.42
  7  17 0.42
  7  18 0.46
  7  19 0.47
  7  20 0.38
  7  21 0.46
  7  22 0.45
  8   1 0.30
  8   2 0.49
  8   3 0.18
  8   4 0.07
  8   5 0.20
  8   6 0.42
  8   7 0.45
  8   8 0.84
  8   9 0.17
  8  10 0.27
  8  11 0.35
  8  12 0.33
  8  13 0.31
  8  14 0.29
  8  15 0.51
  8  16 0.34
  8  17 0.33
  8  18 0.48
  8  19 0.38
  8  20 0.29
  8  21 0.40
  8  22 0.61
  9   1 0.47
  9   2 0.16
  9   3 0.36
  9   4 0.23
  9   5 0.35
  9   6 0.40
  9   7 0.09
  9   8 0.20
  9   9 0.74
  9  10 0.50
  9  11 0.56
  9  12 0.39
  9  13 0.28
  9  14 0.36
  9  15 0.26
  9  16 0.43
  9  17 0.38
  9  18 0.37
  9  19 0.27
  9  20 0.42
  9  21 0.25
  9  22 0.21
 10   1 0.41
 10   2 0.41
 10   3 0.44
 10   4 0.14
 10   5 0.24
 10   6 0.40
 10   7 0.27
 10   8 0.22
 10   9 0.34
 10  10 0.68
 10  11 0.44
 10  12 0.40
 10  13 0.62
 10  14 0.33
 10  15 0.55
 10  16 0.34
 10  17 0.33
 10  18 0.33
 10  19 0.28
 10  20 0.43
 10  21 0.39
 10  22 0.31
 11   1 0.41
 11   2 0.31
 11   3 0.38
 11   4 0.25
 11   5 0.26
 11   6 0.46
 11   7 0.25
 11   8 0.33
 11   9 0.48
 11  10 0.46
 11  11 0.74
 11  12 0.43
 11  13 0.33
 11  14 0.31
 11  15 0.33
 11  16 0.47
 11  17 0.45
 11  18 0.44
 11  19 0.40
 11  20 0.50
 11  21 0.33
 11  22 0.26
 12   1 0.39
 12   2 0.35
 12   3 0.34
 12   4 0.15
 12   5 0.31
 12   6 0.68
 12   7 0.34
 12   8 0.31
 12   9 0.41
 12  10 0.50
 12  11 0.59
 12  12 0.85
 12  13 0.56
 12  14 0.42
 12  15 0.53
 12  16 0.60
 12  17 0.51
 12  18 0.49
 12  19 0.49
 12  20 0.46
 12  21 0.49
 12  22 0.45
 13   1 0.47
 13   2 0.38
 13   3 0.55
 13   4 0.18
 13   5 0.30
 13   6 0.43
 13   7 0.24
 13   8 0.25
 13   9 0.31
 13  10 0.52
 13  11 0.52
 13  12 0.44
 13  13 0.86
 13  14 0.41
 13  15 0.54
 13  16 0.34
 13  17 0.39
 13  18 0.45
 13  19 0.29
 13  20 0.47
 13  21 0.41
 13  22 0.34
 14   1 0.45
 14   2 0.38
 14   3 0.40
 14   4 0.12
 14   5 0.32
 14   6 0.40
 14   7 0.18
 14   8 0.26
 14   9 0.27
 14  10 0.37
 14  11 0.34
 14  12 0.31
 14  13 0.38
 14  14 0.66
 14  15 0.37
 14  16 0.36
 14  17 0.33
 14  18 0.32
 14  19 0.23
 14  20 0.41
 14  21 0.32
 14  22 0.28
 15   1 0.45
 15   2 0.44
 15   3 0.35
 15   4 0.16
 15   5 0.32
 15   6 0.62
 15   7 0.38
 15   8 0.33
 15   9 0.42
 15  10 0.57
 15  11 0.60
 15  12 0.65
 15  13 0.45
 15  14 0.39
 15  15 0.71
 15  16 0.63
 15  17 0.65
 15  18 0.56
 15  19 0.55
 15  20 0.56
 15  21 0.49
 15  22 0.39
 16   1 0.42
 16   2 0.44
 16   3 0.27
 16   4 0.18
 16   5 0.29
 16   6 0.64
 16   7 0.56
 16   8 0.36
 16   9 0.33
 16  10 0.45
 16  11 0.46
 16  12 0.58
 16  13 0.35
 16  14 0.34
 16  15 0.40
 16  16 0.84
 16  17 0.68
 16  18 0.58
 16  19 0.72
 16  20 0.49
 16  21 0.58
 16  22 0.37
 17   1 0.51
 17   2 0.40
 17   3 0.34
 17   4 0.19
 17   5 0.39
 17   6 0.61
 17   7 0.36
 17   8 0.33
 17   9 0.45
 17  10 0.50
 17  11 0.55
 17  12 0.57
 17  13 0.38
 17  14 0.40
 17  15 0.45
 17  16 0.65
 17  17 0.84
 17  18 0.61
 17  19 0.57
 17  20 0.52
 17  21 0.53
 17  22 0.35
 18   1 0.36
 18   2 0.51
 18   3 0.26
 18   4 0.17
 18   5 0.32
 18   6 0.60
 18   7 0.51
 18   8 0.49
 18   9 0.36
 18  10 0.40
 18  11 0.57
 18  12 0.52
 18  13 0.35
 18  14 0.36
 18  15 0.46
 18  16 0.59
 18  17 0.60
 18  18 0.89
 18  19 0.67
 18  20 0.51
 18  21 0.57
 18  22 0.49
 19   1 0.38
 19   2 0.35
 19   3 0.19
 19   4 0.16
 19   5 0.28
 19   6 0.69
 19   7 0.38
 19   8 0.32
 19   9 0.36
 19  10 0.48
 19  11 0.61
 19  12 0.65
 19  13 0.36
 19  14 0.27
 19  15 0.51
 19  16 0.69
 19  17 0.66
 19  18 0.57
 19  19 0.79
 19  20 0.47
 19  21 0.59
 19  22 0.41
 20   1 0.48
 20   2 0.48
 20   3 0.60
 20   4 0.21
 20   5 0.37
 20   6 0.50
 20   7 0.30
 20   8 0.36
 20   9 0.43
 20  10 0.56
 20  11 0.67
 20  12 0.52
 20  13 0.64
 20  14 0.45
 20  15 0.59
 20  16 0.49
 20  17 0.56
 20  18 0.61
 20  19 0.41
 20  20 0.78
 20  21 0.47
 20  22 0.42
 21   1 0.34
 21   2 0.43
 21   3 0.15
 21   4 0.11
 21   5 0.19
 21   6 0.56
 21   7 0.56
 21   8 0.37
 21   9 0.22
 21  10 0.35
 21  11 0.37
 21  12 0.57
 21  13 0.35
 21  14 0.27
 21  15 0.50
 21  16 0.56
 21  17 0.57
 21  18 0.57
 21  19 0.63
 21  20 0.41
 21  21 0.86
 21  22 0.43
 22   1 0.24
 22   2 0.42
 22   3 0.21
 22   4 0.06
 22   5 0.18
 22   6 0.39
 22   7 0.40
 22   8 0.54
 22   9 0.17
 22  10 0.23
 22  11 0.33
 22  12 0.35
 22  13 0.24
 22  14 0.28
 22  15 0.34
 22  16 0.36
 22  17 0.27
 22  18 0.38
 22  19 0.36
 22  20 0.31
 22  21 0.31
 22  22 0.81
