  1   1 0.97
  1   2 0.47
  1   3 0.32
  1   4 0.35
  1   5 0.38
  1   6 0.49
  1   7 0.39
  1   8 0.49
  1   9 0.46
  1  10 0.51
  1  11 0.52
  1  12 0.36
  1  13 0.43
  1  14 0.51
  1  15 0.25
  1  16 0.36
  1  17 0.55
  1  18 0.43
  1  19 0.44
  1  20 0.45
  1  21 0.46
  1  22 0.43
  2   1 0.51
  2   2 0.92
  2   3 0.45
  2   4 0.49
  2   5 0.58
  2   6 0.64
  2   7 0.43
  2   8 0.45
  2   9 0.34
  2  10 0.60
  2  11 0.51
  2  12 0.36
  2  13 0.37
  2  14 0.61
  2  15 0.37
  2  16 0.37
  2  17 0.41
  2  18 0.52
  2  19 0.53
  2  20 0.45
  2  21 0.40
  2  22 0.24
  3   1 0.23
  3   2 0.38
  3   3 0.91
  3   4 0.11
  3   5 0.62
  3   6 0.55
  3   7 0.23
  3   8 0.18
  3   9 0.40
  3  10 0.46
  3  11 0.39
  3  12 0.09
  3  13 0.32
  3  14 0.33
  3  15 0.27
  3  16 0.34
  3  17 0.24
  3  18 0.55
  3  19 0.37
  3  20 0.43
  3  21 0.08
  3  22 0.03
  4   1 0.38
  4   2 0.52
  4   3 0.22
  4   4 0.91
  4   5 0.24
  4   6 0.41
  4   7 0.46
  4   8 0.43
  4   9 0.25
  4  10 0.45
  4  11 0.35
  4  12 0.45
  4  13 0.21
  4  14 0.54
  4  15 0.29
  4  16 0.18
  4  17 0.27
  4  18 0.32
  4  19 0.45
  4  20 0.18
  4  21 0.44
  4  22 0.23
  5   1 0.45
  5   2 0.60
  5   3 0.59
  5   4 0.20
  5   5 0.94
  5   6 0.63
  5   7 0.29
  5   8 0.33
  5   9 0.42
  5  10 0.57
  5  11 0.46
  5  12 0.16
  5  13 0.32
  5  14 0.41
  5  15 0.36
  5  16 0.43
  5  17 0.34
  5  18 0.68
  5  19 0.39
  5  20 0.56
  5  21 0.16
  5  22 0.04
  6   1 0.49
  6   2 0.57
  6   3 0.46
  6   4 0.41
  6   5 0.47
  6   6 0.92
  6   7 0.54
  6   8 0.39
  6   9 0.45
  6  10 0.60
  6  11 0.59
  6  12 0.44
  6  13 0.50
  6  14 0.51
  6  15 0.40
  6  16 0.34
  6  17 0.46
  6  18 0.57
  6  19 0.41
  6  20 0.51
  6  21 0.32
  6  22 0.23
  7   1 0.36
  7   2 0.33
  7   3 0.30
  7   4 0.27
  7   5 0.25
  7   6 0.43
  7   7 0.78
  7   8 0.32
  7   9 0.25
  7  10 0.39
  7  11 0.38
  7  12 0.21
  7  13 0.36
  7  14 0.42
  7  15 0.40
  7  16 0.24
  7  17 0.21
  7  18 0.39
  7  19 0.33
  7  20 0.16
  7  21 0.27
  7  22 0.30
  8   1 0.40
  8   2 0.40
  8   3 0.28
  8   4 0.40
  8   5 0.35
  8   6 0.41
  8   7 0.42
  8   8 0.90
  8   9 0.31
  8  10 0.45
  8  11 0.33
  8  12 0.25
  8  13 0.36
  8  14 0.45
  8  15 0.43
  8  16 0.25
  8  17 0.35
  8  18 0.37
  8  19 0.40
  8  20 0.22
  8  21 0.42
  8  22 0.31
  9   1 0.44
  9   2 0.27
  9   3 0.42
  9   4 0.20
  9   5 0.32
  9   6 0.46
  9   7 0.22
  9   8 0.30
  9   9 0.93
  9  10 0.36
  9  11 0.43
  9  12 0.22
  9  13 0.31
  9  14 0.33
  9  15 0.15
  9  16 0.34
  9  17 0.49
  9  18 0.39
  9  19 0.32
  9  20 0.53
  9  21 0.18
  9  22 0.07
 10   1 0.48
 10   2 0.49
 10   3 0.41
 10   4 0.38
 10   5 0.47
 10   6 0.62
 10   7 0.43
 10   8 0.45
 10   9 0.43
 10  10 0.95
 10  11 0.58
 10  12 0.30
 10  13 0.56
 10  14 0.60
 10  15 0.30
 10  16 0.31
 10  17 0.42
 10  18 0.56
 10  19 0.38
 10  20 0.49
 10  21 0.45
 10  22 0.41
 11   1 0.52
 11   2 0.45
 11   3 0.44
 11   4 0.34
 11   5 0.43
 11   6 0.63
 11   7 0.48
 11   8 0.34
 11   9 0.52
 11  10 0.61
 11  11 0.92
 11  12 0.40
 11  13 0.51
 11  14 0.56
 11  15 0.35
 11  16 0.39
 11  17 0.60
 11  18 0.51
 11  19 0.48
 11  20 0.61
 11  21 0.50
 11  22 0.29
 12   1 0.43
 12   2 0.29
 12   3 0.13
 12   4 0.51
 12   5 0.10
 12   6 0.40
 12   7 0.33
 12   8 0.32
 12   9 0.29
 12  10 0.32
 12  11 0.47
 12  12 0.87
 12  13 0.32
 12  14 0.42
 12  15 0.12
 12  16 0.17
 12  17 0.46
 12  18 0.19
 12  19 0.41
 12  20 0.30
 12  21 0.45
 12  22 0.24
 13   1 0.41
 13   2 0.35
 13   3 0.25
 13   4 0.23
 13   5 0.27
 13   6 0.49
 13   7 0.39
 13   8 0.44
 13   9 0.31
 13  10 0.53
 13  11 0.51
 13  12 0.32
 13  13 0.95
 13  14 0.51
 13  15 0.24
 13  16 0.34
 13  17 0.41
 13  18 0.38
 13  19 0.37
 13  20 0.29
 13  21 0.47
 13  22 0.48
 14   1 0.50
 14   2 0.54
 14   3 0.36
 14   4 0.46
 14   5 0.38
 14   6 0.54
 14   7 0.44
 14   8 0.42
 14   9 0.40
 14  10 0.61
 14  11 0.56
 14  12 0.37
 14  13 0.48
 14  14 0.95
 14  15 0.28
 14  16 0.31
 14  17 0.40
 14  18 0.45
 14  19 0.46
 14  20 0.39
 14  21 0.57
 14  22 0.44
 15   1 0.26
 15   2 0.42
 15   3 0.28
 15   4 0.22
 15   5 0.36
 15   6 0.43
 15   7 0.56
 15   8 0.32
 15   9 0.17
 15  10 0.37
 15  11 0.33
 15  12 0.13
 15  13 0.27
 15  14 0.32
 15  15 0.95
 15  16 0.26
 15  17 0.18
 15  18 0.41
 15  19 0.27
 15  20 0.21
 15  21 0.25
 15  22 0.21
 16   1 0.34
 16   2 0.32
 16   3 0.35
 16   4 0.11
 16   5 0.45
 16   6 0.38
 16   7 0.25
 16   8 0.26
 16   9 0.35
 16  10 0.34
 16  11 0.43
 16  12 0.12
 16  13 0.37
 16  14 0.31
 16  15 0.26
 16  16 0.93
 16  17 0.39
 16  18 0.45
 16  19 0.36
 16  20 0.35
 16  21 0.21
 16  22 0.14
 17   1 0.58
 17   2 0.43
 17   3 0.33
 17   4 0.32
 17   5 0.32
 17   6 0.54
 17   7 0.31
 17   8 0.43
 17   9 0.53
 17  10 0.50
 17  11 0.64
 17  12 0.36
 17  13 0.44
 17  14 0.44
 17  15 0.20
 17  16 0.41
 17  17 0.92
 17  18 0.44
 17  19 0.51
 17  20 0.54
 17  21 0.41
 17  22 0.23
 18   1 0.36
 18   2 0.51
 18   3 0.57
 18   4 0.22
 18   5 0.69
 18   6 0.60
 18   7 0.37
 18   8 0.31
 18   9 0.42
 18  10 0.55
 18  11 0.44
 18  12 0.14
 18  13 0.34
 18  14 0.43
 18  15 0.41
 18  16 0.41
 18  17 0.32
 18  18 0.94
 18  19 0.46
 18  20 0.43
 18  21 0.16
 18  22 0.10
 19   1 0.45
 19   2 0.58
 19   3 0.40
 19   4 0.44
 19   5 0.45
 19   6 0.50
 19   7 0.46
 19   8 0.48
 19   9 0.35
 19  10 0.48
 19  11 0.50
 19  12 0.37
 19  13 0.38
 19  14 0.56
 19  15 0.37
 19  16 0.40
 19  17 0.48
 19  18 0.56
 19  19 0.91
 19  20 0.35
 19  21 0.45
 19  22 0.28
 20   1 0.46
 20   2 0.46
 20   3 0.37
 20   4 0.18
 20   5 0.43
 20   6 0.53
 20   7 0.24
 20   8 0.25
 20   9 0.58
 20  10 0.48
 20  11 0.58
 20  12 0.30
 20  13 0.36
 20  14 0.37
 20  15 0.18
 20  16 0.37
 20  17 0.52
 20  18 0.44
 20  19 0.34
 20  20 0.89
 20  21 0.27
 20  22 0.08
 21   1 0.47
 21   2 0.38
 21   3 0.15
 21   4 0.52
 21   5 0.17
 21   6 0.32
 21   7 0.42
 21   8 0.46
 21   9 0.28
 21  10 0.49
 21  11 0.54
 21  12 0.45
 21  13 0.39
 21  14 0.62
 21  15 0.25
 21  16 0.23
 21  17 0.40
 21  18 0.23
 21  19 0.47
 21  20 0.30
 21  21 0.93
 21  22 0.53
 22   1 0.35
 22   2 0.21
 22   3 0.09
 22   4 0.19
 22   5 0.06
 22   6 0.18
 22   7 0.32
 22   8 0.29
 22   9 0.07
 22  10 0.35
 22  11 0.24
 22  12 0.19
 22  13 0.41
 22  14 0.44
 22  15 0.21
 22  16 0.11
 22  17 0.17
 22  18 0.14
 22  19 0.25
 22  20 0.04
 22  21 0.50
 22  22 0.95
