  1   1 0.95
  1   2 0.75
  1   3 0.43
  1   4 0.52
  1   5 0.78
  1   6 0.89
  1   7 0.53
  1   8 0.77
  1   9 0.70
  1  10 0.47
  1  11 0.79
  1  12 0.77
  1  13 0.64
  1  14 0.82
  1  15 0.70
  1  16 0.79
  1  17 0.43
  1  18 0.64
  1  19 0.82
  1  20 0.39
  1  21 0.53
  1  22 0.75
  2   1 0.79
  2   2 0.96
  2   3 0.49
  2   4 0.35
  2   5 0.77
  2   6 0.79
  2   7 0.56
  2   8 0.74
  2   9 0.57
  2  10 0.54
  2  11 0.85
  2  12 0.84
  2  13 0.81
  2  14 0.82
  2  15 0.66
  2  16 0.78
  2  17 0.52
  2  18 0.70
  2  19 0.80
  2  20 0.63
  2  21 0.61
  2  22 0.75
  3   1 0.63
  3   2 0.47
  3   3 0.84
  3   4 0.43
  3   5 0.48
  3   6 0.58
  3   7 0.62
  3   8 0.55
  3   9 0.77
  3  10 0.37
  3  11 0.44
  3  12 0.40
  3  13 0.39
  3  14 0.46
  3  15 0.46
  3  16 0.37
  3  17 0.49
  3  18 0.18
  3  19 0.41
  3  20 0.20
  3  21 0.55
  3  22 0.45
  4   1 0.45
  4   2 0.47
  4   3 0.38
  4   4 0.62
  4   5 0.46
  4   6 0.45
  4   7 0.36
  4   8 0.36
  4   9 0.32
  4  10 0.31
  4  11 0.39
  4  12 0.56
  4  13 0.43
  4  14 0.35
  4  15 0.39
  4  16 0.45
  4  17 0.31
  4  18 0.35
  4  19 0.37
  4  20 0.49
  4  21 0.41
  4  22 0.37
  5   1 0.69
  5   2 0.66
  5   3 0.29
  5   4 0.44
  5   5 0.89
  5   6 0.74
  5   7 0.48
  5   8 0.66
  5   9 0.47
  5  10 0.45
  5  11 0.66
  5  12 0.72
  5  13 0.60
  5  14 0.68
  5  15 0.64
  5  16 0.73
  5  17 0.27
  5  18 0.62
  5  19 0.69
  5  20 0.44
  5  21 0.47
  5  22 0.54
  6   1 0.84
  6   2 0.75
  6   3 0.51
  6   4 0.50
  6   5 0.85
  6   6 0.97
  6   7 0.59
  6   8 0.80
  6   9 0.73
  6  10 0.55
  6  11 0.84
  6  12 0.76
  6  13 0.74
  6  14 0.86
  6  15 0.71
  6  16 0.78
  6  17 0.50
  6  18 0.54
  6  19 0.82
  6  20 0.42
  6  21 0.65
  6  22 0.80
  7   1 0.45
  7   2 0.50
  7   3 0.62
  7   4 0.31
  7   5 0.52
  7   6 0.49
  7   7 0.79
  7   8 0.51
  7   9 0.39
  7  10 0.35
  7  11 0.49
  7  12 0.48
  7  13 0.58
  7  14 0.42
  7  15 0.50
  7  16 0.46
  7  17 0.48
  7  18 0.28
  7  19 0.32
  7  20 0.41
  7  21 0.72
  7  22 0.34
  8   1 0.77
  8   2 0.71
  8   3 0.40
  8   4 0.52
  8   5 0.74
  8   6 0.82
  8   7 0.63
  8   8 0.93
  8   9 0.53
  8  10 0.45
  8  11 0.76
  8  12 0.78
  8  13 0.68
  8  14 0.77
  8  15 0.82
  8  16 0.85
  8  17 0.39
  8  18 0.72
  8  19 0.73
  8  20 0.35
  8  21 0.56
  8  22 0.67
  9   1 0.80
  9   2 0.59
  9   3 0.70
  9   4 0.46
  9   5 0.68
  9   6 0.77
  9   7 0.60
  9   8 0.66
  9   9 0.95
  9  10 0.48
  9  11 0.60
  9  12 0.51
  9  13 0.49
  9  14 0.69
  9  15 0.62
  9  16 0.51
  9  17 0.56
  9  18 0.29
  9  19 0.59
  9  20 0.22
  9  21 0.58
  9  22 0.62
 10   1 0.50
 10   2 0.56
 10   3 0.51
 10   4 0.24
 10   5 0.57
 10   6 0.56
 10   7 0.39
 10   8 0.50
 10   9 0.47
 10  10 0.94
 10  11 0.55
 10  12 0.55
 10  13 0.51
 10  14 0.66
 10  15 0.47
 10  16 0.42
 10  17 0.44
 10  18 0.33
 10  19 0.60
 10  20 0.48
 10  21 0.67
 10  22 0.53
 11   1 0.75
 11   2 0.82
 11   3 0.39
 11   4 0.29
 11   5 0.80
 11   6 0.82
 11   7 0.50
 11   8 0.71
 11   9 0.52
 11  10 0.59
 11  11 0.95
 11  12 0.79
 11  13 0.83
 11  14 0.83
 11  15 0.59
 11  16 0.82
 11  17 0.46
 11  18 0.64
 11  19 0.81
 11  20 0.62
 11  21 0.62
 11  22 0.76
 12   1 0.73
 12   2 0.86
 12   3 0.46
 12   4 0.44
 12   5 0.76
 12   6 0.79
 12   7 0.62
 12   8 0.75
 12   9 0.47
 12  10 0.55
 12  11 0.83
 12  12 0.94
 12  13 0.83
 12  14 0.81
 12  15 0.73
 12  16 0.83
 12  17 0.50
 12  18 0.69
 12  19 0.76
 12  20 0.65
 12  21 0.69
 12  22 0.72
 13   1 0.67
 13   2 0.80
 13   3 0.39
 13   4 0.27
 13   5 0.77
 13   6 0.74
 13   7 0.54
 13   8 0.74
 13   9 0.44
 13  10 0.48
 13  11 0.88
 13  12 0.79
 13  13 0.96
 13  14 0.77
 13  15 0.60
 13  16 0.78
 13  17 0.48
 13  18 0.60
 13  19 0.70
 13  20 0.63
 13  21 0.60
 13  22 0.71
 14   1 0.73
 14   2 0.77
 14   3 0.39
 14   4 0.29
 14   5 0.76
 14   6 0.81
 14   7 0.48
 14   8 0.74
 14   9 0.60
 14  10 0.62
 14  11 0.82
 14  12 0.71
 14  13 0.72
 14  14 0.97
 14  15 0.66
 14  16 0.68
 14  17 0.40
 14  18 0.54
 14  19 0.84
 14  20 0.37
 14  21 0.56
 14  22 0.79
 15   1 0.62
 15   2 0.64
 15   3 0.43
 15   4 0.43
 15   5 0.66
 15   6 0.67
 15   7 0.71
 15   8 0.75
 15   9 0.46
 15  10 0.41
 15  11 0.65
 15  12 0.68
 15  13 0.60
 15  14 0.67
 15  15 0.92
 15  16 0.72
 15  17 0.43
 15  18 0.57
 15  19 0.55
 15  20 0.33
 15  21 0.57
 15  22 0.54
 16   1 0.74
 16   2 0.74
 16   3 0.30
 16   4 0.44
 16   5 0.76
 16   6 0.80
 16   7 0.52
 16   8 0.78
 16   9 0.45
 16  10 0.41
 16  11 0.82
 16  12 0.85
 16  13 0.70
 16  14 0.73
 16  15 0.75
 16  16 0.95
 16  17 0.31
 16  18 0.78
 16  19 0.74
 16  20 0.50
 16  21 0.49
 16  22 0.64
 17   1 0.49
 17   2 0.52
 17   3 0.56
 17   4 0.33
 17   5 0.44
 17   6 0.51
 17   7 0.47
 17   8 0.47
 17   9 0.49
 17  10 0.49
 17  11 0.53
 17  12 0.46
 17  13 0.54
 17  14 0.50
 17  15 0.44
 17  16 0.40
 17  17 0.97
 17  18 0.24
 17  19 0.42
 17  20 0.33
 17  21 0.54
 17  22 0.51
 18   1 0.67
 18   2 0.73
 18   3 0.20
 18   4 0.27
 18   5 0.69
 18   6 0.70
 18   7 0.42
 18   8 0.70
 18   9 0.35
 18  10 0.44
 18  11 0.77
 18  12 0.75
 18  13 0.62
 18  14 0.71
 18  15 0.67
 18  16 0.84
 18  17 0.23
 18  18 0.93
 18  19 0.78
 18  20 0.48
 18  21 0.41
 18  22 0.54
 19   1 0.73
 19   2 0.76
 19   3 0.47
 19   4 0.37
 19   5 0.76
 19   6 0.81
 19   7 0.47
 19   8 0.65
 19   9 0.58
 19  10 0.62
 19  11 0.81
 19  12 0.74
 19  13 0.69
 19  14 0.77
 19  15 0.57
 19  16 0.72
 19  17 0.54
 19  18 0.58
 19  19 0.90
 19  20 0.54
 19  21 0.57
 19  22 0.74
 20   1 0.45
 20   2 0.70
 20   3 0.22
 20   4 0.17
 20   5 0.54
 20   6 0.46
 20   7 0.33
 20   8 0.41
 20   9 0.19
 20  10 0.43
 20  11 0.63
 20  12 0.73
 20  13 0.69
 20  14 0.46
 20  15 0.37
 20  16 0.65
 20  17 0.30
 20  18 0.69
 20  19 0.53
 20  20 0.92
 20  21 0.45
 20  22 0.41
 21   1 0.56
 21   2 0.54
 21   3 0.46
 21   4 0.45
 21   5 0.65
 21   6 0.68
 21   7 0.56
 21   8 0.62
 21   9 0.48
 21  10 0.54
 21  11 0.53
 21  12 0.69
 21  13 0.54
 21  14 0.63
 21  15 0.67
 21  16 0.56
 21  17 0.35
 21  18 0.42
 21  19 0.56
 21  20 0.41
 21  21 0.75
 21  22 0.55
 22   1 0.60
 22   2 0.66
 22   3 0.47
 22   4 0.37
 22   5 0.59
 22   6 0.69
 22   7 0.45
 22   8 0.60
 22   9 0.50
 22  10 0.68
 22  11 0.70
 22  12 0.69
 22  13 0.71
 22  14 0.75
 22  15 0.53
 22  16 0.57
 22  17 0.60
 22  18 0.42
 22  19 0.70
 22  20 0.50
 22  21 0.64
 22  22 0.85
