  1   1 0.92
  1   2 0.82
  1   3 0.55
  1   4 0.43
  1   5 0.62
  1   6 0.23
  1   7 0.36
  1   8 0.36
  1   9 0.41
  1  10 0.58
  1  11 0.73
  1  12 0.39
  1  13 0.51
  1  14 0.61
  1  15 0.44
  1  16 0.51
  1  17 0.52
  1  18 0.37
  1  19 0.32
  1  20 0.62
  1  21 0.29
  1  22 0.28
  2   1 0.76
  2   2 0.85
  2   3 0.52
  2   4 0.48
  2   5 0.62
  2   6 0.28
  2   7 0.43
  2   8 0.39
  2   9 0.42
  2  10 0.64
  2  11 0.70
  2  12 0.39
  2  13 0.57
  2  14 0.60
  2  15 0.48
  2  16 0.50
  2  17 0.56
  2  18 0.42
  2  19 0.37
  2  20 0.59
  2  21 0.38
  2  22 0.32
  3   1 0.55
  3   2 0.54
  3   3 0.92
  3   4 0.57
  3   5 0.54
  3   6 0.48
  3   7 0.34
  3   8 0.46
  3   9 0.72
  3  10 0.55
  3  11 0.52
  3  12 0.54
  3  13 0.54
  3  14 0.64
  3  15 0.55
  3  16 0.54
  3  17 0.39
  3  18 0.59
  3  19 0.59
  3  20 0.78
  3  21 0.56
  3  22 0.63
  4   1 0.38
  4   2 0.49
  4   3 0.53
  4   4 0.91
  4   5 0.38
  4   6 0.33
  4   7 0.30
  4   8 0.44
  4   9 0.40
  4  10 0.43
  4  11 0.45
  4  12 0.58
  4  13 0.61
  4  14 0.48
  4  15 0.39
  4  16 0.55
  4  17 0.32
  4  18 0.69
  4  19 0.32
  4  20 0.47
  4  21 0.46
  4  22 0.54
  5   1 0.67
  5   2 0.64
  5   3 0.55
  5   4 0.50
  5   5 0.93
  5   6 0.48
  5   7 0.58
  5   8 0.57
  5   9 0.59
  5  10 0.84
  5  11 0.67
  5  12 0.62
  5  13 0.68
  5  14 0.69
  5  15 0.69
  5  16 0.72
  5  17 0.82
  5  18 0.63
  5  19 0.60
  5  20 0.71
  5  21 0.64
  5  22 0.46
  6   1 0.33
  6   2 0.28
  6   3 0.54
  6   4 0.40
  6   5 0.59
  6   6 0.95
  6   7 0.37
  6   8 0.54
  6   9 0.72
  6  10 0.56
  6  11 0.39
  6  12 0.53
  6  13 0.47
  6  14 0.53
  6  15 0.71
  6  16 0.58
  6  17 0.55
  6  18 0.65
  6  19 0.84
  6  20 0.72
  6  21 0.66
  6  22 0.53
  7   1 0.46
  7   2 0.56
  7   3 0.50
  7   4 0.48
  7   5 0.56
  7   6 0.30
  7   7 0.77
  7   8 0.70
  7   9 0.49
  7  10 0.67
  7  11 0.57
  7  12 0.46
  7  13 0.63
  7  14 0.63
  7  15 0.37
  7  16 0.45
  7  17 0.49
  7  18 0.51
  7  19 0.42
  7  20 0.53
  7  21 0.49
  7  22 0.47
  8   1 0.47
  8   2 0.53
  8   3 0.49
  8   4 0.52
  8   5 0.67
  8   6 0.45
  8   7 0.77
  8   8 0.92
  8   9 0.62
  8  10 0.74
  8  11 0.58
  8  12 0.59
  8  13 0.75
  8  14 0.71
  8  15 0.45
  8  16 0.55
  8  17 0.66
  8  18 0.67
  8  19 0.55
  8  20 0.54
  8  21 0.58
  8  22 0.53
  9   1 0.38
  9   2 0.39
  9   3 0.70
  9   4 0.51
  9   5 0.57
  9   6 0.76
  9   7 0.43
  9   8 0.63
  9   9 0.90
  9  10 0.59
  9  11 0.46
  9  12 0.57
  9  13 0.55
  9  14 0.69
  9  15 0.61
  9  16 0.59
  9  17 0.51
  9  18 0.70
  9  19 0.79
  9  20 0.74
  9  21 0.70
  9  22 0.63
 10   1 0.49
 10   2 0.50
 10   3 0.56
 10   4 0.55
 10   5 0.79
 10   6 0.62
 10   7 0.55
 10   8 0.67
 10   9 0.66
 10  10 0.88
 10  11 0.59
 10  12 0.69
 10  13 0.73
 10  14 0.73
 10  15 0.74
 10  16 0.78
 10  17 0.81
 10  18 0.75
 10  19 0.68
 10  20 0.75
 10  21 0.71
 10  22 0.54
 11   1 0.75
 11   2 0.76
 11   3 0.58
 11   4 0.50
 11   5 0.77
 11   6 0.42
 11   7 0.52
 11   8 0.59
 11   9 0.55
 11  10 0.77
 11  11 0.94
 11  12 0.60
 11  13 0.68
 11  14 0.70
 11  15 0.58
 11  16 0.64
 11  17 0.73
 11  18 0.60
 11  19 0.53
 11  20 0.69
 11  21 0.58
 11  22 0.44
 12   1 0.48
 12   2 0.50
 12   3 0.61
 12   4 0.63
 12   5 0.72
 12   6 0.48
 12   7 0.48
 12   8 0.60
 12   9 0.60
 12  10 0.74
 12  11 0.57
 12  12 0.87
 12  13 0.77
 12  14 0.66
 12  15 0.66
 12  16 0.80
 12  17 0.70
 12  18 0.84
 12  19 0.53
 12  20 0.67
 12  21 0.68
 12  22 0.65
 13   1 0.53
 13   2 0.56
 13   3 0.48
 13   4 0.56
 13   5 0.62
 13   6 0.39
 13   7 0.50
 13   8 0.65
 13   9 0.51
 13  10 0.71
 13  11 0.63
 13  12 0.68
 13  13 0.89
 13  14 0.64
 13  15 0.48
 13  16 0.67
 13  17 0.56
 13  18 0.69
 13  19 0.42
 13  20 0.54
 13  21 0.53
 13  22 0.53
 14   1 0.56
 14   2 0.58
 14   3 0.67
 14   4 0.51
 14   5 0.69
 14   6 0.56
 14   7 0.52
 14   8 0.69
 14   9 0.74
 14  10 0.75
 14  11 0.64
 14  12 0.59
 14  13 0.67
 14  14 0.93
 14  15 0.56
 14  16 0.57
 14  17 0.62
 14  18 0.68
 14  19 0.69
 14  20 0.74
 14  21 0.63
 14  22 0.53
 15   1 0.59
 15   2 0.53
 15   3 0.60
 15   4 0.54
 15   5 0.78
 15   6 0.52
 15   7 0.35
 15   8 0.42
 15   9 0.57
 15  10 0.71
 15  11 0.60
 15  12 0.69
 15  13 0.62
 15  14 0.56
 15  15 0.92
 15  16 0.82
 15  17 0.70
 15  18 0.70
 15  19 0.58
 15  20 0.77
 15  21 0.60
 15  22 0.53
 16   1 0.54
 16   2 0.51
 16   3 0.64
 16   4 0.63
 16   5 0.72
 16   6 0.58
 16   7 0.42
 16   8 0.49
 16   9 0.63
 16  10 0.71
 16  11 0.60
 16  12 0.67
 16  13 0.66
 16  14 0.63
 16  15 0.78
 16  16 0.88
 16  17 0.66
 16  18 0.76
 16  19 0.59
 16  20 0.78
 16  21 0.63
 16  22 0.57
 17   1 0.59
 17   2 0.58
 17   3 0.46
 17   4 0.42
 17   5 0.80
 17   6 0.43
 17   7 0.52
 17   8 0.52
 17   9 0.53
 17  10 0.79
 17  11 0.65
 17  12 0.59
 17  13 0.63
 17  14 0.61
 17  15 0.66
 17  16 0.67
 17  17 0.93
 17  18 0.57
 17  19 0.54
 17  20 0.65
 17  21 0.57
 17  22 0.41
 18   1 0.46
 18   2 0.51
 18   3 0.68
 18   4 0.69
 18   5 0.69
 18   6 0.60
 18   7 0.54
 18   8 0.70
 18   9 0.71
 18  10 0.76
 18  11 0.60
 18  12 0.80
 18  13 0.81
 18  14 0.74
 18  15 0.65
 18  16 0.76
 18  17 0.61
 18  18 0.92
 18  19 0.65
 18  20 0.71
 18  21 0.73
 18  22 0.72
 19   1 0.42
 19   2 0.37
 19   3 0.62
 19   4 0.40
 19   5 0.57
 19   6 0.72
 19   7 0.42
 19   8 0.55
 19   9 0.67
 19  10 0.66
 19  11 0.45
 19  12 0.48
 19  13 0.51
 19  14 0.62
 19  15 0.61
 19  16 0.56
 19  17 0.56
 19  18 0.61
 19  19 0.84
 19  20 0.75
 19  21 0.64
 19  22 0.48
 20   1 0.59
 20   2 0.54
 20   3 0.67
 20   4 0.45
 20   5 0.70
 20   6 0.63
 20   7 0.49
 20   8 0.55
 20   9 0.69
 20  10 0.72
 20  11 0.58
 20  12 0.49
 20  13 0.53
 20  14 0.66
 20  15 0.67
 20  16 0.61
 20  17 0.67
 20  18 0.56
 20  19 0.74
 20  20 0.90
 20  21 0.61
 20  22 0.48
 21   1 0.44
 21   2 0.47
 21   3 0.61
 21   4 0.63
 21   5 0.74
 21   6 0.62
 21   7 0.57
 21   8 0.68
 21   9 0.72
 21  10 0.77
 21  11 0.58
 21  12 0.75
 21  13 0.73
 21  14 0.67
 21  15 0.67
 21  16 0.72
 21  17 0.68
 21  18 0.80
 21  19 0.68
 21  20 0.71
 21  21 0.85
 21  22 0.68
 22   1 0.38
 22   2 0.40
 22   3 0.68
 22   4 0.58
 22   5 0.63
 22   6 0.58
 22   7 0.47
 22   8 0.59
 22   9 0.71
 22  10 0.62
 22  11 0.49
 22  12 0.79
 22  13 0.65
 22  14 0.56
 22  15 0.61
 22  16 0.66
 22  17 0.53
 22  18 0.77
 22  19 0.65
 22  20 0.69
 22  21 0.72
 22  22 0.91
