  1   1 0.49
  1   2 0.26
  1   6 0.28
  1   7 0.08
  1   8 0.08
  1   9 0.05
  1  10 0.15
  1  11 0.14
  1  12 0.18
  1  13 0.01
  1  15 0.09
  1  16 0.08
  1  17 0.13
  1  18 0.14
  1  19 0.15
  1  21 0.11
  1  22 0.09
  2   1 0.15
  2   2 0.69
  2   6 0.62
  2   7 0.12
  2   8 0.07
  2   9 0.04
  2  10 0.27
  2  11 0.17
  2  12 0.25
  2  13 0.02
  2  15 0.30
  2  16 0.14
  2  17 0.28
  2  18 0.32
  2  19 0.31
  2  21 0.35
  2  22 0.24
  3   1 0.23
  3   2 0.12
  3   6 0.08
  3   7 0.11
  3   8 0.13
  3   9 0.03
  3  10 0.12
  3  11 0.12
  3  12 0.12
  3  13 0.06
  3  15 0.11
  3  16 0.09
  3  17 0.15
  3  18 0.09
  3  19 0.06
  3  21 0.09
  3  22 0.11
  4   1 0.08
  4   2 0.25
  4   6 0.21
  4   7 0.13
  4   8 0.08
  4   9 0.08
  4  10 0.14
  4  11 0.05
  4  12 0.34
  4  13 0.03
  4  15 0.24
  4  16 0.13
  4  17 0.15
  4  18 0.15
  4  19 0.23
  4  21 0.23
  4  22 0.23
  5   1 0.15
  5   2 0.13
  5   6 0.11
  5   7 0.03
  5   8 0.21
  5   9 0.06
  5  10 0.14
  5  11 0.18
  5  12 0.08
  5  13 0.04
  5  15 0.08
  5  16 0.07
  5  17 0.24
  5  18 0.06
  5  19 0.07
  5  21 0.08
  5  22 0.06
  6   1 0.09
  6   2 0.44
  6   6 0.90
  6   7 0.07
  6   8 0.03
  6   9 0.04
  6  10 0.26
  6  11 0.11
  6  12 0.23
  6  13 0.00
  6  15 0.15
  6  16 0.09
  6  17 0.21
  6  18 0.41
  6  19 0.35
  6  21 0.24
  6  22 0.09
  7   1 0.14
  7   2 0.13
  7   6 0.10
  7   7 0.67
  7   8 0.50
  7   9 0.01
  7  10 0.05
  7  11 0.11
  7  12 0.25
  7  13 0.05
  7  15 0.29
  7  16 0.20
  7  17 0.10
  7  18 0.11
  7  19 0.11
  7  21 0.13
  7  22 0.23
  8   1 0.25
  8   2 0.05
  8   6 0.03
  8   7 0.36
  8   8 0.92
  8   9 0.00
  8  10 0.04
  8  11 0.21
  8  12 0.28
  8  13 0.04
  8  15 0.28
  8  16 0.19
  8  17 0.29
  8  18 0.07
  8  19 0.05
  8  21 0.10
  8  22 0.26
  9   1 0.30
  9   2 0.13
  9   6 0.07
  9   7 0.02
  9   8 0.26
  9   9 0.12
  9  10 0.17
  9  11 0.23
  9  12 0.09
  9  13 0.05
  9  15 0.11
  9  16 0.12
  9  17 0.30
  9  18 0.10
  9  19 0.08
  9  21 0.15
  9  22 0.09
 10   1 0.19
 10   2 0.26
 10   6 0.25
 10   7 0.02
 10   8 0.04
 10   9 0.13
 10  10 0.82
 10  11 0.17
 10  12 0.24
 10  13 0.01
 10  15 0.15
 10  16 0.08
 10  17 0.23
 10  18 0.33
 10  19 0.20
 10  21 0.24
 10  22 0.13
 11   1 0.26
 11   2 0.42
 11   6 0.34
 11   7 0.09
 11   8 0.14
 11   9 0.06
 11  10 0.34
 11  11 0.40
 11  12 0.23
 11  13 0.02
 11  15 0.19
 11  16 0.15
 11  17 0.42
 11  18 0.27
 11  19 0.26
 11  21 0.30
 11  22 0.18
 12   1 0.19
 12   2 0.25
 12   6 0.32
 12   7 0.15
 12   8 0.21
 12   9 0.05
 12  10 0.17
 12  11 0.12
 12  12 0.83
 12  13 0.00
 12  15 0.34
 12  16 0.24
 12  17 0.21
 12  18 0.34
 12  19 0.38
 12  21 0.38
 12  22 0.35
 13   1 0.11
 13   2 0.14
 13   6 0.11
 13   7 0.07
 13   8 0.08
 13   9 0.03
 13  10 0.07
 13  11 0.13
 13  12 0.10
 13  13 0.08
 13  15 0.09
 13  16 0.09
 13  17 0.09
 13  18 0.05
 13  19 0.08
 13  21 0.12
 13  22 0.13
 14   1 0.13
 14   2 0.08
 14   6 0.06
 14   7 0.06
 14   8 0.08
 14   9 0.00
 14  10 0.08
 14  11 0.13
 14  12 0.10
 14  13 0.05
 14  15 0.07
 14  16 0.10
 14  17 0.11
 14  18 0.06
 14  19 0.05
 14  21 0.06
 14  22 0.09
 15   1 0.10
 15   2 0.31
 15   6 0.29
 15   7 0.10
 15   8 0.15
 15   9 0.11
 15  10 0.14
 15  11 0.09
 15  12 0.36
 15  13 0.00
 15  15 0.82
 15  16 0.21
 15  17 0.15
 15  18 0.16
 15  19 0.29
 15  21 0.39
 15  22 0.36
 16   1 0.22
 16   2 0.14
 16   6 0.10
 16   7 0.22
 16   8 0.30
 16   9 0.01
 16  10 0.07
 16  11 0.31
 16  12 0.30
 16  13 0.06
 16  15 0.24
 16  16 0.43
 16  17 0.25
 16  18 0.13
 16  19 0.14
 16  21 0.20
 16  22 0.27
 17   1 0.21
 17   2 0.27
 17   6 0.21
 17   7 0.05
 17   8 0.25
 17   9 0.01
 17  10 0.20
 17  11 0.25
 17  12 0.19
 17  13 0.01
 17  15 0.20
 17  16 0.15
 17  17 0.86
 17  18 0.27
 17  19 0.12
 17  21 0.34
 17  22 0.24
 18   1 0.13
 18   2 0.24
 18   6 0.39
 18   7 0.08
 18   8 0.09
 18   9 0.02
 18  10 0.28
 18  11 0.13
 18  12 0.29
 18  13 0.01
 18  15 0.18
 18  16 0.15
 18  17 0.29
 18  18 0.87
 18  19 0.42
 18  21 0.31
 18  22 0.15
 19   1 0.13
 19   2 0.27
 19   6 0.41
 19   7 0.08
 19   8 0.07
 19   9 0.02
 19  10 0.14
 19  11 0.12
 19  12 0.26
 19  13 0.03
 19  15 0.16
 19  16 0.15
 19  17 0.15
 19  18 0.34
 19  19 0.76
 19  21 0.28
 19  22 0.10
 20   1 0.13
 20   2 0.02
 20   6 0.01
 20   7 0.05
 20   8 0.09
 20   9 0.00
 20  10 0.03
 20  11 0.07
 20  12 0.10
 20  13 0.03
 20  15 0.06
 20  16 0.09
 20  17 0.06
 20  18 0.01
 20  19 0.02
 20  21 0.03
 20  22 0.10
 21   1 0.16
 21   2 0.39
 21   6 0.31
 21   7 0.07
 21   8 0.09
 21   9 0.05
 21  10 0.16
 21  11 0.19
 21  12 0.45
 21  13 0.02
 21  15 0.43
 21  16 0.26
 21  17 0.28
 21  18 0.33
 21  19 0.38
 21  21 0.89
 21  22 0.38
 22   1 0.21
 22   2 0.32
 22   6 0.20
 22   7 0.17
 22   8 0.31
 22   9 0.05
 22  10 0.13
 22  11 0.21
 22  12 0.37
 22  13 0.02
 22  15 0.41
 22  16 0.22
 22  17 0.37
 22  18 0.19
 22  19 0.17
 22  21 0.39
 22  22 0.84
