  1   1 1.00
  1   2 0.72
  1   3 0.66
  1   4 0.43
  1   5 0.70
  1   6 0.67
  1   7 0.47
  1   8 0.68
  1   9 0.71
  1  10 0.64
  1  11 0.54
  1  12 0.57
  1  13 0.47
  1  14 0.68
  1  15 0.70
  1  16 0.63
  1  17 0.48
  1  18 0.55
  1  19 0.59
  1  20 0.54
  1  21 0.60
  1  22 0.48
  2   1 0.72
  2   2 1.00
  2   3 0.54
  2   4 0.41
  2   5 0.64
  2   6 0.70
  2   7 0.44
  2   8 0.60
  2   9 0.68
  2  10 0.55
  2  11 0.56
  2  12 0.56
  2  13 0.48
  2  14 0.68
  2  15 0.66
  2  16 0.57
  2  17 0.49
  2  18 0.53
  2  19 0.48
  2  20 0.50
  2  21 0.55
  2  22 0.46
  3   1 0.66
  3   2 0.54
  3   3 1.00
  3   4 0.40
  3   5 0.59
  3   6 0.55
  3   7 0.39
  3   8 0.58
  3   9 0.61
  3  10 0.71
  3  11 0.53
  3  12 0.48
  3  13 0.49
  3  14 0.61
  3  15 0.56
  3  16 0.58
  3  17 0.47
  3  18 0.48
  3  19 0.62
  3  20 0.49
  3  21 0.56
  3  22 0.47
  4   1 0.43
  4   2 0.41
  4   3 0.40
  4   4 1.00
  4   5 0.42
  4   6 0.50
  4   7 0.52
  4   8 0.46
  4   9 0.41
  4  10 0.53
  4  11 0.42
  4  12 0.50
  4  13 0.56
  4  14 0.52
  4  15 0.47
  4  16 0.57
  4  17 0.47
  4  18 0.48
  4  19 0.47
  4  20 0.56
  4  21 0.44
  4  22 0.46
  5   1 0.70
  5   2 0.64
  5   3 0.59
  5   4 0.42
  5   5 1.00
  5   6 0.66
  5   7 0.48
  5   8 0.62
  5   9 0.73
  5  10 0.65
  5  11 0.59
  5  12 0.53
  5  13 0.49
  5  14 0.70
  5  15 0.72
  5  16 0.61
  5  17 0.48
  5  18 0.54
  5  19 0.51
  5  20 0.53
  5  21 0.57
  5  22 0.50
  6   1 0.67
  6   2 0.70
  6   3 0.55
  6   4 0.50
  6   5 0.66
  6   6 1.00
  6   7 0.63
  6   8 0.69
  6   9 0.64
  6  10 0.65
  6  11 0.68
  6  12 0.71
  6  13 0.63
  6  14 0.79
  6  15 0.70
  6  16 0.68
  6  17 0.70
  6  18 0.73
  6  19 0.62
  6  20 0.63
  6  21 0.68
  6  22 0.59
  7   1 0.47
  7   2 0.44
  7   3 0.39
  7   4 0.52
  7   5 0.48
  7   6 0.63
  7   7 1.00
  7   8 0.67
  7   9 0.45
  7  10 0.52
  7  11 0.41
  7  12 0.64
  7  13 0.56
  7  14 0.62
  7  15 0.58
  7  16 0.57
  7  17 0.62
  7  18 0.66
  7  19 0.51
  7  20 0.50
  7  21 0.63
  7  22 0.62
  8   1 0.68
  8   2 0.60
  8   3 0.58
  8   4 0.46
  8   5 0.62
  8   6 0.69
  8   7 0.67
  8   8 1.00
  8   9 0.61
  8  10 0.60
  8  11 0.49
  8  12 0.63
  8  13 0.50
  8  14 0.68
  8  15 0.73
  8  16 0.67
  8  17 0.61
  8  18 0.72
  8  19 0.57
  8  20 0.54
  8  21 0.75
  8  22 0.58
  9   1 0.71
  9   2 0.68
  9   3 0.61
  9   4 0.41
  9   5 0.73
  9   6 0.64
  9   7 0.45
  9   8 0.61
  9   9 1.00
  9  10 0.61
  9  11 0.62
  9  12 0.54
  9  13 0.50
  9  14 0.69
  9  15 0.64
  9  16 0.61
  9  17 0.50
  9  18 0.53
  9  19 0.53
  9  20 0.59
  9  21 0.54
  9  22 0.49
 10   1 0.64
 10   2 0.55
 10   3 0.71
 10   4 0.53
 10   5 0.65
 10   6 0.65
 10   7 0.52
 10   8 0.60
 10   9 0.61
 10  10 1.00
 10  11 0.58
 10  12 0.58
 10  13 0.62
 10  14 0.68
 10  15 0.66
 10  16 0.70
 10  17 0.58
 10  18 0.57
 10  19 0.70
 10  20 0.58
 10  21 0.58
 10  22 0.63
 11   1 0.54
 11   2 0.56
 11   3 0.53
 11   4 0.42
 11   5 0.59
 11   6 0.68
 11   7 0.41
 11   8 0.49
 11   9 0.62
 11  10 0.58
 11  11 1.00
 11  12 0.61
 11  13 0.61
 11  14 0.63
 11  15 0.58
 11  16 0.57
 11  17 0.62
 11  18 0.59
 11  19 0.54
 11  20 0.65
 11  21 0.53
 11  22 0.53
 12   1 0.57
 12   2 0.56
 12   3 0.48
 12   4 0.50
 12   5 0.53
 12   6 0.71
 12   7 0.64
 12   8 0.63
 12   9 0.54
 12  10 0.58
 12  11 0.61
 12  12 1.00
 12  13 0.58
 12  14 0.66
 12  15 0.62
 12  16 0.64
 12  17 0.71
 12  18 0.74
 12  19 0.64
 12  20 0.64
 12  21 0.65
 12  22 0.56
 13   1 0.47
 13   2 0.48
 13   3 0.49
 13   4 0.56
 13   5 0.49
 13   6 0.63
 13   7 0.56
 13   8 0.50
 13   9 0.50
 13  10 0.62
 13  11 0.61
 13  12 0.58
 13  13 1.00
 13  14 0.66
 13  15 0.55
 13  16 0.66
 13  17 0.64
 13  18 0.61
 13  19 0.58
 13  20 0.73
 13  21 0.53
 13  22 0.67
 14   1 0.68
 14   2 0.68
 14   3 0.61
 14   4 0.52
 14   5 0.70
 14   6 0.79
 14   7 0.62
 14   8 0.68
 14   9 0.69
 14  10 0.68
 14  11 0.63
 14  12 0.66
 14  13 0.66
 14  14 1.00
 14  15 0.68
 14  16 0.71
 14  17 0.63
 14  18 0.67
 14  19 0.69
 14  20 0.63
 14  21 0.69
 14  22 0.62
 15   1 0.70
 15   2 0.66
 15   3 0.56
 15   4 0.47
 15   5 0.72
 15   6 0.70
 15   7 0.58
 15   8 0.73
 15   9 0.64
 15  10 0.66
 15  11 0.58
 15  12 0.62
 15  13 0.55
 15  14 0.68
 15  15 1.00
 15  16 0.64
 15  17 0.60
 15  18 0.69
 15  19 0.53
 15  20 0.60
 15  21 0.67
 15  22 0.62
 16   1 0.63
 16   2 0.57
 16   3 0.58
 16   4 0.57
 16   5 0.61
 16   6 0.68
 16   7 0.57
 16   8 0.67
 16   9 0.61
 16  10 0.70
 16  11 0.57
 16  12 0.64
 16  13 0.66
 16  14 0.71
 16  15 0.64
 16  16 1.00
 16  17 0.62
 16  18 0.68
 16  19 0.73
 16  20 0.66
 16  21 0.63
 16  22 0.61
 17   1 0.48
 17   2 0.49
 17   3 0.47
 17   4 0.47
 17   5 0.48
 17   6 0.70
 17   7 0.62
 17   8 0.61
 17   9 0.50
 17  10 0.58
 17  11 0.62
 17  12 0.71
 17  13 0.64
 17  14 0.63
 17  15 0.60
 17  16 0.62
 17  17 1.00
 17  18 0.72
 17  19 0.59
 17  20 0.63
 17  21 0.62
 17  22 0.62
 18   1 0.55
 18   2 0.53
 18   3 0.48
 18   4 0.48
 18   5 0.54
 18   6 0.73
 18   7 0.66
 18   8 0.72
 18   9 0.53
 18  10 0.57
 18  11 0.59
 18  12 0.74
 18  13 0.61
 18  14 0.67
 18  15 0.69
 18  16 0.68
 18  17 0.72
 18  18 1.00
 18  19 0.63
 18  20 0.63
 18  21 0.75
 18  22 0.66
 19   1 0.59
 19   2 0.48
 19   3 0.62
 19   4 0.47
 19   5 0.51
 19   6 0.62
 19   7 0.51
 19   8 0.57
 19   9 0.53
 19  10 0.70
 19  11 0.54
 19  12 0.64
 19  13 0.58
 19  14 0.69
 19  15 0.53
 19  16 0.73
 19  17 0.59
 19  18 0.63
 19  19 1.00
 19  20 0.58
 19  21 0.57
 19  22 0.54
 20   1 0.54
 20   2 0.50
 20   3 0.49
 20   4 0.56
 20   5 0.53
 20   6 0.63
 20   7 0.50
 20   8 0.54
 20   9 0.59
 20  10 0.58
 20  11 0.65
 20  12 0.64
 20  13 0.73
 20  14 0.63
 20  15 0.60
 20  16 0.66
 20  17 0.63
 20  18 0.63
 20  19 0.58
 20  20 1.00
 20  21 0.53
 20  22 0.64
 21   1 0.60
 21   2 0.55
 21   3 0.56
 21   4 0.44
 21   5 0.57
 21   6 0.68
 21   7 0.63
 21   8 0.75
 21   9 0.54
 21  10 0.58
 21  11 0.53
 21  12 0.65
 21  13 0.53
 21  14 0.69
 21  15 0.67
 21  16 0.63
 21  17 0.62
 21  18 0.75
 21  19 0.57
 21  20 0.53
 21  21 1.00
 21  22 0.58
 22   1 0.48
 22   2 0.46
 22   3 0.47
 22   4 0.46
 22   5 0.50
 22   6 0.59
 22   7 0.62
 22   8 0.58
 22   9 0.49
 22  10 0.63
 22  11 0.53
 22  12 0.56
 22  13 0.67
 22  14 0.62
 22  15 0.62
 22  16 0.61
 22  17 0.62
 22  18 0.66
 22  19 0.54
 22  20 0.64
 22  21 0.58
 22  22 1.00
