  1   1 1.00
  1   2 0.81
  1   3 0.66
  1   4 0.58
  1   5 0.60
  1   6 0.71
  1   7 0.65
  1   8 0.72
  1   9 0.73
  1  10 0.74
  1  11 0.70
  1  12 0.65
  1  13 0.73
  1  14 0.74
  1  15 0.60
  1  16 0.72
  1  17 0.65
  1  18 0.72
  1  19 0.67
  1  20 0.69
  1  21 0.71
  1  22 0.57
  2   1 0.81
  2   2 1.00
  2   3 0.77
  2   4 0.67
  2   5 0.63
  2   6 0.72
  2   7 0.63
  2   8 0.68
  2   9 0.80
  2  10 0.71
  2  11 0.77
  2  12 0.69
  2  13 0.78
  2  14 0.77
  2  15 0.70
  2  16 0.73
  2  17 0.64
  2  18 0.76
  2  19 0.75
  2  20 0.70
  2  21 0.74
  2  22 0.72
  3   1 0.66
  3   2 0.77
  3   3 1.00
  3   4 0.69
  3   5 0.58
  3   6 0.58
  3   7 0.65
  3   8 0.66
  3   9 0.71
  3  10 0.63
  3  11 0.75
  3  12 0.58
  3  13 0.71
  3  14 0.69
  3  15 0.66
  3  16 0.66
  3  17 0.55
  3  18 0.72
  3  19 0.70
  3  20 0.62
  3  21 0.68
  3  22 0.71
  4   1 0.58
  4   2 0.67
  4   3 0.69
  4   4 1.00
  4   5 0.54
  4   6 0.49
  4   7 0.54
  4   8 0.57
  4   9 0.65
  4  10 0.52
  4  11 0.73
  4  12 0.46
  4  13 0.55
  4  14 0.60
  4  15 0.50
  4  16 0.55
  4  17 0.47
  4  18 0.60
  4  19 0.57
  4  20 0.55
  4  21 0.54
  4  22 0.57
  5   1 0.60
  5   2 0.63
  5   3 0.58
  5   4 0.54
  5   5 1.00
  5   6 0.42
  5   7 0.58
  5   8 0.58
  5   9 0.64
  5  10 0.61
  5  11 0.66
  5  12 0.41
  5  13 0.60
  5  14 0.69
  5  15 0.56
  5  16 0.54
  5  17 0.38
  5  18 0.56
  5  19 0.57
  5  20 0.69
  5  21 0.51
  5  22 0.52
  6   1 0.71
  6   2 0.72
  6   3 0.58
  6   4 0.49
  6   5 0.42
  6   6 1.00
  6   7 0.51
  6   8 0.56
  6   9 0.63
  6  10 0.56
  6  11 0.61
  6  12 0.70
  6  13 0.68
  6  14 0.62
  6  15 0.59
  6  16 0.67
  6  17 0.72
  6  18 0.78
  6  19 0.69
  6  20 0.56
  6  21 0.65
  6  22 0.59
  7   1 0.65
  7   2 0.63
  7   3 0.65
  7   4 0.54
  7   5 0.58
  7   6 0.51
  7   7 1.00
  7   8 0.78
  7   9 0.48
  7  10 0.64
  7  11 0.66
  7  12 0.47
  7  13 0.70
  7  14 0.75
  7  15 0.58
  7  16 0.66
  7  17 0.45
  7  18 0.62
  7  19 0.53
  7  20 0.63
  7  21 0.66
  7  22 0.47
  8   1 0.72
  8   2 0.68
  8   3 0.66
  8   4 0.57
  8   5 0.58
  8   6 0.56
  8   7 0.78
  8   8 1.00
  8   9 0.62
  8  10 0.75
  8  11 0.64
  8  12 0.55
  8  13 0.68
  8  14 0.74
  8  15 0.61
  8  16 0.71
  8  17 0.51
  8  18 0.61
  8  19 0.62
  8  20 0.67
  8  21 0.69
  8  22 0.48
  9   1 0.73
  9   2 0.80
  9   3 0.71
  9   4 0.65
  9   5 0.64
  9   6 0.63
  9   7 0.48
  9   8 0.62
  9   9 1.00
  9  10 0.64
  9  11 0.71
  9  12 0.60
  9  13 0.69
  9  14 0.71
  9  15 0.59
  9  16 0.61
  9  17 0.60
  9  18 0.71
  9  19 0.68
  9  20 0.61
  9  21 0.61
  9  22 0.67
 10   1 0.74
 10   2 0.71
 10   3 0.63
 10   4 0.52
 10   5 0.61
 10   6 0.56
 10   7 0.64
 10   8 0.75
 10   9 0.64
 10  10 1.00
 10  11 0.68
 10  12 0.62
 10  13 0.71
 10  14 0.69
 10  15 0.66
 10  16 0.77
 10  17 0.52
 10  18 0.67
 10  19 0.70
 10  20 0.64
 10  21 0.75
 10  22 0.52
 11   1 0.70
 11   2 0.77
 11   3 0.75
 11   4 0.73
 11   5 0.66
 11   6 0.61
 11   7 0.66
 11   8 0.64
 11   9 0.71
 11  10 0.68
 11  11 1.00
 11  12 0.57
 11  13 0.75
 11  14 0.74
 11  15 0.65
 11  16 0.71
 11  17 0.53
 11  18 0.76
 11  19 0.71
 11  20 0.67
 11  21 0.71
 11  22 0.66
 12   1 0.65
 12   2 0.69
 12   3 0.58
 12   4 0.46
 12   5 0.41
 12   6 0.70
 12   7 0.47
 12   8 0.55
 12   9 0.60
 12  10 0.62
 12  11 0.57
 12  12 1.00
 12  13 0.60
 12  14 0.57
 12  15 0.64
 12  16 0.76
 12  17 0.75
 12  18 0.74
 12  19 0.71
 12  20 0.53
 12  21 0.71
 12  22 0.55
 13   1 0.73
 13   2 0.78
 13   3 0.71
 13   4 0.55
 13   5 0.60
 13   6 0.68
 13   7 0.70
 13   8 0.68
 13   9 0.69
 13  10 0.71
 13  11 0.75
 13  12 0.60
 13  13 1.00
 13  14 0.77
 13  15 0.69
 13  16 0.74
 13  17 0.58
 13  18 0.77
 13  19 0.66
 13  20 0.66
 13  21 0.70
 13  22 0.62
 14   1 0.74
 14   2 0.77
 14   3 0.69
 14   4 0.60
 14   5 0.69
 14   6 0.62
 14   7 0.75
 14   8 0.74
 14   9 0.71
 14  10 0.69
 14  11 0.74
 14  12 0.57
 14  13 0.77
 14  14 1.00
 14  15 0.66
 14  16 0.71
 14  17 0.57
 14  18 0.73
 14  19 0.66
 14  20 0.69
 14  21 0.72
 14  22 0.60
 15   1 0.60
 15   2 0.70
 15   3 0.66
 15   4 0.50
 15   5 0.56
 15   6 0.59
 15   7 0.58
 15   8 0.61
 15   9 0.59
 15  10 0.66
 15  11 0.65
 15  12 0.64
 15  13 0.69
 15  14 0.66
 15  15 1.00
 15  16 0.70
 15  17 0.63
 15  18 0.72
 15  19 0.61
 15  20 0.57
 15  21 0.76
 15  22 0.63
 16   1 0.72
 16   2 0.73
 16   3 0.66
 16   4 0.55
 16   5 0.54
 16   6 0.67
 16   7 0.66
 16   8 0.71
 16   9 0.61
 16  10 0.77
 16  11 0.71
 16  12 0.76
 16  13 0.74
 16  14 0.71
 16  15 0.70
 16  16 1.00
 16  17 0.63
 16  18 0.75
 16  19 0.70
 16  20 0.67
 16  21 0.78
 16  22 0.58
 17   1 0.65
 17   2 0.64
 17   3 0.55
 17   4 0.47
 17   5 0.38
 17   6 0.72
 17   7 0.45
 17   8 0.51
 17   9 0.60
 17  10 0.52
 17  11 0.53
 17  12 0.75
 17  13 0.58
 17  14 0.57
 17  15 0.63
 17  16 0.63
 17  17 1.00
 17  18 0.74
 17  19 0.59
 17  20 0.49
 17  21 0.65
 17  22 0.54
 18   1 0.72
 18   2 0.76
 18   3 0.72
 18   4 0.60
 18   5 0.56
 18   6 0.78
 18   7 0.62
 18   8 0.61
 18   9 0.71
 18  10 0.67
 18  11 0.76
 18  12 0.74
 18  13 0.77
 18  14 0.73
 18  15 0.72
 18  16 0.75
 18  17 0.74
 18  18 1.00
 18  19 0.74
 18  20 0.63
 18  21 0.75
 18  22 0.70
 19   1 0.67
 19   2 0.75
 19   3 0.70
 19   4 0.57
 19   5 0.57
 19   6 0.69
 19   7 0.53
 19   8 0.62
 19   9 0.68
 19  10 0.70
 19  11 0.71
 19  12 0.71
 19  13 0.66
 19  14 0.66
 19  15 0.61
 19  16 0.70
 19  17 0.59
 19  18 0.74
 19  19 1.00
 19  20 0.60
 19  21 0.68
 19  22 0.67
 20   1 0.69
 20   2 0.70
 20   3 0.62
 20   4 0.55
 20   5 0.69
 20   6 0.56
 20   7 0.63
 20   8 0.67
 20   9 0.61
 20  10 0.64
 20  11 0.67
 20  12 0.53
 20  13 0.66
 20  14 0.69
 20  15 0.57
 20  16 0.67
 20  17 0.49
 20  18 0.63
 20  19 0.60
 20  20 1.00
 20  21 0.61
 20  22 0.57
 21   1 0.71
 21   2 0.74
 21   3 0.68
 21   4 0.54
 21   5 0.51
 21   6 0.65
 21   7 0.66
 21   8 0.69
 21   9 0.61
 21  10 0.75
 21  11 0.71
 21  12 0.71
 21  13 0.70
 21  14 0.72
 21  15 0.76
 21  16 0.78
 21  17 0.65
 21  18 0.75
 21  19 0.68
 21  20 0.61
 21  21 1.00
 21  22 0.65
 22   1 0.57
 22   2 0.72
 22   3 0.71
 22   4 0.57
 22   5 0.52
 22   6 0.59
 22   7 0.47
 22   8 0.48
 22   9 0.67
 22  10 0.52
 22  11 0.66
 22  12 0.55
 22  13 0.62
 22  14 0.60
 22  15 0.63
 22  16 0.58
 22  17 0.54
 22  18 0.70
 22  19 0.67
 22  20 0.57
 22  21 0.65
 22  22 1.00
