  1   1 1.00
  1   2 0.63
  1   3 0.58
  1   4 0.28
  1   5 0.59
  1   6 0.63
  1   7 0.52
  1   8 0.46
  1   9 0.48
  1  10 0.56
  1  11 0.58
  1  12 0.43
  1  13 0.53
  1  14 0.67
  1  15 0.70
  1  16 0.52
  1  17 0.60
  1  18 0.56
  1  19 0.53
  1  20 0.57
  1  21 0.59
  1  22 0.52
  2   1 0.63
  2   2 1.00
  2   3 0.46
  2   4 0.26
  2   5 0.42
  2   6 0.66
  2   7 0.44
  2   8 0.68
  2   9 0.44
  2  10 0.55
  2  11 0.47
  2  12 0.53
  2  13 0.53
  2  14 0.49
  2  15 0.57
  2  16 0.56
  2  17 0.64
  2  18 0.56
  2  19 0.51
  2  20 0.49
  2  21 0.67
  2  22 0.56
  3   1 0.58
  3   2 0.46
  3   3 1.00
  3   4 0.36
  3   5 0.58
  3   6 0.44
  3   7 0.33
  3   8 0.36
  3   9 0.46
  3  10 0.63
  3  11 0.57
  3  12 0.26
  3  13 0.48
  3  14 0.54
  3  15 0.57
  3  16 0.42
  3  17 0.50
  3  18 0.52
  3  19 0.45
  3  20 0.44
  3  21 0.44
  3  22 0.42
  4   1 0.28
  4   2 0.26
  4   3 0.36
  4   4 1.00
  4   5 0.41
  4   6 0.24
  4   7 0.11
  4   8 0.26
  4   9 0.36
  4  10 0.29
  4  11 0.40
  4  12 0.25
  4  13 0.30
  4  14 0.36
  4  15 0.24
  4  16 0.30
  4  17 0.28
  4  18 0.22
  4  19 0.29
  4  20 0.42
  4  21 0.26
  4  22 0.22
  5   1 0.59
  5   2 0.42
  5   3 0.58
  5   4 0.41
  5   5 1.00
  5   6 0.48
  5   7 0.37
  5   8 0.33
  5   9 0.54
  5  10 0.59
  5  11 0.61
  5  12 0.33
  5  13 0.59
  5  14 0.69
  5  15 0.66
  5  16 0.46
  5  17 0.51
  5  18 0.50
  5  19 0.49
  5  20 0.51
  5  21 0.44
  5  22 0.46
  6   1 0.63
  6   2 0.66
  6   3 0.44
  6   4 0.24
  6   5 0.48
  6   6 1.00
  6   7 0.57
  6   8 0.59
  6   9 0.46
  6  10 0.49
  6  11 0.58
  6  12 0.51
  6  13 0.59
  6  14 0.58
  6  15 0.65
  6  16 0.57
  6  17 0.62
  6  18 0.57
  6  19 0.55
  6  20 0.56
  6  21 0.72
  6  22 0.53
  7   1 0.52
  7   2 0.44
  7   3 0.33
  7   4 0.11
  7   5 0.37
  7   6 0.57
  7   7 1.00
  7   8 0.38
  7   9 0.26
  7  10 0.26
  7  11 0.33
  7  12 0.27
  7  13 0.45
  7  14 0.45
  7  15 0.54
  7  16 0.33
  7  17 0.34
  7  18 0.44
  7  19 0.33
  7  20 0.39
  7  21 0.49
  7  22 0.39
  8   1 0.46
  8   2 0.68
  8   3 0.36
  8   4 0.26
  8   5 0.33
  8   6 0.59
  8   7 0.38
  8   8 1.00
  8   9 0.45
  8  10 0.47
  8  11 0.44
  8  12 0.61
  8  13 0.52
  8  14 0.44
  8  15 0.53
  8  16 0.50
  8  17 0.57
  8  18 0.63
  8  19 0.53
  8  20 0.52
  8  21 0.63
  8  22 0.52
  9   1 0.48
  9   2 0.44
  9   3 0.46
  9   4 0.36
  9   5 0.54
  9   6 0.46
  9   7 0.26
  9   8 0.45
  9   9 1.00
  9  10 0.62
  9  11 0.65
  9  12 0.46
  9  13 0.56
  9  14 0.64
  9  15 0.54
  9  16 0.56
  9  17 0.55
  9  18 0.45
  9  19 0.62
  9  20 0.59
  9  21 0.46
  9  22 0.33
 10   1 0.56
 10   2 0.55
 10   3 0.63
 10   4 0.29
 10   5 0.59
 10   6 0.49
 10   7 0.26
 10   8 0.47
 10   9 0.62
 10  10 1.00
 10  11 0.67
 10  12 0.46
 10  13 0.60
 10  14 0.65
 10  15 0.63
 10  16 0.60
 10  17 0.70
 10  18 0.55
 10  19 0.68
 10  20 0.47
 10  21 0.50
 10  22 0.54
 11   1 0.58
 11   2 0.47
 11   3 0.57
 11   4 0.40
 11   5 0.61
 11   6 0.58
 11   7 0.33
 11   8 0.44
 11   9 0.65
 11  10 0.67
 11  11 1.00
 11  12 0.43
 11  13 0.56
 11  14 0.61
 11  15 0.65
 11  16 0.64
 11  17 0.63
 11  18 0.55
 11  19 0.62
 11  20 0.60
 11  21 0.58
 11  22 0.45
 12   1 0.43
 12   2 0.53
 12   3 0.26
 12   4 0.25
 12   5 0.33
 12   6 0.51
 12   7 0.27
 12   8 0.61
 12   9 0.46
 12  10 0.46
 12  11 0.43
 12  12 1.00
 12  13 0.44
 12  14 0.45
 12  15 0.45
 12  16 0.49
 12  17 0.48
 12  18 0.44
 12  19 0.51
 12  20 0.45
 12  21 0.51
 12  22 0.40
 13   1 0.53
 13   2 0.53
 13   3 0.48
 13   4 0.30
 13   5 0.59
 13   6 0.59
 13   7 0.45
 13   8 0.52
 13   9 0.56
 13  10 0.60
 13  11 0.56
 13  12 0.44
 13  13 1.00
 13  14 0.62
 13  15 0.60
 13  16 0.52
 13  17 0.52
 13  18 0.55
 13  19 0.59
 13  20 0.52
 13  21 0.59
 13  22 0.60
 14   1 0.67
 14   2 0.49
 14   3 0.54
 14   4 0.36
 14   5 0.69
 14   6 0.58
 14   7 0.45
 14   8 0.44
 14   9 0.64
 14  10 0.65
 14  11 0.61
 14  12 0.45
 14  13 0.62
 14  14 1.00
 14  15 0.72
 14  16 0.52
 14  17 0.61
 14  18 0.54
 14  19 0.64
 14  20 0.56
 14  21 0.50
 14  22 0.51
 15   1 0.70
 15   2 0.57
 15   3 0.57
 15   4 0.24
 15   5 0.66
 15   6 0.65
 15   7 0.54
 15   8 0.53
 15   9 0.54
 15  10 0.63
 15  11 0.65
 15  12 0.45
 15  13 0.60
 15  14 0.72
 15  15 1.00
 15  16 0.55
 15  17 0.63
 15  18 0.66
 15  19 0.56
 15  20 0.54
 15  21 0.61
 15  22 0.59
 16   1 0.52
 16   2 0.56
 16   3 0.42
 16   4 0.30
 16   5 0.46
 16   6 0.57
 16   7 0.33
 16   8 0.50
 16   9 0.56
 16  10 0.60
 16  11 0.64
 16  12 0.49
 16  13 0.52
 16  14 0.52
 16  15 0.55
 16  16 1.00
 16  17 0.63
 16  18 0.49
 16  19 0.62
 16  20 0.54
 16  21 0.60
 16  22 0.44
 17   1 0.60
 17   2 0.64
 17   3 0.50
 17   4 0.28
 17   5 0.51
 17   6 0.62
 17   7 0.34
 17   8 0.57
 17   9 0.55
 17  10 0.70
 17  11 0.63
 17  12 0.48
 17  13 0.52
 17  14 0.61
 17  15 0.63
 17  16 0.63
 17  17 1.00
 17  18 0.52
 17  19 0.61
 17  20 0.50
 17  21 0.61
 17  22 0.47
 18   1 0.56
 18   2 0.56
 18   3 0.52
 18   4 0.22
 18   5 0.50
 18   6 0.57
 18   7 0.44
 18   8 0.63
 18   9 0.45
 18  10 0.55
 18  11 0.55
 18  12 0.44
 18  13 0.55
 18  14 0.54
 18  15 0.66
 18  16 0.49
 18  17 0.52
 18  18 1.00
 18  19 0.52
 18  20 0.43
 18  21 0.64
 18  22 0.61
 19   1 0.53
 19   2 0.51
 19   3 0.45
 19   4 0.29
 19   5 0.49
 19   6 0.55
 19   7 0.33
 19   8 0.53
 19   9 0.62
 19  10 0.68
 19  11 0.62
 19  12 0.51
 19  13 0.59
 19  14 0.64
 19  15 0.56
 19  16 0.62
 19  17 0.61
 19  18 0.52
 19  19 1.00
 19  20 0.56
 19  21 0.56
 19  22 0.50
 20   1 0.57
 20   2 0.49
 20   3 0.44
 20   4 0.42
 20   5 0.51
 20   6 0.56
 20   7 0.39
 20   8 0.52
 20   9 0.59
 20  10 0.47
 20  11 0.60
 20  12 0.45
 20  13 0.52
 20  14 0.56
 20  15 0.54
 20  16 0.54
 20  17 0.50
 20  18 0.43
 20  19 0.56
 20  20 1.00
 20  21 0.52
 20  22 0.42
 21   1 0.59
 21   2 0.67
 21   3 0.44
 21   4 0.26
 21   5 0.44
 21   6 0.72
 21   7 0.49
 21   8 0.63
 21   9 0.46
 21  10 0.50
 21  11 0.58
 21  12 0.51
 21  13 0.59
 21  14 0.50
 21  15 0.61
 21  16 0.60
 21  17 0.61
 21  18 0.64
 21  19 0.56
 21  20 0.52
 21  21 1.00
 21  22 0.61
 22   1 0.52
 22   2 0.56
 22   3 0.42
 22   4 0.22
 22   5 0.46
 22   6 0.53
 22   7 0.39
 22   8 0.52
 22   9 0.33
 22  10 0.54
 22  11 0.45
 22  12 0.40
 22  13 0.60
 22  14 0.51
 22  15 0.59
 22  16 0.44
 22  17 0.47
 22  18 0.61
 22  19 0.50
 22  20 0.42
 22  21 0.61
 22  22 1.00
