  1   1 1.00
  1   2 0.69
  1   3 0.64
  1   4 0.61
  1   5 0.65
  1   6 0.77
  1   7 0.63
  1   8 0.69
  1   9 0.64
  1  10 0.66
  1  11 0.67
  1  12 0.72
  1  13 0.71
  1  14 0.72
  1  15 0.73
  1  16 0.77
  1  17 0.73
  1  18 0.75
  1  19 0.73
  1  20 0.70
  1  21 0.66
  1  22 0.63
  2   1 0.69
  2   2 1.00
  2   3 0.46
  2   4 0.42
  2   5 0.57
  2   6 0.62
  2   7 0.60
  2   8 0.74
  2   9 0.47
  2  10 0.56
  2  11 0.45
  2  12 0.61
  2  13 0.60
  2  14 0.53
  2  15 0.61
  2  16 0.67
  2  17 0.53
  2  18 0.62
  2  19 0.56
  2  20 0.57
  2  21 0.60
  2  22 0.56
  3   1 0.64
  3   2 0.46
  3   3 1.00
  3   4 0.71
  3   5 0.64
  3   6 0.74
  3   7 0.51
  3   8 0.56
  3   9 0.73
  3  10 0.55
  3  11 0.60
  3  12 0.49
  3  13 0.77
  3  14 0.81
  3  15 0.57
  3  16 0.57
  3  17 0.64
  3  18 0.66
  3  19 0.68
  3  20 0.62
  3  21 0.48
  3  22 0.62
  4   1 0.61
  4   2 0.42
  4   3 0.71
  4   4 1.00
  4   5 0.53
  4   6 0.66
  4   7 0.42
  4   8 0.51
  4   9 0.52
  4  10 0.42
  4  11 0.55
  4  12 0.48
  4  13 0.59
  4  14 0.65
  4  15 0.52
  4  16 0.52
  4  17 0.56
  4  18 0.63
  4  19 0.60
  4  20 0.60
  4  21 0.46
  4  22 0.57
  5   1 0.65
  5   2 0.57
  5   3 0.64
  5   4 0.53
  5   5 1.00
  5   6 0.69
  5   7 0.61
  5   8 0.65
  5   9 0.67
  5  10 0.60
  5  11 0.54
  5  12 0.50
  5  13 0.64
  5  14 0.69
  5  15 0.72
  5  16 0.66
  5  17 0.51
  5  18 0.66
  5  19 0.61
  5  20 0.67
  5  21 0.65
  5  22 0.59
  6   1 0.77
  6   2 0.62
  6   3 0.74
  6   4 0.66
  6   5 0.69
  6   6 1.00
  6   7 0.58
  6   8 0.74
  6   9 0.68
  6  10 0.67
  6  11 0.69
  6  12 0.68
  6  13 0.76
  6  14 0.77
  6  15 0.75
  6  16 0.73
  6  17 0.72
  6  18 0.82
  6  19 0.80
  6  20 0.73
  6  21 0.68
  6  22 0.59
  7   1 0.63
  7   2 0.60
  7   3 0.51
  7   4 0.42
  7   5 0.61
  7   6 0.58
  7   7 1.00
  7   8 0.64
  7   9 0.48
  7  10 0.48
  7  11 0.41
  7  12 0.51
  7  13 0.58
  7  14 0.51
  7  15 0.52
  7  16 0.64
  7  17 0.47
  7  18 0.58
  7  19 0.50
  7  20 0.58
  7  21 0.55
  7  22 0.62
  8   1 0.69
  8   2 0.74
  8   3 0.56
  8   4 0.51
  8   5 0.65
  8   6 0.74
  8   7 0.64
  8   8 1.00
  8   9 0.51
  8  10 0.58
  8  11 0.48
  8  12 0.66
  8  13 0.66
  8  14 0.62
  8  15 0.72
  8  16 0.66
  8  17 0.56
  8  18 0.64
  8  19 0.66
  8  20 0.62
  8  21 0.71
  8  22 0.59
  9   1 0.64
  9   2 0.47
  9   3 0.73
  9   4 0.52
  9   5 0.67
  9   6 0.68
  9   7 0.48
  9   8 0.51
  9   9 1.00
  9  10 0.71
  9  11 0.71
  9  12 0.55
  9  13 0.76
  9  14 0.70
  9  15 0.61
  9  16 0.65
  9  17 0.69
  9  18 0.67
  9  19 0.62
  9  20 0.69
  9  21 0.57
  9  22 0.45
 10   1 0.66
 10   2 0.56
 10   3 0.55
 10   4 0.42
 10   5 0.60
 10   6 0.67
 10   7 0.48
 10   8 0.58
 10   9 0.71
 10  10 1.00
 10  11 0.66
 10  12 0.65
 10  13 0.71
 10  14 0.64
 10  15 0.69
 10  16 0.65
 10  17 0.74
 10  18 0.58
 10  19 0.70
 10  20 0.59
 10  21 0.67
 10  22 0.40
 11   1 0.67
 11   2 0.45
 11   3 0.60
 11   4 0.55
 11   5 0.54
 11   6 0.69
 11   7 0.41
 11   8 0.48
 11   9 0.71
 11  10 0.66
 11  11 1.00
 11  12 0.68
 11  13 0.69
 11  14 0.62
 11  15 0.65
 11  16 0.62
 11  17 0.75
 11  18 0.71
 11  19 0.69
 11  20 0.62
 11  21 0.59
 11  22 0.54
 12   1 0.72
 12   2 0.61
 12   3 0.49
 12   4 0.48
 12   5 0.50
 12   6 0.68
 12   7 0.51
 12   8 0.66
 12   9 0.55
 12  10 0.65
 12  11 0.68
 12  12 1.00
 12  13 0.65
 12  14 0.57
 12  15 0.68
 12  16 0.74
 12  17 0.76
 12  18 0.66
 12  19 0.67
 12  20 0.63
 12  21 0.73
 12  22 0.53
 13   1 0.71
 13   2 0.60
 13   3 0.77
 13   4 0.59
 13   5 0.64
 13   6 0.76
 13   7 0.58
 13   8 0.66
 13   9 0.76
 13  10 0.71
 13  11 0.69
 13  12 0.65
 13  13 1.00
 13  14 0.75
 13  15 0.66
 13  16 0.72
 13  17 0.75
 13  18 0.70
 13  19 0.70
 13  20 0.70
 13  21 0.63
 13  22 0.58
 14   1 0.72
 14   2 0.53
 14   3 0.81
 14   4 0.65
 14   5 0.69
 14   6 0.77
 14   7 0.51
 14   8 0.62
 14   9 0.70
 14  10 0.64
 14  11 0.62
 14  12 0.57
 14  13 0.75
 14  14 1.00
 14  15 0.67
 14  16 0.66
 14  17 0.69
 14  18 0.70
 14  19 0.73
 14  20 0.66
 14  21 0.57
 14  22 0.58
 15   1 0.73
 15   2 0.61
 15   3 0.57
 15   4 0.52
 15   5 0.72
 15   6 0.75
 15   7 0.52
 15   8 0.72
 15   9 0.61
 15  10 0.69
 15  11 0.65
 15  12 0.68
 15  13 0.66
 15  14 0.67
 15  15 1.00
 15  16 0.66
 15  17 0.66
 15  18 0.67
 15  19 0.71
 15  20 0.61
 15  21 0.72
 15  22 0.57
 16   1 0.77
 16   2 0.67
 16   3 0.57
 16   4 0.52
 16   5 0.66
 16   6 0.73
 16   7 0.64
 16   8 0.66
 16   9 0.65
 16  10 0.65
 16  11 0.62
 16  12 0.74
 16  13 0.72
 16  14 0.66
 16  15 0.66
 16  16 1.00
 16  17 0.72
 16  18 0.75
 16  19 0.67
 16  20 0.82
 16  21 0.68
 16  22 0.53
 17   1 0.73
 17   2 0.53
 17   3 0.64
 17   4 0.56
 17   5 0.51
 17   6 0.72
 17   7 0.47
 17   8 0.56
 17   9 0.69
 17  10 0.74
 17  11 0.75
 17  12 0.76
 17  13 0.75
 17  14 0.69
 17  15 0.66
 17  16 0.72
 17  17 1.00
 17  18 0.65
 17  19 0.71
 17  20 0.65
 17  21 0.63
 17  22 0.46
 18   1 0.75
 18   2 0.62
 18   3 0.66
 18   4 0.63
 18   5 0.66
 18   6 0.82
 18   7 0.58
 18   8 0.64
 18   9 0.67
 18  10 0.58
 18  11 0.71
 18  12 0.66
 18  13 0.70
 18  14 0.70
 18  15 0.67
 18  16 0.75
 18  17 0.65
 18  18 1.00
 18  19 0.70
 18  20 0.76
 18  21 0.63
 18  22 0.61
 19   1 0.73
 19   2 0.56
 19   3 0.68
 19   4 0.60
 19   5 0.61
 19   6 0.80
 19   7 0.50
 19   8 0.66
 19   9 0.62
 19  10 0.70
 19  11 0.69
 19  12 0.67
 19  13 0.70
 19  14 0.73
 19  15 0.71
 19  16 0.67
 19  17 0.71
 19  18 0.70
 19  19 1.00
 19  20 0.66
 19  21 0.60
 19  22 0.58
 20   1 0.70
 20   2 0.57
 20   3 0.62
 20   4 0.60
 20   5 0.67
 20   6 0.73
 20   7 0.58
 20   8 0.62
 20   9 0.69
 20  10 0.59
 20  11 0.62
 20  12 0.63
 20  13 0.70
 20  14 0.66
 20  15 0.61
 20  16 0.82
 20  17 0.65
 20  18 0.76
 20  19 0.66
 20  20 1.00
 20  21 0.61
 20  22 0.51
 21   1 0.66
 21   2 0.60
 21   3 0.48
 21   4 0.46
 21   5 0.65
 21   6 0.68
 21   7 0.55
 21   8 0.71
 21   9 0.57
 21  10 0.67
 21  11 0.59
 21  12 0.73
 21  13 0.63
 21  14 0.57
 21  15 0.72
 21  16 0.68
 21  17 0.63
 21  18 0.63
 21  19 0.60
 21  20 0.61
 21  21 1.00
 21  22 0.51
 22   1 0.63
 22   2 0.56
 22   3 0.62
 22   4 0.57
 22   5 0.59
 22   6 0.59
 22   7 0.62
 22   8 0.59
 22   9 0.45
 22  10 0.40
 22  11 0.54
 22  12 0.53
 22  13 0.58
 22  14 0.58
 22  15 0.57
 22  16 0.53
 22  17 0.46
 22  18 0.61
 22  19 0.58
 22  20 0.51
 22  21 0.51
 22  22 1.00
