  1   1 0.52
  1   2 0.63
  1   3 0.26
  1   4 0.37
  1   5 0.56
  1   6 0.61
  1   7 0.46
  1   8 0.59
  1   9 0.60
  1  10 0.49
  1  11 0.68
  1  12 0.68
  1  13 0.65
  1  14 0.64
  1  15 0.54
  1  16 0.60
  1  17 0.59
  1  18 0.54
  1  19 0.46
  1  20 0.54
  1  21 0.67
  1  22 0.57
  2   1 0.45
  2   2 0.38
  2   3 0.44
  2   4 0.65
  2   5 0.42
  2   6 0.39
  2   7 0.25
  2   8 0.39
  2   9 0.37
  2  10 0.45
  2  11 0.41
  2  12 0.13
  2  13 0.20
  2  14 0.26
  2  15 0.48
  2  16 0.35
  2  17 0.24
  2  18 0.33
  2  19 0.45
  2  20 0.36
  2  21 0.38
  2  22 0.33
  3   1 0.51
  3   2 0.50
  3   3 0.38
  3   4 0.28
  3   5 0.39
  3   6 0.54
  3   7 0.36
  3   8 0.67
  3   9 0.61
  3  10 0.36
  3  11 0.59
  3  12 0.65
  3  13 0.58
  3  14 0.70
  3  15 0.50
  3  16 0.68
  3  17 0.67
  3  18 0.72
  3  19 0.52
  3  20 0.55
  3  21 0.37
  3  22 0.39
  4   1 0.37
  4   2 0.51
  4   3 0.20
  4   4 0.29
  4   5 0.38
  4   6 0.39
  4   7 0.46
  4   8 0.39
  4   9 0.37
  4  10 0.35
  4  11 0.52
  4  12 0.44
  4  13 0.45
  4  14 0.44
  4  15 0.40
  4  16 0.39
  4  17 0.41
  4  18 0.35
  4  19 0.28
  4  20 0.31
  4  21 0.36
  4  22 0.31
  5   1 0.71
  5   2 0.66
  5   3 0.55
  5   4 0.39
  5   5 0.57
  5   6 0.69
  5   7 0.52
  5   8 0.77
  5   9 0.81
  5  10 0.55
  5  11 0.73
  5  12 0.58
  5  13 0.59
  5  14 0.81
  5  15 0.66
  5  16 0.84
  5  17 0.80
  5  18 0.73
  5  19 0.69
  5  20 0.74
  5  21 0.47
  5  22 0.58
  6   1 0.49
  6   2 0.48
  6   3 0.37
  6   4 0.28
  6   5 0.41
  6   6 0.53
  6   7 0.38
  6   8 0.64
  6   9 0.66
  6  10 0.39
  6  11 0.62
  6  12 0.57
  6  13 0.56
  6  14 0.76
  6  15 0.47
  6  16 0.66
  6  17 0.64
  6  18 0.59
  6  19 0.50
  6  20 0.61
  6  21 0.40
  6  22 0.42
  7   1 0.67
  7   2 0.77
  7   3 0.45
  7   4 0.45
  7   5 0.68
  7   6 0.74
  7   7 0.69
  7   8 0.74
  7   9 0.72
  7  10 0.61
  7  11 0.79
  7  12 0.64
  7  13 0.58
  7  14 0.65
  7  15 0.65
  7  16 0.80
  7  17 0.73
  7  18 0.67
  7  19 0.67
  7  20 0.68
  7  21 0.64
  7  22 0.62
  8   1 0.58
  8   2 0.50
  8   3 0.44
  8   4 0.26
  8   5 0.46
  8   6 0.48
  8   7 0.43
  8   8 0.65
  8   9 0.65
  8  10 0.42
  8  11 0.53
  8  12 0.51
  8  13 0.50
  8  14 0.77
  8  15 0.52
  8  16 0.68
  8  17 0.67
  8  18 0.66
  8  19 0.53
  8  20 0.61
  8  21 0.31
  8  22 0.50
  9   1 0.60
  9   2 0.60
  9   3 0.47
  9   4 0.35
  9   5 0.53
  9   6 0.57
  9   7 0.50
  9   8 0.75
  9   9 0.72
  9  10 0.48
  9  11 0.67
  9  12 0.52
  9  13 0.56
  9  14 0.78
  9  15 0.57
  9  16 0.72
  9  17 0.68
  9  18 0.65
  9  19 0.57
  9  20 0.62
  9  21 0.42
  9  22 0.50
 10   1 0.57
 10   2 0.57
 10   3 0.43
 10   4 0.29
 10   5 0.45
 10   6 0.49
 10   7 0.47
 10   8 0.64
 10   9 0.60
 10  10 0.45
 10  11 0.59
 10  12 0.54
 10  13 0.54
 10  14 0.75
 10  15 0.52
 10  16 0.65
 10  17 0.68
 10  18 0.54
 10  19 0.52
 10  20 0.62
 10  21 0.35
 10  22 0.45
 11   1 0.68
 11   2 0.66
 11   3 0.49
 11   4 0.37
 11   5 0.59
 11   6 0.58
 11   7 0.59
 11   8 0.78
 11   9 0.73
 11  10 0.55
 11  11 0.74
 11  12 0.52
 11  13 0.55
 11  14 0.77
 11  15 0.61
 11  16 0.74
 11  17 0.73
 11  18 0.63
 11  19 0.58
 11  20 0.66
 11  21 0.48
 11  22 0.54
 12   1 0.47
 12   2 0.57
 12   3 0.30
 12   4 0.34
 12   5 0.46
 12   6 0.57
 12   7 0.37
 12   8 0.58
 12   9 0.57
 12  10 0.41
 12  11 0.60
 12  12 0.75
 12  13 0.67
 12  14 0.63
 12  15 0.50
 12  16 0.67
 12  17 0.60
 12  18 0.60
 12  19 0.52
 12  20 0.56
 12  21 0.53
 12  22 0.50
 13   1 0.43
 13   2 0.38
 13   3 0.30
 13   4 0.40
 13   5 0.43
 13   6 0.29
 13   7 0.33
 13   8 0.45
 13   9 0.44
 13  10 0.47
 13  11 0.47
 13  12 0.22
 13  13 0.28
 13  14 0.40
 13  15 0.39
 13  16 0.42
 13  17 0.39
 13  18 0.38
 13  19 0.35
 13  20 0.32
 13  21 0.25
 13  22 0.33
 14   1 0.46
 14   2 0.49
 14   3 0.29
 14   4 0.28
 14   5 0.44
 14   6 0.51
 14   7 0.37
 14   8 0.62
 14   9 0.61
 14  10 0.39
 14  11 0.59
 14  12 0.76
 14  13 0.67
 14  14 0.68
 14  15 0.51
 14  16 0.65
 14  17 0.65
 14  18 0.61
 14  19 0.47
 14  20 0.52
 14  21 0.46
 14  22 0.46
 15   1 0.54
 15   2 0.53
 15   3 0.38
 15   4 0.31
 15   5 0.48
 15   6 0.55
 15   7 0.39
 15   8 0.68
 15   9 0.68
 15  10 0.42
 15  11 0.57
 15  12 0.63
 15  13 0.60
 15  14 0.81
 15  15 0.50
 15  16 0.68
 15  17 0.71
 15  18 0.65
 15  19 0.57
 15  20 0.68
 15  21 0.39
 15  22 0.46
 16   1 0.72
 16   2 0.69
 16   3 0.48
 16   4 0.52
 16   5 0.57
 16   6 0.74
 16   7 0.47
 16   8 0.71
 16   9 0.68
 16  10 0.56
 16  11 0.75
 16  12 0.57
 16  13 0.64
 16  14 0.64
 16  15 0.75
 16  16 0.73
 16  17 0.66
 16  18 0.78
 16  19 0.59
 16  20 0.57
 16  21 0.65
 16  22 0.53
 17   1 0.61
 17   2 0.66
 17   3 0.38
 17   4 0.36
 17   5 0.60
 17   6 0.65
 17   7 0.53
 17   8 0.73
 17   9 0.74
 17  10 0.54
 17  11 0.70
 17  12 0.69
 17  13 0.62
 17  14 0.77
 17  15 0.56
 17  16 0.76
 17  17 0.73
 17  18 0.67
 17  19 0.58
 17  20 0.68
 17  21 0.58
 17  22 0.60
 18   1 0.62
 18   2 0.56
 18   3 0.44
 18   4 0.42
 18   5 0.58
 18   6 0.47
 18   7 0.55
 18   8 0.64
 18   9 0.65
 18  10 0.67
 18  11 0.66
 18  12 0.41
 18  13 0.39
 18  14 0.64
 18  15 0.55
 18  16 0.62
 18  17 0.60
 18  18 0.52
 18  19 0.47
 18  20 0.53
 18  21 0.45
 18  22 0.53
 19   1 0.65
 19   2 0.63
 19   3 0.51
 19   4 0.46
 19   5 0.62
 19   6 0.57
 19   7 0.57
 19   8 0.78
 19   9 0.76
 19  10 0.61
 19  11 0.72
 19  12 0.52
 19  13 0.52
 19  14 0.77
 19  15 0.61
 19  16 0.76
 19  17 0.69
 19  18 0.63
 19  19 0.60
 19  20 0.65
 19  21 0.45
 19  22 0.53
 20   1 0.68
 20   2 0.62
 20   3 0.55
 20   4 0.48
 20   5 0.62
 20   6 0.59
 20   7 0.53
 20   8 0.75
 20   9 0.75
 20  10 0.60
 20  11 0.68
 20  12 0.55
 20  13 0.54
 20  14 0.78
 20  15 0.65
 20  16 0.75
 20  17 0.65
 20  18 0.69
 20  19 0.61
 20  20 0.66
 20  21 0.51
 20  22 0.61
 21   1 0.34
 21   2 0.21
 21   3 0.28
 21   4 0.22
 21   5 0.23
 21   6 0.18
 21   7 0.24
 21   8 0.29
 21   9 0.31
 21  10 0.35
 21  11 0.31
 21  12 0.09
 21  13 0.11
 21  14 0.39
 21  15 0.25
 21  16 0.28
 21  17 0.27
 21  18 0.17
 21  19 0.32
 21  20 0.39
 21  21 0.13
 21  22 0.20
 22   1 0.60
 22   2 0.64
 22   3 0.39
 22   4 0.46
 22   5 0.53
 22   6 0.65
 22   7 0.46
 22   8 0.71
 22   9 0.65
 22  10 0.51
 22  11 0.69
 22  12 0.70
 22  13 0.69
 22  14 0.69
 22  15 0.62
 22  16 0.71
 22  17 0.65
 22  18 0.70
 22  19 0.56
 22  20 0.57
 22  21 0.56
 22  22 0.51
  1   1 0.51
  1   2 0.63
  1   3 0.26
  1   4 0.37
  1   5 0.56
  1   6 0.60
  1   7 0.46
  1   8 0.58
  1   9 0.60
  1  10 0.49
  1  11 0.68
  1  12 0.68
  1  13 0.65
  1  14 0.64
  1  15 0.54
  1  16 0.60
  1  17 0.58
  1  18 0.54
  1  19 0.45
  1  20 0.54
  1  21 0.66
  1  22 0.57
  2   1 0.45
  2   2 0.38
  2   3 0.44
  2   4 0.65
  2   5 0.42
  2   6 0.39
  2   7 0.25
  2   8 0.39
  2   9 0.37
  2  10 0.45
  2  11 0.40
  2  12 0.12
  2  13 0.20
  2  14 0.26
  2  15 0.47
  2  16 0.35
  2  17 0.24
  2  18 0.33
  2  19 0.45
  2  20 0.36
  2  21 0.38
  2  22 0.33
  3   1 0.50
  3   2 0.50
  3   3 0.38
  3   4 0.28
  3   5 0.39
  3   6 0.54
  3   7 0.36
  3   8 0.67
  3   9 0.61
  3  10 0.36
  3  11 0.58
  3  12 0.65
  3  13 0.57
  3  14 0.70
  3  15 0.50
  3  16 0.68
  3  17 0.67
  3  18 0.72
  3  19 0.52
  3  20 0.55
  3  21 0.37
  3  22 0.38
  4   1 0.37
  4   2 0.51
  4   3 0.20
  4   4 0.28
  4   5 0.38
  4   6 0.38
  4   7 0.46
  4   8 0.39
  4   9 0.37
  4  10 0.35
  4  11 0.52
  4  12 0.44
  4  13 0.45
  4  14 0.44
  4  15 0.40
  4  16 0.39
  4  17 0.41
  4  18 0.34
  4  19 0.28
  4  20 0.30
  4  21 0.36
  4  22 0.31
  5   1 0.71
  5   2 0.66
  5   3 0.55
  5   4 0.39
  5   5 0.56
  5   6 0.68
  5   7 0.52
  5   8 0.77
  5   9 0.80
  5  10 0.54
  5  11 0.73
  5  12 0.58
  5  13 0.58
  5  14 0.81
  5  15 0.66
  5  16 0.84
  5  17 0.80
  5  18 0.73
  5  19 0.69
  5  20 0.74
  5  21 0.47
  5  22 0.57
  6   1 0.48
  6   2 0.48
  6   3 0.36
  6   4 0.27
  6   5 0.41
  6   6 0.52
  6   7 0.37
  6   8 0.64
  6   9 0.66
  6  10 0.39
  6  11 0.62
  6  12 0.56
  6  13 0.56
  6  14 0.76
  6  15 0.47
  6  16 0.65
  6  17 0.64
  6  18 0.59
  6  19 0.50
  6  20 0.60
  6  21 0.39
  6  22 0.41
  7   1 0.67
  7   2 0.77
  7   3 0.45
  7   4 0.45
  7   5 0.67
  7   6 0.74
  7   7 0.69
  7   8 0.74
  7   9 0.72
  7  10 0.61
  7  11 0.79
  7  12 0.64
  7  13 0.58
  7  14 0.65
  7  15 0.65
  7  16 0.80
  7  17 0.73
  7  18 0.67
  7  19 0.67
  7  20 0.68
  7  21 0.64
  7  22 0.62
  8   1 0.58
  8   2 0.50
  8   3 0.44
  8   4 0.25
  8   5 0.45
  8   6 0.48
  8   7 0.43
  8   8 0.65
  8   9 0.65
  8  10 0.42
  8  11 0.53
  8  12 0.51
  8  13 0.49
  8  14 0.76
  8  15 0.51
  8  16 0.68
  8  17 0.67
  8  18 0.65
  8  19 0.52
  8  20 0.60
  8  21 0.31
  8  22 0.49
  9   1 0.59
  9   2 0.59
  9   3 0.47
  9   4 0.34
  9   5 0.53
  9   6 0.56
  9   7 0.50
  9   8 0.75
  9   9 0.72
  9  10 0.48
  9  11 0.67
  9  12 0.52
  9  13 0.56
  9  14 0.78
  9  15 0.57
  9  16 0.72
  9  17 0.68
  9  18 0.65
  9  19 0.57
  9  20 0.62
  9  21 0.42
  9  22 0.50
 10   1 0.57
 10   2 0.56
 10   3 0.43
 10   4 0.28
 10   5 0.45
 10   6 0.49
 10   7 0.47
 10   8 0.64
 10   9 0.60
 10  10 0.44
 10  11 0.59
 10  12 0.54
 10  13 0.54
 10  14 0.75
 10  15 0.52
 10  16 0.65
 10  17 0.67
 10  18 0.53
 10  19 0.51
 10  20 0.62
 10  21 0.35
 10  22 0.45
 11   1 0.68
 11   2 0.66
 11   3 0.49
 11   4 0.37
 11   5 0.58
 11   6 0.58
 11   7 0.59
 11   8 0.78
 11   9 0.73
 11  10 0.55
 11  11 0.73
 11  12 0.51
 11  13 0.55
 11  14 0.77
 11  15 0.61
 11  16 0.74
 11  17 0.73
 11  18 0.63
 11  19 0.58
 11  20 0.66
 11  21 0.47
 11  22 0.54
 12   1 0.47
 12   2 0.56
 12   3 0.30
 12   4 0.34
 12   5 0.46
 12   6 0.57
 12   7 0.37
 12   8 0.58
 12   9 0.57
 12  10 0.41
 12  11 0.60
 12  12 0.75
 12  13 0.67
 12  14 0.62
 12  15 0.50
 12  16 0.66
 12  17 0.60
 12  18 0.60
 12  19 0.52
 12  20 0.55
 12  21 0.53
 12  22 0.50
 13   1 0.43
 13   2 0.38
 13   3 0.30
 13   4 0.40
 13   5 0.43
 13   6 0.28
 13   7 0.33
 13   8 0.45
 13   9 0.44
 13  10 0.47
 13  11 0.47
 13  12 0.22
 13  13 0.28
 13  14 0.40
 13  15 0.39
 13  16 0.41
 13  17 0.39
 13  18 0.38
 13  19 0.35
 13  20 0.31
 13  21 0.25
 13  22 0.33
 14   1 0.46
 14   2 0.49
 14   3 0.28
 14   4 0.28
 14   5 0.44
 14   6 0.50
 14   7 0.37
 14   8 0.62
 14   9 0.60
 14  10 0.39
 14  11 0.59
 14  12 0.76
 14  13 0.67
 14  14 0.68
 14  15 0.51
 14  16 0.65
 14  17 0.65
 14  18 0.60
 14  19 0.47
 14  20 0.51
 14  21 0.46
 14  22 0.46
 15   1 0.54
 15   2 0.53
 15   3 0.38
 15   4 0.31
 15   5 0.47
 15   6 0.55
 15   7 0.39
 15   8 0.68
 15   9 0.67
 15  10 0.42
 15  11 0.57
 15  12 0.63
 15  13 0.59
 15  14 0.81
 15  15 0.49
 15  16 0.68
 15  17 0.71
 15  18 0.65
 15  19 0.57
 15  20 0.67
 15  21 0.39
 15  22 0.46
 16   1 0.71
 16   2 0.68
 16   3 0.48
 16   4 0.51
 16   5 0.57
 16   6 0.74
 16   7 0.47
 16   8 0.71
 16   9 0.68
 16  10 0.56
 16  11 0.75
 16  12 0.57
 16  13 0.63
 16  14 0.64
 16  15 0.75
 16  16 0.73
 16  17 0.66
 16  18 0.78
 16  19 0.59
 16  20 0.56
 16  21 0.65
 16  22 0.53
 17   1 0.61
 17   2 0.66
 17   3 0.38
 17   4 0.36
 17   5 0.60
 17   6 0.64
 17   7 0.53
 17   8 0.73
 17   9 0.74
 17  10 0.54
 17  11 0.70
 17  12 0.69
 17  13 0.62
 17  14 0.77
 17  15 0.56
 17  16 0.76
 17  17 0.72
 17  18 0.67
 17  19 0.58
 17  20 0.68
 17  21 0.58
 17  22 0.60
 18   1 0.61
 18   2 0.56
 18   3 0.43
 18   4 0.42
 18   5 0.57
 18   6 0.47
 18   7 0.55
 18   8 0.64
 18   9 0.65
 18  10 0.66
 18  11 0.66
 18  12 0.41
 18  13 0.39
 18  14 0.63
 18  15 0.55
 18  16 0.62
 18  17 0.59
 18  18 0.52
 18  19 0.46
 18  20 0.53
 18  21 0.44
 18  22 0.53
 19   1 0.65
 19   2 0.62
 19   3 0.50
 19   4 0.46
 19   5 0.62
 19   6 0.57
 19   7 0.57
 19   8 0.78
 19   9 0.76
 19  10 0.61
 19  11 0.72
 19  12 0.52
 19  13 0.51
 19  14 0.77
 19  15 0.61
 19  16 0.76
 19  17 0.69
 19  18 0.62
 19  19 0.60
 19  20 0.64
 19  21 0.45
 19  22 0.53
 20   1 0.68
 20   2 0.62
 20   3 0.55
 20   4 0.48
 20   5 0.61
 20   6 0.59
 20   7 0.53
 20   8 0.75
 20   9 0.75
 20  10 0.60
 20  11 0.68
 20  12 0.55
 20  13 0.54
 20  14 0.77
 20  15 0.65
 20  16 0.74
 20  17 0.65
 20  18 0.69
 20  19 0.60
 20  20 0.66
 20  21 0.51
 20  22 0.60
 21   1 0.34
 21   2 0.21
 21   3 0.28
 21   4 0.22
 21   5 0.22
 21   6 0.18
 21   7 0.24
 21   8 0.28
 21   9 0.31
 21  10 0.35
 21  11 0.31
 21  12 0.09
 21  13 0.11
 21  14 0.39
 21  15 0.24
 21  16 0.28
 21  17 0.27
 21  18 0.17
 21  19 0.32
 21  20 0.39
 21  21 0.13
 21  22 0.20
 22   1 0.59
 22   2 0.64
 22   3 0.38
 22   4 0.46
 22   5 0.53
 22   6 0.65
 22   7 0.46
 22   8 0.71
 22   9 0.64
 22  10 0.51
 22  11 0.68
 22  12 0.69
 22  13 0.69
 22  14 0.69
 22  15 0.62
 22  16 0.70
 22  17 0.65
 22  18 0.70
 22  19 0.55
 22  20 0.57
 22  21 0.56
 22  22 0.51
