  1   1 0.49
  1   2 0.34
  1   3 0.54
  1   4 0.30
  1   5 0.54
  1   6 0.48
  1   7 0.27
  1   8 0.46
  1   9 0.52
  1  10 0.48
  1  11 0.57
  1  12 0.44
  1  13 0.61
  1  14 0.43
  1  15 0.48
  1  16 0.46
  1  17 0.56
  1  18 0.50
  1  19 0.60
  1  20 0.47
  1  21 0.54
  1  22 0.45
  2   1 0.38
  2   2 0.39
  2   3 0.53
  2   4 0.27
  2   5 0.46
  2   6 0.41
  2   7 0.22
  2   8 0.39
  2   9 0.48
  2  10 0.47
  2  11 0.38
  2  12 0.38
  2  13 0.39
  2  14 0.42
  2  15 0.53
  2  16 0.36
  2  17 0.42
  2  18 0.46
  2  19 0.42
  2  20 0.39
  2  21 0.49
  2  22 0.45
  3   1 0.43
  3   2 0.35
  3   3 0.43
  3   4 0.21
  3   5 0.44
  3   6 0.59
  3   7 0.19
  3   8 0.28
  3   9 0.28
  3  10 0.50
  3  11 0.43
  3  12 0.37
  3  13 0.36
  3  14 0.35
  3  15 0.43
  3  16 0.45
  3  17 0.45
  3  18 0.43
  3  19 0.44
  3  20 0.34
  3  21 0.40
  3  22 0.49
  4   1 0.42
  4   2 0.35
  4   3 0.38
  4   4 0.27
  4   5 0.46
  4   6 0.53
  4   7 0.17
  4   8 0.28
  4   9 0.37
  4  10 0.51
  4  11 0.36
  4  12 0.31
  4  13 0.34
  4  14 0.33
  4  15 0.49
  4  16 0.49
  4  17 0.44
  4  18 0.43
  4  19 0.36
  4  20 0.35
  4  21 0.47
  4  22 0.50
  5   1 0.37
  5   2 0.43
  5   3 0.44
  5   4 0.22
  5   5 0.57
  5   6 0.45
  5   7 0.27
  5   8 0.42
  5   9 0.53
  5  10 0.53
  5  11 0.42
  5  12 0.39
  5  13 0.38
  5  14 0.48
  5  15 0.56
  5  16 0.39
  5  17 0.39
  5  18 0.53
  5  19 0.43
  5  20 0.40
  5  21 0.59
  5  22 0.46
  6   1 0.38
  6   2 0.33
  6   3 0.36
  6   4 0.26
  6   5 0.37
  6   6 0.51
  6   7 0.22
  6   8 0.44
  6   9 0.43
  6  10 0.56
  6  11 0.48
  6  12 0.37
  6  13 0.45
  6  14 0.26
  6  15 0.44
  6  16 0.54
  6  17 0.38
  6  18 0.55
  6  19 0.43
  6  20 0.32
  6  21 0.48
  6  22 0.53
  7   1 0.52
  7   2 0.42
  7   3 0.48
  7   4 0.29
  7   5 0.49
  7   6 0.67
  7   7 0.32
  7   8 0.47
  7   9 0.52
  7  10 0.71
  7  11 0.58
  7  12 0.51
  7  13 0.55
  7  14 0.38
  7  15 0.52
  7  16 0.63
  7  17 0.52
  7  18 0.61
  7  19 0.61
  7  20 0.48
  7  21 0.58
  7  22 0.64
  8   1 0.49
  8   2 0.33
  8   3 0.41
  8   4 0.22
  8   5 0.44
  8   6 0.59
  8   7 0.28
  8   8 0.42
  8   9 0.39
  8  10 0.61
  8  11 0.49
  8  12 0.45
  8  13 0.37
  8  14 0.33
  8  15 0.46
  8  16 0.60
  8  17 0.41
  8  18 0.45
  8  19 0.48
  8  20 0.41
  8  21 0.50
  8  22 0.57
  9   1 0.43
  9   2 0.36
  9   3 0.43
  9   4 0.25
  9   5 0.45
  9   6 0.60
  9   7 0.26
  9   8 0.42
  9   9 0.43
  9  10 0.62
  9  11 0.52
  9  12 0.46
  9  13 0.39
  9  14 0.31
  9  15 0.50
  9  16 0.61
  9  17 0.41
  9  18 0.62
  9  19 0.54
  9  20 0.42
  9  21 0.50
  9  22 0.60
 10   1 0.53
 10   2 0.41
 10   3 0.54
 10   4 0.30
 10   5 0.54
 10   6 0.66
 10   7 0.31
 10   8 0.51
 10   9 0.53
 10  10 0.66
 10  11 0.61
 10  12 0.53
 10  13 0.61
 10  14 0.43
 10  15 0.59
 10  16 0.62
 10  17 0.58
 10  18 0.62
 10  19 0.66
 10  20 0.49
 10  21 0.62
 10  22 0.64
 11   1 0.22
 11   2 0.26
 11   3 0.23
 11   4 0.14
 11   5 0.26
 11   6 0.34
 11   7 0.22
 11   8 0.19
 11   9 0.15
 11  10 0.32
 11  11 0.19
 11  12 0.26
 11  13 0.24
 11  14 0.30
 11  15 0.27
 11  16 0.30
 11  17 0.29
 11  18 0.26
 11  19 0.28
 11  20 0.18
 11  21 0.29
 11  22 0.31
 12   1 0.35
 12   2 0.36
 12   3 0.32
 12   4 0.27
 12   5 0.37
 12   6 0.55
 12   7 0.21
 12   8 0.37
 12   9 0.37
 12  10 0.59
 12  11 0.37
 12  12 0.33
 12  13 0.43
 12  14 0.29
 12  15 0.47
 12  16 0.57
 12  17 0.39
 12  18 0.56
 12  19 0.37
 12  20 0.30
 12  21 0.49
 12  22 0.54
 13   1 0.40
 13   2 0.36
 13   3 0.45
 13   4 0.38
 13   5 0.41
 13   6 0.54
 13   7 0.23
 13   8 0.33
 13   9 0.42
 13  10 0.52
 13  11 0.41
 13  12 0.37
 13  13 0.34
 13  14 0.37
 13  15 0.49
 13  16 0.46
 13  17 0.44
 13  18 0.55
 13  19 0.43
 13  20 0.39
 13  21 0.49
 13  22 0.51
 14   1 0.53
 14   2 0.29
 14   3 0.59
 14   4 0.17
 14   5 0.48
 14   6 0.54
 14   7 0.30
 14   8 0.43
 14   9 0.37
 14  10 0.51
 14  11 0.58
 14  12 0.51
 14  13 0.56
 14  14 0.39
 14  15 0.45
 14  16 0.48
 14  17 0.52
 14  18 0.43
 14  19 0.62
 14  20 0.51
 14  21 0.47
 14  22 0.48
 15   1 0.46
 15   2 0.37
 15   3 0.50
 15   4 0.23
 15   5 0.52
 15   6 0.62
 15   7 0.36
 15   8 0.56
 15   9 0.52
 15  10 0.64
 15  11 0.61
 15  12 0.52
 15  13 0.47
 15  14 0.39
 15  15 0.56
 15  16 0.62
 15  17 0.46
 15  18 0.63
 15  19 0.58
 15  20 0.50
 15  21 0.63
 15  22 0.59
 16   1 0.47
 16   2 0.47
 16   3 0.54
 16   4 0.29
 16   5 0.59
 16   6 0.62
 16   7 0.28
 16   8 0.49
 16   9 0.52
 16  10 0.61
 16  11 0.52
 16  12 0.48
 16  13 0.53
 16  14 0.49
 16  15 0.62
 16  16 0.56
 16  17 0.52
 16  18 0.61
 16  19 0.52
 16  20 0.46
 16  21 0.63
 16  22 0.60
 17   1 0.40
 17   2 0.40
 17   3 0.43
 17   4 0.25
 17   5 0.44
 17   6 0.58
 17   7 0.26
 17   8 0.38
 17   9 0.43
 17  10 0.64
 17  11 0.46
 17  12 0.39
 17  13 0.45
 17  14 0.32
 17  15 0.52
 17  16 0.58
 17  17 0.44
 17  18 0.62
 17  19 0.49
 17  20 0.37
 17  21 0.48
 17  22 0.54
 18   1 0.38
 18   2 0.33
 18   3 0.51
 18   4 0.26
 18   5 0.46
 18   6 0.50
 18   7 0.28
 18   8 0.49
 18   9 0.53
 18  10 0.57
 18  11 0.58
 18  12 0.55
 18  13 0.52
 18  14 0.35
 18  15 0.49
 18  16 0.56
 18  17 0.44
 18  18 0.57
 18  19 0.60
 18  20 0.43
 18  21 0.53
 18  22 0.53
 19   1 0.44
 19   2 0.35
 19   3 0.52
 19   4 0.24
 19   5 0.51
 19   6 0.51
 19   7 0.35
 19   8 0.51
 19   9 0.53
 19  10 0.61
 19  11 0.62
 19  12 0.50
 19  13 0.63
 19  14 0.40
 19  15 0.52
 19  16 0.50
 19  17 0.49
 19  18 0.57
 19  19 0.64
 19  20 0.43
 19  21 0.57
 19  22 0.53
 20   1 0.39
 20   2 0.28
 20   3 0.45
 20   4 0.22
 20   5 0.43
 20   6 0.41
 20   7 0.23
 20   8 0.39
 20   9 0.44
 20  10 0.45
 20  11 0.40
 20  12 0.34
 20  13 0.40
 20  14 0.37
 20  15 0.42
 20  16 0.38
 20  17 0.48
 20  18 0.38
 20  19 0.50
 20  20 0.42
 20  21 0.46
 20  22 0.38
 21   1 0.40
 21   2 0.32
 21   3 0.39
 21   4 0.22
 21   5 0.46
 21   6 0.51
 21   7 0.37
 21   8 0.53
 21   9 0.53
 21  10 0.59
 21  11 0.48
 21  12 0.40
 21  13 0.56
 21  14 0.28
 21  15 0.48
 21  16 0.56
 21  17 0.44
 21  18 0.52
 21  19 0.48
 21  20 0.39
 21  21 0.56
 21  22 0.51
 22   1 0.45
 22   2 0.32
 22   3 0.37
 22   4 0.23
 22   5 0.39
 22   6 0.53
 22   7 0.17
 22   8 0.33
 22   9 0.31
 22  10 0.43
 22  11 0.41
 22  12 0.31
 22  13 0.32
 22  14 0.32
 22  15 0.42
 22  16 0.46
 22  17 0.41
 22  18 0.33
 22  19 0.36
 22  20 0.41
 22  21 0.38
 22  22 0.43
  1   1 0.49
  1   2 0.34
  1   3 0.54
  1   4 0.30
  1   5 0.54
  1   6 0.48
  1   7 0.27
  1   8 0.46
  1   9 0.52
  1  10 0.48
  1  11 0.57
  1  12 0.44
  1  13 0.61
  1  14 0.43
  1  15 0.48
  1  16 0.46
  1  17 0.56
  1  18 0.50
  1  19 0.60
  1  20 0.47
  1  21 0.54
  1  22 0.45
  2   1 0.38
  2   2 0.39
  2   3 0.53
  2   4 0.27
  2   5 0.46
  2   6 0.41
  2   7 0.22
  2   8 0.39
  2   9 0.48
  2  10 0.46
  2  11 0.38
  2  12 0.38
  2  13 0.39
  2  14 0.41
  2  15 0.53
  2  16 0.36
  2  17 0.42
  2  18 0.46
  2  19 0.42
  2  20 0.39
  2  21 0.48
  2  22 0.45
  3   1 0.43
  3   2 0.34
  3   3 0.43
  3   4 0.21
  3   5 0.44
  3   6 0.59
  3   7 0.19
  3   8 0.27
  3   9 0.28
  3  10 0.50
  3  11 0.43
  3  12 0.37
  3  13 0.36
  3  14 0.35
  3  15 0.42
  3  16 0.45
  3  17 0.45
  3  18 0.43
  3  19 0.44
  3  20 0.34
  3  21 0.40
  3  22 0.48
  4   1 0.42
  4   2 0.35
  4   3 0.38
  4   4 0.27
  4   5 0.46
  4   6 0.53
  4   7 0.17
  4   8 0.28
  4   9 0.37
  4  10 0.51
  4  11 0.36
  4  12 0.31
  4  13 0.34
  4  14 0.33
  4  15 0.49
  4  16 0.49
  4  17 0.44
  4  18 0.43
  4  19 0.36
  4  20 0.35
  4  21 0.47
  4  22 0.50
  5   1 0.37
  5   2 0.43
  5   3 0.44
  5   4 0.22
  5   5 0.56
  5   6 0.45
  5   7 0.27
  5   8 0.42
  5   9 0.53
  5  10 0.53
  5  11 0.42
  5  12 0.39
  5  13 0.38
  5  14 0.48
  5  15 0.55
  5  16 0.39
  5  17 0.39
  5  18 0.53
  5  19 0.42
  5  20 0.40
  5  21 0.59
  5  22 0.45
  6   1 0.38
  6   2 0.33
  6   3 0.36
  6   4 0.25
  6   5 0.37
  6   6 0.50
  6   7 0.22
  6   8 0.43
  6   9 0.43
  6  10 0.56
  6  11 0.47
  6  12 0.37
  6  13 0.45
  6  14 0.26
  6  15 0.44
  6  16 0.54
  6  17 0.38
  6  18 0.55
  6  19 0.43
  6  20 0.31
  6  21 0.48
  6  22 0.53
  7   1 0.52
  7   2 0.42
  7   3 0.48
  7   4 0.29
  7   5 0.49
  7   6 0.66
  7   7 0.32
  7   8 0.46
  7   9 0.52
  7  10 0.71
  7  11 0.58
  7  12 0.51
  7  13 0.55
  7  14 0.38
  7  15 0.51
  7  16 0.62
  7  17 0.52
  7  18 0.61
  7  19 0.61
  7  20 0.48
  7  21 0.58
  7  22 0.64
  8   1 0.49
  8   2 0.33
  8   3 0.41
  8   4 0.22
  8   5 0.44
  8   6 0.59
  8   7 0.28
  8   8 0.42
  8   9 0.39
  8  10 0.61
  8  11 0.49
  8  12 0.45
  8  13 0.37
  8  14 0.33
  8  15 0.46
  8  16 0.60
  8  17 0.41
  8  18 0.44
  8  19 0.48
  8  20 0.41
  8  21 0.50
  8  22 0.57
  9   1 0.43
  9   2 0.36
  9   3 0.43
  9   4 0.25
  9   5 0.45
  9   6 0.60
  9   7 0.26
  9   8 0.42
  9   9 0.43
  9  10 0.62
  9  11 0.52
  9  12 0.46
  9  13 0.39
  9  14 0.31
  9  15 0.50
  9  16 0.61
  9  17 0.41
  9  18 0.62
  9  19 0.54
  9  20 0.42
  9  21 0.50
  9  22 0.60
 10   1 0.53
 10   2 0.41
 10   3 0.54
 10   4 0.30
 10   5 0.54
 10   6 0.65
 10   7 0.31
 10   8 0.51
 10   9 0.53
 10  10 0.65
 10  11 0.60
 10  12 0.53
 10  13 0.61
 10  14 0.43
 10  15 0.58
 10  16 0.62
 10  17 0.57
 10  18 0.61
 10  19 0.65
 10  20 0.49
 10  21 0.61
 10  22 0.64
 11   1 0.22
 11   2 0.25
 11   3 0.23
 11   4 0.14
 11   5 0.25
 11   6 0.34
 11   7 0.22
 11   8 0.18
 11   9 0.15
 11  10 0.32
 11  11 0.19
 11  12 0.26
 11  13 0.24
 11  14 0.30
 11  15 0.27
 11  16 0.29
 11  17 0.28
 11  18 0.26
 11  19 0.28
 11  20 0.18
 11  21 0.28
 11  22 0.30
 12   1 0.35
 12   2 0.36
 12   3 0.31
 12   4 0.27
 12   5 0.37
 12   6 0.55
 12   7 0.21
 12   8 0.37
 12   9 0.37
 12  10 0.59
 12  11 0.36
 12  12 0.33
 12  13 0.43
 12  14 0.29
 12  15 0.47
 12  16 0.57
 12  17 0.39
 12  18 0.56
 12  19 0.37
 12  20 0.30
 12  21 0.49
 12  22 0.53
 13   1 0.40
 13   2 0.35
 13   3 0.45
 13   4 0.38
 13   5 0.41
 13   6 0.54
 13   7 0.23
 13   8 0.33
 13   9 0.42
 13  10 0.52
 13  11 0.41
 13  12 0.37
 13  13 0.34
 13  14 0.37
 13  15 0.49
 13  16 0.45
 13  17 0.44
 13  18 0.54
 13  19 0.43
 13  20 0.39
 13  21 0.49
 13  22 0.51
 14   1 0.53
 14   2 0.29
 14   3 0.59
 14   4 0.17
 14   5 0.48
 14   6 0.54
 14   7 0.30
 14   8 0.43
 14   9 0.37
 14  10 0.51
 14  11 0.58
 14  12 0.51
 14  13 0.56
 14  14 0.39
 14  15 0.45
 14  16 0.48
 14  17 0.51
 14  18 0.42
 14  19 0.62
 14  20 0.51
 14  21 0.47
 14  22 0.48
 15   1 0.46
 15   2 0.37
 15   3 0.49
 15   4 0.23
 15   5 0.52
 15   6 0.62
 15   7 0.36
 15   8 0.56
 15   9 0.52
 15  10 0.64
 15  11 0.61
 15  12 0.52
 15  13 0.46
 15  14 0.39
 15  15 0.56
 15  16 0.62
 15  17 0.46
 15  18 0.63
 15  19 0.58
 15  20 0.50
 15  21 0.62
 15  22 0.59
 16   1 0.47
 16   2 0.47
 16   3 0.54
 16   4 0.29
 16   5 0.59
 16   6 0.62
 16   7 0.27
 16   8 0.48
 16   9 0.52
 16  10 0.61
 16  11 0.52
 16  12 0.48
 16  13 0.53
 16  14 0.48
 16  15 0.61
 16  16 0.56
 16  17 0.52
 16  18 0.61
 16  19 0.52
 16  20 0.46
 16  21 0.63
 16  22 0.60
 17   1 0.40
 17   2 0.40
 17   3 0.43
 17   4 0.25
 17   5 0.43
 17   6 0.58
 17   7 0.26
 17   8 0.37
 17   9 0.43
 17  10 0.64
 17  11 0.46
 17  12 0.39
 17  13 0.45
 17  14 0.32
 17  15 0.52
 17  16 0.58
 17  17 0.44
 17  18 0.61
 17  19 0.49
 17  20 0.37
 17  21 0.48
 17  22 0.54
 18   1 0.38
 18   2 0.33
 18   3 0.51
 18   4 0.25
 18   5 0.46
 18   6 0.50
 18   7 0.28
 18   8 0.49
 18   9 0.53
 18  10 0.57
 18  11 0.58
 18  12 0.55
 18  13 0.51
 18  14 0.34
 18  15 0.48
 18  16 0.55
 18  17 0.44
 18  18 0.57
 18  19 0.60
 18  20 0.43
 18  21 0.53
 18  22 0.53
 19   1 0.44
 19   2 0.35
 19   3 0.52
 19   4 0.24
 19   5 0.51
 19   6 0.51
 19   7 0.35
 19   8 0.50
 19   9 0.53
 19  10 0.61
 19  11 0.62
 19  12 0.50
 19  13 0.63
 19  14 0.40
 19  15 0.52
 19  16 0.50
 19  17 0.49
 19  18 0.57
 19  19 0.64
 19  20 0.43
 19  21 0.57
 19  22 0.53
 20   1 0.39
 20   2 0.28
 20   3 0.45
 20   4 0.22
 20   5 0.43
 20   6 0.41
 20   7 0.23
 20   8 0.39
 20   9 0.44
 20  10 0.45
 20  11 0.40
 20  12 0.34
 20  13 0.40
 20  14 0.37
 20  15 0.42
 20  16 0.38
 20  17 0.48
 20  18 0.38
 20  19 0.50
 20  20 0.42
 20  21 0.46
 20  22 0.38
 21   1 0.40
 21   2 0.31
 21   3 0.39
 21   4 0.22
 21   5 0.45
 21   6 0.51
 21   7 0.37
 21   8 0.53
 21   9 0.53
 21  10 0.59
 21  11 0.48
 21  12 0.40
 21  13 0.56
 21  14 0.28
 21  15 0.48
 21  16 0.55
 21  17 0.43
 21  18 0.52
 21  19 0.47
 21  20 0.39
 21  21 0.56
 21  22 0.51
 22   1 0.45
 22   2 0.32
 22   3 0.37
 22   4 0.23
 22   5 0.39
 22   6 0.53
 22   7 0.17
 22   8 0.33
 22   9 0.31
 22  10 0.43
 22  11 0.41
 22  12 0.31
 22  13 0.32
 22  14 0.32
 22  15 0.42
 22  16 0.46
 22  17 0.41
 22  18 0.33
 22  19 0.35
 22  20 0.41
 22  21 0.38
 22  22 0.43
