  1   1 1.00
  1   2 0.57
  1   3 0.58
  1   4 0.68
  1   5 0.68
  1   6 0.71
  1   7 0.67
  1   8 0.74
  1   9 0.78
  1  10 0.66
  1  11 0.51
  1  12 0.67
  1  13 0.64
  1  14 0.74
  1  15 0.70
  1  16 0.63
  1  17 0.65
  1  18 0.57
  1  19 0.57
  1  20 0.67
  1  21 0.66
  1  22 0.66
  2   1 0.57
  2   2 1.00
  2   3 0.54
  2   4 0.55
  2   5 0.63
  2   6 0.62
  2   7 0.68
  2   8 0.63
  2   9 0.56
  2  10 0.69
  2  11 0.53
  2  12 0.43
  2  13 0.52
  2  14 0.55
  2  15 0.59
  2  16 0.64
  2  17 0.47
  2  18 0.68
  2  19 0.76
  2  20 0.76
  2  21 0.47
  2  22 0.66
  3   1 0.58
  3   2 0.54
  3   3 1.00
  3   4 0.67
  3   5 0.58
  3   6 0.64
  3   7 0.57
  3   8 0.57
  3   9 0.56
  3  10 0.61
  3  11 0.39
  3  12 0.57
  3  13 0.52
  3  14 0.58
  3  15 0.72
  3  16 0.47
  3  17 0.53
  3  18 0.48
  3  19 0.55
  3  20 0.59
  3  21 0.56
  3  22 0.54
  4   1 0.68
  4   2 0.55
  4   3 0.67
  4   4 1.00
  4   5 0.69
  4   6 0.68
  4   7 0.72
  4   8 0.68
  4   9 0.68
  4  10 0.67
  4  11 0.53
  4  12 0.69
  4  13 0.59
  4  14 0.68
  4  15 0.82
  4  16 0.59
  4  17 0.63
  4  18 0.62
  4  19 0.55
  4  20 0.66
  4  21 0.68
  4  22 0.64
  5   1 0.68
  5   2 0.63
  5   3 0.58
  5   4 0.69
  5   5 1.00
  5   6 0.59
  5   7 0.69
  5   8 0.69
  5   9 0.64
  5  10 0.72
  5  11 0.53
  5  12 0.49
  5  13 0.52
  5  14 0.71
  5  15 0.69
  5  16 0.60
  5  17 0.52
  5  18 0.68
  5  19 0.60
  5  20 0.61
  5  21 0.46
  5  22 0.58
  6   1 0.71
  6   2 0.62
  6   3 0.64
  6   4 0.68
  6   5 0.59
  6   6 1.00
  6   7 0.68
  6   8 0.63
  6   9 0.67
  6  10 0.68
  6  11 0.57
  6  12 0.69
  6  13 0.62
  6  14 0.62
  6  15 0.70
  6  16 0.64
  6  17 0.64
  6  18 0.65
  6  19 0.60
  6  20 0.68
  6  21 0.68
  6  22 0.65
  7   1 0.67
  7   2 0.68
  7   3 0.57
  7   4 0.72
  7   5 0.69
  7   6 0.68
  7   7 1.00
  7   8 0.66
  7   9 0.70
  7  10 0.76
  7  11 0.62
  7  12 0.56
  7  13 0.63
  7  14 0.65
  7  15 0.73
  7  16 0.66
  7  17 0.57
  7  18 0.68
  7  19 0.65
  7  20 0.70
  7  21 0.60
  7  22 0.70
  8   1 0.74
  8   2 0.63
  8   3 0.57
  8   4 0.68
  8   5 0.69
  8   6 0.63
  8   7 0.66
  8   8 1.00
  8   9 0.71
  8  10 0.66
  8  11 0.45
  8  12 0.57
  8  13 0.56
  8  14 0.71
  8  15 0.66
  8  16 0.62
  8  17 0.59
  8  18 0.59
  8  19 0.57
  8  20 0.68
  8  21 0.61
  8  22 0.66
  9   1 0.78
  9   2 0.56
  9   3 0.56
  9   4 0.68
  9   5 0.64
  9   6 0.67
  9   7 0.70
  9   8 0.71
  9   9 1.00
  9  10 0.66
  9  11 0.51
  9  12 0.67
  9  13 0.55
  9  14 0.73
  9  15 0.68
  9  16 0.64
  9  17 0.65
  9  18 0.59
  9  19 0.59
  9  20 0.66
  9  21 0.64
  9  22 0.67
 10   1 0.66
 10   2 0.69
 10   3 0.61
 10   4 0.67
 10   5 0.72
 10   6 0.68
 10   7 0.76
 10   8 0.66
 10   9 0.66
 10  10 1.00
 10  11 0.64
 10  12 0.54
 10  13 0.57
 10  14 0.68
 10  15 0.69
 10  16 0.73
 10  17 0.57
 10  18 0.72
 10  19 0.67
 10  20 0.68
 10  21 0.59
 10  22 0.68
 11   1 0.51
 11   2 0.53
 11   3 0.39
 11   4 0.53
 11   5 0.53
 11   6 0.57
 11   7 0.62
 11   8 0.45
 11   9 0.51
 11  10 0.64
 11  11 1.00
 11  12 0.45
 11  13 0.45
 11  14 0.48
 11  15 0.53
 11  16 0.60
 11  17 0.48
 11  18 0.62
 11  19 0.51
 11  20 0.57
 11  21 0.47
 11  22 0.50
 12   1 0.67
 12   2 0.43
 12   3 0.57
 12   4 0.69
 12   5 0.49
 12   6 0.69
 12   7 0.56
 12   8 0.57
 12   9 0.67
 12  10 0.54
 12  11 0.45
 12  12 1.00
 12  13 0.58
 12  14 0.56
 12  15 0.72
 12  16 0.51
 12  17 0.72
 12  18 0.46
 12  19 0.48
 12  20 0.58
 12  21 0.72
 12  22 0.55
 13   1 0.64
 13   2 0.52
 13   3 0.52
 13   4 0.59
 13   5 0.52
 13   6 0.62
 13   7 0.63
 13   8 0.56
 13   9 0.55
 13  10 0.57
 13  11 0.45
 13  12 0.58
 13  13 1.00
 13  14 0.53
 13  15 0.62
 13  16 0.52
 13  17 0.57
 13  18 0.53
 13  19 0.55
 13  20 0.63
 13  21 0.51
 13  22 0.53
 14   1 0.74
 14   2 0.55
 14   3 0.58
 14   4 0.68
 14   5 0.71
 14   6 0.62
 14   7 0.65
 14   8 0.71
 14   9 0.73
 14  10 0.68
 14  11 0.48
 14  12 0.56
 14  13 0.53
 14  14 1.00
 14  15 0.65
 14  16 0.68
 14  17 0.58
 14  18 0.58
 14  19 0.53
 14  20 0.61
 14  21 0.54
 14  22 0.63
 15   1 0.70
 15   2 0.59
 15   3 0.72
 15   4 0.82
 15   5 0.69
 15   6 0.70
 15   7 0.73
 15   8 0.66
 15   9 0.68
 15  10 0.69
 15  11 0.53
 15  12 0.72
 15  13 0.62
 15  14 0.65
 15  15 1.00
 15  16 0.59
 15  17 0.67
 15  18 0.63
 15  19 0.59
 15  20 0.66
 15  21 0.69
 15  22 0.66
 16   1 0.63
 16   2 0.64
 16   3 0.47
 16   4 0.59
 16   5 0.60
 16   6 0.64
 16   7 0.66
 16   8 0.62
 16   9 0.64
 16  10 0.73
 16  11 0.60
 16  12 0.51
 16  13 0.52
 16  14 0.68
 16  15 0.59
 16  16 1.00
 16  17 0.54
 16  18 0.67
 16  19 0.62
 16  20 0.64
 16  21 0.53
 16  22 0.63
 17   1 0.65
 17   2 0.47
 17   3 0.53
 17   4 0.63
 17   5 0.52
 17   6 0.64
 17   7 0.57
 17   8 0.59
 17   9 0.65
 17  10 0.57
 17  11 0.48
 17  12 0.72
 17  13 0.57
 17  14 0.58
 17  15 0.67
 17  16 0.54
 17  17 1.00
 17  18 0.48
 17  19 0.45
 17  20 0.59
 17  21 0.63
 17  22 0.56
 18   1 0.57
 18   2 0.68
 18   3 0.48
 18   4 0.62
 18   5 0.68
 18   6 0.65
 18   7 0.68
 18   8 0.59
 18   9 0.59
 18  10 0.72
 18  11 0.62
 18  12 0.46
 18  13 0.53
 18  14 0.58
 18  15 0.63
 18  16 0.67
 18  17 0.48
 18  18 1.00
 18  19 0.62
 18  20 0.68
 18  21 0.47
 18  22 0.65
 19   1 0.57
 19   2 0.76
 19   3 0.55
 19   4 0.55
 19   5 0.60
 19   6 0.60
 19   7 0.65
 19   8 0.57
 19   9 0.59
 19  10 0.67
 19  11 0.51
 19  12 0.48
 19  13 0.55
 19  14 0.53
 19  15 0.59
 19  16 0.62
 19  17 0.45
 19  18 0.62
 19  19 1.00
 19  20 0.71
 19  21 0.46
 19  22 0.63
 20   1 0.67
 20   2 0.76
 20   3 0.59
 20   4 0.66
 20   5 0.61
 20   6 0.68
 20   7 0.70
 20   8 0.68
 20   9 0.66
 20  10 0.68
 20  11 0.57
 20  12 0.58
 20  13 0.63
 20  14 0.61
 20  15 0.66
 20  16 0.64
 20  17 0.59
 20  18 0.68
 20  19 0.71
 20  20 1.00
 20  21 0.55
 20  22 0.71
 21   1 0.66
 21   2 0.47
 21   3 0.56
 21   4 0.68
 21   5 0.46
 21   6 0.68
 21   7 0.60
 21   8 0.61
 21   9 0.64
 21  10 0.59
 21  11 0.47
 21  12 0.72
 21  13 0.51
 21  14 0.54
 21  15 0.69
 21  16 0.53
 21  17 0.63
 21  18 0.47
 21  19 0.46
 21  20 0.55
 21  21 1.00
 21  22 0.55
 22   1 0.66
 22   2 0.66
 22   3 0.54
 22   4 0.64
 22   5 0.58
 22   6 0.65
 22   7 0.70
 22   8 0.66
 22   9 0.67
 22  10 0.68
 22  11 0.50
 22  12 0.55
 22  13 0.53
 22  14 0.63
 22  15 0.66
 22  16 0.63
 22  17 0.56
 22  18 0.65
 22  19 0.63
 22  20 0.71
 22  21 0.55
 22  22 1.00
  1   1 1.00
  1   2 0.56
  1   3 0.58
  1   4 0.68
  1   5 0.67
  1   6 0.71
  1   7 0.67
  1   8 0.74
  1   9 0.78
  1  10 0.65
  1  11 0.51
  1  12 0.66
  1  13 0.63
  1  14 0.74
  1  15 0.70
  1  16 0.62
  1  17 0.65
  1  18 0.57
  1  19 0.57
  1  20 0.67
  1  21 0.66
  1  22 0.65
  2   1 0.56
  2   2 1.00
  2   3 0.53
  2   4 0.54
  2   5 0.62
  2   6 0.61
  2   7 0.67
  2   8 0.62
  2   9 0.55
  2  10 0.68
  2  11 0.52
  2  12 0.42
  2  13 0.51
  2  14 0.54
  2  15 0.58
  2  16 0.64
  2  17 0.46
  2  18 0.67
  2  19 0.75
  2  20 0.75
  2  21 0.46
  2  22 0.65
  3   1 0.58
  3   2 0.53
  3   3 1.00
  3   4 0.66
  3   5 0.58
  3   6 0.63
  3   7 0.56
  3   8 0.57
  3   9 0.56
  3  10 0.61
  3  11 0.38
  3  12 0.56
  3  13 0.52
  3  14 0.58
  3  15 0.72
  3  16 0.47
  3  17 0.53
  3  18 0.47
  3  19 0.55
  3  20 0.59
  3  21 0.56
  3  22 0.54
  4   1 0.68
  4   2 0.54
  4   3 0.66
  4   4 1.00
  4   5 0.68
  4   6 0.68
  4   7 0.71
  4   8 0.68
  4   9 0.68
  4  10 0.66
  4  11 0.53
  4  12 0.69
  4  13 0.59
  4  14 0.67
  4  15 0.82
  4  16 0.59
  4  17 0.63
  4  18 0.62
  4  19 0.55
  4  20 0.65
  4  21 0.68
  4  22 0.63
  5   1 0.67
  5   2 0.62
  5   3 0.58
  5   4 0.68
  5   5 1.00
  5   6 0.59
  5   7 0.69
  5   8 0.68
  5   9 0.64
  5  10 0.72
  5  11 0.53
  5  12 0.48
  5  13 0.51
  5  14 0.70
  5  15 0.68
  5  16 0.59
  5  17 0.52
  5  18 0.67
  5  19 0.60
  5  20 0.61
  5  21 0.46
  5  22 0.58
  6   1 0.71
  6   2 0.61
  6   3 0.63
  6   4 0.68
  6   5 0.59
  6   6 1.00
  6   7 0.68
  6   8 0.63
  6   9 0.66
  6  10 0.68
  6  11 0.56
  6  12 0.69
  6  13 0.62
  6  14 0.62
  6  15 0.70
  6  16 0.63
  6  17 0.64
  6  18 0.64
  6  19 0.60
  6  20 0.67
  6  21 0.68
  6  22 0.65
  7   1 0.67
  7   2 0.67
  7   3 0.56
  7   4 0.71
  7   5 0.69
  7   6 0.68
  7   7 1.00
  7   8 0.65
  7   9 0.69
  7  10 0.75
  7  11 0.62
  7  12 0.55
  7  13 0.62
  7  14 0.64
  7  15 0.72
  7  16 0.65
  7  17 0.57
  7  18 0.67
  7  19 0.64
  7  20 0.69
  7  21 0.59
  7  22 0.69
  8   1 0.74
  8   2 0.62
  8   3 0.57
  8   4 0.68
  8   5 0.68
  8   6 0.63
  8   7 0.65
  8   8 1.00
  8   9 0.71
  8  10 0.66
  8  11 0.45
  8  12 0.57
  8  13 0.56
  8  14 0.71
  8  15 0.66
  8  16 0.61
  8  17 0.58
  8  18 0.59
  8  19 0.57
  8  20 0.68
  8  21 0.61
  8  22 0.66
  9   1 0.78
  9   2 0.55
  9   3 0.56
  9   4 0.68
  9   5 0.64
  9   6 0.66
  9   7 0.69
  9   8 0.71
  9   9 1.00
  9  10 0.66
  9  11 0.51
  9  12 0.67
  9  13 0.55
  9  14 0.73
  9  15 0.68
  9  16 0.64
  9  17 0.65
  9  18 0.59
  9  19 0.59
  9  20 0.66
  9  21 0.64
  9  22 0.67
 10   1 0.65
 10   2 0.68
 10   3 0.61
 10   4 0.66
 10   5 0.72
 10   6 0.68
 10   7 0.75
 10   8 0.66
 10   9 0.66
 10  10 1.00
 10  11 0.63
 10  12 0.53
 10  13 0.57
 10  14 0.68
 10  15 0.69
 10  16 0.72
 10  17 0.57
 10  18 0.71
 10  19 0.67
 10  20 0.68
 10  21 0.58
 10  22 0.67
 11   1 0.51
 11   2 0.52
 11   3 0.38
 11   4 0.53
 11   5 0.53
 11   6 0.56
 11   7 0.62
 11   8 0.45
 11   9 0.51
 11  10 0.63
 11  11 1.00
 11  12 0.44
 11  13 0.44
 11  14 0.47
 11  15 0.53
 11  16 0.59
 11  17 0.48
 11  18 0.61
 11  19 0.51
 11  20 0.56
 11  21 0.47
 11  22 0.49
 12   1 0.66
 12   2 0.42
 12   3 0.56
 12   4 0.69
 12   5 0.48
 12   6 0.69
 12   7 0.55
 12   8 0.57
 12   9 0.67
 12  10 0.53
 12  11 0.44
 12  12 1.00
 12  13 0.58
 12  14 0.55
 12  15 0.71
 12  16 0.51
 12  17 0.72
 12  18 0.46
 12  19 0.47
 12  20 0.58
 12  21 0.72
 12  22 0.54
 13   1 0.63
 13   2 0.51
 13   3 0.52
 13   4 0.59
 13   5 0.51
 13   6 0.62
 13   7 0.62
 13   8 0.56
 13   9 0.55
 13  10 0.57
 13  11 0.44
 13  12 0.58
 13  13 1.00
 13  14 0.52
 13  15 0.61
 13  16 0.52
 13  17 0.57
 13  18 0.53
 13  19 0.54
 13  20 0.62
 13  21 0.51
 13  22 0.53
 14   1 0.74
 14   2 0.54
 14   3 0.58
 14   4 0.67
 14   5 0.70
 14   6 0.62
 14   7 0.64
 14   8 0.71
 14   9 0.73
 14  10 0.68
 14  11 0.47
 14  12 0.55
 14  13 0.52
 14  14 1.00
 14  15 0.64
 14  16 0.67
 14  17 0.57
 14  18 0.58
 14  19 0.52
 14  20 0.60
 14  21 0.54
 14  22 0.63
 15   1 0.70
 15   2 0.58
 15   3 0.72
 15   4 0.82
 15   5 0.68
 15   6 0.70
 15   7 0.72
 15   8 0.66
 15   9 0.68
 15  10 0.69
 15  11 0.53
 15  12 0.71
 15  13 0.61
 15  14 0.64
 15  15 1.00
 15  16 0.59
 15  17 0.67
 15  18 0.62
 15  19 0.58
 15  20 0.66
 15  21 0.69
 15  22 0.65
 16   1 0.62
 16   2 0.64
 16   3 0.47
 16   4 0.59
 16   5 0.59
 16   6 0.63
 16   7 0.65
 16   8 0.61
 16   9 0.64
 16  10 0.72
 16  11 0.59
 16  12 0.51
 16  13 0.52
 16  14 0.67
 16  15 0.59
 16  16 1.00
 16  17 0.54
 16  18 0.67
 16  19 0.62
 16  20 0.64
 16  21 0.53
 16  22 0.63
 17   1 0.65
 17   2 0.46
 17   3 0.53
 17   4 0.63
 17   5 0.52
 17   6 0.64
 17   7 0.57
 17   8 0.58
 17   9 0.65
 17  10 0.57
 17  11 0.48
 17  12 0.72
 17  13 0.57
 17  14 0.57
 17  15 0.67
 17  16 0.54
 17  17 1.00
 17  18 0.47
 17  19 0.45
 17  20 0.58
 17  21 0.63
 17  22 0.56
 18   1 0.57
 18   2 0.67
 18   3 0.47
 18   4 0.62
 18   5 0.67
 18   6 0.64
 18   7 0.67
 18   8 0.59
 18   9 0.59
 18  10 0.71
 18  11 0.61
 18  12 0.46
 18  13 0.53
 18  14 0.58
 18  15 0.62
 18  16 0.67
 18  17 0.47
 18  18 1.00
 18  19 0.61
 18  20 0.67
 18  21 0.46
 18  22 0.64
 19   1 0.57
 19   2 0.75
 19   3 0.55
 19   4 0.55
 19   5 0.60
 19   6 0.60
 19   7 0.64
 19   8 0.57
 19   9 0.59
 19  10 0.67
 19  11 0.51
 19  12 0.47
 19  13 0.54
 19  14 0.52
 19  15 0.58
 19  16 0.62
 19  17 0.45
 19  18 0.61
 19  19 1.00
 19  20 0.70
 19  21 0.45
 19  22 0.63
 20   1 0.67
 20   2 0.75
 20   3 0.59
 20   4 0.65
 20   5 0.61
 20   6 0.67
 20   7 0.69
 20   8 0.68
 20   9 0.66
 20  10 0.68
 20  11 0.56
 20  12 0.58
 20  13 0.62
 20  14 0.60
 20  15 0.66
 20  16 0.64
 20  17 0.58
 20  18 0.67
 20  19 0.70
 20  20 1.00
 20  21 0.55
 20  22 0.71
 21   1 0.66
 21   2 0.46
 21   3 0.56
 21   4 0.68
 21   5 0.46
 21   6 0.68
 21   7 0.59
 21   8 0.61
 21   9 0.64
 21  10 0.58
 21  11 0.47
 21  12 0.72
 21  13 0.51
 21  14 0.54
 21  15 0.69
 21  16 0.53
 21  17 0.63
 21  18 0.46
 21  19 0.45
 21  20 0.55
 21  21 1.00
 21  22 0.55
 22   1 0.65
 22   2 0.65
 22   3 0.54
 22   4 0.63
 22   5 0.58
 22   6 0.65
 22   7 0.69
 22   8 0.66
 22   9 0.67
 22  10 0.67
 22  11 0.49
 22  12 0.54
 22  13 0.53
 22  14 0.63
 22  15 0.65
 22  16 0.63
 22  17 0.56
 22  18 0.64
 22  19 0.63
 22  20 0.71
 22  21 0.55
 22  22 1.00
