  1   1 0.41
  1   2 0.41
  1   3 0.46
  1   4 0.49
  1   5 0.53
  1   6 0.37
  1   7 0.18
  1   8 0.39
  1   9 0.63
  1  10 0.58
  1  11 0.63
  1  12 0.37
  1  13 0.44
  1  14 0.51
  1  15 0.44
  1  16 0.56
  1  17 0.51
  1  18 0.38
  1  19 0.55
  1  20 0.58
  1  21 0.41
  1  22 0.34
  2   1 0.62
  2   2 0.51
  2   3 0.57
  2   4 0.35
  2   5 0.55
  2   6 0.50
  2   7 0.44
  2   8 0.48
  2   9 0.49
  2  10 0.53
  2  11 0.56
  2  12 0.35
  2  13 0.49
  2  14 0.55
  2  15 0.63
  2  16 0.49
  2  17 0.57
  2  18 0.62
  2  19 0.50
  2  20 0.46
  2  21 0.53
  2  22 0.44
  3   1 0.52
  3   2 0.38
  3   3 0.52
  3   4 0.40
  3   5 0.64
  3   6 0.38
  3   7 0.23
  3   8 0.40
  3   9 0.55
  3  10 0.59
  3  11 0.56
  3  12 0.38
  3  13 0.45
  3  14 0.61
  3  15 0.59
  3  16 0.45
  3  17 0.49
  3  18 0.57
  3  19 0.50
  3  20 0.43
  3  21 0.39
  3  22 0.43
  4   1 0.58
  4   2 0.45
  4   3 0.42
  4   4 0.22
  4   5 0.50
  4   6 0.50
  4   7 0.40
  4   8 0.41
  4   9 0.38
  4  10 0.53
  4  11 0.57
  4  12 0.41
  4  13 0.53
  4  14 0.50
  4  15 0.64
  4  16 0.50
  4  17 0.56
  4  18 0.61
  4  19 0.54
  4  20 0.37
  4  21 0.59
  4  22 0.59
  5   1 0.56
  5   2 0.54
  5   3 0.40
  5   4 0.32
  5   5 0.47
  5   6 0.60
  5   7 0.39
  5   8 0.59
  5   9 0.59
  5  10 0.59
  5  11 0.57
  5  12 0.57
  5  13 0.57
  5  14 0.66
  5  15 0.61
  5  16 0.61
  5  17 0.57
  5  18 0.55
  5  19 0.70
  5  20 0.58
  5  21 0.55
  5  22 0.53
  6   1 0.54
  6   2 0.56
  6   3 0.45
  6   4 0.36
  6   5 0.49
  6   6 0.56
  6   7 0.30
  6   8 0.53
  6   9 0.57
  6  10 0.67
  6  11 0.59
  6  12 0.51
  6  13 0.49
  6  14 0.59
  6  15 0.62
  6  16 0.62
  6  17 0.73
  6  18 0.51
  6  19 0.58
  6  20 0.49
  6  21 0.56
  6  22 0.44
  7   1 0.65
  7   2 0.56
  7   3 0.47
  7   4 0.23
  7   5 0.55
  7   6 0.68
  7   7 0.48
  7   8 0.57
  7   9 0.54
  7  10 0.62
  7  11 0.58
  7  12 0.50
  7  13 0.64
  7  14 0.69
  7  15 0.71
  7  16 0.52
  7  17 0.59
  7  18 0.62
  7  19 0.65
  7  20 0.49
  7  21 0.64
  7  22 0.57
  8   1 0.70
  8   2 0.61
  8   3 0.44
  8   4 0.19
  8   5 0.53
  8   6 0.61
  8   7 0.44
  8   8 0.51
  8   9 0.43
  8  10 0.56
  8  11 0.48
  8  12 0.48
  8  13 0.49
  8  14 0.66
  8  15 0.68
  8  16 0.49
  8  17 0.63
  8  18 0.60
  8  19 0.50
  8  20 0.43
  8  21 0.58
  8  22 0.54
  9   1 0.46
  9   2 0.40
  9   3 0.58
  9   4 0.35
  9   5 0.60
  9   6 0.41
  9   7 0.20
  9   8 0.39
  9   9 0.64
  9  10 0.69
  9  11 0.69
  9  12 0.37
  9  13 0.52
  9  14 0.60
  9  15 0.60
  9  16 0.57
  9  17 0.59
  9  18 0.46
  9  19 0.58
  9  20 0.50
  9  21 0.44
  9  22 0.38
 10   1 0.63
 10   2 0.54
 10   3 0.48
 10   4 0.30
 10   5 0.58
 10   6 0.57
 10   7 0.35
 10   8 0.53
 10   9 0.59
 10  10 0.67
 10  11 0.59
 10  12 0.54
 10  13 0.50
 10  14 0.69
 10  15 0.70
 10  16 0.61
 10  17 0.66
 10  18 0.53
 10  19 0.64
 10  20 0.56
 10  21 0.54
 10  22 0.47
 11   1 0.60
 11   2 0.61
 11   3 0.38
 11   4 0.20
 11   5 0.44
 11   6 0.59
 11   7 0.44
 11   8 0.62
 11   9 0.54
 11  10 0.61
 11  11 0.60
 11  12 0.54
 11  13 0.52
 11  14 0.58
 11  15 0.65
 11  16 0.63
 11  17 0.68
 11  18 0.54
 11  19 0.60
 11  20 0.55
 11  21 0.63
 11  22 0.49
 12   1 0.53
 12   2 0.60
 12   3 0.36
 12   4 0.22
 12   5 0.38
 12   6 0.62
 12   7 0.39
 12   8 0.62
 12   9 0.46
 12  10 0.50
 12  11 0.53
 12  12 0.48
 12  13 0.48
 12  14 0.50
 12  15 0.53
 12  16 0.56
 12  17 0.68
 12  18 0.52
 12  19 0.53
 12  20 0.43
 12  21 0.68
 12  22 0.39
 13   1 0.48
 13   2 0.38
 13   3 0.55
 13   4 0.31
 13   5 0.47
 13   6 0.40
 13   7 0.26
 13   8 0.33
 13   9 0.49
 13  10 0.57
 13  11 0.60
 13  12 0.30
 13  13 0.36
 13  14 0.52
 13  15 0.57
 13  16 0.46
 13  17 0.51
 13  18 0.48
 13  19 0.47
 13  20 0.40
 13  21 0.42
 13  22 0.36
 14   1 0.60
 14   2 0.36
 14   3 0.60
 14   4 0.34
 14   5 0.61
 14   6 0.42
 14   7 0.31
 14   8 0.36
 14   9 0.52
 14  10 0.54
 14  11 0.57
 14  12 0.32
 14  13 0.44
 14  14 0.66
 14  15 0.67
 14  16 0.37
 14  17 0.49
 14  18 0.52
 14  19 0.46
 14  20 0.47
 14  21 0.38
 14  22 0.43
 15   1 0.57
 15   2 0.66
 15   3 0.42
 15   4 0.23
 15   5 0.41
 15   6 0.67
 15   7 0.47
 15   8 0.62
 15   9 0.55
 15  10 0.56
 15  11 0.54
 15  12 0.52
 15  13 0.53
 15  14 0.55
 15  15 0.59
 15  16 0.58
 15  17 0.72
 15  18 0.49
 15  19 0.62
 15  20 0.51
 15  21 0.66
 15  22 0.39
 16   1 0.61
 16   2 0.61
 16   3 0.43
 16   4 0.25
 16   5 0.48
 16   6 0.58
 16   7 0.39
 16   8 0.63
 16   9 0.48
 16  10 0.57
 16  11 0.59
 16  12 0.54
 16  13 0.48
 16  14 0.59
 16  15 0.68
 16  16 0.58
 16  17 0.65
 16  18 0.66
 16  19 0.57
 16  20 0.51
 16  21 0.63
 16  22 0.56
 17   1 0.66
 17   2 0.61
 17   3 0.48
 17   4 0.19
 17   5 0.50
 17   6 0.59
 17   7 0.46
 17   8 0.55
 17   9 0.51
 17  10 0.58
 17  11 0.49
 17  12 0.46
 17  13 0.56
 17  14 0.66
 17  15 0.65
 17  16 0.50
 17  17 0.62
 17  18 0.62
 17  19 0.55
 17  20 0.45
 17  21 0.62
 17  22 0.52
 18   1 0.43
 18   2 0.49
 18   3 0.37
 18   4 0.37
 18   5 0.43
 18   6 0.52
 18   7 0.29
 18   8 0.48
 18   9 0.57
 18  10 0.59
 18  11 0.58
 18  12 0.50
 18  13 0.56
 18  14 0.54
 18  15 0.48
 18  16 0.60
 18  17 0.56
 18  18 0.45
 18  19 0.64
 18  20 0.44
 18  21 0.52
 18  22 0.40
 19   1 0.60
 19   2 0.66
 19   3 0.46
 19   4 0.26
 19   5 0.44
 19   6 0.64
 19   7 0.50
 19   8 0.65
 19   9 0.56
 19  10 0.57
 19  11 0.54
 19  12 0.61
 19  13 0.58
 19  14 0.58
 19  15 0.64
 19  16 0.58
 19  17 0.65
 19  18 0.60
 19  19 0.63
 19  20 0.59
 19  21 0.63
 19  22 0.51
 20   1 0.46
 20   2 0.52
 20   3 0.44
 20   4 0.50
 20   5 0.45
 20   6 0.46
 20   7 0.25
 20   8 0.58
 20   9 0.55
 20  10 0.60
 20  11 0.53
 20  12 0.53
 20  13 0.54
 20  14 0.53
 20  15 0.49
 20  16 0.56
 20  17 0.54
 20  18 0.52
 20  19 0.65
 20  20 0.57
 20  21 0.48
 20  22 0.51
 21   1 0.47
 21   2 0.53
 21   3 0.42
 21   4 0.39
 21   5 0.41
 21   6 0.52
 21   7 0.26
 21   8 0.56
 21   9 0.56
 21  10 0.65
 21  11 0.57
 21  12 0.55
 21  13 0.50
 21  14 0.51
 21  15 0.55
 21  16 0.60
 21  17 0.65
 21  18 0.51
 21  19 0.57
 21  20 0.45
 21  21 0.54
 21  22 0.44
 22   1 0.54
 22   2 0.41
 22   3 0.32
 22   4 0.18
 22   5 0.46
 22   6 0.52
 22   7 0.39
 22   8 0.47
 22   9 0.49
 22  10 0.51
 22  11 0.57
 22  12 0.50
 22  13 0.51
 22  14 0.61
 22  15 0.66
 22  16 0.54
 22  17 0.48
 22  18 0.57
 22  19 0.59
 22  20 0.47
 22  21 0.49
 22  22 0.54
  1   1 0.41
  1   2 0.40
  1   3 0.45
  1   4 0.49
  1   5 0.53
  1   6 0.37
  1   7 0.17
  1   8 0.38
  1   9 0.63
  1  10 0.57
  1  11 0.63
  1  12 0.37
  1  13 0.43
  1  14 0.51
  1  15 0.44
  1  16 0.55
  1  17 0.51
  1  18 0.38
  1  19 0.54
  1  20 0.58
  1  21 0.40
  1  22 0.34
  2   1 0.61
  2   2 0.50
  2   3 0.57
  2   4 0.35
  2   5 0.54
  2   6 0.50
  2   7 0.43
  2   8 0.47
  2   9 0.48
  2  10 0.53
  2  11 0.56
  2  12 0.35
  2  13 0.49
  2  14 0.55
  2  15 0.63
  2  16 0.48
  2  17 0.56
  2  18 0.62
  2  19 0.49
  2  20 0.46
  2  21 0.52
  2  22 0.44
  3   1 0.52
  3   2 0.38
  3   3 0.52
  3   4 0.39
  3   5 0.64
  3   6 0.37
  3   7 0.22
  3   8 0.39
  3   9 0.55
  3  10 0.59
  3  11 0.56
  3  12 0.37
  3  13 0.45
  3  14 0.61
  3  15 0.59
  3  16 0.44
  3  17 0.48
  3  18 0.56
  3  19 0.50
  3  20 0.42
  3  21 0.38
  3  22 0.42
  4   1 0.58
  4   2 0.44
  4   3 0.42
  4   4 0.22
  4   5 0.50
  4   6 0.50
  4   7 0.40
  4   8 0.41
  4   9 0.38
  4  10 0.53
  4  11 0.57
  4  12 0.41
  4  13 0.53
  4  14 0.50
  4  15 0.64
  4  16 0.50
  4  17 0.56
  4  18 0.60
  4  19 0.53
  4  20 0.37
  4  21 0.58
  4  22 0.59
  5   1 0.55
  5   2 0.53
  5   3 0.39
  5   4 0.31
  5   5 0.46
  5   6 0.59
  5   7 0.39
  5   8 0.59
  5   9 0.58
  5  10 0.59
  5  11 0.56
  5  12 0.56
  5  13 0.57
  5  14 0.65
  5  15 0.61
  5  16 0.61
  5  17 0.57
  5  18 0.55
  5  19 0.70
  5  20 0.57
  5  21 0.54
  5  22 0.52
  6   1 0.53
  6   2 0.56
  6   3 0.45
  6   4 0.35
  6   5 0.48
  6   6 0.55
  6   7 0.30
  6   8 0.52
  6   9 0.57
  6  10 0.67
  6  11 0.58
  6  12 0.50
  6  13 0.49
  6  14 0.59
  6  15 0.62
  6  16 0.62
  6  17 0.72
  6  18 0.50
  6  19 0.58
  6  20 0.48
  6  21 0.55
  6  22 0.43
  7   1 0.65
  7   2 0.55
  7   3 0.46
  7   4 0.23
  7   5 0.55
  7   6 0.68
  7   7 0.47
  7   8 0.57
  7   9 0.54
  7  10 0.61
  7  11 0.57
  7  12 0.50
  7  13 0.64
  7  14 0.69
  7  15 0.70
  7  16 0.52
  7  17 0.59
  7  18 0.62
  7  19 0.65
  7  20 0.48
  7  21 0.64
  7  22 0.56
  8   1 0.70
  8   2 0.60
  8   3 0.44
  8   4 0.18
  8   5 0.52
  8   6 0.61
  8   7 0.44
  8   8 0.51
  8   9 0.42
  8  10 0.55
  8  11 0.48
  8  12 0.48
  8  13 0.49
  8  14 0.66
  8  15 0.67
  8  16 0.48
  8  17 0.63
  8  18 0.60
  8  19 0.49
  8  20 0.42
  8  21 0.58
  8  22 0.54
  9   1 0.45
  9   2 0.39
  9   3 0.58
  9   4 0.34
  9   5 0.59
  9   6 0.40
  9   7 0.20
  9   8 0.38
  9   9 0.64
  9  10 0.69
  9  11 0.69
  9  12 0.37
  9  13 0.51
  9  14 0.60
  9  15 0.59
  9  16 0.56
  9  17 0.59
  9  18 0.46
  9  19 0.58
  9  20 0.50
  9  21 0.43
  9  22 0.38
 10   1 0.63
 10   2 0.53
 10   3 0.48
 10   4 0.30
 10   5 0.57
 10   6 0.57
 10   7 0.35
 10   8 0.52
 10   9 0.59
 10  10 0.67
 10  11 0.58
 10  12 0.54
 10  13 0.50
 10  14 0.69
 10  15 0.70
 10  16 0.60
 10  17 0.65
 10  18 0.52
 10  19 0.64
 10  20 0.55
 10  21 0.53
 10  22 0.46
 11   1 0.59
 11   2 0.61
 11   3 0.38
 11   4 0.20
 11   5 0.44
 11   6 0.59
 11   7 0.44
 11   8 0.62
 11   9 0.54
 11  10 0.60
 11  11 0.60
 11  12 0.53
 11  13 0.52
 11  14 0.58
 11  15 0.65
 11  16 0.62
 11  17 0.68
 11  18 0.53
 11  19 0.60
 11  20 0.55
 11  21 0.62
 11  22 0.48
 12   1 0.52
 12   2 0.59
 12   3 0.35
 12   4 0.22
 12   5 0.38
 12   6 0.62
 12   7 0.39
 12   8 0.61
 12   9 0.45
 12  10 0.49
 12  11 0.52
 12  12 0.47
 12  13 0.48
 12  14 0.49
 12  15 0.53
 12  16 0.56
 12  17 0.67
 12  18 0.52
 12  19 0.52
 12  20 0.43
 12  21 0.68
 12  22 0.39
 13   1 0.48
 13   2 0.37
 13   3 0.54
 13   4 0.31
 13   5 0.46
 13   6 0.39
 13   7 0.26
 13   8 0.33
 13   9 0.48
 13  10 0.56
 13  11 0.59
 13  12 0.29
 13  13 0.35
 13  14 0.52
 13  15 0.56
 13  16 0.45
 13  17 0.51
 13  18 0.48
 13  19 0.46
 13  20 0.40
 13  21 0.41
 13  22 0.35
 14   1 0.59
 14   2 0.35
 14   3 0.59
 14   4 0.34
 14   5 0.61
 14   6 0.41
 14   7 0.31
 14   8 0.35
 14   9 0.51
 14  10 0.53
 14  11 0.57
 14  12 0.31
 14  13 0.43
 14  14 0.66
 14  15 0.67
 14  16 0.37
 14  17 0.49
 14  18 0.51
 14  19 0.46
 14  20 0.46
 14  21 0.37
 14  22 0.42
 15   1 0.56
 15   2 0.65
 15   3 0.41
 15   4 0.22
 15   5 0.40
 15   6 0.67
 15   7 0.47
 15   8 0.62
 15   9 0.55
 15  10 0.55
 15  11 0.54
 15  12 0.51
 15  13 0.52
 15  14 0.54
 15  15 0.59
 15  16 0.58
 15  17 0.71
 15  18 0.49
 15  19 0.62
 15  20 0.50
 15  21 0.65
 15  22 0.39
 16   1 0.61
 16   2 0.61
 16   3 0.43
 16   4 0.24
 16   5 0.47
 16   6 0.57
 16   7 0.39
 16   8 0.62
 16   9 0.47
 16  10 0.57
 16  11 0.58
 16  12 0.54
 16  13 0.48
 16  14 0.59
 16  15 0.68
 16  16 0.57
 16  17 0.65
 16  18 0.66
 16  19 0.57
 16  20 0.51
 16  21 0.62
 16  22 0.56
 17   1 0.66
 17   2 0.61
 17   3 0.48
 17   4 0.19
 17   5 0.50
 17   6 0.59
 17   7 0.46
 17   8 0.54
 17   9 0.50
 17  10 0.57
 17  11 0.49
 17  12 0.45
 17  13 0.55
 17  14 0.66
 17  15 0.65
 17  16 0.49
 17  17 0.62
 17  18 0.62
 17  19 0.54
 17  20 0.44
 17  21 0.62
 17  22 0.51
 18   1 0.42
 18   2 0.48
 18   3 0.37
 18   4 0.36
 18   5 0.43
 18   6 0.51
 18   7 0.29
 18   8 0.47
 18   9 0.57
 18  10 0.59
 18  11 0.57
 18  12 0.50
 18  13 0.56
 18  14 0.53
 18  15 0.47
 18  16 0.60
 18  17 0.56
 18  18 0.45
 18  19 0.64
 18  20 0.43
 18  21 0.51
 18  22 0.40
 19   1 0.60
 19   2 0.66
 19   3 0.45
 19   4 0.26
 19   5 0.43
 19   6 0.63
 19   7 0.50
 19   8 0.64
 19   9 0.55
 19  10 0.56
 19  11 0.53
 19  12 0.61
 19  13 0.57
 19  14 0.57
 19  15 0.64
 19  16 0.58
 19  17 0.64
 19  18 0.60
 19  19 0.63
 19  20 0.59
 19  21 0.63
 19  22 0.50
 20   1 0.46
 20   2 0.51
 20   3 0.44
 20   4 0.49
 20   5 0.45
 20   6 0.46
 20   7 0.24
 20   8 0.58
 20   9 0.55
 20  10 0.60
 20  11 0.52
 20  12 0.53
 20  13 0.53
 20  14 0.53
 20  15 0.49
 20  16 0.55
 20  17 0.53
 20  18 0.51
 20  19 0.65
 20  20 0.56
 20  21 0.47
 20  22 0.51
 21   1 0.47
 21   2 0.53
 21   3 0.41
 21   4 0.39
 21   5 0.41
 21   6 0.52
 21   7 0.25
 21   8 0.56
 21   9 0.56
 21  10 0.64
 21  11 0.57
 21  12 0.55
 21  13 0.49
 21  14 0.51
 21  15 0.54
 21  16 0.59
 21  17 0.65
 21  18 0.51
 21  19 0.57
 21  20 0.45
 21  21 0.53
 21  22 0.43
 22   1 0.53
 22   2 0.40
 22   3 0.31
 22   4 0.17
 22   5 0.45
 22   6 0.52
 22   7 0.39
 22   8 0.46
 22   9 0.49
 22  10 0.51
 22  11 0.57
 22  12 0.49
 22  13 0.51
 22  14 0.61
 22  15 0.66
 22  16 0.53
 22  17 0.48
 22  18 0.56
 22  19 0.59
 22  20 0.46
 22  21 0.49
 22  22 0.53
