  1   1 0.09
  1   2 0.17
  1   3 0.30
  1   4 0.19
  1   5 0.44
  1   6 0.29
  1   7 0.14
  1   8 0.18
  1   9 0.34
  1  10 0.45
  1  11 0.10
  1  12 0.49
  1  13 0.26
  1  14 0.38
  1  15 0.51
  1  16 0.32
  1  17 0.71
  1  18 0.24
  1  19 0.21
  1  20 0.40
  1  21 0.31
  1  22 0.10
  2   1 0.12
  2   2 0.20
  2   3 0.42
  2   4 0.20
  2   5 0.49
  2   6 0.39
  2   7 0.10
  2   8 0.28
  2   9 0.39
  2  10 0.62
  2  11 0.23
  2  12 0.67
  2  13 0.33
  2  14 0.50
  2  15 0.64
  2  16 0.43
  2  17 0.60
  2  18 0.31
  2  19 0.32
  2  20 0.59
  2  21 0.42
  2  22 0.15
  3   1 0.34
  3   2 0.37
  3   3 0.41
  3   4 0.28
  3   5 0.31
  3   6 0.43
  3   7 0.20
  3   8 0.24
  3   9 0.44
  3  10 0.38
  3  11 0.09
  3  12 0.36
  3  13 0.22
  3  14 0.40
  3  15 0.36
  3  16 0.29
  3  17 0.26
  3  18 0.48
  3  19 0.36
  3  20 0.35
  3  21 0.36
  3  22 0.22
  4   1 0.18
  4   2 0.21
  4   3 0.41
  4   4 0.20
  4   5 0.38
  4   6 0.45
  4   7 0.05
  4   8 0.33
  4   9 0.36
  4  10 0.57
  4  11 0.11
  4  12 0.59
  4  13 0.27
  4  14 0.48
  4  15 0.54
  4  16 0.39
  4  17 0.50
  4  18 0.35
  4  19 0.28
  4  20 0.65
  4  21 0.39
  4  22 0.20
  5   1 0.16
  5   2 0.24
  5   3 0.32
  5   4 0.30
  5   5 0.65
  5   6 0.46
  5   7 0.14
  5   8 0.47
  5   9 0.51
  5  10 0.50
  5  11 0.36
  5  12 0.65
  5  13 0.54
  5  14 0.60
  5  15 0.50
  5  16 0.34
  5  17 0.50
  5  18 0.37
  5  19 0.33
  5  20 0.46
  5  21 0.56
  5  22 0.33
  6   1 0.09
  6   2 0.20
  6   3 0.43
  6   4 0.19
  6   5 0.42
  6   6 0.43
  6   7 0.05
  6   8 0.31
  6   9 0.32
  6  10 0.58
  6  11 0.33
  6  12 0.58
  6  13 0.26
  6  14 0.60
  6  15 0.61
  6  16 0.40
  6  17 0.66
  6  18 0.28
  6  19 0.26
  6  20 0.57
  6  21 0.52
  6  22 0.11
  7   1 0.12
  7   2 0.24
  7   3 0.50
  7   4 0.19
  7   5 0.44
  7   6 0.44
  7   7 0.06
  7   8 0.29
  7   9 0.38
  7  10 0.58
  7  11 0.24
  7  12 0.64
  7  13 0.28
  7  14 0.62
  7  15 0.68
  7  16 0.40
  7  17 0.74
  7  18 0.38
  7  19 0.28
  7  20 0.58
  7  21 0.48
  7  22 0.13
  8   1 0.14
  8   2 0.23
  8   3 0.47
  8   4 0.24
  8   5 0.54
  8   6 0.48
  8   7 0.05
  8   8 0.39
  8   9 0.43
  8  10 0.64
  8  11 0.24
  8  12 0.67
  8  13 0.36
  8  14 0.62
  8  15 0.63
  8  16 0.48
  8  17 0.69
  8  18 0.37
  8  19 0.31
  8  20 0.67
  8  21 0.54
  8  22 0.19
  9   1 0.10
  9   2 0.20
  9   3 0.36
  9   4 0.22
  9   5 0.55
  9   6 0.39
  9   7 0.06
  9   8 0.30
  9   9 0.42
  9  10 0.54
  9  11 0.18
  9  12 0.61
  9  13 0.34
  9  14 0.51
  9  15 0.49
  9  16 0.42
  9  17 0.56
  9  18 0.31
  9  19 0.27
  9  20 0.52
  9  21 0.47
  9  22 0.17
 10   1 0.13
 10   2 0.19
 10   3 0.24
 10   4 0.24
 10   5 0.39
 10   6 0.25
 10   7 0.16
 10   8 0.24
 10   9 0.35
 10  10 0.35
 10  11 0.30
 10  12 0.38
 10  13 0.24
 10  14 0.36
 10  15 0.46
 10  16 0.39
 10  17 0.47
 10  18 0.31
 10  19 0.24
 10  20 0.32
 10  21 0.32
 10  22 0.19
 11   1 0.07
 11   2 0.10
 11   3 0.14
 11   4 0.18
 11   5 0.32
 11   6 0.19
 11   7 0.12
 11   8 0.25
 11   9 0.25
 11  10 0.21
 11  11 0.26
 11  12 0.26
 11  13 0.22
 11  14 0.28
 11  15 0.32
 11  16 0.17
 11  17 0.38
 11  18 0.17
 11  19 0.14
 11  20 0.19
 11  21 0.25
 11  22 0.12
 12   1 0.07
 12   2 0.14
 12   3 0.35
 12   4 0.15
 12   5 0.42
 12   6 0.29
 12   7 0.05
 12   8 0.20
 12   9 0.33
 12  10 0.47
 12  11 0.20
 12  12 0.54
 12  13 0.23
 12  14 0.44
 12  15 0.56
 12  16 0.36
 12  17 0.56
 12  18 0.26
 12  19 0.22
 12  20 0.45
 12  21 0.35
 12  22 0.11
 13   1 0.24
 13   2 0.27
 13   3 0.16
 13   4 0.45
 13   5 0.37
 13   6 0.22
 13   7 0.23
 13   8 0.25
 13   9 0.45
 13  10 0.19
 13  11 0.11
 13  12 0.22
 13  13 0.31
 13  14 0.14
 13  15 0.28
 13  16 0.41
 13  17 0.18
 13  18 0.37
 13  19 0.28
 13  20 0.17
 13  21 0.20
 13  22 0.38
 14   1 0.21
 14   2 0.28
 14   3 0.53
 14   4 0.35
 14   5 0.42
 14   6 0.58
 14   7 0.05
 14   8 0.47
 14   9 0.41
 14  10 0.58
 14  11 0.25
 14  12 0.60
 14  13 0.29
 14  14 0.57
 14  15 0.66
 14  16 0.51
 14  17 0.58
 14  18 0.48
 14  19 0.37
 14  20 0.68
 14  21 0.53
 14  22 0.20
 15   1 0.11
 15   2 0.17
 15   3 0.39
 15   4 0.27
 15   5 0.59
 15   6 0.47
 15   7 0.07
 15   8 0.48
 15   9 0.47
 15  10 0.54
 15  11 0.48
 15  12 0.66
 15  13 0.40
 15  14 0.68
 15  15 0.50
 15  16 0.35
 15  17 0.43
 15  18 0.34
 15  19 0.33
 15  20 0.51
 15  21 0.67
 15  22 0.23
 16   1 0.10
 16   2 0.19
 16   3 0.36
 16   4 0.22
 16   5 0.44
 16   6 0.35
 16   7 0.10
 16   8 0.27
 16   9 0.34
 16  10 0.52
 16  11 0.30
 16  12 0.57
 16  13 0.29
 16  14 0.52
 16  15 0.47
 16  16 0.35
 16  17 0.53
 16  18 0.27
 16  19 0.26
 16  20 0.45
 16  21 0.45
 16  22 0.13
 17   1 0.09
 17   2 0.17
 17   3 0.37
 17   4 0.26
 17   5 0.66
 17   6 0.42
 17   7 0.07
 17   8 0.45
 17   9 0.50
 17  10 0.61
 17  11 0.27
 17  12 0.73
 17  13 0.47
 17  14 0.54
 17  15 0.57
 17  16 0.41
 17  17 0.53
 17  18 0.31
 17  19 0.33
 17  20 0.58
 17  21 0.55
 17  22 0.24
 18   1 0.11
 18   2 0.19
 18   3 0.40
 18   4 0.25
 18   5 0.56
 18   6 0.43
 18   7 0.08
 18   8 0.41
 18   9 0.39
 18  10 0.55
 18  11 0.32
 18  12 0.62
 18  13 0.34
 18  14 0.59
 18  15 0.55
 18  16 0.39
 18  17 0.60
 18  18 0.31
 18  19 0.30
 18  20 0.56
 18  21 0.53
 18  22 0.15
 19   1 0.41
 19   2 0.43
 19   3 0.52
 19   4 0.35
 19   5 0.51
 19   6 0.67
 19   7 0.10
 19   8 0.44
 19   9 0.45
 19  10 0.57
 19  11 0.38
 19  12 0.59
 19  13 0.31
 19  14 0.65
 19  15 0.55
 19  16 0.47
 19  17 0.52
 19  18 0.52
 19  19 0.35
 19  20 0.60
 19  21 0.62
 19  22 0.22
 20   1 0.09
 20   2 0.14
 20   3 0.25
 20   4 0.28
 20   5 0.57
 20   6 0.49
 20   7 0.04
 20   8 0.70
 20   9 0.43
 20  10 0.38
 20  11 0.39
 20  12 0.50
 20  13 0.44
 20  14 0.53
 20  15 0.35
 20  16 0.29
 20  17 0.25
 20  18 0.29
 20  19 0.35
 20  20 0.52
 20  21 0.61
 20  22 0.31
 21   1 0.09
 21   2 0.19
 21   3 0.45
 21   4 0.16
 21   5 0.44
 21   6 0.35
 21   7 0.04
 21   8 0.22
 21   9 0.36
 21  10 0.58
 21  11 0.10
 21  12 0.58
 21  13 0.25
 21  14 0.47
 21  15 0.66
 21  16 0.40
 21  17 0.69
 21  18 0.28
 21  19 0.24
 21  20 0.59
 21  21 0.34
 21  22 0.13
 22   1 0.17
 22   2 0.28
 22   3 0.36
 22   4 0.32
 22   5 0.64
 22   6 0.52
 22   7 0.11
 22   8 0.55
 22   9 0.54
 22  10 0.52
 22  11 0.40
 22  12 0.61
 22  13 0.53
 22  14 0.61
 22  15 0.54
 22  16 0.40
 22  17 0.54
 22  18 0.40
 22  19 0.34
 22  20 0.53
 22  21 0.62
 22  22 0.37
  1   1 0.09
  1   2 0.17
  1   3 0.30
  1   4 0.19
  1   5 0.44
  1   6 0.29
  1   7 0.14
  1   8 0.18
  1   9 0.34
  1  10 0.45
  1  11 0.10
  1  12 0.49
  1  13 0.26
  1  14 0.38
  1  15 0.51
  1  16 0.32
  1  17 0.71
  1  18 0.24
  1  19 0.21
  1  20 0.40
  1  21 0.31
  1  22 0.10
  2   1 0.12
  2   2 0.20
  2   3 0.42
  2   4 0.20
  2   5 0.49
  2   6 0.39
  2   7 0.10
  2   8 0.28
  2   9 0.39
  2  10 0.62
  2  11 0.23
  2  12 0.67
  2  13 0.33
  2  14 0.50
  2  15 0.64
  2  16 0.43
  2  17 0.60
  2  18 0.31
  2  19 0.32
  2  20 0.59
  2  21 0.42
  2  22 0.15
  3   1 0.34
  3   2 0.37
  3   3 0.41
  3   4 0.28
  3   5 0.31
  3   6 0.43
  3   7 0.20
  3   8 0.24
  3   9 0.44
  3  10 0.38
  3  11 0.09
  3  12 0.36
  3  13 0.22
  3  14 0.40
  3  15 0.36
  3  16 0.29
  3  17 0.26
  3  18 0.47
  3  19 0.36
  3  20 0.34
  3  21 0.36
  3  22 0.22
  4   1 0.18
  4   2 0.21
  4   3 0.41
  4   4 0.20
  4   5 0.38
  4   6 0.45
  4   7 0.05
  4   8 0.32
  4   9 0.36
  4  10 0.57
  4  11 0.11
  4  12 0.59
  4  13 0.27
  4  14 0.48
  4  15 0.54
  4  16 0.39
  4  17 0.50
  4  18 0.35
  4  19 0.28
  4  20 0.65
  4  21 0.39
  4  22 0.20
  5   1 0.16
  5   2 0.24
  5   3 0.32
  5   4 0.30
  5   5 0.65
  5   6 0.46
  5   7 0.14
  5   8 0.47
  5   9 0.51
  5  10 0.50
  5  11 0.36
  5  12 0.65
  5  13 0.54
  5  14 0.60
  5  15 0.50
  5  16 0.34
  5  17 0.50
  5  18 0.37
  5  19 0.33
  5  20 0.46
  5  21 0.56
  5  22 0.33
  6   1 0.09
  6   2 0.20
  6   3 0.43
  6   4 0.19
  6   5 0.42
  6   6 0.43
  6   7 0.05
  6   8 0.31
  6   9 0.32
  6  10 0.58
  6  11 0.33
  6  12 0.58
  6  13 0.26
  6  14 0.60
  6  15 0.61
  6  16 0.40
  6  17 0.66
  6  18 0.28
  6  19 0.25
  6  20 0.57
  6  21 0.52
  6  22 0.11
  7   1 0.12
  7   2 0.24
  7   3 0.50
  7   4 0.19
  7   5 0.44
  7   6 0.44
  7   7 0.06
  7   8 0.29
  7   9 0.38
  7  10 0.58
  7  11 0.24
  7  12 0.64
  7  13 0.28
  7  14 0.62
  7  15 0.68
  7  16 0.40
  7  17 0.74
  7  18 0.38
  7  19 0.28
  7  20 0.58
  7  21 0.48
  7  22 0.13
  8   1 0.14
  8   2 0.23
  8   3 0.47
  8   4 0.24
  8   5 0.54
  8   6 0.48
  8   7 0.05
  8   8 0.39
  8   9 0.43
  8  10 0.64
  8  11 0.24
  8  12 0.67
  8  13 0.36
  8  14 0.62
  8  15 0.63
  8  16 0.48
  8  17 0.69
  8  18 0.37
  8  19 0.31
  8  20 0.67
  8  21 0.54
  8  22 0.19
  9   1 0.10
  9   2 0.19
  9   3 0.36
  9   4 0.22
  9   5 0.55
  9   6 0.39
  9   7 0.06
  9   8 0.30
  9   9 0.42
  9  10 0.54
  9  11 0.18
  9  12 0.60
  9  13 0.34
  9  14 0.51
  9  15 0.49
  9  16 0.42
  9  17 0.56
  9  18 0.31
  9  19 0.27
  9  20 0.52
  9  21 0.47
  9  22 0.17
 10   1 0.13
 10   2 0.19
 10   3 0.24
 10   4 0.24
 10   5 0.39
 10   6 0.25
 10   7 0.16
 10   8 0.24
 10   9 0.35
 10  10 0.35
 10  11 0.30
 10  12 0.38
 10  13 0.24
 10  14 0.36
 10  15 0.46
 10  16 0.39
 10  17 0.47
 10  18 0.31
 10  19 0.24
 10  20 0.32
 10  21 0.32
 10  22 0.19
 11   1 0.07
 11   2 0.10
 11   3 0.14
 11   4 0.18
 11   5 0.32
 11   6 0.19
 11   7 0.12
 11   8 0.25
 11   9 0.25
 11  10 0.21
 11  11 0.26
 11  12 0.26
 11  13 0.22
 11  14 0.28
 11  15 0.32
 11  16 0.17
 11  17 0.38
 11  18 0.17
 11  19 0.14
 11  20 0.19
 11  21 0.25
 11  22 0.12
 12   1 0.07
 12   2 0.14
 12   3 0.35
 12   4 0.15
 12   5 0.42
 12   6 0.28
 12   7 0.05
 12   8 0.20
 12   9 0.33
 12  10 0.47
 12  11 0.20
 12  12 0.54
 12  13 0.23
 12  14 0.44
 12  15 0.56
 12  16 0.36
 12  17 0.56
 12  18 0.26
 12  19 0.22
 12  20 0.45
 12  21 0.35
 12  22 0.11
 13   1 0.24
 13   2 0.27
 13   3 0.16
 13   4 0.45
 13   5 0.37
 13   6 0.22
 13   7 0.23
 13   8 0.25
 13   9 0.45
 13  10 0.19
 13  11 0.11
 13  12 0.22
 13  13 0.31
 13  14 0.14
 13  15 0.28
 13  16 0.41
 13  17 0.18
 13  18 0.37
 13  19 0.28
 13  20 0.17
 13  21 0.20
 13  22 0.38
 14   1 0.21
 14   2 0.28
 14   3 0.53
 14   4 0.35
 14   5 0.42
 14   6 0.58
 14   7 0.05
 14   8 0.47
 14   9 0.41
 14  10 0.58
 14  11 0.25
 14  12 0.60
 14  13 0.29
 14  14 0.57
 14  15 0.66
 14  16 0.51
 14  17 0.58
 14  18 0.48
 14  19 0.37
 14  20 0.68
 14  21 0.53
 14  22 0.20
 15   1 0.11
 15   2 0.17
 15   3 0.39
 15   4 0.27
 15   5 0.59
 15   6 0.47
 15   7 0.07
 15   8 0.48
 15   9 0.47
 15  10 0.53
 15  11 0.48
 15  12 0.66
 15  13 0.40
 15  14 0.68
 15  15 0.50
 15  16 0.35
 15  17 0.43
 15  18 0.34
 15  19 0.33
 15  20 0.50
 15  21 0.67
 15  22 0.23
 16   1 0.10
 16   2 0.19
 16   3 0.36
 16   4 0.22
 16   5 0.44
 16   6 0.35
 16   7 0.10
 16   8 0.27
 16   9 0.34
 16  10 0.52
 16  11 0.30
 16  12 0.57
 16  13 0.29
 16  14 0.52
 16  15 0.47
 16  16 0.35
 16  17 0.53
 16  18 0.27
 16  19 0.26
 16  20 0.45
 16  21 0.45
 16  22 0.13
 17   1 0.09
 17   2 0.17
 17   3 0.37
 17   4 0.26
 17   5 0.66
 17   6 0.42
 17   7 0.07
 17   8 0.45
 17   9 0.50
 17  10 0.61
 17  11 0.26
 17  12 0.73
 17  13 0.47
 17  14 0.54
 17  15 0.57
 17  16 0.41
 17  17 0.53
 17  18 0.31
 17  19 0.33
 17  20 0.58
 17  21 0.55
 17  22 0.23
 18   1 0.10
 18   2 0.19
 18   3 0.40
 18   4 0.25
 18   5 0.56
 18   6 0.43
 18   7 0.08
 18   8 0.41
 18   9 0.39
 18  10 0.55
 18  11 0.32
 18  12 0.62
 18  13 0.34
 18  14 0.59
 18  15 0.55
 18  16 0.39
 18  17 0.60
 18  18 0.31
 18  19 0.30
 18  20 0.56
 18  21 0.53
 18  22 0.15
 19   1 0.41
 19   2 0.43
 19   3 0.52
 19   4 0.35
 19   5 0.51
 19   6 0.67
 19   7 0.10
 19   8 0.44
 19   9 0.45
 19  10 0.57
 19  11 0.38
 19  12 0.59
 19  13 0.31
 19  14 0.65
 19  15 0.55
 19  16 0.47
 19  17 0.52
 19  18 0.52
 19  19 0.35
 19  20 0.60
 19  21 0.62
 19  22 0.22
 20   1 0.09
 20   2 0.14
 20   3 0.25
 20   4 0.28
 20   5 0.57
 20   6 0.49
 20   7 0.04
 20   8 0.70
 20   9 0.43
 20  10 0.38
 20  11 0.39
 20  12 0.50
 20  13 0.44
 20  14 0.53
 20  15 0.35
 20  16 0.29
 20  17 0.25
 20  18 0.29
 20  19 0.35
 20  20 0.52
 20  21 0.61
 20  22 0.31
 21   1 0.09
 21   2 0.19
 21   3 0.45
 21   4 0.16
 21   5 0.44
 21   6 0.35
 21   7 0.04
 21   8 0.22
 21   9 0.36
 21  10 0.58
 21  11 0.10
 21  12 0.58
 21  13 0.25
 21  14 0.47
 21  15 0.66
 21  16 0.40
 21  17 0.69
 21  18 0.28
 21  19 0.24
 21  20 0.59
 21  21 0.34
 21  22 0.12
 22   1 0.17
 22   2 0.28
 22   3 0.36
 22   4 0.32
 22   5 0.64
 22   6 0.51
 22   7 0.11
 22   8 0.55
 22   9 0.54
 22  10 0.52
 22  11 0.40
 22  12 0.61
 22  13 0.53
 22  14 0.61
 22  15 0.53
 22  16 0.40
 22  17 0.54
 22  18 0.40
 22  19 0.34
 22  20 0.53
 22  21 0.62
 22  22 0.37
  1   1 0.09
  1   2 0.17
  1   3 0.30
  1   4 0.19
  1   5 0.44
  1   6 0.29
  1   7 0.14
  1   8 0.18
  1   9 0.34
  1  10 0.45
  1  11 0.10
  1  12 0.49
  1  13 0.26
  1  14 0.38
  1  15 0.51
  1  16 0.32
  1  17 0.71
  1  18 0.24
  1  19 0.21
  1  20 0.40
  1  21 0.31
  1  22 0.10
  2   1 0.12
  2   2 0.20
  2   3 0.42
  2   4 0.20
  2   5 0.49
  2   6 0.39
  2   7 0.10
  2   8 0.28
  2   9 0.39
  2  10 0.62
  2  11 0.23
  2  12 0.67
  2  13 0.33
  2  14 0.50
  2  15 0.64
  2  16 0.43
  2  17 0.60
  2  18 0.31
  2  19 0.32
  2  20 0.59
  2  21 0.42
  2  22 0.15
  3   1 0.34
  3   2 0.37
  3   3 0.41
  3   4 0.28
  3   5 0.31
  3   6 0.43
  3   7 0.20
  3   8 0.24
  3   9 0.44
  3  10 0.38
  3  11 0.09
  3  12 0.36
  3  13 0.22
  3  14 0.40
  3  15 0.36
  3  16 0.29
  3  17 0.26
  3  18 0.47
  3  19 0.36
  3  20 0.34
  3  21 0.36
  3  22 0.22
  4   1 0.18
  4   2 0.21
  4   3 0.41
  4   4 0.20
  4   5 0.38
  4   6 0.45
  4   7 0.05
  4   8 0.32
  4   9 0.36
  4  10 0.57
  4  11 0.11
  4  12 0.59
  4  13 0.27
  4  14 0.48
  4  15 0.54
  4  16 0.39
  4  17 0.50
  4  18 0.35
  4  19 0.28
  4  20 0.65
  4  21 0.39
  4  22 0.20
  5   1 0.16
  5   2 0.24
  5   3 0.32
  5   4 0.30
  5   5 0.65
  5   6 0.46
  5   7 0.14
  5   8 0.47
  5   9 0.51
  5  10 0.50
  5  11 0.36
  5  12 0.65
  5  13 0.54
  5  14 0.60
  5  15 0.50
  5  16 0.34
  5  17 0.50
  5  18 0.37
  5  19 0.33
  5  20 0.46
  5  21 0.56
  5  22 0.33
  6   1 0.09
  6   2 0.20
  6   3 0.43
  6   4 0.19
  6   5 0.42
  6   6 0.43
  6   7 0.05
  6   8 0.31
  6   9 0.32
  6  10 0.58
  6  11 0.33
  6  12 0.58
  6  13 0.26
  6  14 0.60
  6  15 0.61
  6  16 0.40
  6  17 0.66
  6  18 0.28
  6  19 0.25
  6  20 0.57
  6  21 0.52
  6  22 0.11
  7   1 0.12
  7   2 0.24
  7   3 0.50
  7   4 0.19
  7   5 0.44
  7   6 0.44
  7   7 0.06
  7   8 0.29
  7   9 0.38
  7  10 0.58
  7  11 0.24
  7  12 0.64
  7  13 0.28
  7  14 0.62
  7  15 0.68
  7  16 0.40
  7  17 0.74
  7  18 0.38
  7  19 0.28
  7  20 0.58
  7  21 0.48
  7  22 0.13
  8   1 0.14
  8   2 0.23
  8   3 0.47
  8   4 0.24
  8   5 0.54
  8   6 0.48
  8   7 0.05
  8   8 0.39
  8   9 0.43
  8  10 0.64
  8  11 0.24
  8  12 0.67
  8  13 0.36
  8  14 0.62
  8  15 0.63
  8  16 0.48
  8  17 0.69
  8  18 0.37
  8  19 0.31
  8  20 0.67
  8  21 0.54
  8  22 0.19
  9   1 0.10
  9   2 0.19
  9   3 0.36
  9   4 0.22
  9   5 0.55
  9   6 0.39
  9   7 0.06
  9   8 0.30
  9   9 0.42
  9  10 0.54
  9  11 0.18
  9  12 0.60
  9  13 0.34
  9  14 0.51
  9  15 0.49
  9  16 0.42
  9  17 0.56
  9  18 0.31
  9  19 0.27
  9  20 0.52
  9  21 0.47
  9  22 0.17
 10   1 0.13
 10   2 0.19
 10   3 0.24
 10   4 0.24
 10   5 0.39
 10   6 0.25
 10   7 0.16
 10   8 0.24
 10   9 0.35
 10  10 0.35
 10  11 0.30
 10  12 0.38
 10  13 0.24
 10  14 0.36
 10  15 0.46
 10  16 0.39
 10  17 0.47
 10  18 0.31
 10  19 0.24
 10  20 0.32
 10  21 0.32
 10  22 0.19
 11   1 0.07
 11   2 0.10
 11   3 0.14
 11   4 0.18
 11   5 0.32
 11   6 0.19
 11   7 0.12
 11   8 0.25
 11   9 0.25
 11  10 0.21
 11  11 0.26
 11  12 0.26
 11  13 0.22
 11  14 0.28
 11  15 0.32
 11  16 0.17
 11  17 0.38
 11  18 0.17
 11  19 0.14
 11  20 0.19
 11  21 0.25
 11  22 0.12
 12   1 0.07
 12   2 0.14
 12   3 0.35
 12   4 0.15
 12   5 0.42
 12   6 0.28
 12   7 0.05
 12   8 0.20
 12   9 0.33
 12  10 0.47
 12  11 0.20
 12  12 0.54
 12  13 0.23
 12  14 0.44
 12  15 0.56
 12  16 0.36
 12  17 0.56
 12  18 0.26
 12  19 0.22
 12  20 0.45
 12  21 0.35
 12  22 0.11
 13   1 0.24
 13   2 0.27
 13   3 0.16
 13   4 0.45
 13   5 0.37
 13   6 0.22
 13   7 0.23
 13   8 0.25
 13   9 0.45
 13  10 0.19
 13  11 0.11
 13  12 0.22
 13  13 0.31
 13  14 0.14
 13  15 0.28
 13  16 0.41
 13  17 0.18
 13  18 0.37
 13  19 0.28
 13  20 0.17
 13  21 0.20
 13  22 0.38
 14   1 0.21
 14   2 0.28
 14   3 0.53
 14   4 0.35
 14   5 0.42
 14   6 0.58
 14   7 0.05
 14   8 0.47
 14   9 0.41
 14  10 0.58
 14  11 0.25
 14  12 0.60
 14  13 0.29
 14  14 0.57
 14  15 0.66
 14  16 0.51
 14  17 0.58
 14  18 0.48
 14  19 0.37
 14  20 0.68
 14  21 0.53
 14  22 0.20
 15   1 0.11
 15   2 0.17
 15   3 0.39
 15   4 0.27
 15   5 0.59
 15   6 0.47
 15   7 0.07
 15   8 0.48
 15   9 0.47
 15  10 0.53
 15  11 0.48
 15  12 0.66
 15  13 0.40
 15  14 0.68
 15  15 0.50
 15  16 0.35
 15  17 0.43
 15  18 0.34
 15  19 0.33
 15  20 0.50
 15  21 0.67
 15  22 0.23
 16   1 0.10
 16   2 0.19
 16   3 0.36
 16   4 0.22
 16   5 0.44
 16   6 0.35
 16   7 0.10
 16   8 0.27
 16   9 0.34
 16  10 0.52
 16  11 0.30
 16  12 0.57
 16  13 0.29
 16  14 0.52
 16  15 0.47
 16  16 0.35
 16  17 0.53
 16  18 0.27
 16  19 0.26
 16  20 0.45
 16  21 0.45
 16  22 0.13
 17   1 0.09
 17   2 0.17
 17   3 0.37
 17   4 0.26
 17   5 0.66
 17   6 0.42
 17   7 0.07
 17   8 0.45
 17   9 0.50
 17  10 0.61
 17  11 0.26
 17  12 0.73
 17  13 0.47
 17  14 0.54
 17  15 0.57
 17  16 0.41
 17  17 0.53
 17  18 0.31
 17  19 0.33
 17  20 0.58
 17  21 0.55
 17  22 0.23
 18   1 0.10
 18   2 0.19
 18   3 0.40
 18   4 0.25
 18   5 0.56
 18   6 0.43
 18   7 0.08
 18   8 0.41
 18   9 0.39
 18  10 0.55
 18  11 0.32
 18  12 0.62
 18  13 0.34
 18  14 0.59
 18  15 0.55
 18  16 0.39
 18  17 0.60
 18  18 0.31
 18  19 0.30
 18  20 0.56
 18  21 0.53
 18  22 0.15
 19   1 0.41
 19   2 0.43
 19   3 0.52
 19   4 0.35
 19   5 0.51
 19   6 0.67
 19   7 0.10
 19   8 0.44
 19   9 0.45
 19  10 0.57
 19  11 0.38
 19  12 0.59
 19  13 0.31
 19  14 0.65
 19  15 0.55
 19  16 0.47
 19  17 0.52
 19  18 0.52
 19  19 0.35
 19  20 0.60
 19  21 0.62
 19  22 0.22
 20   1 0.09
 20   2 0.14
 20   3 0.25
 20   4 0.28
 20   5 0.57
 20   6 0.49
 20   7 0.04
 20   8 0.70
 20   9 0.43
 20  10 0.38
 20  11 0.39
 20  12 0.50
 20  13 0.44
 20  14 0.53
 20  15 0.35
 20  16 0.29
 20  17 0.25
 20  18 0.29
 20  19 0.35
 20  20 0.52
 20  21 0.61
 20  22 0.31
 21   1 0.09
 21   2 0.19
 21   3 0.45
 21   4 0.16
 21   5 0.44
 21   6 0.35
 21   7 0.04
 21   8 0.22
 21   9 0.36
 21  10 0.58
 21  11 0.10
 21  12 0.58
 21  13 0.25
 21  14 0.47
 21  15 0.66
 21  16 0.40
 21  17 0.69
 21  18 0.28
 21  19 0.24
 21  20 0.59
 21  21 0.34
 21  22 0.12
 22   1 0.17
 22   2 0.28
 22   3 0.36
 22   4 0.32
 22   5 0.64
 22   6 0.51
 22   7 0.11
 22   8 0.55
 22   9 0.54
 22  10 0.52
 22  11 0.40
 22  12 0.61
 22  13 0.53
 22  14 0.61
 22  15 0.53
 22  16 0.40
 22  17 0.54
 22  18 0.40
 22  19 0.34
 22  20 0.53
 22  21 0.62
 22  22 0.37
