  1   1 0.36
  1   2 0.27
  1   3 0.28
  1   4 0.16
  1   5 0.32
  1   6 0.35
  1   7 0.19
  1   8 0.17
  1   9 0.19
  1  10 0.23
  1  11 0.22
  1  12 0.25
  1  13 0.36
  1  14 0.35
  1  15 0.40
  1  16 0.20
  1  17 0.18
  1  18 0.19
  1  19 0.16
  1  20 0.33
  1  21 0.25
  1  22 0.27
  2   1 0.54
  2   2 0.36
  2   3 0.44
  2   4 0.22
  2   5 0.48
  2   6 0.60
  2   7 0.21
  2   8 0.32
  2   9 0.43
  2  10 0.39
  2  11 0.47
  2  12 0.49
  2  13 0.42
  2  14 0.48
  2  15 0.35
  2  16 0.42
  2  17 0.45
  2  18 0.46
  2  19 0.38
  2  20 0.44
  2  21 0.43
  2  22 0.45
  3   1 0.53
  3   2 0.32
  3   3 0.41
  3   4 0.24
  3   5 0.45
  3   6 0.56
  3   7 0.29
  3   8 0.43
  3   9 0.39
  3  10 0.34
  3  11 0.46
  3  12 0.44
  3  13 0.42
  3  14 0.50
  3  15 0.46
  3  16 0.43
  3  17 0.39
  3  18 0.38
  3  19 0.35
  3  20 0.41
  3  21 0.44
  3  22 0.43
  4   1 0.47
  4   2 0.33
  4   3 0.35
  4   4 0.26
  4   5 0.46
  4   6 0.54
  4   7 0.37
  4   8 0.36
  4   9 0.37
  4  10 0.41
  4  11 0.36
  4  12 0.50
  4  13 0.36
  4  14 0.41
  4  15 0.44
  4  16 0.53
  4  17 0.43
  4  18 0.43
  4  19 0.38
  4  20 0.39
  4  21 0.49
  4  22 0.50
  5   1 0.49
  5   2 0.35
  5   3 0.29
  5   4 0.32
  5   5 0.49
  5   6 0.54
  5   7 0.15
  5   8 0.22
  5   9 0.30
  5  10 0.26
  5  11 0.37
  5  12 0.36
  5  13 0.39
  5  14 0.46
  5  15 0.33
  5  16 0.36
  5  17 0.34
  5  18 0.33
  5  19 0.31
  5  20 0.42
  5  21 0.32
  5  22 0.36
  6   1 0.59
  6   2 0.29
  6   3 0.43
  6   4 0.23
  6   5 0.41
  6   6 0.60
  6   7 0.20
  6   8 0.33
  6   9 0.46
  6  10 0.39
  6  11 0.49
  6  12 0.47
  6  13 0.44
  6  14 0.53
  6  15 0.37
  6  16 0.47
  6  17 0.50
  6  18 0.48
  6  19 0.39
  6  20 0.46
  6  21 0.45
  6  22 0.45
  7   1 0.56
  7   2 0.39
  7   3 0.43
  7   4 0.29
  7   5 0.54
  7   6 0.67
  7   7 0.25
  7   8 0.37
  7   9 0.48
  7  10 0.51
  7  11 0.46
  7  12 0.54
  7  13 0.40
  7  14 0.50
  7  15 0.39
  7  16 0.49
  7  17 0.51
  7  18 0.51
  7  19 0.41
  7  20 0.42
  7  21 0.47
  7  22 0.51
  8   1 0.51
  8   2 0.37
  8   3 0.27
  8   4 0.25
  8   5 0.45
  8   6 0.64
  8   7 0.17
  8   8 0.26
  8   9 0.40
  8  10 0.45
  8  11 0.39
  8  12 0.45
  8  13 0.45
  8  14 0.49
  8  15 0.34
  8  16 0.42
  8  17 0.45
  8  18 0.38
  8  19 0.34
  8  20 0.45
  8  21 0.41
  8  22 0.47
  9   1 0.56
  9   2 0.38
  9   3 0.51
  9   4 0.28
  9   5 0.53
  9   6 0.63
  9   7 0.30
  9   8 0.43
  9   9 0.53
  9  10 0.45
  9  11 0.48
  9  12 0.48
  9  13 0.35
  9  14 0.48
  9  15 0.41
  9  16 0.52
  9  17 0.58
  9  18 0.59
  9  19 0.47
  9  20 0.45
  9  21 0.46
  9  22 0.57
 10   1 0.46
 10   2 0.36
 10   3 0.25
 10   4 0.18
 10   5 0.42
 10   6 0.55
 10   7 0.16
 10   8 0.25
 10   9 0.39
 10  10 0.36
 10  11 0.37
 10  12 0.38
 10  13 0.40
 10  14 0.45
 10  15 0.36
 10  16 0.39
 10  17 0.41
 10  18 0.36
 10  19 0.30
 10  20 0.42
 10  21 0.36
 10  22 0.46
 11   1 0.51
 11   2 0.28
 11   3 0.52
 11   4 0.21
 11   5 0.40
 11   6 0.54
 11   7 0.25
 11   8 0.43
 11   9 0.38
 11  10 0.36
 11  11 0.58
 11  12 0.52
 11  13 0.36
 11  14 0.49
 11  15 0.43
 11  16 0.45
 11  17 0.42
 11  18 0.52
 11  19 0.44
 11  20 0.40
 11  21 0.59
 11  22 0.41
 12   1 0.35
 12   2 0.26
 12   3 0.19
 12   4 0.20
 12   5 0.32
 12   6 0.44
 12   7 0.25
 12   8 0.20
 12   9 0.32
 12  10 0.45
 12  11 0.37
 12  12 0.34
 12  13 0.26
 12  14 0.31
 12  15 0.30
 12  16 0.45
 12  17 0.46
 12  18 0.48
 12  19 0.40
 12  20 0.35
 12  21 0.40
 12  22 0.42
 13   1 0.56
 13   2 0.31
 13   3 0.46
 13   4 0.26
 13   5 0.52
 13   6 0.63
 13   7 0.40
 13   8 0.45
 13   9 0.45
 13  10 0.53
 13  11 0.50
 13  12 0.63
 13  13 0.42
 13  14 0.46
 13  15 0.42
 13  16 0.63
 13  17 0.55
 13  18 0.60
 13  19 0.54
 13  20 0.49
 13  21 0.55
 13  22 0.54
 14   1 0.60
 14   2 0.29
 14   3 0.45
 14   4 0.27
 14   5 0.62
 14   6 0.64
 14   7 0.18
 14   8 0.39
 14   9 0.57
 14  10 0.41
 14  11 0.48
 14  12 0.49
 14  13 0.32
 14  14 0.50
 14  15 0.34
 14  16 0.53
 14  17 0.52
 14  18 0.46
 14  19 0.39
 14  20 0.41
 14  21 0.43
 14  22 0.52
 15   1 0.56
 15   2 0.38
 15   3 0.46
 15   4 0.27
 15   5 0.52
 15   6 0.69
 15   7 0.34
 15   8 0.42
 15   9 0.48
 15  10 0.51
 15  11 0.59
 15  12 0.61
 15  13 0.46
 15  14 0.50
 15  15 0.43
 15  16 0.59
 15  17 0.59
 15  18 0.64
 15  19 0.55
 15  20 0.56
 15  21 0.57
 15  22 0.60
 16   1 0.49
 16   2 0.42
 16   3 0.26
 16   4 0.22
 16   5 0.44
 16   6 0.58
 16   7 0.18
 16   8 0.23
 16   9 0.38
 16  10 0.40
 16  11 0.38
 16  12 0.40
 16  13 0.40
 16  14 0.46
 16  15 0.32
 16  16 0.44
 16  17 0.44
 16  18 0.37
 16  19 0.38
 16  20 0.46
 16  21 0.39
 16  22 0.43
 17   1 0.45
 17   2 0.39
 17   3 0.40
 17   4 0.28
 17   5 0.43
 17   6 0.54
 17   7 0.26
 17   8 0.31
 17   9 0.32
 17  10 0.47
 17  11 0.34
 17  12 0.46
 17  13 0.32
 17  14 0.31
 17  15 0.28
 17  16 0.43
 17  17 0.39
 17  18 0.40
 17  19 0.36
 17  20 0.34
 17  21 0.32
 17  22 0.36
 18   1 0.48
 18   2 0.31
 18   3 0.40
 18   4 0.22
 18   5 0.52
 18   6 0.67
 18   7 0.18
 18   8 0.39
 18   9 0.47
 18  10 0.45
 18  11 0.55
 18  12 0.63
 18  13 0.41
 18  14 0.47
 18  15 0.36
 18  16 0.61
 18  17 0.60
 18  18 0.61
 18  19 0.57
 18  20 0.59
 18  21 0.52
 18  22 0.49
 19   1 0.56
 19   2 0.24
 19   3 0.48
 19   4 0.19
 19   5 0.54
 19   6 0.56
 19   7 0.16
 19   8 0.35
 19   9 0.42
 19  10 0.30
 19  11 0.51
 19  12 0.52
 19  13 0.38
 19  14 0.50
 19  15 0.28
 19  16 0.42
 19  17 0.46
 19  18 0.52
 19  19 0.40
 19  20 0.40
 19  21 0.42
 19  22 0.36
 20   1 0.52
 20   2 0.34
 20   3 0.52
 20   4 0.28
 20   5 0.49
 20   6 0.58
 20   7 0.34
 20   8 0.41
 20   9 0.42
 20  10 0.40
 20  11 0.43
 20  12 0.50
 20  13 0.35
 20  14 0.38
 20  15 0.38
 20  16 0.51
 20  17 0.45
 20  18 0.46
 20  19 0.42
 20  20 0.41
 20  21 0.43
 20  22 0.47
 21   1 0.38
 21   2 0.19
 21   3 0.35
 21   4 0.16
 21   5 0.34
 21   6 0.50
 21   7 0.45
 21   8 0.41
 21   9 0.49
 21  10 0.45
 21  11 0.64
 21  12 0.49
 21  13 0.31
 21  14 0.38
 21  15 0.48
 21  16 0.69
 21  17 0.62
 21  18 0.63
 21  19 0.73
 21  20 0.39
 21  21 0.57
 21  22 0.48
 22   1 0.49
 22   2 0.28
 22   3 0.33
 22   4 0.24
 22   5 0.57
 22   6 0.57
 22   7 0.17
 22   8 0.30
 22   9 0.43
 22  10 0.30
 22  11 0.46
 22  12 0.42
 22  13 0.46
 22  14 0.55
 22  15 0.43
 22  16 0.47
 22  17 0.47
 22  18 0.40
 22  19 0.34
 22  20 0.56
 22  21 0.42
 22  22 0.44
  1   1 0.36
  1   2 0.27
  1   3 0.28
  1   4 0.16
  1   5 0.32
  1   6 0.35
  1   7 0.19
  1   8 0.17
  1   9 0.19
  1  10 0.23
  1  11 0.22
  1  12 0.25
  1  13 0.36
  1  14 0.35
  1  15 0.40
  1  16 0.20
  1  17 0.18
  1  18 0.19
  1  19 0.16
  1  20 0.33
  1  21 0.25
  1  22 0.27
  2   1 0.54
  2   2 0.36
  2   3 0.43
  2   4 0.22
  2   5 0.48
  2   6 0.59
  2   7 0.21
  2   8 0.32
  2   9 0.43
  2  10 0.39
  2  11 0.47
  2  12 0.48
  2  13 0.41
  2  14 0.48
  2  15 0.35
  2  16 0.42
  2  17 0.45
  2  18 0.46
  2  19 0.38
  2  20 0.44
  2  21 0.42
  2  22 0.45
  3   1 0.53
  3   2 0.32
  3   3 0.41
  3   4 0.24
  3   5 0.45
  3   6 0.56
  3   7 0.28
  3   8 0.43
  3   9 0.39
  3  10 0.34
  3  11 0.46
  3  12 0.44
  3  13 0.42
  3  14 0.50
  3  15 0.46
  3  16 0.43
  3  17 0.39
  3  18 0.38
  3  19 0.35
  3  20 0.41
  3  21 0.44
  3  22 0.43
  4   1 0.47
  4   2 0.33
  4   3 0.35
  4   4 0.26
  4   5 0.46
  4   6 0.54
  4   7 0.37
  4   8 0.36
  4   9 0.37
  4  10 0.41
  4  11 0.36
  4  12 0.50
  4  13 0.35
  4  14 0.41
  4  15 0.44
  4  16 0.53
  4  17 0.43
  4  18 0.43
  4  19 0.38
  4  20 0.39
  4  21 0.49
  4  22 0.50
  5   1 0.49
  5   2 0.35
  5   3 0.29
  5   4 0.32
  5   5 0.49
  5   6 0.54
  5   7 0.15
  5   8 0.22
  5   9 0.30
  5  10 0.26
  5  11 0.37
  5  12 0.36
  5  13 0.39
  5  14 0.46
  5  15 0.33
  5  16 0.36
  5  17 0.34
  5  18 0.33
  5  19 0.31
  5  20 0.42
  5  21 0.32
  5  22 0.36
  6   1 0.59
  6   2 0.29
  6   3 0.43
  6   4 0.23
  6   5 0.41
  6   6 0.60
  6   7 0.20
  6   8 0.33
  6   9 0.46
  6  10 0.39
  6  11 0.48
  6  12 0.47
  6  13 0.44
  6  14 0.53
  6  15 0.37
  6  16 0.47
  6  17 0.50
  6  18 0.48
  6  19 0.39
  6  20 0.46
  6  21 0.45
  6  22 0.45
  7   1 0.56
  7   2 0.39
  7   3 0.43
  7   4 0.29
  7   5 0.54
  7   6 0.67
  7   7 0.25
  7   8 0.37
  7   9 0.48
  7  10 0.51
  7  11 0.46
  7  12 0.54
  7  13 0.40
  7  14 0.50
  7  15 0.39
  7  16 0.49
  7  17 0.51
  7  18 0.51
  7  19 0.41
  7  20 0.42
  7  21 0.46
  7  22 0.51
  8   1 0.51
  8   2 0.37
  8   3 0.27
  8   4 0.25
  8   5 0.45
  8   6 0.64
  8   7 0.17
  8   8 0.26
  8   9 0.40
  8  10 0.45
  8  11 0.39
  8  12 0.45
  8  13 0.44
  8  14 0.49
  8  15 0.34
  8  16 0.42
  8  17 0.45
  8  18 0.38
  8  19 0.34
  8  20 0.45
  8  21 0.40
  8  22 0.47
  9   1 0.56
  9   2 0.38
  9   3 0.51
  9   4 0.28
  9   5 0.53
  9   6 0.63
  9   7 0.30
  9   8 0.43
  9   9 0.53
  9  10 0.45
  9  11 0.48
  9  12 0.48
  9  13 0.35
  9  14 0.48
  9  15 0.41
  9  16 0.52
  9  17 0.58
  9  18 0.59
  9  19 0.47
  9  20 0.45
  9  21 0.46
  9  22 0.57
 10   1 0.46
 10   2 0.36
 10   3 0.25
 10   4 0.18
 10   5 0.42
 10   6 0.55
 10   7 0.16
 10   8 0.25
 10   9 0.39
 10  10 0.36
 10  11 0.37
 10  12 0.38
 10  13 0.40
 10  14 0.45
 10  15 0.36
 10  16 0.39
 10  17 0.41
 10  18 0.36
 10  19 0.30
 10  20 0.42
 10  21 0.36
 10  22 0.46
 11   1 0.51
 11   2 0.28
 11   3 0.52
 11   4 0.21
 11   5 0.40
 11   6 0.54
 11   7 0.24
 11   8 0.43
 11   9 0.38
 11  10 0.36
 11  11 0.58
 11  12 0.52
 11  13 0.36
 11  14 0.48
 11  15 0.42
 11  16 0.45
 11  17 0.42
 11  18 0.52
 11  19 0.44
 11  20 0.40
 11  21 0.59
 11  22 0.40
 12   1 0.35
 12   2 0.26
 12   3 0.19
 12   4 0.20
 12   5 0.32
 12   6 0.44
 12   7 0.25
 12   8 0.20
 12   9 0.32
 12  10 0.45
 12  11 0.37
 12  12 0.34
 12  13 0.26
 12  14 0.31
 12  15 0.30
 12  16 0.45
 12  17 0.46
 12  18 0.48
 12  19 0.40
 12  20 0.35
 12  21 0.40
 12  22 0.42
 13   1 0.56
 13   2 0.31
 13   3 0.46
 13   4 0.26
 13   5 0.52
 13   6 0.63
 13   7 0.40
 13   8 0.45
 13   9 0.45
 13  10 0.53
 13  11 0.50
 13  12 0.63
 13  13 0.42
 13  14 0.46
 13  15 0.42
 13  16 0.63
 13  17 0.55
 13  18 0.60
 13  19 0.54
 13  20 0.49
 13  21 0.55
 13  22 0.54
 14   1 0.60
 14   2 0.29
 14   3 0.45
 14   4 0.27
 14   5 0.62
 14   6 0.64
 14   7 0.17
 14   8 0.39
 14   9 0.57
 14  10 0.41
 14  11 0.48
 14  12 0.49
 14  13 0.32
 14  14 0.50
 14  15 0.34
 14  16 0.53
 14  17 0.52
 14  18 0.46
 14  19 0.39
 14  20 0.41
 14  21 0.43
 14  22 0.52
 15   1 0.56
 15   2 0.38
 15   3 0.46
 15   4 0.27
 15   5 0.52
 15   6 0.69
 15   7 0.34
 15   8 0.42
 15   9 0.48
 15  10 0.51
 15  11 0.59
 15  12 0.61
 15  13 0.45
 15  14 0.50
 15  15 0.43
 15  16 0.59
 15  17 0.58
 15  18 0.64
 15  19 0.55
 15  20 0.56
 15  21 0.57
 15  22 0.60
 16   1 0.49
 16   2 0.42
 16   3 0.25
 16   4 0.22
 16   5 0.44
 16   6 0.58
 16   7 0.18
 16   8 0.23
 16   9 0.38
 16  10 0.40
 16  11 0.37
 16  12 0.40
 16  13 0.40
 16  14 0.46
 16  15 0.32
 16  16 0.44
 16  17 0.44
 16  18 0.37
 16  19 0.38
 16  20 0.46
 16  21 0.39
 16  22 0.43
 17   1 0.45
 17   2 0.39
 17   3 0.40
 17   4 0.28
 17   5 0.43
 17   6 0.54
 17   7 0.26
 17   8 0.31
 17   9 0.32
 17  10 0.47
 17  11 0.34
 17  12 0.46
 17  13 0.32
 17  14 0.31
 17  15 0.28
 17  16 0.43
 17  17 0.38
 17  18 0.40
 17  19 0.36
 17  20 0.34
 17  21 0.32
 17  22 0.36
 18   1 0.48
 18   2 0.31
 18   3 0.40
 18   4 0.22
 18   5 0.52
 18   6 0.67
 18   7 0.18
 18   8 0.39
 18   9 0.47
 18  10 0.45
 18  11 0.55
 18  12 0.63
 18  13 0.41
 18  14 0.47
 18  15 0.36
 18  16 0.61
 18  17 0.60
 18  18 0.61
 18  19 0.56
 18  20 0.59
 18  21 0.51
 18  22 0.49
 19   1 0.56
 19   2 0.24
 19   3 0.47
 19   4 0.19
 19   5 0.54
 19   6 0.56
 19   7 0.16
 19   8 0.35
 19   9 0.42
 19  10 0.30
 19  11 0.51
 19  12 0.52
 19  13 0.38
 19  14 0.50
 19  15 0.28
 19  16 0.42
 19  17 0.46
 19  18 0.52
 19  19 0.40
 19  20 0.40
 19  21 0.42
 19  22 0.36
 20   1 0.52
 20   2 0.34
 20   3 0.52
 20   4 0.28
 20   5 0.49
 20   6 0.58
 20   7 0.34
 20   8 0.41
 20   9 0.42
 20  10 0.40
 20  11 0.43
 20  12 0.50
 20  13 0.35
 20  14 0.38
 20  15 0.38
 20  16 0.51
 20  17 0.45
 20  18 0.46
 20  19 0.42
 20  20 0.41
 20  21 0.43
 20  22 0.47
 21   1 0.38
 21   2 0.19
 21   3 0.35
 21   4 0.16
 21   5 0.33
 21   6 0.50
 21   7 0.45
 21   8 0.41
 21   9 0.48
 21  10 0.45
 21  11 0.64
 21  12 0.49
 21  13 0.30
 21  14 0.38
 21  15 0.48
 21  16 0.69
 21  17 0.62
 21  18 0.63
 21  19 0.73
 21  20 0.39
 21  21 0.57
 21  22 0.48
 22   1 0.49
 22   2 0.28
 22   3 0.33
 22   4 0.24
 22   5 0.57
 22   6 0.57
 22   7 0.17
 22   8 0.30
 22   9 0.43
 22  10 0.30
 22  11 0.46
 22  12 0.42
 22  13 0.46
 22  14 0.55
 22  15 0.43
 22  16 0.47
 22  17 0.47
 22  18 0.40
 22  19 0.34
 22  20 0.56
 22  21 0.42
 22  22 0.44
