  1   1 1.00
  1   2 0.46
  1   3 0.37
  1   4 0.35
  1   5 0.56
  1   6 0.26
  1   7 0.28
  1   8 0.51
  1   9 0.48
  1  10 0.43
  1  11 0.63
  1  12 0.36
  1  13 0.29
  1  14 0.46
  1  15 0.31
  1  16 0.38
  1  17 0.27
  1  18 0.48
  1  19 0.55
  1  20 0.48
  1  21 0.51
  1  22 0.43
  2   1 0.46
  2   2 1.00
  2   3 0.36
  2   4 0.38
  2   5 0.52
  2   6 0.33
  2   7 0.40
  2   8 0.43
  2   9 0.55
  2  10 0.32
  2  11 0.57
  2  12 0.47
  2  13 0.38
  2  14 0.58
  2  15 0.41
  2  16 0.43
  2  17 0.44
  2  18 0.57
  2  19 0.47
  2  20 0.53
  2  21 0.63
  2  22 0.39
  3   1 0.37
  3   2 0.36
  3   3 1.00
  3   4 0.30
  3   5 0.41
  3   6 0.62
  3   7 0.50
  3   8 0.47
  3   9 0.50
  3  10 0.56
  3  11 0.43
  3  12 0.52
  3  13 0.21
  3  14 0.35
  3  15 0.29
  3  16 0.41
  3  17 0.22
  3  18 0.39
  3  19 0.37
  3  20 0.38
  3  21 0.37
  3  22 0.43
  4   1 0.35
  4   2 0.38
  4   3 0.30
  4   4 1.00
  4   5 0.34
  4   6 0.32
  4   7 0.37
  4   8 0.54
  4   9 0.36
  4  10 0.15
  4  11 0.35
  4  12 0.44
  4  13 0.28
  4  14 0.30
  4  15 0.41
  4  16 0.18
  4  17 0.23
  4  18 0.46
  4  19 0.33
  4  20 0.65
  4  21 0.46
  4  22 0.25
  5   1 0.56
  5   2 0.52
  5   3 0.41
  5   4 0.34
  5   5 1.00
  5   6 0.36
  5   7 0.30
  5   8 0.52
  5   9 0.55
  5  10 0.38
  5  11 0.61
  5  12 0.33
  5  13 0.38
  5  14 0.56
  5  15 0.40
  5  16 0.47
  5  17 0.41
  5  18 0.50
  5  19 0.59
  5  20 0.51
  5  21 0.61
  5  22 0.45
  6   1 0.26
  6   2 0.33
  6   3 0.62
  6   4 0.32
  6   5 0.36
  6   6 1.00
  6   7 0.51
  6   8 0.48
  6   9 0.45
  6  10 0.48
  6  11 0.40
  6  12 0.50
  6  13 0.28
  6  14 0.36
  6  15 0.33
  6  16 0.32
  6  17 0.21
  6  18 0.36
  6  19 0.33
  6  20 0.41
  6  21 0.32
  6  22 0.38
  7   1 0.28
  7   2 0.40
  7   3 0.50
  7   4 0.37
  7   5 0.30
  7   6 0.51
  7   7 1.00
  7   8 0.37
  7   9 0.47
  7  10 0.40
  7  11 0.37
  7  12 0.49
  7  13 0.25
  7  14 0.35
  7  15 0.42
  7  16 0.21
  7  17 0.28
  7  18 0.46
  7  19 0.30
  7  20 0.42
  7  21 0.39
  7  22 0.34
  8   1 0.51
  8   2 0.43
  8   3 0.47
  8   4 0.54
  8   5 0.52
  8   6 0.48
  8   7 0.37
  8   8 1.00
  8   9 0.49
  8  10 0.31
  8  11 0.51
  8  12 0.53
  8  13 0.40
  8  14 0.49
  8  15 0.37
  8  16 0.32
  8  17 0.24
  8  18 0.42
  8  19 0.40
  8  20 0.55
  8  21 0.49
  8  22 0.26
  9   1 0.48
  9   2 0.55
  9   3 0.50
  9   4 0.36
  9   5 0.55
  9   6 0.45
  9   7 0.47
  9   8 0.49
  9   9 1.00
  9  10 0.43
  9  11 0.61
  9  12 0.51
  9  13 0.41
  9  14 0.62
  9  15 0.53
  9  16 0.42
  9  17 0.37
  9  18 0.58
  9  19 0.53
  9  20 0.55
  9  21 0.58
  9  22 0.46
 10   1 0.43
 10   2 0.32
 10   3 0.56
 10   4 0.15
 10   5 0.38
 10   6 0.48
 10   7 0.40
 10   8 0.31
 10   9 0.43
 10  10 1.00
 10  11 0.41
 10  12 0.33
 10  13 0.13
 10  14 0.30
 10  15 0.19
 10  16 0.42
 10  17 0.23
 10  18 0.38
 10  19 0.37
 10  20 0.25
 10  21 0.28
 10  22 0.46
 11   1 0.63
 11   2 0.57
 11   3 0.43
 11   4 0.35
 11   5 0.61
 11   6 0.40
 11   7 0.37
 11   8 0.51
 11   9 0.61
 11  10 0.41
 11  11 1.00
 11  12 0.45
 11  13 0.46
 11  14 0.53
 11  15 0.35
 11  16 0.42
 11  17 0.35
 11  18 0.49
 11  19 0.57
 11  20 0.59
 11  21 0.62
 11  22 0.52
 12   1 0.36
 12   2 0.47
 12   3 0.52
 12   4 0.44
 12   5 0.33
 12   6 0.50
 12   7 0.49
 12   8 0.53
 12   9 0.51
 12  10 0.33
 12  11 0.45
 12  12 1.00
 12  13 0.30
 12  14 0.39
 12  15 0.35
 12  16 0.28
 12  17 0.25
 12  18 0.44
 12  19 0.32
 12  20 0.54
 12  21 0.39
 12  22 0.32
 13   1 0.29
 13   2 0.38
 13   3 0.21
 13   4 0.28
 13   5 0.38
 13   6 0.28
 13   7 0.25
 13   8 0.40
 13   9 0.41
 13  10 0.13
 13  11 0.46
 13  12 0.30
 13  13 1.00
 13  14 0.59
 13  15 0.35
 13  16 0.20
 13  17 0.29
 13  18 0.35
 13  19 0.32
 13  20 0.37
 13  21 0.47
 13  22 0.21
 14   1 0.46
 14   2 0.58
 14   3 0.35
 14   4 0.30
 14   5 0.56
 14   6 0.36
 14   7 0.35
 14   8 0.49
 14   9 0.62
 14  10 0.30
 14  11 0.53
 14  12 0.39
 14  13 0.59
 14  14 1.00
 14  15 0.48
 14  16 0.34
 14  17 0.42
 14  18 0.57
 14  19 0.52
 14  20 0.45
 14  21 0.65
 14  22 0.36
 15   1 0.31
 15   2 0.41
 15   3 0.29
 15   4 0.41
 15   5 0.40
 15   6 0.33
 15   7 0.42
 15   8 0.37
 15   9 0.53
 15  10 0.19
 15  11 0.35
 15  12 0.35
 15  13 0.35
 15  14 0.48
 15  15 1.00
 15  16 0.22
 15  17 0.37
 15  18 0.51
 15  19 0.41
 15  20 0.43
 15  21 0.53
 15  22 0.25
 16   1 0.38
 16   2 0.43
 16   3 0.41
 16   4 0.18
 16   5 0.47
 16   6 0.32
 16   7 0.21
 16   8 0.32
 16   9 0.42
 16  10 0.42
 16  11 0.42
 16  12 0.28
 16  13 0.20
 16  14 0.34
 16  15 0.22
 16  16 1.00
 16  17 0.24
 16  18 0.33
 16  19 0.48
 16  20 0.35
 16  21 0.36
 16  22 0.40
 17   1 0.27
 17   2 0.44
 17   3 0.22
 17   4 0.23
 17   5 0.41
 17   6 0.21
 17   7 0.28
 17   8 0.24
 17   9 0.37
 17  10 0.23
 17  11 0.35
 17  12 0.25
 17  13 0.29
 17  14 0.42
 17  15 0.37
 17  16 0.24
 17  17 1.00
 17  18 0.45
 17  19 0.35
 17  20 0.30
 17  21 0.47
 17  22 0.25
 18   1 0.48
 18   2 0.57
 18   3 0.39
 18   4 0.46
 18   5 0.50
 18   6 0.36
 18   7 0.46
 18   8 0.42
 18   9 0.58
 18  10 0.38
 18  11 0.49
 18  12 0.44
 18  13 0.35
 18  14 0.57
 18  15 0.51
 18  16 0.33
 18  17 0.45
 18  18 1.00
 18  19 0.48
 18  20 0.53
 18  21 0.61
 18  22 0.40
 19   1 0.55
 19   2 0.47
 19   3 0.37
 19   4 0.33
 19   5 0.59
 19   6 0.33
 19   7 0.30
 19   8 0.40
 19   9 0.53
 19  10 0.37
 19  11 0.57
 19  12 0.32
 19  13 0.32
 19  14 0.52
 19  15 0.41
 19  16 0.48
 19  17 0.35
 19  18 0.48
 19  19 1.00
 19  20 0.47
 19  21 0.56
 19  22 0.50
 20   1 0.48
 20   2 0.53
 20   3 0.38
 20   4 0.65
 20   5 0.51
 20   6 0.41
 20   7 0.42
 20   8 0.55
 20   9 0.55
 20  10 0.25
 20  11 0.59
 20  12 0.54
 20  13 0.37
 20  14 0.45
 20  15 0.43
 20  16 0.35
 20  17 0.30
 20  18 0.53
 20  19 0.47
 20  20 1.00
 20  21 0.61
 20  22 0.37
 21   1 0.51
 21   2 0.63
 21   3 0.37
 21   4 0.46
 21   5 0.61
 21   6 0.32
 21   7 0.39
 21   8 0.49
 21   9 0.58
 21  10 0.28
 21  11 0.62
 21  12 0.39
 21  13 0.47
 21  14 0.65
 21  15 0.53
 21  16 0.36
 21  17 0.47
 21  18 0.61
 21  19 0.56
 21  20 0.61
 21  21 1.00
 21  22 0.39
 22   1 0.43
 22   2 0.39
 22   3 0.43
 22   4 0.25
 22   5 0.45
 22   6 0.38
 22   7 0.34
 22   8 0.26
 22   9 0.46
 22  10 0.46
 22  11 0.52
 22  12 0.32
 22  13 0.21
 22  14 0.36
 22  15 0.25
 22  16 0.40
 22  17 0.25
 22  18 0.40
 22  19 0.50
 22  20 0.37
 22  21 0.39
 22  22 1.00
  1   1 1.00
  1   2 0.45
  1   3 0.37
  1   4 0.35
  1   5 0.55
  1   6 0.25
  1   7 0.27
  1   8 0.51
  1   9 0.48
  1  10 0.43
  1  11 0.63
  1  12 0.36
  1  13 0.29
  1  14 0.46
  1  15 0.30
  1  16 0.37
  1  17 0.27
  1  18 0.47
  1  19 0.55
  1  20 0.48
  1  21 0.50
  1  22 0.43
  2   1 0.45
  2   2 1.00
  2   3 0.36
  2   4 0.37
  2   5 0.52
  2   6 0.32
  2   7 0.39
  2   8 0.43
  2   9 0.55
  2  10 0.31
  2  11 0.57
  2  12 0.46
  2  13 0.38
  2  14 0.57
  2  15 0.40
  2  16 0.43
  2  17 0.43
  2  18 0.56
  2  19 0.47
  2  20 0.53
  2  21 0.62
  2  22 0.38
  3   1 0.37
  3   2 0.36
  3   3 1.00
  3   4 0.30
  3   5 0.40
  3   6 0.62
  3   7 0.50
  3   8 0.46
  3   9 0.49
  3  10 0.56
  3  11 0.42
  3  12 0.51
  3  13 0.20
  3  14 0.34
  3  15 0.28
  3  16 0.41
  3  17 0.21
  3  18 0.38
  3  19 0.36
  3  20 0.37
  3  21 0.36
  3  22 0.42
  4   1 0.35
  4   2 0.37
  4   3 0.30
  4   4 1.00
  4   5 0.34
  4   6 0.31
  4   7 0.36
  4   8 0.53
  4   9 0.35
  4  10 0.14
  4  11 0.34
  4  12 0.44
  4  13 0.27
  4  14 0.30
  4  15 0.40
  4  16 0.18
  4  17 0.22
  4  18 0.45
  4  19 0.32
  4  20 0.65
  4  21 0.46
  4  22 0.24
  5   1 0.55
  5   2 0.52
  5   3 0.40
  5   4 0.34
  5   5 1.00
  5   6 0.35
  5   7 0.30
  5   8 0.51
  5   9 0.54
  5  10 0.37
  5  11 0.61
  5  12 0.32
  5  13 0.37
  5  14 0.55
  5  15 0.40
  5  16 0.47
  5  17 0.40
  5  18 0.49
  5  19 0.58
  5  20 0.50
  5  21 0.61
  5  22 0.44
  6   1 0.25
  6   2 0.32
  6   3 0.62
  6   4 0.31
  6   5 0.35
  6   6 1.00
  6   7 0.50
  6   8 0.48
  6   9 0.44
  6  10 0.47
  6  11 0.39
  6  12 0.50
  6  13 0.27
  6  14 0.35
  6  15 0.32
  6  16 0.32
  6  17 0.20
  6  18 0.35
  6  19 0.32
  6  20 0.41
  6  21 0.31
  6  22 0.37
  7   1 0.27
  7   2 0.39
  7   3 0.50
  7   4 0.36
  7   5 0.30
  7   6 0.50
  7   7 1.00
  7   8 0.36
  7   9 0.46
  7  10 0.39
  7  11 0.37
  7  12 0.48
  7  13 0.24
  7  14 0.34
  7  15 0.41
  7  16 0.20
  7  17 0.27
  7  18 0.46
  7  19 0.29
  7  20 0.42
  7  21 0.38
  7  22 0.34
  8   1 0.51
  8   2 0.43
  8   3 0.46
  8   4 0.53
  8   5 0.51
  8   6 0.48
  8   7 0.36
  8   8 1.00
  8   9 0.48
  8  10 0.30
  8  11 0.50
  8  12 0.52
  8  13 0.39
  8  14 0.49
  8  15 0.36
  8  16 0.31
  8  17 0.24
  8  18 0.42
  8  19 0.39
  8  20 0.55
  8  21 0.48
  8  22 0.25
  9   1 0.48
  9   2 0.55
  9   3 0.49
  9   4 0.35
  9   5 0.54
  9   6 0.44
  9   7 0.46
  9   8 0.48
  9   9 1.00
  9  10 0.42
  9  11 0.60
  9  12 0.50
  9  13 0.40
  9  14 0.61
  9  15 0.53
  9  16 0.41
  9  17 0.36
  9  18 0.57
  9  19 0.52
  9  20 0.54
  9  21 0.57
  9  22 0.45
 10   1 0.43
 10   2 0.31
 10   3 0.56
 10   4 0.14
 10   5 0.37
 10   6 0.47
 10   7 0.39
 10   8 0.30
 10   9 0.42
 10  10 1.00
 10  11 0.40
 10  12 0.33
 10  13 0.12
 10  14 0.29
 10  15 0.19
 10  16 0.42
 10  17 0.22
 10  18 0.37
 10  19 0.36
 10  20 0.24
 10  21 0.27
 10  22 0.45
 11   1 0.63
 11   2 0.57
 11   3 0.42
 11   4 0.34
 11   5 0.61
 11   6 0.39
 11   7 0.37
 11   8 0.50
 11   9 0.60
 11  10 0.40
 11  11 1.00
 11  12 0.45
 11  13 0.46
 11  14 0.52
 11  15 0.35
 11  16 0.41
 11  17 0.34
 11  18 0.48
 11  19 0.56
 11  20 0.58
 11  21 0.61
 11  22 0.51
 12   1 0.36
 12   2 0.46
 12   3 0.51
 12   4 0.44
 12   5 0.32
 12   6 0.50
 12   7 0.48
 12   8 0.52
 12   9 0.50
 12  10 0.33
 12  11 0.45
 12  12 1.00
 12  13 0.30
 12  14 0.39
 12  15 0.34
 12  16 0.28
 12  17 0.25
 12  18 0.43
 12  19 0.31
 12  20 0.54
 12  21 0.38
 12  22 0.31
 13   1 0.29
 13   2 0.38
 13   3 0.20
 13   4 0.27
 13   5 0.37
 13   6 0.27
 13   7 0.24
 13   8 0.39
 13   9 0.40
 13  10 0.12
 13  11 0.46
 13  12 0.30
 13  13 1.00
 13  14 0.59
 13  15 0.34
 13  16 0.19
 13  17 0.29
 13  18 0.34
 13  19 0.32
 13  20 0.36
 13  21 0.47
 13  22 0.20
 14   1 0.46
 14   2 0.57
 14   3 0.34
 14   4 0.30
 14   5 0.55
 14   6 0.35
 14   7 0.34
 14   8 0.49
 14   9 0.61
 14  10 0.29
 14  11 0.52
 14  12 0.39
 14  13 0.59
 14  14 1.00
 14  15 0.48
 14  16 0.33
 14  17 0.41
 14  18 0.56
 14  19 0.51
 14  20 0.44
 14  21 0.65
 14  22 0.36
 15   1 0.30
 15   2 0.40
 15   3 0.28
 15   4 0.40
 15   5 0.40
 15   6 0.32
 15   7 0.41
 15   8 0.36
 15   9 0.53
 15  10 0.19
 15  11 0.35
 15  12 0.34
 15  13 0.34
 15  14 0.48
 15  15 1.00
 15  16 0.21
 15  17 0.36
 15  18 0.51
 15  19 0.40
 15  20 0.43
 15  21 0.52
 15  22 0.25
 16   1 0.37
 16   2 0.43
 16   3 0.41
 16   4 0.18
 16   5 0.47
 16   6 0.32
 16   7 0.20
 16   8 0.31
 16   9 0.41
 16  10 0.42
 16  11 0.41
 16  12 0.28
 16  13 0.19
 16  14 0.33
 16  15 0.21
 16  16 1.00
 16  17 0.23
 16  18 0.32
 16  19 0.48
 16  20 0.35
 16  21 0.35
 16  22 0.39
 17   1 0.27
 17   2 0.43
 17   3 0.21
 17   4 0.22
 17   5 0.40
 17   6 0.20
 17   7 0.27
 17   8 0.24
 17   9 0.36
 17  10 0.22
 17  11 0.34
 17  12 0.25
 17  13 0.29
 17  14 0.41
 17  15 0.36
 17  16 0.23
 17  17 1.00
 17  18 0.44
 17  19 0.34
 17  20 0.30
 17  21 0.46
 17  22 0.25
 18   1 0.47
 18   2 0.56
 18   3 0.38
 18   4 0.45
 18   5 0.49
 18   6 0.35
 18   7 0.46
 18   8 0.42
 18   9 0.57
 18  10 0.37
 18  11 0.48
 18  12 0.43
 18  13 0.34
 18  14 0.56
 18  15 0.51
 18  16 0.32
 18  17 0.44
 18  18 1.00
 18  19 0.48
 18  20 0.52
 18  21 0.60
 18  22 0.39
 19   1 0.55
 19   2 0.47
 19   3 0.36
 19   4 0.32
 19   5 0.58
 19   6 0.32
 19   7 0.29
 19   8 0.39
 19   9 0.52
 19  10 0.36
 19  11 0.56
 19  12 0.31
 19  13 0.32
 19  14 0.51
 19  15 0.40
 19  16 0.48
 19  17 0.34
 19  18 0.48
 19  19 1.00
 19  20 0.47
 19  21 0.55
 19  22 0.49
 20   1 0.48
 20   2 0.53
 20   3 0.37
 20   4 0.65
 20   5 0.50
 20   6 0.41
 20   7 0.42
 20   8 0.55
 20   9 0.54
 20  10 0.24
 20  11 0.58
 20  12 0.54
 20  13 0.36
 20  14 0.44
 20  15 0.43
 20  16 0.35
 20  17 0.30
 20  18 0.52
 20  19 0.47
 20  20 1.00
 20  21 0.60
 20  22 0.36
 21   1 0.50
 21   2 0.62
 21   3 0.36
 21   4 0.46
 21   5 0.61
 21   6 0.31
 21   7 0.38
 21   8 0.48
 21   9 0.57
 21  10 0.27
 21  11 0.61
 21  12 0.38
 21  13 0.47
 21  14 0.65
 21  15 0.52
 21  16 0.35
 21  17 0.46
 21  18 0.60
 21  19 0.55
 21  20 0.60
 21  21 1.00
 21  22 0.38
 22   1 0.43
 22   2 0.38
 22   3 0.42
 22   4 0.24
 22   5 0.44
 22   6 0.37
 22   7 0.34
 22   8 0.25
 22   9 0.45
 22  10 0.45
 22  11 0.51
 22  12 0.31
 22  13 0.20
 22  14 0.36
 22  15 0.25
 22  16 0.39
 22  17 0.25
 22  18 0.39
 22  19 0.49
 22  20 0.36
 22  21 0.38
 22  22 1.00
