  1   1 0.27
  1   2 0.35
  1   3 0.42
  1   4 0.53
  1   5 0.44
  1   6 0.47
  1   7 0.55
  1   8 0.57
  1   9 0.36
  1  10 0.51
  1  11 0.45
  1  12 0.37
  1  13 0.54
  1  14 0.51
  1  15 0.46
  1  16 0.36
  1  17 0.44
  1  18 0.41
  1  19 0.45
  1  20 0.49
  1  21 0.32
  1  22 0.27
  2   1 0.28
  2   2 0.53
  2   3 0.54
  2   4 0.48
  2   5 0.51
  2   6 0.52
  2   7 0.43
  2   8 0.57
  2   9 0.49
  2  10 0.50
  2  11 0.55
  2  12 0.61
  2  13 0.54
  2  14 0.59
  2  15 0.49
  2  16 0.50
  2  17 0.50
  2  18 0.55
  2  19 0.55
  2  20 0.63
  2  21 0.45
  2  22 0.32
  3   1 0.25
  3   2 0.43
  3   3 0.38
  3   4 0.27
  3   5 0.49
  3   6 0.63
  3   7 0.44
  3   8 0.51
  3   9 0.36
  3  10 0.49
  3  11 0.65
  3  12 0.59
  3  13 0.58
  3  14 0.51
  3  15 0.54
  3  16 0.38
  3  17 0.64
  3  18 0.62
  3  19 0.50
  3  20 0.53
  3  21 0.49
  3  22 0.35
  4   1 0.26
  4   2 0.50
  4   3 0.50
  4   4 0.55
  4   5 0.59
  4   6 0.43
  4   7 0.52
  4   8 0.55
  4   9 0.46
  4  10 0.51
  4  11 0.56
  4  12 0.46
  4  13 0.61
  4  14 0.49
  4  15 0.46
  4  16 0.42
  4  17 0.48
  4  18 0.57
  4  19 0.43
  4  20 0.54
  4  21 0.45
  4  22 0.31
  5   1 0.35
  5   2 0.59
  5   3 0.52
  5   4 0.49
  5   5 0.63
  5   6 0.57
  5   7 0.47
  5   8 0.59
  5   9 0.52
  5  10 0.54
  5  11 0.67
  5  12 0.58
  5  13 0.64
  5  14 0.65
  5  15 0.54
  5  16 0.50
  5  17 0.58
  5  18 0.73
  5  19 0.55
  5  20 0.58
  5  21 0.62
  5  22 0.41
  6   1 0.26
  6   2 0.50
  6   3 0.49
  6   4 0.45
  6   5 0.54
  6   6 0.62
  6   7 0.49
  6   8 0.61
  6   9 0.48
  6  10 0.51
  6  11 0.67
  6  12 0.65
  6  13 0.61
  6  14 0.56
  6  15 0.58
  6  16 0.46
  6  17 0.60
  6  18 0.62
  6  19 0.55
  6  20 0.62
  6  21 0.42
  6  22 0.36
  7   1 0.34
  7   2 0.58
  7   3 0.45
  7   4 0.39
  7   5 0.59
  7   6 0.52
  7   7 0.44
  7   8 0.47
  7   9 0.53
  7  10 0.47
  7  11 0.56
  7  12 0.60
  7  13 0.63
  7  14 0.51
  7  15 0.51
  7  16 0.41
  7  17 0.55
  7  18 0.64
  7  19 0.51
  7  20 0.49
  7  21 0.55
  7  22 0.49
  8   1 0.42
  8   2 0.60
  8   3 0.36
  8   4 0.51
  8   5 0.55
  8   6 0.41
  8   7 0.48
  8   8 0.49
  8   9 0.56
  8  10 0.48
  8  11 0.58
  8  12 0.37
  8  13 0.65
  8  14 0.43
  8  15 0.53
  8  16 0.45
  8  17 0.54
  8  18 0.61
  8  19 0.48
  8  20 0.45
  8  21 0.47
  8  22 0.46
  9   1 0.22
  9   2 0.46
  9   3 0.44
  9   4 0.54
  9   5 0.52
  9   6 0.68
  9   7 0.58
  9   8 0.75
  9   9 0.44
  9  10 0.73
  9  11 0.60
  9  12 0.54
  9  13 0.60
  9  14 0.54
  9  15 0.70
  9  16 0.55
  9  17 0.62
  9  18 0.51
  9  19 0.62
  9  20 0.79
  9  21 0.44
  9  22 0.31
 10   1 0.32
 10   2 0.46
 10   3 0.53
 10   4 0.44
 10   5 0.64
 10   6 0.58
 10   7 0.49
 10   8 0.63
 10   9 0.47
 10  10 0.53
 10  11 0.59
 10  12 0.64
 10  13 0.64
 10  14 0.63
 10  15 0.55
 10  16 0.49
 10  17 0.58
 10  18 0.65
 10  19 0.55
 10  20 0.63
 10  21 0.57
 10  22 0.47
 11   1 0.25
 11   2 0.35
 11   3 0.50
 11   4 0.30
 11   5 0.45
 11   6 0.64
 11   7 0.36
 11   8 0.59
 11   9 0.33
 11  10 0.53
 11  11 0.42
 11  12 0.58
 11  13 0.41
 11  14 0.52
 11  15 0.46
 11  16 0.51
 11  17 0.53
 11  18 0.49
 11  19 0.58
 11  20 0.57
 11  21 0.50
 11  22 0.38
 12   1 0.28
 12   2 0.61
 12   3 0.44
 12   4 0.46
 12   5 0.53
 12   6 0.42
 12   7 0.41
 12   8 0.49
 12   9 0.48
 12  10 0.44
 12  11 0.63
 12  12 0.50
 12  13 0.52
 12  14 0.42
 12  15 0.42
 12  16 0.44
 12  17 0.52
 12  18 0.62
 12  19 0.49
 12  20 0.51
 12  21 0.45
 12  22 0.32
 13   1 0.29
 13   2 0.31
 13   3 0.42
 13   4 0.47
 13   5 0.37
 13   6 0.36
 13   7 0.23
 13   8 0.42
 13   9 0.38
 13  10 0.48
 13  11 0.28
 13  12 0.39
 13  13 0.34
 13  14 0.34
 13  15 0.29
 13  16 0.52
 13  17 0.37
 13  18 0.30
 13  19 0.61
 13  20 0.52
 13  21 0.36
 13  22 0.31
 14   1 0.25
 14   2 0.50
 14   3 0.53
 14   4 0.52
 14   5 0.64
 14   6 0.60
 14   7 0.59
 14   8 0.70
 14   9 0.49
 14  10 0.71
 14  11 0.67
 14  12 0.49
 14  13 0.63
 14  14 0.64
 14  15 0.67
 14  16 0.50
 14  17 0.60
 14  18 0.61
 14  19 0.53
 14  20 0.69
 14  21 0.51
 14  22 0.30
 15   1 0.17
 15   2 0.47
 15   3 0.34
 15   4 0.53
 15   5 0.42
 15   6 0.45
 15   7 0.44
 15   8 0.53
 15   9 0.41
 15  10 0.45
 15  11 0.56
 15  12 0.40
 15  13 0.51
 15  14 0.44
 15  15 0.52
 15  16 0.40
 15  17 0.40
 15  18 0.47
 15  19 0.44
 15  20 0.52
 15  21 0.28
 15  22 0.23
 16   1 0.27
 16   2 0.36
 16   3 0.42
 16   4 0.49
 16   5 0.37
 16   6 0.51
 16   7 0.30
 16   8 0.54
 16   9 0.36
 16  10 0.54
 16  11 0.38
 16  12 0.53
 16  13 0.39
 16  14 0.45
 16  15 0.38
 16  16 0.56
 16  17 0.45
 16  18 0.38
 16  19 0.65
 16  20 0.59
 16  21 0.36
 16  22 0.32
 17   1 0.16
 17   2 0.35
 17   3 0.23
 17   4 0.27
 17   5 0.34
 17   6 0.45
 17   7 0.42
 17   8 0.46
 17   9 0.31
 17  10 0.36
 17  11 0.44
 17  12 0.38
 17  13 0.42
 17  14 0.35
 17  15 0.53
 17  16 0.30
 17  17 0.46
 17  18 0.40
 17  19 0.39
 17  20 0.48
 17  21 0.30
 17  22 0.24
 18   1 0.40
 18   2 0.40
 18   3 0.47
 18   4 0.39
 18   5 0.56
 18   6 0.64
 18   7 0.53
 18   8 0.64
 18   9 0.51
 18  10 0.60
 18  11 0.53
 18  12 0.61
 18  13 0.67
 18  14 0.64
 18  15 0.58
 18  16 0.41
 18  17 0.67
 18  18 0.58
 18  19 0.60
 18  20 0.60
 18  21 0.56
 18  22 0.52
 19   1 0.43
 19   2 0.41
 19   3 0.38
 19   4 0.22
 19   5 0.55
 19   6 0.51
 19   7 0.45
 19   8 0.41
 19   9 0.44
 19  10 0.40
 19  11 0.47
 19  12 0.55
 19  13 0.63
 19  14 0.64
 19  15 0.51
 19  16 0.28
 19  17 0.62
 19  18 0.61
 19  19 0.39
 19  20 0.38
 19  21 0.53
 19  22 0.52
 20   1 0.45
 20   2 0.52
 20   3 0.55
 20   4 0.32
 20   5 0.62
 20   6 0.59
 20   7 0.48
 20   8 0.53
 20   9 0.54
 20  10 0.56
 20  11 0.58
 20  12 0.66
 20  13 0.65
 20  14 0.67
 20  15 0.56
 20  16 0.40
 20  17 0.71
 20  18 0.66
 20  19 0.53
 20  20 0.58
 20  21 0.58
 20  22 0.52
 21   1 0.33
 21   2 0.46
 21   3 0.56
 21   4 0.54
 21   5 0.57
 21   6 0.62
 21   7 0.47
 21   8 0.64
 21   9 0.47
 21  10 0.62
 21  11 0.62
 21  12 0.66
 21  13 0.61
 21  14 0.59
 21  15 0.53
 21  16 0.62
 21  17 0.63
 21  18 0.58
 21  19 0.71
 21  20 0.72
 21  21 0.50
 21  22 0.42
 22   1 0.36
 22   2 0.55
 22   3 0.50
 22   4 0.45
 22   5 0.71
 22   6 0.52
 22   7 0.57
 22   8 0.57
 22   9 0.54
 22  10 0.62
 22  11 0.62
 22  12 0.52
 22  13 0.69
 22  14 0.68
 22  15 0.61
 22  16 0.40
 22  17 0.62
 22  18 0.65
 22  19 0.45
 22  20 0.53
 22  21 0.58
 22  22 0.41
  1   1 0.27
  1   2 0.35
  1   3 0.41
  1   4 0.53
  1   5 0.44
  1   6 0.47
  1   7 0.55
  1   8 0.56
  1   9 0.36
  1  10 0.51
  1  11 0.45
  1  12 0.37
  1  13 0.54
  1  14 0.50
  1  15 0.46
  1  16 0.36
  1  17 0.44
  1  18 0.41
  1  19 0.45
  1  20 0.49
  1  21 0.32
  1  22 0.26
  2   1 0.28
  2   2 0.53
  2   3 0.54
  2   4 0.47
  2   5 0.51
  2   6 0.51
  2   7 0.42
  2   8 0.57
  2   9 0.48
  2  10 0.50
  2  11 0.55
  2  12 0.60
  2  13 0.54
  2  14 0.59
  2  15 0.48
  2  16 0.50
  2  17 0.49
  2  18 0.54
  2  19 0.55
  2  20 0.63
  2  21 0.45
  2  22 0.31
  3   1 0.24
  3   2 0.43
  3   3 0.37
  3   4 0.26
  3   5 0.49
  3   6 0.63
  3   7 0.43
  3   8 0.51
  3   9 0.35
  3  10 0.49
  3  11 0.64
  3  12 0.59
  3  13 0.58
  3  14 0.50
  3  15 0.54
  3  16 0.38
  3  17 0.64
  3  18 0.62
  3  19 0.50
  3  20 0.53
  3  21 0.49
  3  22 0.35
  4   1 0.25
  4   2 0.50
  4   3 0.49
  4   4 0.55
  4   5 0.59
  4   6 0.43
  4   7 0.52
  4   8 0.55
  4   9 0.45
  4  10 0.51
  4  11 0.56
  4  12 0.46
  4  13 0.61
  4  14 0.49
  4  15 0.45
  4  16 0.41
  4  17 0.47
  4  18 0.57
  4  19 0.43
  4  20 0.54
  4  21 0.45
  4  22 0.30
  5   1 0.34
  5   2 0.59
  5   3 0.52
  5   4 0.49
  5   5 0.63
  5   6 0.57
  5   7 0.47
  5   8 0.59
  5   9 0.52
  5  10 0.54
  5  11 0.67
  5  12 0.58
  5  13 0.64
  5  14 0.65
  5  15 0.54
  5  16 0.49
  5  17 0.57
  5  18 0.73
  5  19 0.55
  5  20 0.58
  5  21 0.61
  5  22 0.41
  6   1 0.26
  6   2 0.49
  6   3 0.49
  6   4 0.45
  6   5 0.54
  6   6 0.62
  6   7 0.48
  6   8 0.60
  6   9 0.48
  6  10 0.51
  6  11 0.67
  6  12 0.65
  6  13 0.60
  6  14 0.56
  6  15 0.57
  6  16 0.45
  6  17 0.60
  6  18 0.62
  6  19 0.55
  6  20 0.62
  6  21 0.42
  6  22 0.36
  7   1 0.34
  7   2 0.58
  7   3 0.45
  7   4 0.39
  7   5 0.58
  7   6 0.52
  7   7 0.44
  7   8 0.47
  7   9 0.53
  7  10 0.47
  7  11 0.56
  7  12 0.59
  7  13 0.63
  7  14 0.51
  7  15 0.51
  7  16 0.40
  7  17 0.55
  7  18 0.63
  7  19 0.50
  7  20 0.49
  7  21 0.55
  7  22 0.49
  8   1 0.41
  8   2 0.59
  8   3 0.36
  8   4 0.51
  8   5 0.55
  8   6 0.41
  8   7 0.48
  8   8 0.49
  8   9 0.55
  8  10 0.48
  8  11 0.57
  8  12 0.37
  8  13 0.65
  8  14 0.42
  8  15 0.53
  8  16 0.44
  8  17 0.54
  8  18 0.61
  8  19 0.47
  8  20 0.45
  8  21 0.46
  8  22 0.45
  9   1 0.22
  9   2 0.45
  9   3 0.43
  9   4 0.54
  9   5 0.52
  9   6 0.68
  9   7 0.58
  9   8 0.75
  9   9 0.44
  9  10 0.73
  9  11 0.59
  9  12 0.53
  9  13 0.59
  9  14 0.54
  9  15 0.69
  9  16 0.55
  9  17 0.62
  9  18 0.51
  9  19 0.62
  9  20 0.79
  9  21 0.44
  9  22 0.30
 10   1 0.32
 10   2 0.45
 10   3 0.53
 10   4 0.44
 10   5 0.63
 10   6 0.58
 10   7 0.49
 10   8 0.63
 10   9 0.47
 10  10 0.53
 10  11 0.59
 10  12 0.63
 10  13 0.63
 10  14 0.63
 10  15 0.54
 10  16 0.49
 10  17 0.58
 10  18 0.65
 10  19 0.54
 10  20 0.62
 10  21 0.57
 10  22 0.46
 11   1 0.24
 11   2 0.34
 11   3 0.50
 11   4 0.30
 11   5 0.45
 11   6 0.63
 11   7 0.36
 11   8 0.58
 11   9 0.33
 11  10 0.53
 11  11 0.41
 11  12 0.57
 11  13 0.40
 11  14 0.52
 11  15 0.46
 11  16 0.51
 11  17 0.53
 11  18 0.49
 11  19 0.58
 11  20 0.57
 11  21 0.50
 11  22 0.38
 12   1 0.28
 12   2 0.61
 12   3 0.44
 12   4 0.46
 12   5 0.52
 12   6 0.42
 12   7 0.41
 12   8 0.49
 12   9 0.48
 12  10 0.43
 12  11 0.63
 12  12 0.50
 12  13 0.52
 12  14 0.41
 12  15 0.42
 12  16 0.44
 12  17 0.52
 12  18 0.61
 12  19 0.49
 12  20 0.51
 12  21 0.45
 12  22 0.32
 13   1 0.28
 13   2 0.31
 13   3 0.42
 13   4 0.47
 13   5 0.37
 13   6 0.36
 13   7 0.23
 13   8 0.41
 13   9 0.38
 13  10 0.48
 13  11 0.27
 13  12 0.39
 13  13 0.33
 13  14 0.33
 13  15 0.29
 13  16 0.52
 13  17 0.37
 13  18 0.30
 13  19 0.61
 13  20 0.52
 13  21 0.35
 13  22 0.30
 14   1 0.24
 14   2 0.49
 14   3 0.53
 14   4 0.52
 14   5 0.63
 14   6 0.60
 14   7 0.59
 14   8 0.70
 14   9 0.49
 14  10 0.70
 14  11 0.67
 14  12 0.49
 14  13 0.63
 14  14 0.64
 14  15 0.67
 14  16 0.50
 14  17 0.60
 14  18 0.60
 14  19 0.53
 14  20 0.69
 14  21 0.51
 14  22 0.30
 15   1 0.16
 15   2 0.47
 15   3 0.34
 15   4 0.53
 15   5 0.42
 15   6 0.44
 15   7 0.44
 15   8 0.53
 15   9 0.41
 15  10 0.45
 15  11 0.55
 15  12 0.40
 15  13 0.51
 15  14 0.44
 15  15 0.52
 15  16 0.39
 15  17 0.39
 15  18 0.46
 15  19 0.44
 15  20 0.52
 15  21 0.28
 15  22 0.23
 16   1 0.26
 16   2 0.36
 16   3 0.42
 16   4 0.49
 16   5 0.36
 16   6 0.51
 16   7 0.30
 16   8 0.54
 16   9 0.36
 16  10 0.54
 16  11 0.38
 16  12 0.53
 16  13 0.38
 16  14 0.45
 16  15 0.38
 16  16 0.56
 16  17 0.44
 16  18 0.38
 16  19 0.65
 16  20 0.59
 16  21 0.36
 16  22 0.31
 17   1 0.15
 17   2 0.34
 17   3 0.22
 17   4 0.26
 17   5 0.34
 17   6 0.45
 17   7 0.42
 17   8 0.46
 17   9 0.31
 17  10 0.35
 17  11 0.44
 17  12 0.38
 17  13 0.41
 17  14 0.35
 17  15 0.53
 17  16 0.30
 17  17 0.45
 17  18 0.40
 17  19 0.39
 17  20 0.48
 17  21 0.30
 17  22 0.24
 18   1 0.40
 18   2 0.39
 18   3 0.47
 18   4 0.39
 18   5 0.56
 18   6 0.64
 18   7 0.52
 18   8 0.63
 18   9 0.51
 18  10 0.59
 18  11 0.52
 18  12 0.60
 18  13 0.66
 18  14 0.64
 18  15 0.57
 18  16 0.40
 18  17 0.66
 18  18 0.58
 18  19 0.60
 18  20 0.60
 18  21 0.56
 18  22 0.51
 19   1 0.43
 19   2 0.41
 19   3 0.38
 19   4 0.22
 19   5 0.55
 19   6 0.51
 19   7 0.45
 19   8 0.41
 19   9 0.43
 19  10 0.40
 19  11 0.47
 19  12 0.55
 19  13 0.63
 19  14 0.64
 19  15 0.51
 19  16 0.28
 19  17 0.62
 19  18 0.61
 19  19 0.39
 19  20 0.38
 19  21 0.52
 19  22 0.51
 20   1 0.45
 20   2 0.52
 20   3 0.55
 20   4 0.32
 20   5 0.62
 20   6 0.59
 20   7 0.48
 20   8 0.52
 20   9 0.53
 20  10 0.56
 20  11 0.57
 20  12 0.66
 20  13 0.65
 20  14 0.66
 20  15 0.56
 20  16 0.40
 20  17 0.71
 20  18 0.66
 20  19 0.52
 20  20 0.58
 20  21 0.58
 20  22 0.52
 21   1 0.33
 21   2 0.45
 21   3 0.55
 21   4 0.54
 21   5 0.57
 21   6 0.61
 21   7 0.47
 21   8 0.64
 21   9 0.47
 21  10 0.62
 21  11 0.62
 21  12 0.66
 21  13 0.60
 21  14 0.59
 21  15 0.52
 21  16 0.62
 21  17 0.62
 21  18 0.58
 21  19 0.71
 21  20 0.72
 21  21 0.50
 21  22 0.41
 22   1 0.36
 22   2 0.55
 22   3 0.50
 22   4 0.45
 22   5 0.71
 22   6 0.52
 22   7 0.57
 22   8 0.57
 22   9 0.54
 22  10 0.62
 22  11 0.62
 22  12 0.52
 22  13 0.68
 22  14 0.68
 22  15 0.61
 22  16 0.40
 22  17 0.62
 22  18 0.65
 22  19 0.45
 22  20 0.52
 22  21 0.58
 22  22 0.41
  1   1 0.27
  1   2 0.35
  1   3 0.41
  1   4 0.53
  1   5 0.44
  1   6 0.47
  1   7 0.55
  1   8 0.56
  1   9 0.36
  1  10 0.51
  1  11 0.45
  1  12 0.37
  1  13 0.54
  1  14 0.50
  1  15 0.46
  1  16 0.36
  1  17 0.44
  1  18 0.41
  1  19 0.45
  1  20 0.49
  1  21 0.32
  1  22 0.26
  2   1 0.28
  2   2 0.53
  2   3 0.54
  2   4 0.47
  2   5 0.51
  2   6 0.51
  2   7 0.42
  2   8 0.57
  2   9 0.48
  2  10 0.50
  2  11 0.55
  2  12 0.60
  2  13 0.54
  2  14 0.59
  2  15 0.48
  2  16 0.50
  2  17 0.49
  2  18 0.54
  2  19 0.55
  2  20 0.63
  2  21 0.45
  2  22 0.31
  3   1 0.24
  3   2 0.43
  3   3 0.37
  3   4 0.26
  3   5 0.49
  3   6 0.63
  3   7 0.43
  3   8 0.51
  3   9 0.35
  3  10 0.49
  3  11 0.64
  3  12 0.59
  3  13 0.58
  3  14 0.50
  3  15 0.54
  3  16 0.38
  3  17 0.64
  3  18 0.62
  3  19 0.50
  3  20 0.53
  3  21 0.49
  3  22 0.35
  4   1 0.25
  4   2 0.50
  4   3 0.49
  4   4 0.55
  4   5 0.59
  4   6 0.43
  4   7 0.52
  4   8 0.55
  4   9 0.45
  4  10 0.51
  4  11 0.56
  4  12 0.46
  4  13 0.61
  4  14 0.49
  4  15 0.45
  4  16 0.41
  4  17 0.47
  4  18 0.57
  4  19 0.43
  4  20 0.54
  4  21 0.45
  4  22 0.30
  5   1 0.34
  5   2 0.59
  5   3 0.52
  5   4 0.49
  5   5 0.63
  5   6 0.57
  5   7 0.47
  5   8 0.59
  5   9 0.52
  5  10 0.54
  5  11 0.67
  5  12 0.58
  5  13 0.64
  5  14 0.65
  5  15 0.54
  5  16 0.49
  5  17 0.57
  5  18 0.73
  5  19 0.55
  5  20 0.58
  5  21 0.61
  5  22 0.41
  6   1 0.26
  6   2 0.49
  6   3 0.49
  6   4 0.45
  6   5 0.54
  6   6 0.62
  6   7 0.48
  6   8 0.60
  6   9 0.48
  6  10 0.51
  6  11 0.67
  6  12 0.65
  6  13 0.60
  6  14 0.56
  6  15 0.57
  6  16 0.45
  6  17 0.60
  6  18 0.62
  6  19 0.55
  6  20 0.62
  6  21 0.42
  6  22 0.36
  7   1 0.34
  7   2 0.58
  7   3 0.45
  7   4 0.39
  7   5 0.58
  7   6 0.52
  7   7 0.44
  7   8 0.47
  7   9 0.53
  7  10 0.47
  7  11 0.56
  7  12 0.59
  7  13 0.63
  7  14 0.51
  7  15 0.51
  7  16 0.40
  7  17 0.55
  7  18 0.63
  7  19 0.50
  7  20 0.49
  7  21 0.55
  7  22 0.49
  8   1 0.41
  8   2 0.59
  8   3 0.36
  8   4 0.51
  8   5 0.55
  8   6 0.41
  8   7 0.48
  8   8 0.49
  8   9 0.55
  8  10 0.48
  8  11 0.57
  8  12 0.37
  8  13 0.65
  8  14 0.42
  8  15 0.53
  8  16 0.44
  8  17 0.54
  8  18 0.61
  8  19 0.47
  8  20 0.45
  8  21 0.46
  8  22 0.45
  9   1 0.22
  9   2 0.45
  9   3 0.43
  9   4 0.54
  9   5 0.52
  9   6 0.68
  9   7 0.58
  9   8 0.75
  9   9 0.44
  9  10 0.73
  9  11 0.59
  9  12 0.53
  9  13 0.59
  9  14 0.54
  9  15 0.69
  9  16 0.55
  9  17 0.62
  9  18 0.51
  9  19 0.62
  9  20 0.79
  9  21 0.44
  9  22 0.30
 10   1 0.32
 10   2 0.45
 10   3 0.53
 10   4 0.44
 10   5 0.63
 10   6 0.58
 10   7 0.49
 10   8 0.63
 10   9 0.47
 10  10 0.53
 10  11 0.59
 10  12 0.63
 10  13 0.63
 10  14 0.63
 10  15 0.54
 10  16 0.49
 10  17 0.58
 10  18 0.65
 10  19 0.54
 10  20 0.62
 10  21 0.57
 10  22 0.46
 11   1 0.24
 11   2 0.34
 11   3 0.50
 11   4 0.30
 11   5 0.45
 11   6 0.63
 11   7 0.36
 11   8 0.58
 11   9 0.33
 11  10 0.53
 11  11 0.41
 11  12 0.57
 11  13 0.40
 11  14 0.52
 11  15 0.46
 11  16 0.51
 11  17 0.53
 11  18 0.49
 11  19 0.58
 11  20 0.57
 11  21 0.50
 11  22 0.38
 12   1 0.28
 12   2 0.61
 12   3 0.44
 12   4 0.46
 12   5 0.52
 12   6 0.42
 12   7 0.41
 12   8 0.49
 12   9 0.48
 12  10 0.43
 12  11 0.63
 12  12 0.50
 12  13 0.52
 12  14 0.41
 12  15 0.42
 12  16 0.44
 12  17 0.52
 12  18 0.61
 12  19 0.49
 12  20 0.51
 12  21 0.45
 12  22 0.32
 13   1 0.28
 13   2 0.31
 13   3 0.42
 13   4 0.47
 13   5 0.37
 13   6 0.36
 13   7 0.23
 13   8 0.41
 13   9 0.38
 13  10 0.48
 13  11 0.27
 13  12 0.39
 13  13 0.33
 13  14 0.33
 13  15 0.29
 13  16 0.52
 13  17 0.37
 13  18 0.30
 13  19 0.61
 13  20 0.52
 13  21 0.35
 13  22 0.30
 14   1 0.24
 14   2 0.49
 14   3 0.53
 14   4 0.52
 14   5 0.63
 14   6 0.60
 14   7 0.59
 14   8 0.70
 14   9 0.49
 14  10 0.70
 14  11 0.67
 14  12 0.49
 14  13 0.63
 14  14 0.64
 14  15 0.67
 14  16 0.50
 14  17 0.60
 14  18 0.60
 14  19 0.53
 14  20 0.69
 14  21 0.51
 14  22 0.30
 15   1 0.16
 15   2 0.47
 15   3 0.34
 15   4 0.53
 15   5 0.42
 15   6 0.44
 15   7 0.44
 15   8 0.53
 15   9 0.41
 15  10 0.45
 15  11 0.55
 15  12 0.40
 15  13 0.51
 15  14 0.44
 15  15 0.52
 15  16 0.39
 15  17 0.39
 15  18 0.46
 15  19 0.44
 15  20 0.52
 15  21 0.28
 15  22 0.23
 16   1 0.26
 16   2 0.36
 16   3 0.42
 16   4 0.49
 16   5 0.36
 16   6 0.51
 16   7 0.30
 16   8 0.54
 16   9 0.36
 16  10 0.54
 16  11 0.38
 16  12 0.53
 16  13 0.38
 16  14 0.45
 16  15 0.38
 16  16 0.56
 16  17 0.44
 16  18 0.38
 16  19 0.65
 16  20 0.59
 16  21 0.36
 16  22 0.31
 17   1 0.15
 17   2 0.34
 17   3 0.22
 17   4 0.26
 17   5 0.34
 17   6 0.45
 17   7 0.42
 17   8 0.46
 17   9 0.31
 17  10 0.35
 17  11 0.44
 17  12 0.38
 17  13 0.41
 17  14 0.35
 17  15 0.53
 17  16 0.30
 17  17 0.45
 17  18 0.40
 17  19 0.39
 17  20 0.48
 17  21 0.30
 17  22 0.24
 18   1 0.40
 18   2 0.39
 18   3 0.47
 18   4 0.39
 18   5 0.56
 18   6 0.64
 18   7 0.52
 18   8 0.63
 18   9 0.51
 18  10 0.59
 18  11 0.52
 18  12 0.60
 18  13 0.66
 18  14 0.64
 18  15 0.57
 18  16 0.40
 18  17 0.66
 18  18 0.58
 18  19 0.60
 18  20 0.60
 18  21 0.56
 18  22 0.51
 19   1 0.43
 19   2 0.41
 19   3 0.38
 19   4 0.22
 19   5 0.55
 19   6 0.51
 19   7 0.45
 19   8 0.41
 19   9 0.43
 19  10 0.40
 19  11 0.47
 19  12 0.55
 19  13 0.63
 19  14 0.64
 19  15 0.51
 19  16 0.28
 19  17 0.62
 19  18 0.61
 19  19 0.39
 19  20 0.38
 19  21 0.52
 19  22 0.51
 20   1 0.45
 20   2 0.52
 20   3 0.55
 20   4 0.32
 20   5 0.62
 20   6 0.59
 20   7 0.48
 20   8 0.52
 20   9 0.53
 20  10 0.56
 20  11 0.57
 20  12 0.66
 20  13 0.65
 20  14 0.66
 20  15 0.56
 20  16 0.40
 20  17 0.71
 20  18 0.66
 20  19 0.52
 20  20 0.58
 20  21 0.58
 20  22 0.52
 21   1 0.33
 21   2 0.45
 21   3 0.55
 21   4 0.54
 21   5 0.57
 21   6 0.61
 21   7 0.47
 21   8 0.64
 21   9 0.47
 21  10 0.62
 21  11 0.62
 21  12 0.66
 21  13 0.60
 21  14 0.59
 21  15 0.52
 21  16 0.62
 21  17 0.62
 21  18 0.58
 21  19 0.71
 21  20 0.72
 21  21 0.50
 21  22 0.41
 22   1 0.36
 22   2 0.55
 22   3 0.50
 22   4 0.45
 22   5 0.71
 22   6 0.52
 22   7 0.57
 22   8 0.57
 22   9 0.54
 22  10 0.62
 22  11 0.62
 22  12 0.52
 22  13 0.68
 22  14 0.68
 22  15 0.61
 22  16 0.40
 22  17 0.62
 22  18 0.65
 22  19 0.45
 22  20 0.52
 22  21 0.58
 22  22 0.41
