  1   1 1.00
  1   2 0.33
  1   3 0.41
  1   4 0.29
  1   5 0.37
  1   6 0.32
  1   7 0.34
  1   8 0.25
  1   9 0.26
  1  10 0.41
  1  11 0.28
  1  12 0.22
  1  13 0.28
  1  14 0.25
  1  15 0.20
  1  16 0.30
  1  17 0.23
  1  18 0.26
  1  19 0.35
  1  20 0.23
  1  21 0.31
  1  22 0.30
  2   1 0.33
  2   2 1.00
  2   3 0.61
  2   4 0.47
  2   5 0.60
  2   6 0.46
  2   7 0.55
  2   8 0.60
  2   9 0.61
  2  10 0.66
  2  11 0.59
  2  12 0.47
  2  13 0.48
  2  14 0.40
  2  15 0.43
  2  16 0.50
  2  17 0.52
  2  18 0.51
  2  19 0.70
  2  20 0.58
  2  21 0.46
  2  22 0.54
  3   1 0.41
  3   2 0.61
  3   3 1.00
  3   4 0.42
  3   5 0.64
  3   6 0.42
  3   7 0.54
  3   8 0.41
  3   9 0.49
  3  10 0.66
  3  11 0.41
  3  12 0.42
  3  13 0.44
  3  14 0.43
  3  15 0.36
  3  16 0.45
  3  17 0.44
  3  18 0.56
  3  19 0.57
  3  20 0.42
  3  21 0.48
  3  22 0.54
  4   1 0.29
  4   2 0.47
  4   3 0.42
  4   4 1.00
  4   5 0.44
  4   6 0.51
  4   7 0.62
  4   8 0.51
  4   9 0.41
  4  10 0.57
  4  11 0.42
  4  12 0.47
  4  13 0.50
  4  14 0.23
  4  15 0.41
  4  16 0.48
  4  17 0.54
  4  18 0.45
  4  19 0.41
  4  20 0.28
  4  21 0.35
  4  22 0.46
  5   1 0.37
  5   2 0.60
  5   3 0.64
  5   4 0.44
  5   5 1.00
  5   6 0.62
  5   7 0.59
  5   8 0.58
  5   9 0.57
  5  10 0.74
  5  11 0.52
  5  12 0.62
  5  13 0.61
  5  14 0.45
  5  15 0.47
  5  16 0.64
  5  17 0.58
  5  18 0.61
  5  19 0.64
  5  20 0.49
  5  21 0.62
  5  22 0.62
  6   1 0.32
  6   2 0.46
  6   3 0.42
  6   4 0.51
  6   5 0.62
  6   6 1.00
  6   7 0.57
  6   8 0.57
  6   9 0.48
  6  10 0.58
  6  11 0.48
  6  12 0.59
  6  13 0.56
  6  14 0.34
  6  15 0.45
  6  16 0.58
  6  17 0.52
  6  18 0.53
  6  19 0.45
  6  20 0.36
  6  21 0.53
  6  22 0.52
  7   1 0.34
  7   2 0.55
  7   3 0.54
  7   4 0.62
  7   5 0.59
  7   6 0.57
  7   7 1.00
  7   8 0.51
  7   9 0.52
  7  10 0.70
  7  11 0.49
  7  12 0.49
  7  13 0.54
  7  14 0.29
  7  15 0.44
  7  16 0.53
  7  17 0.56
  7  18 0.55
  7  19 0.63
  7  20 0.44
  7  21 0.45
  7  22 0.55
  8   1 0.25
  8   2 0.60
  8   3 0.41
  8   4 0.51
  8   5 0.58
  8   6 0.57
  8   7 0.51
  8   8 1.00
  8   9 0.49
  8  10 0.62
  8  11 0.55
  8  12 0.55
  8  13 0.47
  8  14 0.40
  8  15 0.56
  8  16 0.72
  8  17 0.55
  8  18 0.57
  8  19 0.52
  8  20 0.44
  8  21 0.46
  8  22 0.54
  9   1 0.26
  9   2 0.61
  9   3 0.49
  9   4 0.41
  9   5 0.57
  9   6 0.48
  9   7 0.52
  9   8 0.49
  9   9 1.00
  9  10 0.62
  9  11 0.60
  9  12 0.49
  9  13 0.50
  9  14 0.39
  9  15 0.56
  9  16 0.41
  9  17 0.49
  9  18 0.56
  9  19 0.59
  9  20 0.59
  9  21 0.38
  9  22 0.61
 10   1 0.41
 10   2 0.66
 10   3 0.66
 10   4 0.57
 10   5 0.74
 10   6 0.58
 10   7 0.70
 10   8 0.62
 10   9 0.62
 10  10 1.00
 10  11 0.51
 10  12 0.54
 10  13 0.53
 10  14 0.47
 10  15 0.45
 10  16 0.59
 10  17 0.58
 10  18 0.56
 10  19 0.67
 10  20 0.50
 10  21 0.56
 10  22 0.66
 11   1 0.28
 11   2 0.59
 11   3 0.41
 11   4 0.42
 11   5 0.52
 11   6 0.48
 11   7 0.49
 11   8 0.55
 11   9 0.60
 11  10 0.51
 11  11 1.00
 11  12 0.45
 11  13 0.47
 11  14 0.27
 11  15 0.50
 11  16 0.48
 11  17 0.45
 11  18 0.55
 11  19 0.59
 11  20 0.44
 11  21 0.34
 11  22 0.44
 12   1 0.22
 12   2 0.47
 12   3 0.42
 12   4 0.47
 12   5 0.62
 12   6 0.59
 12   7 0.49
 12   8 0.55
 12   9 0.49
 12  10 0.54
 12  11 0.45
 12  12 1.00
 12  13 0.65
 12  14 0.29
 12  15 0.44
 12  16 0.59
 12  17 0.66
 12  18 0.51
 12  19 0.47
 12  20 0.37
 12  21 0.60
 12  22 0.53
 13   1 0.28
 13   2 0.48
 13   3 0.44
 13   4 0.50
 13   5 0.61
 13   6 0.56
 13   7 0.54
 13   8 0.47
 13   9 0.50
 13  10 0.53
 13  11 0.47
 13  12 0.65
 13  13 1.00
 13  14 0.29
 13  15 0.45
 13  16 0.52
 13  17 0.57
 13  18 0.50
 13  19 0.46
 13  20 0.39
 13  21 0.50
 13  22 0.51
 14   1 0.25
 14   2 0.40
 14   3 0.43
 14   4 0.23
 14   5 0.45
 14   6 0.34
 14   7 0.29
 14   8 0.40
 14   9 0.39
 14  10 0.47
 14  11 0.27
 14  12 0.29
 14  13 0.29
 14  14 1.00
 14  15 0.26
 14  16 0.37
 14  17 0.25
 14  18 0.40
 14  19 0.35
 14  20 0.44
 14  21 0.32
 14  22 0.59
 15   1 0.20
 15   2 0.43
 15   3 0.36
 15   4 0.41
 15   5 0.47
 15   6 0.45
 15   7 0.44
 15   8 0.56
 15   9 0.56
 15  10 0.45
 15  11 0.50
 15  12 0.44
 15  13 0.45
 15  14 0.26
 15  15 1.00
 15  16 0.47
 15  17 0.41
 15  18 0.59
 15  19 0.42
 15  20 0.38
 15  21 0.28
 15  22 0.45
 16   1 0.30
 16   2 0.50
 16   3 0.45
 16   4 0.48
 16   5 0.64
 16   6 0.58
 16   7 0.53
 16   8 0.72
 16   9 0.41
 16  10 0.59
 16  11 0.48
 16  12 0.59
 16  13 0.52
 16  14 0.37
 16  15 0.47
 16  16 1.00
 16  17 0.57
 16  18 0.51
 16  19 0.52
 16  20 0.38
 16  21 0.53
 16  22 0.52
 17   1 0.23
 17   2 0.52
 17   3 0.44
 17   4 0.54
 17   5 0.58
 17   6 0.52
 17   7 0.56
 17   8 0.55
 17   9 0.49
 17  10 0.58
 17  11 0.45
 17  12 0.66
 17  13 0.57
 17  14 0.25
 17  15 0.41
 17  16 0.57
 17  17 1.00
 17  18 0.49
 17  19 0.47
 17  20 0.39
 17  21 0.54
 17  22 0.49
 18   1 0.26
 18   2 0.51
 18   3 0.56
 18   4 0.45
 18   5 0.61
 18   6 0.53
 18   7 0.55
 18   8 0.57
 18   9 0.56
 18  10 0.56
 18  11 0.55
 18  12 0.51
 18  13 0.50
 18  14 0.40
 18  15 0.59
 18  16 0.51
 18  17 0.49
 18  18 1.00
 18  19 0.53
 18  20 0.51
 18  21 0.41
 18  22 0.54
 19   1 0.35
 19   2 0.70
 19   3 0.57
 19   4 0.41
 19   5 0.64
 19   6 0.45
 19   7 0.63
 19   8 0.52
 19   9 0.59
 19  10 0.67
 19  11 0.59
 19  12 0.47
 19  13 0.46
 19  14 0.35
 19  15 0.42
 19  16 0.52
 19  17 0.47
 19  18 0.53
 19  19 1.00
 19  20 0.57
 19  21 0.45
 19  22 0.54
 20   1 0.23
 20   2 0.58
 20   3 0.42
 20   4 0.28
 20   5 0.49
 20   6 0.36
 20   7 0.44
 20   8 0.44
 20   9 0.59
 20  10 0.50
 20  11 0.44
 20  12 0.37
 20  13 0.39
 20  14 0.44
 20  15 0.38
 20  16 0.38
 20  17 0.39
 20  18 0.51
 20  19 0.57
 20  20 1.00
 20  21 0.36
 20  22 0.55
 21   1 0.31
 21   2 0.46
 21   3 0.48
 21   4 0.35
 21   5 0.62
 21   6 0.53
 21   7 0.45
 21   8 0.46
 21   9 0.38
 21  10 0.56
 21  11 0.34
 21  12 0.60
 21  13 0.50
 21  14 0.32
 21  15 0.28
 21  16 0.53
 21  17 0.54
 21  18 0.41
 21  19 0.45
 21  20 0.36
 21  21 1.00
 21  22 0.51
 22   1 0.30
 22   2 0.54
 22   3 0.54
 22   4 0.46
 22   5 0.62
 22   6 0.52
 22   7 0.55
 22   8 0.54
 22   9 0.61
 22  10 0.66
 22  11 0.44
 22  12 0.53
 22  13 0.51
 22  14 0.59
 22  15 0.45
 22  16 0.52
 22  17 0.49
 22  18 0.54
 22  19 0.54
 22  20 0.55
 22  21 0.51
 22  22 1.00
  1   1 1.00
  1   2 0.32
  1   3 0.41
  1   4 0.29
  1   5 0.37
  1   6 0.32
  1   7 0.34
  1   8 0.25
  1   9 0.25
  1  10 0.41
  1  11 0.28
  1  12 0.22
  1  13 0.28
  1  14 0.25
  1  15 0.20
  1  16 0.29
  1  17 0.23
  1  18 0.25
  1  19 0.35
  1  20 0.23
  1  21 0.31
  1  22 0.30
  2   1 0.32
  2   2 1.00
  2   3 0.61
  2   4 0.47
  2   5 0.60
  2   6 0.46
  2   7 0.54
  2   8 0.60
  2   9 0.61
  2  10 0.66
  2  11 0.59
  2  12 0.47
  2  13 0.48
  2  14 0.40
  2  15 0.43
  2  16 0.50
  2  17 0.52
  2  18 0.51
  2  19 0.70
  2  20 0.57
  2  21 0.46
  2  22 0.54
  3   1 0.41
  3   2 0.61
  3   3 1.00
  3   4 0.42
  3   5 0.64
  3   6 0.42
  3   7 0.54
  3   8 0.41
  3   9 0.49
  3  10 0.66
  3  11 0.41
  3  12 0.41
  3  13 0.44
  3  14 0.43
  3  15 0.36
  3  16 0.44
  3  17 0.44
  3  18 0.56
  3  19 0.57
  3  20 0.41
  3  21 0.48
  3  22 0.54
  4   1 0.29
  4   2 0.47
  4   3 0.42
  4   4 1.00
  4   5 0.43
  4   6 0.50
  4   7 0.62
  4   8 0.50
  4   9 0.41
  4  10 0.57
  4  11 0.42
  4  12 0.47
  4  13 0.50
  4  14 0.23
  4  15 0.40
  4  16 0.48
  4  17 0.54
  4  18 0.44
  4  19 0.41
  4  20 0.28
  4  21 0.35
  4  22 0.46
  5   1 0.37
  5   2 0.60
  5   3 0.64
  5   4 0.43
  5   5 1.00
  5   6 0.62
  5   7 0.59
  5   8 0.58
  5   9 0.57
  5  10 0.74
  5  11 0.52
  5  12 0.62
  5  13 0.61
  5  14 0.44
  5  15 0.47
  5  16 0.64
  5  17 0.58
  5  18 0.61
  5  19 0.63
  5  20 0.49
  5  21 0.62
  5  22 0.62
  6   1 0.32
  6   2 0.46
  6   3 0.42
  6   4 0.50
  6   5 0.62
  6   6 1.00
  6   7 0.57
  6   8 0.56
  6   9 0.48
  6  10 0.57
  6  11 0.48
  6  12 0.59
  6  13 0.56
  6  14 0.34
  6  15 0.45
  6  16 0.58
  6  17 0.51
  6  18 0.53
  6  19 0.45
  6  20 0.35
  6  21 0.53
  6  22 0.52
  7   1 0.34
  7   2 0.54
  7   3 0.54
  7   4 0.62
  7   5 0.59
  7   6 0.57
  7   7 1.00
  7   8 0.51
  7   9 0.52
  7  10 0.70
  7  11 0.48
  7  12 0.49
  7  13 0.54
  7  14 0.29
  7  15 0.43
  7  16 0.53
  7  17 0.56
  7  18 0.54
  7  19 0.62
  7  20 0.44
  7  21 0.45
  7  22 0.55
  8   1 0.25
  8   2 0.60
  8   3 0.41
  8   4 0.50
  8   5 0.58
  8   6 0.56
  8   7 0.51
  8   8 1.00
  8   9 0.49
  8  10 0.62
  8  11 0.55
  8  12 0.55
  8  13 0.47
  8  14 0.40
  8  15 0.56
  8  16 0.72
  8  17 0.55
  8  18 0.57
  8  19 0.52
  8  20 0.44
  8  21 0.46
  8  22 0.54
  9   1 0.25
  9   2 0.61
  9   3 0.49
  9   4 0.41
  9   5 0.57
  9   6 0.48
  9   7 0.52
  9   8 0.49
  9   9 1.00
  9  10 0.62
  9  11 0.60
  9  12 0.49
  9  13 0.50
  9  14 0.39
  9  15 0.56
  9  16 0.41
  9  17 0.48
  9  18 0.56
  9  19 0.59
  9  20 0.58
  9  21 0.38
  9  22 0.61
 10   1 0.41
 10   2 0.66
 10   3 0.66
 10   4 0.57
 10   5 0.74
 10   6 0.57
 10   7 0.70
 10   8 0.62
 10   9 0.62
 10  10 1.00
 10  11 0.51
 10  12 0.53
 10  13 0.53
 10  14 0.47
 10  15 0.45
 10  16 0.59
 10  17 0.58
 10  18 0.56
 10  19 0.67
 10  20 0.49
 10  21 0.55
 10  22 0.66
 11   1 0.28
 11   2 0.59
 11   3 0.41
 11   4 0.42
 11   5 0.52
 11   6 0.48
 11   7 0.48
 11   8 0.55
 11   9 0.60
 11  10 0.51
 11  11 1.00
 11  12 0.45
 11  13 0.46
 11  14 0.27
 11  15 0.50
 11  16 0.48
 11  17 0.45
 11  18 0.55
 11  19 0.58
 11  20 0.44
 11  21 0.34
 11  22 0.44
 12   1 0.22
 12   2 0.47
 12   3 0.41
 12   4 0.47
 12   5 0.62
 12   6 0.59
 12   7 0.49
 12   8 0.55
 12   9 0.49
 12  10 0.53
 12  11 0.45
 12  12 1.00
 12  13 0.65
 12  14 0.29
 12  15 0.44
 12  16 0.59
 12  17 0.66
 12  18 0.51
 12  19 0.47
 12  20 0.37
 12  21 0.60
 12  22 0.52
 13   1 0.28
 13   2 0.48
 13   3 0.44
 13   4 0.50
 13   5 0.61
 13   6 0.56
 13   7 0.54
 13   8 0.47
 13   9 0.50
 13  10 0.53
 13  11 0.46
 13  12 0.65
 13  13 1.00
 13  14 0.28
 13  15 0.45
 13  16 0.52
 13  17 0.57
 13  18 0.50
 13  19 0.46
 13  20 0.38
 13  21 0.50
 13  22 0.50
 14   1 0.25
 14   2 0.40
 14   3 0.43
 14   4 0.23
 14   5 0.44
 14   6 0.34
 14   7 0.29
 14   8 0.40
 14   9 0.39
 14  10 0.47
 14  11 0.27
 14  12 0.29
 14  13 0.28
 14  14 1.00
 14  15 0.26
 14  16 0.37
 14  17 0.25
 14  18 0.40
 14  19 0.35
 14  20 0.44
 14  21 0.32
 14  22 0.58
 15   1 0.20
 15   2 0.43
 15   3 0.36
 15   4 0.40
 15   5 0.47
 15   6 0.45
 15   7 0.43
 15   8 0.56
 15   9 0.56
 15  10 0.45
 15  11 0.50
 15  12 0.44
 15  13 0.45
 15  14 0.26
 15  15 1.00
 15  16 0.47
 15  17 0.41
 15  18 0.59
 15  19 0.42
 15  20 0.38
 15  21 0.28
 15  22 0.45
 16   1 0.29
 16   2 0.50
 16   3 0.44
 16   4 0.48
 16   5 0.64
 16   6 0.58
 16   7 0.53
 16   8 0.72
 16   9 0.41
 16  10 0.59
 16  11 0.48
 16  12 0.59
 16  13 0.52
 16  14 0.37
 16  15 0.47
 16  16 1.00
 16  17 0.57
 16  18 0.51
 16  19 0.52
 16  20 0.38
 16  21 0.53
 16  22 0.52
 17   1 0.23
 17   2 0.52
 17   3 0.44
 17   4 0.54
 17   5 0.58
 17   6 0.51
 17   7 0.56
 17   8 0.55
 17   9 0.48
 17  10 0.58
 17  11 0.45
 17  12 0.66
 17  13 0.57
 17  14 0.25
 17  15 0.41
 17  16 0.57
 17  17 1.00
 17  18 0.48
 17  19 0.47
 17  20 0.38
 17  21 0.54
 17  22 0.48
 18   1 0.25
 18   2 0.51
 18   3 0.56
 18   4 0.44
 18   5 0.61
 18   6 0.53
 18   7 0.54
 18   8 0.57
 18   9 0.56
 18  10 0.56
 18  11 0.55
 18  12 0.51
 18  13 0.50
 18  14 0.40
 18  15 0.59
 18  16 0.51
 18  17 0.48
 18  18 1.00
 18  19 0.53
 18  20 0.51
 18  21 0.41
 18  22 0.53
 19   1 0.35
 19   2 0.70
 19   3 0.57
 19   4 0.41
 19   5 0.63
 19   6 0.45
 19   7 0.62
 19   8 0.52
 19   9 0.59
 19  10 0.67
 19  11 0.58
 19  12 0.47
 19  13 0.46
 19  14 0.35
 19  15 0.42
 19  16 0.52
 19  17 0.47
 19  18 0.53
 19  19 1.00
 19  20 0.57
 19  21 0.45
 19  22 0.54
 20   1 0.23
 20   2 0.57
 20   3 0.41
 20   4 0.28
 20   5 0.49
 20   6 0.35
 20   7 0.44
 20   8 0.44
 20   9 0.58
 20  10 0.49
 20  11 0.44
 20  12 0.37
 20  13 0.38
 20  14 0.44
 20  15 0.38
 20  16 0.38
 20  17 0.38
 20  18 0.51
 20  19 0.57
 20  20 1.00
 20  21 0.35
 20  22 0.55
 21   1 0.31
 21   2 0.46
 21   3 0.48
 21   4 0.35
 21   5 0.62
 21   6 0.53
 21   7 0.45
 21   8 0.46
 21   9 0.38
 21  10 0.55
 21  11 0.34
 21  12 0.60
 21  13 0.50
 21  14 0.32
 21  15 0.28
 21  16 0.53
 21  17 0.54
 21  18 0.41
 21  19 0.45
 21  20 0.35
 21  21 1.00
 21  22 0.51
 22   1 0.30
 22   2 0.54
 22   3 0.54
 22   4 0.46
 22   5 0.62
 22   6 0.52
 22   7 0.55
 22   8 0.54
 22   9 0.61
 22  10 0.66
 22  11 0.44
 22  12 0.52
 22  13 0.50
 22  14 0.58
 22  15 0.45
 22  16 0.52
 22  17 0.48
 22  18 0.53
 22  19 0.54
 22  20 0.55
 22  21 0.51
 22  22 1.00
