  1   1 0.25
  1   2 0.50
  1   3 0.37
  1   5 0.50
  1   6 0.43
  1   7 0.36
  1   8 0.45
  1   9 0.46
  1  10 0.38
  1  11 0.33
  1  12 0.22
  1  13 0.41
  1  14 0.58
  1  15 0.41
  1  16 0.31
  1  17 0.43
  1  18 0.56
  1  19 0.41
  1  20 0.58
  1  21 0.40
  2   1 0.68
  2   2 0.60
  2   3 0.28
  2   5 0.41
  2   6 0.79
  2   7 0.71
  2   8 0.61
  2   9 0.30
  2  10 0.67
  2  11 0.48
  2  12 0.60
  2  13 0.75
  2  14 0.54
  2  15 0.62
  2  16 0.80
  2  17 0.64
  2  18 0.69
  2  19 0.80
  2  20 0.70
  2  21 0.68
  3   1 0.58
  3   2 0.51
  3   3 0.25
  3   5 0.49
  3   6 0.73
  3   7 0.75
  3   8 0.64
  3   9 0.27
  3  10 0.60
  3  11 0.63
  3  12 0.54
  3  13 0.70
  3  14 0.60
  3  15 0.62
  3  16 0.80
  3  17 0.55
  3  18 0.64
  3  19 0.82
  3  20 0.69
  3  21 0.55
  4   1 0.23
  4   2 0.71
  4   3 0.54
  4   5 0.72
  4   6 0.59
  4   7 0.40
  4   8 0.66
  4   9 0.71
  4  10 0.48
  4  11 0.39
  4  12 0.15
  4  13 0.59
  4  14 0.77
  4  15 0.55
  4  16 0.30
  4  17 0.54
  4  18 0.78
  4  19 0.45
  4  20 0.80
  4  21 0.37
  5   1 0.54
  5   2 0.64
  5   3 0.21
  5   5 0.53
  5   6 0.90
  5   7 0.72
  5   8 0.82
  5   9 0.34
  5  10 0.64
  5  11 0.49
  5  12 0.44
  5  13 0.76
  5  14 0.56
  5  15 0.58
  5  16 0.65
  5  17 0.67
  5  18 0.63
  5  19 0.76
  5  20 0.75
  5  21 0.54
  6   1 0.43
  6   2 0.52
  6   3 0.30
  6   5 0.55
  6   6 0.84
  6   7 0.83
  6   8 0.79
  6   9 0.40
  6  10 0.68
  6  11 0.60
  6  12 0.52
  6  13 0.75
  6  14 0.68
  6  15 0.66
  6  16 0.77
  6  17 0.63
  6  18 0.67
  6  19 0.84
  6  20 0.78
  6  21 0.55
  7   1 0.35
  7   2 0.51
  7   3 0.47
  7   5 0.56
  7   6 0.81
  7   7 0.49
  7   8 0.60
  7   9 0.55
  7  10 0.59
  7  11 0.59
  7  12 0.41
  7  13 0.89
  7  14 0.59
  7  15 0.75
  7  16 0.61
  7  17 0.78
  7  18 0.73
  7  19 0.68
  7  20 0.70
  7  21 0.52
  8   1 0.49
  8   2 0.79
  8   3 0.47
  8   5 0.60
  8   6 0.74
  8   7 0.52
  8   8 0.61
  8   9 0.54
  8  10 0.61
  8  11 0.40
  8  12 0.41
  8  13 0.68
  8  14 0.67
  8  15 0.55
  8  16 0.58
  8  17 0.68
  8  18 0.80
  8  19 0.65
  8  20 0.83
  8  21 0.42
  9   1 0.23
  9   2 0.25
  9   3 0.27
  9   5 0.56
  9   6 0.39
  9   7 0.27
  9   8 0.45
  9   9 0.46
  9  10 0.27
  9  11 0.45
  9  12 0.09
  9  13 0.36
  9  14 0.33
  9  15 0.45
  9  16 0.22
  9  17 0.29
  9  18 0.28
  9  19 0.27
  9  20 0.28
  9  21 0.12
 10   1 0.79
 10   2 0.64
 10   3 0.17
 10   5 0.26
 10   6 0.60
 10   7 0.45
 10   8 0.44
 10   9 0.25
 10  10 0.60
 10  11 0.25
 10  12 0.48
 10  13 0.55
 10  14 0.33
 10  15 0.33
 10  16 0.60
 10  17 0.49
 10  18 0.52
 10  19 0.50
 10  20 0.54
 10  21 0.53
 11   1 0.48
 11   2 0.45
 11   3 0.28
 11   5 0.67
 11   6 0.77
 11   7 0.59
 11   8 0.66
 11   9 0.43
 11  10 0.64
 11  11 0.59
 11  12 0.51
 11  13 0.82
 11  14 0.65
 11  15 0.79
 11  16 0.70
 11  17 0.61
 11  18 0.61
 11  19 0.75
 11  20 0.64
 11  21 0.65
 12   1 0.67
 12   2 0.71
 12   3 0.17
 12   5 0.44
 12   6 0.69
 12   7 0.63
 12   8 0.66
 12   9 0.28
 12  10 0.53
 12  11 0.37
 12  12 0.45
 12  13 0.59
 12  14 0.48
 12  15 0.41
 12  16 0.60
 12  17 0.52
 12  18 0.63
 12  19 0.61
 12  20 0.69
 12  21 0.59
 13   1 0.31
 13   2 0.60
 13   3 0.47
 13   5 0.71
 13   6 0.73
 13   7 0.44
 13   8 0.63
 13   9 0.68
 13  10 0.59
 13  11 0.49
 13  12 0.25
 13  13 0.73
 13  14 0.68
 13  15 0.70
 13  16 0.44
 13  17 0.70
 13  18 0.65
 13  19 0.58
 13  20 0.76
 13  21 0.41
 14   1 0.59
 14   2 0.33
 14   3 0.23
 14   5 0.23
 14   6 0.54
 14   7 0.55
 14   8 0.47
 14   9 0.25
 14  10 0.65
 14  11 0.40
 14  12 0.71
 14  13 0.55
 14  14 0.29
 14  15 0.45
 14  16 0.81
 14  17 0.43
 14  18 0.46
 14  19 0.65
 14  20 0.42
 14  21 0.40
 15   1 0.43
 15   2 0.68
 15   3 0.38
 15   5 0.60
 15   6 0.82
 15   7 0.71
 15   8 0.71
 15   9 0.42
 15  10 0.60
 15  11 0.58
 15  12 0.48
 15  13 0.73
 15  14 0.73
 15  15 0.65
 15  16 0.66
 15  17 0.70
 15  18 0.73
 15  19 0.84
 15  20 0.88
 15  21 0.54
 16   1 0.48
 16   2 0.65
 16   3 0.37
 16   5 0.51
 16   6 0.72
 16   7 0.61
 16   8 0.57
 16   9 0.35
 16  10 0.48
 16  11 0.58
 16  12 0.44
 16  13 0.67
 16  14 0.65
 16  15 0.62
 16  16 0.63
 16  17 0.74
 16  18 0.75
 16  19 0.79
 16  20 0.76
 16  21 0.54
 17   1 0.66
 17   2 0.60
 17   3 0.19
 17   5 0.39
 17   6 0.63
 17   7 0.58
 17   8 0.55
 17   9 0.29
 17  10 0.63
 17  11 0.33
 17  12 0.49
 17  13 0.53
 17  14 0.43
 17  15 0.36
 17  16 0.68
 17  17 0.44
 17  18 0.58
 17  19 0.58
 17  20 0.65
 17  21 0.41
 18   1 0.33
 18   2 0.63
 18   3 0.44
 18   5 0.63
 18   6 0.75
 18   7 0.55
 18   8 0.64
 18   9 0.62
 18  10 0.53
 18  11 0.58
 18  12 0.34
 18  13 0.73
 18  14 0.68
 18  15 0.65
 18  16 0.51
 18  17 0.77
 18  18 0.64
 18  19 0.70
 18  20 0.84
 18  21 0.47
 19   1 0.38
 19   2 0.43
 19   3 0.32
 19   5 0.65
 19   6 0.78
 19   7 0.64
 19   8 0.71
 19   9 0.46
 19  10 0.53
 19  11 0.65
 19  12 0.40
 19  13 0.80
 19  14 0.64
 19  15 0.80
 19  16 0.63
 19  17 0.65
 19  18 0.62
 19  19 0.76
 19  20 0.67
 19  21 0.49
 20   1 0.61
 20   2 0.59
 20   3 0.28
 20   5 0.47
 20   6 0.79
 20   7 0.66
 20   8 0.67
 20   9 0.34
 20  10 0.68
 20  11 0.55
 20  12 0.61
 20  13 0.80
 20  14 0.58
 20  15 0.63
 20  16 0.77
 20  17 0.66
 20  18 0.71
 20  19 0.75
 20  20 0.71
 20  21 0.69
 21   1 0.29
 21   2 0.65
 21   3 0.37
 21   5 0.83
 21   6 0.76
 21   7 0.56
 21   8 0.80
 21   9 0.55
 21  10 0.58
 21  11 0.49
 21  12 0.26
 21  13 0.70
 21  14 0.74
 21  15 0.68
 21  16 0.43
 21  17 0.54
 21  18 0.68
 21  19 0.58
 21  20 0.76
 21  21 0.46
 22   1 0.32
 22   2 0.71
 22   3 0.30
 22   5 0.68
 22   6 0.71
 22   7 0.61
 22   8 0.77
 22   9 0.48
 22  10 0.50
 22  11 0.39
 22  12 0.18
 22  13 0.58
 22  14 0.71
 22  15 0.55
 22  16 0.38
 22  17 0.52
 22  18 0.74
 22  19 0.57
 22  20 0.85
 22  21 0.40
  1   1 0.25
  1   2 0.50
  1   3 0.37
  1   5 0.50
  1   6 0.43
  1   7 0.36
  1   8 0.45
  1   9 0.46
  1  10 0.38
  1  11 0.33
  1  12 0.22
  1  13 0.41
  1  14 0.58
  1  15 0.41
  1  16 0.31
  1  17 0.43
  1  18 0.56
  1  19 0.41
  1  20 0.58
  1  21 0.40
  2   1 0.68
  2   2 0.60
  2   3 0.28
  2   5 0.41
  2   6 0.79
  2   7 0.71
  2   8 0.61
  2   9 0.30
  2  10 0.67
  2  11 0.48
  2  12 0.59
  2  13 0.75
  2  14 0.54
  2  15 0.61
  2  16 0.80
  2  17 0.64
  2  18 0.69
  2  19 0.80
  2  20 0.70
  2  21 0.68
  3   1 0.58
  3   2 0.51
  3   3 0.25
  3   5 0.49
  3   6 0.73
  3   7 0.75
  3   8 0.64
  3   9 0.27
  3  10 0.60
  3  11 0.63
  3  12 0.54
  3  13 0.70
  3  14 0.60
  3  15 0.62
  3  16 0.80
  3  17 0.55
  3  18 0.64
  3  19 0.82
  3  20 0.69
  3  21 0.55
  4   1 0.23
  4   2 0.71
  4   3 0.54
  4   5 0.72
  4   6 0.59
  4   7 0.40
  4   8 0.66
  4   9 0.71
  4  10 0.48
  4  11 0.39
  4  12 0.15
  4  13 0.59
  4  14 0.77
  4  15 0.55
  4  16 0.30
  4  17 0.54
  4  18 0.78
  4  19 0.45
  4  20 0.80
  4  21 0.37
  5   1 0.54
  5   2 0.64
  5   3 0.21
  5   5 0.53
  5   6 0.90
  5   7 0.72
  5   8 0.82
  5   9 0.34
  5  10 0.64
  5  11 0.49
  5  12 0.44
  5  13 0.76
  5  14 0.56
  5  15 0.58
  5  16 0.65
  5  17 0.67
  5  18 0.63
  5  19 0.76
  5  20 0.75
  5  21 0.54
  6   1 0.43
  6   2 0.52
  6   3 0.30
  6   5 0.55
  6   6 0.84
  6   7 0.83
  6   8 0.79
  6   9 0.40
  6  10 0.68
  6  11 0.60
  6  12 0.52
  6  13 0.75
  6  14 0.68
  6  15 0.66
  6  16 0.77
  6  17 0.63
  6  18 0.67
  6  19 0.84
  6  20 0.78
  6  21 0.55
  7   1 0.35
  7   2 0.51
  7   3 0.47
  7   5 0.56
  7   6 0.81
  7   7 0.49
  7   8 0.60
  7   9 0.55
  7  10 0.59
  7  11 0.59
  7  12 0.40
  7  13 0.89
  7  14 0.59
  7  15 0.75
  7  16 0.61
  7  17 0.78
  7  18 0.73
  7  19 0.68
  7  20 0.70
  7  21 0.52
  8   1 0.48
  8   2 0.79
  8   3 0.47
  8   5 0.60
  8   6 0.74
  8   7 0.52
  8   8 0.61
  8   9 0.54
  8  10 0.61
  8  11 0.40
  8  12 0.41
  8  13 0.68
  8  14 0.67
  8  15 0.55
  8  16 0.58
  8  17 0.68
  8  18 0.80
  8  19 0.65
  8  20 0.83
  8  21 0.42
  9   1 0.23
  9   2 0.25
  9   3 0.27
  9   5 0.56
  9   6 0.39
  9   7 0.27
  9   8 0.45
  9   9 0.46
  9  10 0.27
  9  11 0.45
  9  12 0.08
  9  13 0.36
  9  14 0.33
  9  15 0.45
  9  16 0.22
  9  17 0.29
  9  18 0.27
  9  19 0.27
  9  20 0.28
  9  21 0.12
 10   1 0.79
 10   2 0.64
 10   3 0.17
 10   5 0.26
 10   6 0.60
 10   7 0.45
 10   8 0.44
 10   9 0.25
 10  10 0.60
 10  11 0.25
 10  12 0.48
 10  13 0.54
 10  14 0.33
 10  15 0.33
 10  16 0.60
 10  17 0.49
 10  18 0.52
 10  19 0.50
 10  20 0.54
 10  21 0.53
 11   1 0.48
 11   2 0.45
 11   3 0.28
 11   5 0.67
 11   6 0.77
 11   7 0.59
 11   8 0.66
 11   9 0.43
 11  10 0.64
 11  11 0.59
 11  12 0.51
 11  13 0.82
 11  14 0.65
 11  15 0.79
 11  16 0.70
 11  17 0.61
 11  18 0.61
 11  19 0.75
 11  20 0.64
 11  21 0.65
 12   1 0.67
 12   2 0.71
 12   3 0.17
 12   5 0.44
 12   6 0.69
 12   7 0.63
 12   8 0.66
 12   9 0.28
 12  10 0.53
 12  11 0.37
 12  12 0.45
 12  13 0.59
 12  14 0.47
 12  15 0.41
 12  16 0.60
 12  17 0.52
 12  18 0.63
 12  19 0.61
 12  20 0.69
 12  21 0.59
 13   1 0.31
 13   2 0.60
 13   3 0.47
 13   5 0.71
 13   6 0.73
 13   7 0.44
 13   8 0.63
 13   9 0.68
 13  10 0.59
 13  11 0.49
 13  12 0.25
 13  13 0.73
 13  14 0.68
 13  15 0.70
 13  16 0.44
 13  17 0.70
 13  18 0.65
 13  19 0.58
 13  20 0.76
 13  21 0.41
 14   1 0.59
 14   2 0.33
 14   3 0.23
 14   5 0.23
 14   6 0.54
 14   7 0.55
 14   8 0.47
 14   9 0.25
 14  10 0.65
 14  11 0.40
 14  12 0.71
 14  13 0.55
 14  14 0.29
 14  15 0.44
 14  16 0.81
 14  17 0.43
 14  18 0.46
 14  19 0.65
 14  20 0.42
 14  21 0.40
 15   1 0.43
 15   2 0.68
 15   3 0.38
 15   5 0.60
 15   6 0.82
 15   7 0.71
 15   8 0.71
 15   9 0.42
 15  10 0.60
 15  11 0.58
 15  12 0.48
 15  13 0.73
 15  14 0.73
 15  15 0.65
 15  16 0.66
 15  17 0.70
 15  18 0.73
 15  19 0.83
 15  20 0.88
 15  21 0.54
 16   1 0.48
 16   2 0.65
 16   3 0.37
 16   5 0.51
 16   6 0.72
 16   7 0.61
 16   8 0.57
 16   9 0.35
 16  10 0.47
 16  11 0.58
 16  12 0.44
 16  13 0.67
 16  14 0.65
 16  15 0.62
 16  16 0.63
 16  17 0.74
 16  18 0.75
 16  19 0.79
 16  20 0.76
 16  21 0.54
 17   1 0.66
 17   2 0.60
 17   3 0.19
 17   5 0.39
 17   6 0.63
 17   7 0.58
 17   8 0.55
 17   9 0.29
 17  10 0.63
 17  11 0.33
 17  12 0.49
 17  13 0.53
 17  14 0.43
 17  15 0.36
 17  16 0.68
 17  17 0.44
 17  18 0.58
 17  19 0.58
 17  20 0.65
 17  21 0.41
 18   1 0.33
 18   2 0.63
 18   3 0.44
 18   5 0.63
 18   6 0.75
 18   7 0.55
 18   8 0.64
 18   9 0.62
 18  10 0.53
 18  11 0.58
 18  12 0.34
 18  13 0.73
 18  14 0.68
 18  15 0.65
 18  16 0.51
 18  17 0.77
 18  18 0.64
 18  19 0.70
 18  20 0.84
 18  21 0.47
 19   1 0.38
 19   2 0.43
 19   3 0.32
 19   5 0.65
 19   6 0.78
 19   7 0.64
 19   8 0.71
 19   9 0.46
 19  10 0.52
 19  11 0.65
 19  12 0.40
 19  13 0.80
 19  14 0.64
 19  15 0.80
 19  16 0.63
 19  17 0.65
 19  18 0.62
 19  19 0.76
 19  20 0.67
 19  21 0.49
 20   1 0.61
 20   2 0.59
 20   3 0.28
 20   5 0.47
 20   6 0.79
 20   7 0.66
 20   8 0.67
 20   9 0.34
 20  10 0.68
 20  11 0.55
 20  12 0.61
 20  13 0.80
 20  14 0.58
 20  15 0.63
 20  16 0.77
 20  17 0.66
 20  18 0.71
 20  19 0.75
 20  20 0.71
 20  21 0.69
 21   1 0.29
 21   2 0.65
 21   3 0.37
 21   5 0.83
 21   6 0.76
 21   7 0.56
 21   8 0.80
 21   9 0.55
 21  10 0.58
 21  11 0.49
 21  12 0.26
 21  13 0.70
 21  14 0.74
 21  15 0.68
 21  16 0.43
 21  17 0.54
 21  18 0.68
 21  19 0.58
 21  20 0.76
 21  21 0.46
 22   1 0.32
 22   2 0.71
 22   3 0.30
 22   5 0.68
 22   6 0.71
 22   7 0.61
 22   8 0.77
 22   9 0.48
 22  10 0.50
 22  11 0.39
 22  12 0.18
 22  13 0.58
 22  14 0.71
 22  15 0.55
 22  16 0.38
 22  17 0.52
 22  18 0.74
 22  19 0.57
 22  20 0.85
 22  21 0.40
  1   1 0.25
  1   2 0.50
  1   3 0.37
  1   5 0.50
  1   6 0.43
  1   7 0.36
  1   8 0.45
  1   9 0.46
  1  10 0.38
  1  11 0.33
  1  12 0.22
  1  13 0.41
  1  14 0.58
  1  15 0.41
  1  16 0.31
  1  17 0.43
  1  18 0.56
  1  19 0.41
  1  20 0.58
  1  21 0.40
  2   1 0.68
  2   2 0.60
  2   3 0.28
  2   5 0.41
  2   6 0.79
  2   7 0.71
  2   8 0.61
  2   9 0.30
  2  10 0.67
  2  11 0.48
  2  12 0.59
  2  13 0.75
  2  14 0.54
  2  15 0.61
  2  16 0.80
  2  17 0.64
  2  18 0.69
  2  19 0.80
  2  20 0.70
  2  21 0.68
  3   1 0.58
  3   2 0.51
  3   3 0.25
  3   5 0.49
  3   6 0.73
  3   7 0.75
  3   8 0.64
  3   9 0.27
  3  10 0.60
  3  11 0.63
  3  12 0.54
  3  13 0.70
  3  14 0.60
  3  15 0.62
  3  16 0.80
  3  17 0.55
  3  18 0.64
  3  19 0.82
  3  20 0.69
  3  21 0.55
  4   1 0.23
  4   2 0.71
  4   3 0.54
  4   5 0.72
  4   6 0.59
  4   7 0.40
  4   8 0.66
  4   9 0.71
  4  10 0.48
  4  11 0.39
  4  12 0.15
  4  13 0.59
  4  14 0.77
  4  15 0.55
  4  16 0.30
  4  17 0.54
  4  18 0.78
  4  19 0.45
  4  20 0.80
  4  21 0.37
  5   1 0.54
  5   2 0.64
  5   3 0.21
  5   5 0.53
  5   6 0.90
  5   7 0.72
  5   8 0.82
  5   9 0.34
  5  10 0.64
  5  11 0.49
  5  12 0.44
  5  13 0.76
  5  14 0.56
  5  15 0.58
  5  16 0.65
  5  17 0.67
  5  18 0.63
  5  19 0.76
  5  20 0.75
  5  21 0.54
  6   1 0.43
  6   2 0.52
  6   3 0.30
  6   5 0.55
  6   6 0.84
  6   7 0.83
  6   8 0.79
  6   9 0.40
  6  10 0.68
  6  11 0.60
  6  12 0.52
  6  13 0.75
  6  14 0.68
  6  15 0.66
  6  16 0.77
  6  17 0.63
  6  18 0.67
  6  19 0.84
  6  20 0.78
  6  21 0.55
  7   1 0.35
  7   2 0.51
  7   3 0.47
  7   5 0.56
  7   6 0.81
  7   7 0.49
  7   8 0.60
  7   9 0.55
  7  10 0.59
  7  11 0.59
  7  12 0.40
  7  13 0.89
  7  14 0.59
  7  15 0.75
  7  16 0.61
  7  17 0.78
  7  18 0.73
  7  19 0.68
  7  20 0.70
  7  21 0.52
  8   1 0.48
  8   2 0.79
  8   3 0.47
  8   5 0.60
  8   6 0.74
  8   7 0.52
  8   8 0.61
  8   9 0.54
  8  10 0.61
  8  11 0.40
  8  12 0.41
  8  13 0.68
  8  14 0.67
  8  15 0.55
  8  16 0.58
  8  17 0.68
  8  18 0.80
  8  19 0.65
  8  20 0.83
  8  21 0.42
  9   1 0.23
  9   2 0.25
  9   3 0.27
  9   5 0.56
  9   6 0.39
  9   7 0.27
  9   8 0.45
  9   9 0.46
  9  10 0.27
  9  11 0.45
  9  12 0.08
  9  13 0.36
  9  14 0.33
  9  15 0.45
  9  16 0.22
  9  17 0.29
  9  18 0.27
  9  19 0.27
  9  20 0.28
  9  21 0.12
 10   1 0.79
 10   2 0.64
 10   3 0.17
 10   5 0.26
 10   6 0.60
 10   7 0.45
 10   8 0.44
 10   9 0.25
 10  10 0.60
 10  11 0.25
 10  12 0.48
 10  13 0.54
 10  14 0.33
 10  15 0.33
 10  16 0.60
 10  17 0.49
 10  18 0.52
 10  19 0.50
 10  20 0.54
 10  21 0.53
 11   1 0.48
 11   2 0.45
 11   3 0.28
 11   5 0.67
 11   6 0.77
 11   7 0.59
 11   8 0.66
 11   9 0.43
 11  10 0.64
 11  11 0.59
 11  12 0.51
 11  13 0.82
 11  14 0.65
 11  15 0.79
 11  16 0.70
 11  17 0.61
 11  18 0.61
 11  19 0.75
 11  20 0.64
 11  21 0.65
 12   1 0.67
 12   2 0.71
 12   3 0.17
 12   5 0.44
 12   6 0.69
 12   7 0.63
 12   8 0.66
 12   9 0.28
 12  10 0.53
 12  11 0.37
 12  12 0.45
 12  13 0.59
 12  14 0.47
 12  15 0.41
 12  16 0.60
 12  17 0.52
 12  18 0.63
 12  19 0.61
 12  20 0.69
 12  21 0.59
 13   1 0.31
 13   2 0.60
 13   3 0.47
 13   5 0.71
 13   6 0.73
 13   7 0.44
 13   8 0.63
 13   9 0.68
 13  10 0.59
 13  11 0.49
 13  12 0.25
 13  13 0.73
 13  14 0.68
 13  15 0.70
 13  16 0.44
 13  17 0.70
 13  18 0.65
 13  19 0.58
 13  20 0.76
 13  21 0.41
 14   1 0.59
 14   2 0.33
 14   3 0.23
 14   5 0.23
 14   6 0.54
 14   7 0.55
 14   8 0.47
 14   9 0.25
 14  10 0.65
 14  11 0.40
 14  12 0.71
 14  13 0.55
 14  14 0.29
 14  15 0.44
 14  16 0.81
 14  17 0.43
 14  18 0.46
 14  19 0.65
 14  20 0.42
 14  21 0.40
 15   1 0.43
 15   2 0.68
 15   3 0.38
 15   5 0.60
 15   6 0.82
 15   7 0.71
 15   8 0.71
 15   9 0.42
 15  10 0.60
 15  11 0.58
 15  12 0.48
 15  13 0.73
 15  14 0.73
 15  15 0.65
 15  16 0.66
 15  17 0.70
 15  18 0.73
 15  19 0.83
 15  20 0.88
 15  21 0.54
 16   1 0.48
 16   2 0.65
 16   3 0.37
 16   5 0.51
 16   6 0.72
 16   7 0.61
 16   8 0.57
 16   9 0.35
 16  10 0.47
 16  11 0.58
 16  12 0.44
 16  13 0.67
 16  14 0.65
 16  15 0.62
 16  16 0.63
 16  17 0.74
 16  18 0.75
 16  19 0.79
 16  20 0.76
 16  21 0.54
 17   1 0.66
 17   2 0.60
 17   3 0.19
 17   5 0.39
 17   6 0.63
 17   7 0.58
 17   8 0.55
 17   9 0.29
 17  10 0.63
 17  11 0.33
 17  12 0.49
 17  13 0.53
 17  14 0.43
 17  15 0.36
 17  16 0.68
 17  17 0.44
 17  18 0.58
 17  19 0.58
 17  20 0.65
 17  21 0.41
 18   1 0.33
 18   2 0.63
 18   3 0.44
 18   5 0.63
 18   6 0.75
 18   7 0.55
 18   8 0.64
 18   9 0.62
 18  10 0.53
 18  11 0.58
 18  12 0.34
 18  13 0.73
 18  14 0.68
 18  15 0.65
 18  16 0.51
 18  17 0.77
 18  18 0.64
 18  19 0.70
 18  20 0.84
 18  21 0.47
 19   1 0.38
 19   2 0.43
 19   3 0.32
 19   5 0.65
 19   6 0.78
 19   7 0.64
 19   8 0.71
 19   9 0.46
 19  10 0.52
 19  11 0.65
 19  12 0.40
 19  13 0.80
 19  14 0.64
 19  15 0.80
 19  16 0.63
 19  17 0.65
 19  18 0.62
 19  19 0.76
 19  20 0.67
 19  21 0.49
 20   1 0.61
 20   2 0.59
 20   3 0.28
 20   5 0.47
 20   6 0.79
 20   7 0.66
 20   8 0.67
 20   9 0.34
 20  10 0.68
 20  11 0.55
 20  12 0.61
 20  13 0.80
 20  14 0.58
 20  15 0.63
 20  16 0.77
 20  17 0.66
 20  18 0.71
 20  19 0.75
 20  20 0.71
 20  21 0.69
 21   1 0.29
 21   2 0.65
 21   3 0.37
 21   5 0.83
 21   6 0.76
 21   7 0.56
 21   8 0.80
 21   9 0.55
 21  10 0.58
 21  11 0.49
 21  12 0.26
 21  13 0.70
 21  14 0.74
 21  15 0.68
 21  16 0.43
 21  17 0.54
 21  18 0.68
 21  19 0.58
 21  20 0.76
 21  21 0.46
 22   1 0.32
 22   2 0.71
 22   3 0.30
 22   5 0.68
 22   6 0.71
 22   7 0.61
 22   8 0.77
 22   9 0.48
 22  10 0.50
 22  11 0.39
 22  12 0.18
 22  13 0.58
 22  14 0.71
 22  15 0.55
 22  16 0.38
 22  17 0.52
 22  18 0.74
 22  19 0.57
 22  20 0.85
 22  21 0.40
