  1   1 1.00
  1   2 0.53
  1   3 0.69
  1   4 0.70
  1   5 0.59
  1   6 0.75
  1   7 0.72
  1   8 0.58
  1   9 0.62
  1  10 0.65
  1  11 0.70
  1  12 0.58
  1  13 0.65
  1  14 0.60
  1  15 0.57
  1  16 0.74
  1  17 0.62
  1  18 0.67
  1  19 0.66
  1  20 0.46
  1  21 0.60
  1  22 0.71
  2   1 0.53
  2   2 1.00
  2   3 0.54
  2   4 0.48
  2   5 0.45
  2   6 0.46
  2   7 0.59
  2   8 0.56
  2   9 0.45
  2  10 0.52
  2  11 0.45
  2  12 0.48
  2  13 0.55
  2  14 0.58
  2  15 0.40
  2  16 0.54
  2  17 0.45
  2  18 0.47
  2  19 0.57
  2  20 0.39
  2  21 0.47
  2  22 0.66
  3   1 0.69
  3   2 0.54
  3   3 1.00
  3   4 0.62
  3   5 0.58
  3   6 0.62
  3   7 0.71
  3   8 0.63
  3   9 0.61
  3  10 0.68
  3  11 0.60
  3  12 0.62
  3  13 0.61
  3  14 0.63
  3  15 0.57
  3  16 0.67
  3  17 0.56
  3  18 0.66
  3  19 0.63
  3  20 0.49
  3  21 0.60
  3  22 0.67
  4   1 0.70
  4   2 0.48
  4   3 0.62
  4   4 1.00
  4   5 0.59
  4   6 0.66
  4   7 0.61
  4   8 0.63
  4   9 0.66
  4  10 0.62
  4  11 0.71
  4  12 0.63
  4  13 0.71
  4  14 0.56
  4  15 0.64
  4  16 0.69
  4  17 0.70
  4  18 0.66
  4  19 0.67
  4  20 0.45
  4  21 0.66
  4  22 0.72
  5   1 0.59
  5   2 0.45
  5   3 0.58
  5   4 0.59
  5   5 1.00
  5   6 0.51
  5   7 0.55
  5   8 0.54
  5   9 0.62
  5  10 0.57
  5  11 0.51
  5  12 0.36
  5  13 0.68
  5  14 0.61
  5  15 0.55
  5  16 0.53
  5  17 0.64
  5  18 0.68
  5  19 0.66
  5  20 0.68
  5  21 0.57
  5  22 0.66
  6   1 0.75
  6   2 0.46
  6   3 0.62
  6   4 0.66
  6   5 0.51
  6   6 1.00
  6   7 0.68
  6   8 0.50
  6   9 0.59
  6  10 0.60
  6  11 0.70
  6  12 0.58
  6  13 0.62
  6  14 0.53
  6  15 0.56
  6  16 0.71
  6  17 0.56
  6  18 0.68
  6  19 0.61
  6  20 0.41
  6  21 0.57
  6  22 0.67
  7   1 0.72
  7   2 0.59
  7   3 0.71
  7   4 0.61
  7   5 0.55
  7   6 0.68
  7   7 1.00
  7   8 0.56
  7   9 0.56
  7  10 0.63
  7  11 0.66
  7  12 0.64
  7  13 0.67
  7  14 0.65
  7  15 0.52
  7  16 0.74
  7  17 0.56
  7  18 0.64
  7  19 0.66
  7  20 0.39
  7  21 0.55
  7  22 0.74
  8   1 0.58
  8   2 0.56
  8   3 0.63
  8   4 0.63
  8   5 0.54
  8   6 0.50
  8   7 0.56
  8   8 1.00
  8   9 0.52
  8  10 0.60
  8  11 0.53
  8  12 0.54
  8  13 0.62
  8  14 0.53
  8  15 0.57
  8  16 0.64
  8  17 0.57
  8  18 0.54
  8  19 0.72
  8  20 0.51
  8  21 0.58
  8  22 0.63
  9   1 0.62
  9   2 0.45
  9   3 0.61
  9   4 0.66
  9   5 0.62
  9   6 0.59
  9   7 0.56
  9   8 0.52
  9   9 1.00
  9  10 0.66
  9  11 0.64
  9  12 0.61
  9  13 0.61
  9  14 0.62
  9  15 0.75
  9  16 0.55
  9  17 0.66
  9  18 0.70
  9  19 0.60
  9  20 0.52
  9  21 0.71
  9  22 0.63
 10   1 0.65
 10   2 0.52
 10   3 0.68
 10   4 0.62
 10   5 0.57
 10   6 0.60
 10   7 0.63
 10   8 0.60
 10   9 0.66
 10  10 1.00
 10  11 0.56
 10  12 0.57
 10  13 0.61
 10  14 0.66
 10  15 0.61
 10  16 0.63
 10  17 0.60
 10  18 0.62
 10  19 0.58
 10  20 0.56
 10  21 0.66
 10  22 0.70
 11   1 0.70
 11   2 0.45
 11   3 0.60
 11   4 0.71
 11   5 0.51
 11   6 0.70
 11   7 0.66
 11   8 0.53
 11   9 0.64
 11  10 0.56
 11  11 1.00
 11  12 0.65
 11  13 0.64
 11  14 0.54
 11  15 0.65
 11  16 0.67
 11  17 0.58
 11  18 0.70
 11  19 0.62
 11  20 0.37
 11  21 0.60
 11  22 0.63
 12   1 0.58
 12   2 0.48
 12   3 0.62
 12   4 0.63
 12   5 0.36
 12   6 0.58
 12   7 0.64
 12   8 0.54
 12   9 0.61
 12  10 0.57
 12  11 0.65
 12  12 1.00
 12  13 0.50
 12  14 0.51
 12  15 0.57
 12  16 0.68
 12  17 0.46
 12  18 0.59
 12  19 0.56
 12  20 0.34
 12  21 0.52
 12  22 0.57
 13   1 0.65
 13   2 0.55
 13   3 0.61
 13   4 0.71
 13   5 0.68
 13   6 0.62
 13   7 0.67
 13   8 0.62
 13   9 0.61
 13  10 0.61
 13  11 0.64
 13  12 0.50
 13  13 1.00
 13  14 0.61
 13  15 0.59
 13  16 0.66
 13  17 0.65
 13  18 0.70
 13  19 0.69
 13  20 0.56
 13  21 0.65
 13  22 0.72
 14   1 0.60
 14   2 0.58
 14   3 0.63
 14   4 0.56
 14   5 0.61
 14   6 0.53
 14   7 0.65
 14   8 0.53
 14   9 0.62
 14  10 0.66
 14  11 0.54
 14  12 0.51
 14  13 0.61
 14  14 1.00
 14  15 0.55
 14  16 0.59
 14  17 0.58
 14  18 0.54
 14  19 0.58
 14  20 0.54
 14  21 0.62
 14  22 0.80
 15   1 0.57
 15   2 0.40
 15   3 0.57
 15   4 0.64
 15   5 0.55
 15   6 0.56
 15   7 0.52
 15   8 0.57
 15   9 0.75
 15  10 0.61
 15  11 0.65
 15  12 0.57
 15  13 0.59
 15  14 0.55
 15  15 1.00
 15  16 0.55
 15  17 0.66
 15  18 0.62
 15  19 0.67
 15  20 0.45
 15  21 0.80
 15  22 0.63
 16   1 0.74
 16   2 0.54
 16   3 0.67
 16   4 0.69
 16   5 0.53
 16   6 0.71
 16   7 0.74
 16   8 0.64
 16   9 0.55
 16  10 0.63
 16  11 0.67
 16  12 0.68
 16  13 0.66
 16  14 0.59
 16  15 0.55
 16  16 1.00
 16  17 0.57
 16  18 0.63
 16  19 0.69
 16  20 0.39
 16  21 0.55
 16  22 0.72
 17   1 0.62
 17   2 0.45
 17   3 0.56
 17   4 0.70
 17   5 0.64
 17   6 0.56
 17   7 0.56
 17   8 0.57
 17   9 0.66
 17  10 0.60
 17  11 0.58
 17  12 0.46
 17  13 0.65
 17  14 0.58
 17  15 0.66
 17  16 0.57
 17  17 1.00
 17  18 0.65
 17  19 0.55
 17  20 0.47
 17  21 0.75
 17  22 0.70
 18   1 0.67
 18   2 0.47
 18   3 0.66
 18   4 0.66
 18   5 0.68
 18   6 0.68
 18   7 0.64
 18   8 0.54
 18   9 0.70
 18  10 0.62
 18  11 0.70
 18  12 0.59
 18  13 0.70
 18  14 0.54
 18  15 0.62
 18  16 0.63
 18  17 0.65
 18  18 1.00
 18  19 0.63
 18  20 0.51
 18  21 0.61
 18  22 0.64
 19   1 0.66
 19   2 0.57
 19   3 0.63
 19   4 0.67
 19   5 0.66
 19   6 0.61
 19   7 0.66
 19   8 0.72
 19   9 0.60
 19  10 0.58
 19  11 0.62
 19  12 0.56
 19  13 0.69
 19  14 0.58
 19  15 0.67
 19  16 0.69
 19  17 0.55
 19  18 0.63
 19  19 1.00
 19  20 0.53
 19  21 0.58
 19  22 0.69
 20   1 0.46
 20   2 0.39
 20   3 0.49
 20   4 0.45
 20   5 0.68
 20   6 0.41
 20   7 0.39
 20   8 0.51
 20   9 0.52
 20  10 0.56
 20  11 0.37
 20  12 0.34
 20  13 0.56
 20  14 0.54
 20  15 0.45
 20  16 0.39
 20  17 0.47
 20  18 0.51
 20  19 0.53
 20  20 1.00
 20  21 0.51
 20  22 0.50
 21   1 0.60
 21   2 0.47
 21   3 0.60
 21   4 0.66
 21   5 0.57
 21   6 0.57
 21   7 0.55
 21   8 0.58
 21   9 0.71
 21  10 0.66
 21  11 0.60
 21  12 0.52
 21  13 0.65
 21  14 0.62
 21  15 0.80
 21  16 0.55
 21  17 0.75
 21  18 0.61
 21  19 0.58
 21  20 0.51
 21  21 1.00
 21  22 0.71
 22   1 0.71
 22   2 0.66
 22   3 0.67
 22   4 0.72
 22   5 0.66
 22   6 0.67
 22   7 0.74
 22   8 0.63
 22   9 0.63
 22  10 0.70
 22  11 0.63
 22  12 0.57
 22  13 0.72
 22  14 0.80
 22  15 0.63
 22  16 0.72
 22  17 0.70
 22  18 0.64
 22  19 0.69
 22  20 0.50
 22  21 0.71
 22  22 1.00
  1   1 1.00
  1   2 0.52
  1   3 0.69
  1   4 0.70
  1   5 0.59
  1   6 0.75
  1   7 0.72
  1   8 0.58
  1   9 0.61
  1  10 0.65
  1  11 0.70
  1  12 0.58
  1  13 0.65
  1  14 0.60
  1  15 0.57
  1  16 0.74
  1  17 0.62
  1  18 0.67
  1  19 0.65
  1  20 0.46
  1  21 0.60
  1  22 0.71
  2   1 0.52
  2   2 1.00
  2   3 0.54
  2   4 0.48
  2   5 0.44
  2   6 0.46
  2   7 0.59
  2   8 0.56
  2   9 0.45
  2  10 0.52
  2  11 0.45
  2  12 0.48
  2  13 0.54
  2  14 0.58
  2  15 0.39
  2  16 0.54
  2  17 0.45
  2  18 0.47
  2  19 0.56
  2  20 0.39
  2  21 0.47
  2  22 0.66
  3   1 0.69
  3   2 0.54
  3   3 1.00
  3   4 0.62
  3   5 0.58
  3   6 0.62
  3   7 0.71
  3   8 0.63
  3   9 0.61
  3  10 0.67
  3  11 0.59
  3  12 0.62
  3  13 0.61
  3  14 0.62
  3  15 0.57
  3  16 0.67
  3  17 0.56
  3  18 0.66
  3  19 0.63
  3  20 0.49
  3  21 0.60
  3  22 0.67
  4   1 0.70
  4   2 0.48
  4   3 0.62
  4   4 1.00
  4   5 0.59
  4   6 0.66
  4   7 0.61
  4   8 0.62
  4   9 0.66
  4  10 0.62
  4  11 0.71
  4  12 0.63
  4  13 0.70
  4  14 0.56
  4  15 0.63
  4  16 0.69
  4  17 0.69
  4  18 0.66
  4  19 0.67
  4  20 0.44
  4  21 0.66
  4  22 0.72
  5   1 0.59
  5   2 0.44
  5   3 0.58
  5   4 0.59
  5   5 1.00
  5   6 0.50
  5   7 0.55
  5   8 0.54
  5   9 0.61
  5  10 0.57
  5  11 0.51
  5  12 0.36
  5  13 0.68
  5  14 0.61
  5  15 0.55
  5  16 0.52
  5  17 0.64
  5  18 0.68
  5  19 0.66
  5  20 0.67
  5  21 0.57
  5  22 0.65
  6   1 0.75
  6   2 0.46
  6   3 0.62
  6   4 0.66
  6   5 0.50
  6   6 1.00
  6   7 0.68
  6   8 0.49
  6   9 0.59
  6  10 0.60
  6  11 0.69
  6  12 0.57
  6  13 0.62
  6  14 0.52
  6  15 0.56
  6  16 0.71
  6  17 0.56
  6  18 0.67
  6  19 0.61
  6  20 0.41
  6  21 0.57
  6  22 0.67
  7   1 0.72
  7   2 0.59
  7   3 0.71
  7   4 0.61
  7   5 0.55
  7   6 0.68
  7   7 1.00
  7   8 0.55
  7   9 0.55
  7  10 0.63
  7  11 0.66
  7  12 0.64
  7  13 0.67
  7  14 0.65
  7  15 0.52
  7  16 0.74
  7  17 0.56
  7  18 0.64
  7  19 0.65
  7  20 0.39
  7  21 0.55
  7  22 0.74
  8   1 0.58
  8   2 0.56
  8   3 0.63
  8   4 0.62
  8   5 0.54
  8   6 0.49
  8   7 0.55
  8   8 1.00
  8   9 0.52
  8  10 0.60
  8  11 0.53
  8  12 0.53
  8  13 0.62
  8  14 0.53
  8  15 0.57
  8  16 0.64
  8  17 0.57
  8  18 0.54
  8  19 0.72
  8  20 0.51
  8  21 0.58
  8  22 0.63
  9   1 0.61
  9   2 0.45
  9   3 0.61
  9   4 0.66
  9   5 0.61
  9   6 0.59
  9   7 0.55
  9   8 0.52
  9   9 1.00
  9  10 0.66
  9  11 0.63
  9  12 0.60
  9  13 0.61
  9  14 0.62
  9  15 0.74
  9  16 0.55
  9  17 0.66
  9  18 0.70
  9  19 0.59
  9  20 0.52
  9  21 0.71
  9  22 0.63
 10   1 0.65
 10   2 0.52
 10   3 0.67
 10   4 0.62
 10   5 0.57
 10   6 0.60
 10   7 0.63
 10   8 0.60
 10   9 0.66
 10  10 1.00
 10  11 0.56
 10  12 0.57
 10  13 0.60
 10  14 0.66
 10  15 0.61
 10  16 0.63
 10  17 0.60
 10  18 0.62
 10  19 0.58
 10  20 0.55
 10  21 0.65
 10  22 0.70
 11   1 0.70
 11   2 0.45
 11   3 0.59
 11   4 0.71
 11   5 0.51
 11   6 0.69
 11   7 0.66
 11   8 0.53
 11   9 0.63
 11  10 0.56
 11  11 1.00
 11  12 0.65
 11  13 0.64
 11  14 0.54
 11  15 0.64
 11  16 0.67
 11  17 0.58
 11  18 0.70
 11  19 0.61
 11  20 0.36
 11  21 0.60
 11  22 0.63
 12   1 0.58
 12   2 0.48
 12   3 0.62
 12   4 0.63
 12   5 0.36
 12   6 0.57
 12   7 0.64
 12   8 0.53
 12   9 0.60
 12  10 0.57
 12  11 0.65
 12  12 1.00
 12  13 0.50
 12  14 0.51
 12  15 0.57
 12  16 0.68
 12  17 0.45
 12  18 0.58
 12  19 0.56
 12  20 0.34
 12  21 0.52
 12  22 0.57
 13   1 0.65
 13   2 0.54
 13   3 0.61
 13   4 0.70
 13   5 0.68
 13   6 0.62
 13   7 0.67
 13   8 0.62
 13   9 0.61
 13  10 0.60
 13  11 0.64
 13  12 0.50
 13  13 1.00
 13  14 0.61
 13  15 0.58
 13  16 0.66
 13  17 0.65
 13  18 0.69
 13  19 0.69
 13  20 0.56
 13  21 0.64
 13  22 0.72
 14   1 0.60
 14   2 0.58
 14   3 0.62
 14   4 0.56
 14   5 0.61
 14   6 0.52
 14   7 0.65
 14   8 0.53
 14   9 0.62
 14  10 0.66
 14  11 0.54
 14  12 0.51
 14  13 0.61
 14  14 1.00
 14  15 0.55
 14  16 0.58
 14  17 0.58
 14  18 0.54
 14  19 0.57
 14  20 0.54
 14  21 0.62
 14  22 0.80
 15   1 0.57
 15   2 0.39
 15   3 0.57
 15   4 0.63
 15   5 0.55
 15   6 0.56
 15   7 0.52
 15   8 0.57
 15   9 0.74
 15  10 0.61
 15  11 0.64
 15  12 0.57
 15  13 0.58
 15  14 0.55
 15  15 1.00
 15  16 0.55
 15  17 0.66
 15  18 0.62
 15  19 0.67
 15  20 0.45
 15  21 0.79
 15  22 0.63
 16   1 0.74
 16   2 0.54
 16   3 0.67
 16   4 0.69
 16   5 0.52
 16   6 0.71
 16   7 0.74
 16   8 0.64
 16   9 0.55
 16  10 0.63
 16  11 0.67
 16  12 0.68
 16  13 0.66
 16  14 0.58
 16  15 0.55
 16  16 1.00
 16  17 0.57
 16  18 0.63
 16  19 0.69
 16  20 0.39
 16  21 0.55
 16  22 0.71
 17   1 0.62
 17   2 0.45
 17   3 0.56
 17   4 0.69
 17   5 0.64
 17   6 0.56
 17   7 0.56
 17   8 0.57
 17   9 0.66
 17  10 0.60
 17  11 0.58
 17  12 0.45
 17  13 0.65
 17  14 0.58
 17  15 0.66
 17  16 0.57
 17  17 1.00
 17  18 0.64
 17  19 0.55
 17  20 0.46
 17  21 0.74
 17  22 0.70
 18   1 0.67
 18   2 0.47
 18   3 0.66
 18   4 0.66
 18   5 0.68
 18   6 0.67
 18   7 0.64
 18   8 0.54
 18   9 0.70
 18  10 0.62
 18  11 0.70
 18  12 0.58
 18  13 0.69
 18  14 0.54
 18  15 0.62
 18  16 0.63
 18  17 0.64
 18  18 1.00
 18  19 0.63
 18  20 0.50
 18  21 0.61
 18  22 0.64
 19   1 0.65
 19   2 0.56
 19   3 0.63
 19   4 0.67
 19   5 0.66
 19   6 0.61
 19   7 0.65
 19   8 0.72
 19   9 0.59
 19  10 0.58
 19  11 0.61
 19  12 0.56
 19  13 0.69
 19  14 0.57
 19  15 0.67
 19  16 0.69
 19  17 0.55
 19  18 0.63
 19  19 1.00
 19  20 0.53
 19  21 0.58
 19  22 0.68
 20   1 0.46
 20   2 0.39
 20   3 0.49
 20   4 0.44
 20   5 0.67
 20   6 0.41
 20   7 0.39
 20   8 0.51
 20   9 0.52
 20  10 0.55
 20  11 0.36
 20  12 0.34
 20  13 0.56
 20  14 0.54
 20  15 0.45
 20  16 0.39
 20  17 0.46
 20  18 0.50
 20  19 0.53
 20  20 1.00
 20  21 0.50
 20  22 0.50
 21   1 0.60
 21   2 0.47
 21   3 0.60
 21   4 0.66
 21   5 0.57
 21   6 0.57
 21   7 0.55
 21   8 0.58
 21   9 0.71
 21  10 0.65
 21  11 0.60
 21  12 0.52
 21  13 0.64
 21  14 0.62
 21  15 0.79
 21  16 0.55
 21  17 0.74
 21  18 0.61
 21  19 0.58
 21  20 0.50
 21  21 1.00
 21  22 0.71
 22   1 0.71
 22   2 0.66
 22   3 0.67
 22   4 0.72
 22   5 0.65
 22   6 0.67
 22   7 0.74
 22   8 0.63
 22   9 0.63
 22  10 0.70
 22  11 0.63
 22  12 0.57
 22  13 0.72
 22  14 0.80
 22  15 0.63
 22  16 0.71
 22  17 0.70
 22  18 0.64
 22  19 0.68
 22  20 0.50
 22  21 0.71
 22  22 1.00
