  1   1 1.00
  1   2 0.54
  1   3 0.51
  1   4 0.42
  1   5 0.39
  1   6 0.52
  1   7 0.35
  1   8 0.39
  1   9 0.66
  1  10 0.56
  1  11 0.42
  1  12 0.42
  1  13 0.48
  1  14 0.35
  1  15 0.29
  1  16 0.46
  1  17 0.53
  1  18 0.45
  1  19 0.28
  1  20 0.42
  1  21 0.40
  1  22 0.47
  2   1 0.54
  2   2 1.00
  2   3 0.37
  2   4 0.62
  2   5 0.57
  2   6 0.37
  2   7 0.53
  2   8 0.46
  2   9 0.65
  2  10 0.50
  2  11 0.59
  2  12 0.48
  2  13 0.36
  2  14 0.40
  2  15 0.35
  2  16 0.61
  2  17 0.62
  2  18 0.53
  2  19 0.40
  2  20 0.63
  2  21 0.58
  2  22 0.43
  3   1 0.51
  3   2 0.37
  3   3 1.00
  3   4 0.42
  3   5 0.45
  3   6 0.60
  3   7 0.40
  3   8 0.37
  3   9 0.53
  3  10 0.59
  3  11 0.45
  3  12 0.48
  3  13 0.58
  3  14 0.42
  3  15 0.38
  3  16 0.34
  3  17 0.51
  3  18 0.46
  3  19 0.36
  3  20 0.41
  3  21 0.42
  3  22 0.47
  4   1 0.42
  4   2 0.62
  4   3 0.42
  4   4 1.00
  4   5 0.65
  4   6 0.54
  4   7 0.54
  4   8 0.55
  4   9 0.62
  4  10 0.47
  4  11 0.55
  4  12 0.55
  4  13 0.51
  4  14 0.48
  4  15 0.50
  4  16 0.51
  4  17 0.50
  4  18 0.58
  4  19 0.44
  4  20 0.49
  4  21 0.60
  4  22 0.47
  5   1 0.39
  5   2 0.57
  5   3 0.45
  5   4 0.65
  5   5 1.00
  5   6 0.49
  5   7 0.57
  5   8 0.64
  5   9 0.61
  5  10 0.44
  5  11 0.70
  5  12 0.49
  5  13 0.47
  5  14 0.64
  5  15 0.52
  5  16 0.54
  5  17 0.49
  5  18 0.68
  5  19 0.59
  5  20 0.65
  5  21 0.63
  5  22 0.48
  6   1 0.52
  6   2 0.37
  6   3 0.60
  6   4 0.54
  6   5 0.49
  6   6 1.00
  6   7 0.40
  6   8 0.44
  6   9 0.65
  6  10 0.61
  6  11 0.42
  6  12 0.52
  6  13 0.56
  6  14 0.42
  6  15 0.42
  6  16 0.38
  6  17 0.45
  6  18 0.52
  6  19 0.34
  6  20 0.38
  6  21 0.43
  6  22 0.46
  7   1 0.35
  7   2 0.53
  7   3 0.40
  7   4 0.54
  7   5 0.57
  7   6 0.40
  7   7 1.00
  7   8 0.38
  7   9 0.46
  7  10 0.42
  7  11 0.56
  7  12 0.45
  7  13 0.40
  7  14 0.46
  7  15 0.33
  7  16 0.44
  7  17 0.49
  7  18 0.41
  7  19 0.38
  7  20 0.52
  7  21 0.51
  7  22 0.48
  8   1 0.39
  8   2 0.46
  8   3 0.37
  8   4 0.55
  8   5 0.64
  8   6 0.44
  8   7 0.38
  8   8 1.00
  8   9 0.61
  8  10 0.34
  8  11 0.56
  8  12 0.45
  8  13 0.35
  8  14 0.63
  8  15 0.58
  8  16 0.39
  8  17 0.32
  8  18 0.66
  8  19 0.50
  8  20 0.51
  8  21 0.54
  8  22 0.43
  9   1 0.66
  9   2 0.65
  9   3 0.53
  9   4 0.62
  9   5 0.61
  9   6 0.65
  9   7 0.46
  9   8 0.61
  9   9 1.00
  9  10 0.59
  9  11 0.57
  9  12 0.56
  9  13 0.49
  9  14 0.51
  9  15 0.55
  9  16 0.52
  9  17 0.57
  9  18 0.71
  9  19 0.51
  9  20 0.53
  9  21 0.51
  9  22 0.47
 10   1 0.56
 10   2 0.50
 10   3 0.59
 10   4 0.47
 10   5 0.44
 10   6 0.61
 10   7 0.42
 10   8 0.34
 10   9 0.59
 10  10 1.00
 10  11 0.46
 10  12 0.46
 10  13 0.55
 10  14 0.34
 10  15 0.37
 10  16 0.42
 10  17 0.54
 10  18 0.49
 10  19 0.35
 10  20 0.43
 10  21 0.44
 10  22 0.48
 11   1 0.42
 11   2 0.59
 11   3 0.45
 11   4 0.55
 11   5 0.70
 11   6 0.42
 11   7 0.56
 11   8 0.56
 11   9 0.57
 11  10 0.46
 11  11 1.00
 11  12 0.39
 11  13 0.40
 11  14 0.62
 11  15 0.39
 11  16 0.64
 11  17 0.55
 11  18 0.55
 11  19 0.40
 11  20 0.67
 11  21 0.70
 11  22 0.45
 12   1 0.42
 12   2 0.48
 12   3 0.48
 12   4 0.55
 12   5 0.49
 12   6 0.52
 12   7 0.45
 12   8 0.45
 12   9 0.56
 12  10 0.46
 12  11 0.39
 12  12 1.00
 12  13 0.50
 12  14 0.39
 12  15 0.49
 12  16 0.38
 12  17 0.46
 12  18 0.52
 12  19 0.43
 12  20 0.44
 12  21 0.44
 12  22 0.40
 13   1 0.48
 13   2 0.36
 13   3 0.58
 13   4 0.51
 13   5 0.47
 13   6 0.56
 13   7 0.40
 13   8 0.35
 13   9 0.49
 13  10 0.55
 13  11 0.40
 13  12 0.50
 13  13 1.00
 13  14 0.37
 13  15 0.32
 13  16 0.36
 13  17 0.51
 13  18 0.46
 13  19 0.32
 13  20 0.42
 13  21 0.42
 13  22 0.56
 14   1 0.35
 14   2 0.40
 14   3 0.42
 14   4 0.48
 14   5 0.64
 14   6 0.42
 14   7 0.46
 14   8 0.63
 14   9 0.51
 14  10 0.34
 14  11 0.62
 14  12 0.39
 14  13 0.37
 14  14 1.00
 14  15 0.54
 14  16 0.40
 14  17 0.33
 14  18 0.53
 14  19 0.52
 14  20 0.61
 14  21 0.58
 14  22 0.61
 15   1 0.29
 15   2 0.35
 15   3 0.38
 15   4 0.50
 15   5 0.52
 15   6 0.42
 15   7 0.33
 15   8 0.58
 15   9 0.55
 15  10 0.37
 15  11 0.39
 15  12 0.49
 15  13 0.32
 15  14 0.54
 15  15 1.00
 15  16 0.24
 15  17 0.24
 15  18 0.62
 15  19 0.59
 15  20 0.44
 15  21 0.42
 15  22 0.39
 16   1 0.46
 16   2 0.61
 16   3 0.34
 16   4 0.51
 16   5 0.54
 16   6 0.38
 16   7 0.44
 16   8 0.39
 16   9 0.52
 16  10 0.42
 16  11 0.64
 16  12 0.38
 16  13 0.36
 16  14 0.40
 16  15 0.24
 16  16 1.00
 16  17 0.58
 16  18 0.42
 16  19 0.28
 16  20 0.54
 16  21 0.56
 16  22 0.35
 17   1 0.53
 17   2 0.62
 17   3 0.51
 17   4 0.50
 17   5 0.49
 17   6 0.45
 17   7 0.49
 17   8 0.32
 17   9 0.57
 17  10 0.54
 17  11 0.55
 17  12 0.46
 17  13 0.51
 17  14 0.33
 17  15 0.24
 17  16 0.58
 17  17 1.00
 17  18 0.46
 17  19 0.28
 17  20 0.55
 17  21 0.50
 17  22 0.46
 18   1 0.45
 18   2 0.53
 18   3 0.46
 18   4 0.58
 18   5 0.68
 18   6 0.52
 18   7 0.41
 18   8 0.66
 18   9 0.71
 18  10 0.49
 18  11 0.55
 18  12 0.52
 18  13 0.46
 18  14 0.53
 18  15 0.62
 18  16 0.42
 18  17 0.46
 18  18 1.00
 18  19 0.62
 18  20 0.54
 18  21 0.52
 18  22 0.45
 19   1 0.28
 19   2 0.40
 19   3 0.36
 19   4 0.44
 19   5 0.59
 19   6 0.34
 19   7 0.38
 19   8 0.50
 19   9 0.51
 19  10 0.35
 19  11 0.40
 19  12 0.43
 19  13 0.32
 19  14 0.52
 19  15 0.59
 19  16 0.28
 19  17 0.28
 19  18 0.62
 19  19 1.00
 19  20 0.47
 19  21 0.39
 19  22 0.36
 20   1 0.42
 20   2 0.63
 20   3 0.41
 20   4 0.49
 20   5 0.65
 20   6 0.38
 20   7 0.52
 20   8 0.51
 20   9 0.53
 20  10 0.43
 20  11 0.67
 20  12 0.44
 20  13 0.42
 20  14 0.61
 20  15 0.44
 20  16 0.54
 20  17 0.55
 20  18 0.54
 20  19 0.47
 20  20 1.00
 20  21 0.67
 20  22 0.48
 21   1 0.40
 21   2 0.58
 21   3 0.42
 21   4 0.60
 21   5 0.63
 21   6 0.43
 21   7 0.51
 21   8 0.54
 21   9 0.51
 21  10 0.44
 21  11 0.70
 21  12 0.44
 21  13 0.42
 21  14 0.58
 21  15 0.42
 21  16 0.56
 21  17 0.50
 21  18 0.52
 21  19 0.39
 21  20 0.67
 21  21 1.00
 21  22 0.49
 22   1 0.47
 22   2 0.43
 22   3 0.47
 22   4 0.47
 22   5 0.48
 22   6 0.46
 22   7 0.48
 22   8 0.43
 22   9 0.47
 22  10 0.48
 22  11 0.45
 22  12 0.40
 22  13 0.56
 22  14 0.61
 22  15 0.39
 22  16 0.35
 22  17 0.46
 22  18 0.45
 22  19 0.36
 22  20 0.48
 22  21 0.49
 22  22 1.00
  1   1 1.00
  1   2 0.54
  1   3 0.51
  1   4 0.41
  1   5 0.38
  1   6 0.52
  1   7 0.35
  1   8 0.39
  1   9 0.66
  1  10 0.55
  1  11 0.41
  1  12 0.41
  1  13 0.47
  1  14 0.34
  1  15 0.29
  1  16 0.45
  1  17 0.53
  1  18 0.44
  1  19 0.28
  1  20 0.42
  1  21 0.40
  1  22 0.46
  2   1 0.54
  2   2 1.00
  2   3 0.37
  2   4 0.62
  2   5 0.57
  2   6 0.37
  2   7 0.53
  2   8 0.46
  2   9 0.64
  2  10 0.50
  2  11 0.59
  2  12 0.48
  2  13 0.36
  2  14 0.40
  2  15 0.34
  2  16 0.61
  2  17 0.61
  2  18 0.52
  2  19 0.40
  2  20 0.63
  2  21 0.58
  2  22 0.42
  3   1 0.51
  3   2 0.37
  3   3 1.00
  3   4 0.41
  3   5 0.44
  3   6 0.59
  3   7 0.39
  3   8 0.37
  3   9 0.52
  3  10 0.59
  3  11 0.44
  3  12 0.48
  3  13 0.57
  3  14 0.41
  3  15 0.38
  3  16 0.34
  3  17 0.51
  3  18 0.46
  3  19 0.35
  3  20 0.41
  3  21 0.41
  3  22 0.46
  4   1 0.41
  4   2 0.62
  4   3 0.41
  4   4 1.00
  4   5 0.64
  4   6 0.54
  4   7 0.54
  4   8 0.54
  4   9 0.62
  4  10 0.46
  4  11 0.55
  4  12 0.55
  4  13 0.51
  4  14 0.47
  4  15 0.50
  4  16 0.50
  4  17 0.50
  4  18 0.57
  4  19 0.44
  4  20 0.49
  4  21 0.59
  4  22 0.46
  5   1 0.38
  5   2 0.57
  5   3 0.44
  5   4 0.64
  5   5 1.00
  5   6 0.48
  5   7 0.57
  5   8 0.64
  5   9 0.60
  5  10 0.43
  5  11 0.70
  5  12 0.48
  5  13 0.47
  5  14 0.63
  5  15 0.51
  5  16 0.54
  5  17 0.48
  5  18 0.68
  5  19 0.58
  5  20 0.65
  5  21 0.62
  5  22 0.47
  6   1 0.52
  6   2 0.37
  6   3 0.59
  6   4 0.54
  6   5 0.48
  6   6 1.00
  6   7 0.40
  6   8 0.44
  6   9 0.65
  6  10 0.60
  6  11 0.41
  6  12 0.52
  6  13 0.55
  6  14 0.42
  6  15 0.41
  6  16 0.37
  6  17 0.45
  6  18 0.52
  6  19 0.34
  6  20 0.37
  6  21 0.42
  6  22 0.45
  7   1 0.35
  7   2 0.53
  7   3 0.39
  7   4 0.54
  7   5 0.57
  7   6 0.40
  7   7 1.00
  7   8 0.37
  7   9 0.45
  7  10 0.41
  7  11 0.56
  7  12 0.44
  7  13 0.39
  7  14 0.45
  7  15 0.32
  7  16 0.43
  7  17 0.48
  7  18 0.41
  7  19 0.37
  7  20 0.51
  7  21 0.51
  7  22 0.47
  8   1 0.39
  8   2 0.46
  8   3 0.37
  8   4 0.54
  8   5 0.64
  8   6 0.44
  8   7 0.37
  8   8 1.00
  8   9 0.61
  8  10 0.33
  8  11 0.55
  8  12 0.45
  8  13 0.34
  8  14 0.62
  8  15 0.58
  8  16 0.38
  8  17 0.31
  8  18 0.65
  8  19 0.50
  8  20 0.50
  8  21 0.53
  8  22 0.43
  9   1 0.66
  9   2 0.64
  9   3 0.52
  9   4 0.62
  9   5 0.60
  9   6 0.65
  9   7 0.45
  9   8 0.61
  9   9 1.00
  9  10 0.58
  9  11 0.56
  9  12 0.55
  9  13 0.49
  9  14 0.50
  9  15 0.54
  9  16 0.52
  9  17 0.57
  9  18 0.71
  9  19 0.51
  9  20 0.53
  9  21 0.50
  9  22 0.46
 10   1 0.55
 10   2 0.50
 10   3 0.59
 10   4 0.46
 10   5 0.43
 10   6 0.60
 10   7 0.41
 10   8 0.33
 10   9 0.58
 10  10 1.00
 10  11 0.45
 10  12 0.45
 10  13 0.54
 10  14 0.33
 10  15 0.36
 10  16 0.42
 10  17 0.53
 10  18 0.48
 10  19 0.35
 10  20 0.42
 10  21 0.43
 10  22 0.47
 11   1 0.41
 11   2 0.59
 11   3 0.44
 11   4 0.55
 11   5 0.70
 11   6 0.41
 11   7 0.56
 11   8 0.55
 11   9 0.56
 11  10 0.45
 11  11 1.00
 11  12 0.38
 11  13 0.39
 11  14 0.61
 11  15 0.39
 11  16 0.63
 11  17 0.55
 11  18 0.55
 11  19 0.40
 11  20 0.67
 11  21 0.70
 11  22 0.45
 12   1 0.41
 12   2 0.48
 12   3 0.48
 12   4 0.55
 12   5 0.48
 12   6 0.52
 12   7 0.44
 12   8 0.45
 12   9 0.55
 12  10 0.45
 12  11 0.38
 12  12 1.00
 12  13 0.50
 12  14 0.39
 12  15 0.49
 12  16 0.38
 12  17 0.45
 12  18 0.52
 12  19 0.43
 12  20 0.43
 12  21 0.43
 12  22 0.39
 13   1 0.47
 13   2 0.36
 13   3 0.57
 13   4 0.51
 13   5 0.47
 13   6 0.55
 13   7 0.39
 13   8 0.34
 13   9 0.49
 13  10 0.54
 13  11 0.39
 13  12 0.50
 13  13 1.00
 13  14 0.36
 13  15 0.32
 13  16 0.35
 13  17 0.50
 13  18 0.45
 13  19 0.32
 13  20 0.42
 13  21 0.41
 13  22 0.55
 14   1 0.34
 14   2 0.40
 14   3 0.41
 14   4 0.47
 14   5 0.63
 14   6 0.42
 14   7 0.45
 14   8 0.62
 14   9 0.50
 14  10 0.33
 14  11 0.61
 14  12 0.39
 14  13 0.36
 14  14 1.00
 14  15 0.54
 14  16 0.40
 14  17 0.32
 14  18 0.53
 14  19 0.51
 14  20 0.60
 14  21 0.58
 14  22 0.60
 15   1 0.29
 15   2 0.34
 15   3 0.38
 15   4 0.50
 15   5 0.51
 15   6 0.41
 15   7 0.32
 15   8 0.58
 15   9 0.54
 15  10 0.36
 15  11 0.39
 15  12 0.49
 15  13 0.32
 15  14 0.54
 15  15 1.00
 15  16 0.23
 15  17 0.23
 15  18 0.61
 15  19 0.59
 15  20 0.44
 15  21 0.41
 15  22 0.39
 16   1 0.45
 16   2 0.61
 16   3 0.34
 16   4 0.50
 16   5 0.54
 16   6 0.37
 16   7 0.43
 16   8 0.38
 16   9 0.52
 16  10 0.42
 16  11 0.63
 16  12 0.38
 16  13 0.35
 16  14 0.40
 16  15 0.23
 16  16 1.00
 16  17 0.57
 16  18 0.42
 16  19 0.28
 16  20 0.53
 16  21 0.56
 16  22 0.34
 17   1 0.53
 17   2 0.61
 17   3 0.51
 17   4 0.50
 17   5 0.48
 17   6 0.45
 17   7 0.48
 17   8 0.31
 17   9 0.57
 17  10 0.53
 17  11 0.55
 17  12 0.45
 17  13 0.50
 17  14 0.32
 17  15 0.23
 17  16 0.57
 17  17 1.00
 17  18 0.45
 17  19 0.28
 17  20 0.55
 17  21 0.50
 17  22 0.45
 18   1 0.44
 18   2 0.52
 18   3 0.46
 18   4 0.57
 18   5 0.68
 18   6 0.52
 18   7 0.41
 18   8 0.65
 18   9 0.71
 18  10 0.48
 18  11 0.55
 18  12 0.52
 18  13 0.45
 18  14 0.53
 18  15 0.61
 18  16 0.42
 18  17 0.45
 18  18 1.00
 18  19 0.62
 18  20 0.54
 18  21 0.51
 18  22 0.44
 19   1 0.28
 19   2 0.40
 19   3 0.35
 19   4 0.44
 19   5 0.58
 19   6 0.34
 19   7 0.37
 19   8 0.50
 19   9 0.51
 19  10 0.35
 19  11 0.40
 19  12 0.43
 19  13 0.32
 19  14 0.51
 19  15 0.59
 19  16 0.28
 19  17 0.28
 19  18 0.62
 19  19 1.00
 19  20 0.47
 19  21 0.39
 19  22 0.36
 20   1 0.42
 20   2 0.63
 20   3 0.41
 20   4 0.49
 20   5 0.65
 20   6 0.37
 20   7 0.51
 20   8 0.50
 20   9 0.53
 20  10 0.42
 20  11 0.67
 20  12 0.43
 20  13 0.42
 20  14 0.60
 20  15 0.44
 20  16 0.53
 20  17 0.55
 20  18 0.54
 20  19 0.47
 20  20 1.00
 20  21 0.66
 20  22 0.48
 21   1 0.40
 21   2 0.58
 21   3 0.41
 21   4 0.59
 21   5 0.62
 21   6 0.42
 21   7 0.51
 21   8 0.53
 21   9 0.50
 21  10 0.43
 21  11 0.70
 21  12 0.43
 21  13 0.41
 21  14 0.58
 21  15 0.41
 21  16 0.56
 21  17 0.50
 21  18 0.51
 21  19 0.39
 21  20 0.66
 21  21 1.00
 21  22 0.48
 22   1 0.46
 22   2 0.42
 22   3 0.46
 22   4 0.46
 22   5 0.47
 22   6 0.45
 22   7 0.47
 22   8 0.43
 22   9 0.46
 22  10 0.47
 22  11 0.45
 22  12 0.39
 22  13 0.55
 22  14 0.60
 22  15 0.39
 22  16 0.34
 22  17 0.45
 22  18 0.44
 22  19 0.36
 22  20 0.48
 22  21 0.48
 22  22 1.00
