  1   1 0.55
  1   2 0.58
  1   3 0.57
  1   4 0.34
  1   5 0.68
  1   6 0.64
  1   7 0.38
  1   8 0.64
  1   9 0.55
  1  10 0.61
  1  11 0.53
  1  12 0.54
  1  13 0.64
  1  14 0.43
  1  15 0.52
  1  16 0.72
  1  17 0.60
  1  18 0.74
  1  19 0.63
  1  20 0.56
  1  21 0.61
  1  22 0.53
  2   1 0.54
  2   2 0.60
  2   3 0.51
  2   4 0.26
  2   5 0.44
  2   6 0.56
  2   7 0.40
  2   8 0.44
  2   9 0.33
  2  10 0.50
  2  11 0.49
  2  12 0.58
  2  13 0.65
  2  14 0.23
  2  15 0.47
  2  16 0.50
  2  17 0.44
  2  18 0.53
  2  19 0.60
  2  20 0.42
  2  21 0.57
  2  22 0.35
  3   1 0.50
  3   2 0.52
  3   3 0.59
  3   4 0.30
  3   5 0.72
  3   6 0.56
  3   7 0.42
  3   8 0.68
  3   9 0.69
  3  10 0.69
  3  11 0.64
  3  12 0.55
  3  13 0.51
  3  14 0.67
  3  15 0.59
  3  16 0.62
  3  17 0.61
  3  18 0.66
  3  19 0.60
  3  20 0.70
  3  21 0.59
  3  22 0.52
  4   1 0.59
  4   2 0.65
  4   3 0.52
  4   4 0.42
  4   5 0.67
  4   6 0.74
  4   7 0.41
  4   8 0.62
  4   9 0.61
  4  10 0.64
  4  11 0.52
  4  12 0.63
  4  13 0.62
  4  14 0.45
  4  15 0.53
  4  16 0.72
  4  17 0.61
  4  18 0.65
  4  19 0.65
  4  20 0.54
  4  21 0.61
  4  22 0.42
  5   1 0.70
  5   2 0.68
  5   3 0.62
  5   4 0.25
  5   5 0.63
  5   6 0.67
  5   7 0.41
  5   8 0.59
  5   9 0.52
  5  10 0.68
  5  11 0.63
  5  12 0.68
  5  13 0.68
  5  14 0.43
  5  15 0.68
  5  16 0.59
  5  17 0.52
  5  18 0.59
  5  19 0.71
  5  20 0.61
  5  21 0.71
  5  22 0.47
  6   1 0.69
  6   2 0.59
  6   3 0.65
  6   4 0.18
  6   5 0.54
  6   6 0.49
  6   7 0.54
  6   8 0.60
  6   9 0.47
  6  10 0.72
  6  11 0.72
  6  12 0.56
  6  13 0.67
  6  14 0.37
  6  15 0.73
  6  16 0.49
  6  17 0.50
  6  18 0.65
  6  19 0.54
  6  20 0.59
  6  21 0.65
  6  22 0.52
  7   1 0.63
  7   2 0.69
  7   3 0.55
  7   4 0.34
  7   5 0.55
  7   6 0.63
  7   7 0.37
  7   8 0.51
  7   9 0.37
  7  10 0.59
  7  11 0.51
  7  12 0.65
  7  13 0.67
  7  14 0.29
  7  15 0.60
  7  16 0.60
  7  17 0.48
  7  18 0.56
  7  19 0.68
  7  20 0.50
  7  21 0.62
  7  22 0.40
  8   1 0.68
  8   2 0.69
  8   3 0.55
  8   4 0.28
  8   5 0.50
  8   6 0.68
  8   7 0.44
  8   8 0.54
  8   9 0.39
  8  10 0.67
  8  11 0.61
  8  12 0.63
  8  13 0.75
  8  14 0.29
  8  15 0.60
  8  16 0.53
  8  17 0.51
  8  18 0.60
  8  19 0.62
  8  20 0.47
  8  21 0.70
  8  22 0.41
  9   1 0.66
  9   2 0.66
  9   3 0.72
  9   4 0.26
  9   5 0.73
  9   6 0.67
  9   7 0.45
  9   8 0.59
  9   9 0.57
  9  10 0.71
  9  11 0.72
  9  12 0.60
  9  13 0.70
  9  14 0.43
  9  15 0.62
  9  16 0.59
  9  17 0.62
  9  18 0.63
  9  19 0.67
  9  20 0.62
  9  21 0.72
  9  22 0.50
 10   1 0.69
 10   2 0.70
 10   3 0.69
 10   4 0.34
 10   5 0.71
 10   6 0.71
 10   7 0.49
 10   8 0.60
 10   9 0.53
 10  10 0.72
 10  11 0.70
 10  12 0.64
 10  13 0.71
 10  14 0.36
 10  15 0.63
 10  16 0.66
 10  17 0.60
 10  18 0.72
 10  19 0.69
 10  20 0.60
 10  21 0.73
 10  22 0.45
 11   1 0.68
 11   2 0.71
 11   3 0.59
 11   4 0.36
 11   5 0.63
 11   6 0.72
 11   7 0.54
 11   8 0.62
 11   9 0.49
 11  10 0.70
 11  11 0.66
 11  12 0.72
 11  13 0.72
 11  14 0.44
 11  15 0.67
 11  16 0.66
 11  17 0.65
 11  18 0.65
 11  19 0.71
 11  20 0.57
 11  21 0.72
 11  22 0.44
 12   1 0.57
 12   2 0.63
 12   3 0.49
 12   4 0.34
 12   5 0.50
 12   6 0.65
 12   7 0.43
 12   8 0.55
 12   9 0.41
 12  10 0.58
 12  11 0.52
 12  12 0.71
 12  13 0.67
 12  14 0.30
 12  15 0.58
 12  16 0.66
 12  17 0.47
 12  18 0.61
 12  19 0.63
 12  20 0.50
 12  21 0.63
 12  22 0.47
 13   1 0.65
 13   2 0.65
 13   3 0.55
 13   4 0.42
 13   5 0.56
 13   6 0.67
 13   7 0.44
 13   8 0.57
 13   9 0.45
 13  10 0.65
 13  11 0.52
 13  12 0.72
 13  13 0.63
 13  14 0.42
 13  15 0.57
 13  16 0.66
 13  17 0.64
 13  18 0.61
 13  19 0.69
 13  20 0.53
 13  21 0.62
 13  22 0.39
 14   1 0.56
 14   2 0.50
 14   3 0.63
 14   4 0.24
 14   5 0.60
 14   6 0.46
 14   7 0.52
 14   8 0.62
 14   9 0.59
 14  10 0.69
 14  11 0.63
 14  12 0.52
 14  13 0.57
 14  14 0.49
 14  15 0.66
 14  16 0.50
 14  17 0.53
 14  18 0.69
 14  19 0.49
 14  20 0.60
 14  21 0.60
 14  22 0.53
 15   1 0.72
 15   2 0.70
 15   3 0.57
 15   4 0.35
 15   5 0.57
 15   6 0.67
 15   7 0.44
 15   8 0.55
 15   9 0.47
 15  10 0.65
 15  11 0.63
 15  12 0.76
 15  13 0.66
 15  14 0.42
 15  15 0.63
 15  16 0.58
 15  17 0.64
 15  18 0.60
 15  19 0.71
 15  20 0.51
 15  21 0.71
 15  22 0.44
 16   1 0.70
 16   2 0.67
 16   3 0.58
 16   4 0.35
 16   5 0.63
 16   6 0.73
 16   7 0.48
 16   8 0.56
 16   9 0.52
 16  10 0.67
 16  11 0.65
 16  12 0.79
 16  13 0.68
 16  14 0.36
 16  15 0.61
 16  16 0.72
 16  17 0.63
 16  18 0.67
 16  19 0.68
 16  20 0.48
 16  21 0.71
 16  22 0.38
 17   1 0.66
 17   2 0.69
 17   3 0.60
 17   4 0.34
 17   5 0.61
 17   6 0.73
 17   7 0.46
 17   8 0.58
 17   9 0.46
 17  10 0.67
 17  11 0.62
 17  12 0.68
 17  13 0.69
 17  14 0.40
 17  15 0.56
 17  16 0.66
 17  17 0.65
 17  18 0.66
 17  19 0.70
 17  20 0.50
 17  21 0.69
 17  22 0.35
 18   1 0.66
 18   2 0.63
 18   3 0.58
 18   4 0.22
 18   5 0.60
 18   6 0.60
 18   7 0.40
 18   8 0.56
 18   9 0.45
 18  10 0.67
 18  11 0.65
 18  12 0.64
 18  13 0.69
 18  14 0.32
 18  15 0.71
 18  16 0.57
 18  17 0.47
 18  18 0.60
 18  19 0.62
 18  20 0.56
 18  21 0.68
 18  22 0.53
 19   1 0.72
 19   2 0.71
 19   3 0.58
 19   4 0.38
 19   5 0.61
 19   6 0.68
 19   7 0.50
 19   8 0.65
 19   9 0.52
 19  10 0.67
 19  11 0.63
 19  12 0.66
 19  13 0.70
 19  14 0.42
 19  15 0.63
 19  16 0.67
 19  17 0.63
 19  18 0.70
 19  19 0.70
 19  20 0.58
 19  21 0.70
 19  22 0.46
 20   1 0.55
 20   2 0.48
 20   3 0.58
 20   4 0.10
 20   5 0.53
 20   6 0.53
 20   7 0.40
 20   8 0.47
 20   9 0.45
 20  10 0.63
 20  11 0.65
 20  12 0.47
 20  13 0.58
 20  14 0.37
 20  15 0.54
 20  16 0.42
 20  17 0.45
 20  18 0.51
 20  19 0.50
 20  20 0.50
 20  21 0.61
 20  22 0.46
 21   1 0.68
 21   2 0.65
 21   3 0.63
 21   4 0.37
 21   5 0.69
 21   6 0.61
 21   7 0.50
 21   8 0.64
 21   9 0.59
 21  10 0.71
 21  11 0.72
 21  12 0.65
 21  13 0.65
 21  14 0.48
 21  15 0.64
 21  16 0.63
 21  17 0.69
 21  18 0.77
 21  19 0.66
 21  20 0.56
 21  21 0.68
 21  22 0.44
 22   1 0.71
 22   2 0.66
 22   3 0.65
 22   4 0.31
 22   5 0.69
 22   6 0.68
 22   7 0.39
 22   8 0.59
 22   9 0.55
 22  10 0.66
 22  11 0.61
 22  12 0.66
 22  13 0.64
 22  14 0.42
 22  15 0.63
 22  16 0.68
 22  17 0.57
 22  18 0.64
 22  19 0.65
 22  20 0.62
 22  21 0.68
 22  22 0.48
  1   1 0.55
  1   2 0.58
  1   3 0.57
  1   4 0.34
  1   5 0.68
  1   6 0.64
  1   7 0.38
  1   8 0.64
  1   9 0.55
  1  10 0.61
  1  11 0.53
  1  12 0.54
  1  13 0.63
  1  14 0.43
  1  15 0.51
  1  16 0.72
  1  17 0.59
  1  18 0.74
  1  19 0.63
  1  20 0.55
  1  21 0.60
  1  22 0.53
  2   1 0.54
  2   2 0.60
  2   3 0.51
  2   4 0.26
  2   5 0.43
  2   6 0.56
  2   7 0.40
  2   8 0.44
  2   9 0.33
  2  10 0.50
  2  11 0.49
  2  12 0.58
  2  13 0.64
  2  14 0.23
  2  15 0.47
  2  16 0.50
  2  17 0.43
  2  18 0.53
  2  19 0.60
  2  20 0.42
  2  21 0.57
  2  22 0.35
  3   1 0.49
  3   2 0.52
  3   3 0.59
  3   4 0.30
  3   5 0.72
  3   6 0.56
  3   7 0.42
  3   8 0.67
  3   9 0.68
  3  10 0.68
  3  11 0.64
  3  12 0.55
  3  13 0.51
  3  14 0.67
  3  15 0.58
  3  16 0.62
  3  17 0.60
  3  18 0.66
  3  19 0.60
  3  20 0.69
  3  21 0.58
  3  22 0.52
  4   1 0.59
  4   2 0.65
  4   3 0.52
  4   4 0.42
  4   5 0.67
  4   6 0.74
  4   7 0.41
  4   8 0.62
  4   9 0.60
  4  10 0.64
  4  11 0.51
  4  12 0.62
  4  13 0.62
  4  14 0.45
  4  15 0.53
  4  16 0.72
  4  17 0.60
  4  18 0.65
  4  19 0.64
  4  20 0.54
  4  21 0.61
  4  22 0.42
  5   1 0.69
  5   2 0.68
  5   3 0.62
  5   4 0.25
  5   5 0.63
  5   6 0.67
  5   7 0.40
  5   8 0.59
  5   9 0.52
  5  10 0.68
  5  11 0.63
  5  12 0.67
  5  13 0.68
  5  14 0.43
  5  15 0.68
  5  16 0.59
  5  17 0.52
  5  18 0.59
  5  19 0.71
  5  20 0.61
  5  21 0.71
  5  22 0.47
  6   1 0.68
  6   2 0.59
  6   3 0.65
  6   4 0.18
  6   5 0.54
  6   6 0.49
  6   7 0.54
  6   8 0.59
  6   9 0.47
  6  10 0.72
  6  11 0.72
  6  12 0.55
  6  13 0.67
  6  14 0.36
  6  15 0.72
  6  16 0.49
  6  17 0.50
  6  18 0.65
  6  19 0.53
  6  20 0.59
  6  21 0.65
  6  22 0.52
  7   1 0.63
  7   2 0.69
  7   3 0.55
  7   4 0.34
  7   5 0.54
  7   6 0.63
  7   7 0.37
  7   8 0.51
  7   9 0.37
  7  10 0.59
  7  11 0.51
  7  12 0.65
  7  13 0.67
  7  14 0.29
  7  15 0.60
  7  16 0.60
  7  17 0.48
  7  18 0.56
  7  19 0.68
  7  20 0.49
  7  21 0.62
  7  22 0.40
  8   1 0.67
  8   2 0.68
  8   3 0.55
  8   4 0.28
  8   5 0.50
  8   6 0.68
  8   7 0.44
  8   8 0.54
  8   9 0.39
  8  10 0.67
  8  11 0.61
  8  12 0.63
  8  13 0.74
  8  14 0.29
  8  15 0.59
  8  16 0.53
  8  17 0.51
  8  18 0.59
  8  19 0.62
  8  20 0.47
  8  21 0.70
  8  22 0.41
  9   1 0.66
  9   2 0.66
  9   3 0.71
  9   4 0.25
  9   5 0.72
  9   6 0.66
  9   7 0.44
  9   8 0.59
  9   9 0.57
  9  10 0.71
  9  11 0.72
  9  12 0.59
  9  13 0.69
  9  14 0.43
  9  15 0.61
  9  16 0.59
  9  17 0.61
  9  18 0.63
  9  19 0.67
  9  20 0.61
  9  21 0.72
  9  22 0.49
 10   1 0.69
 10   2 0.69
 10   3 0.69
 10   4 0.33
 10   5 0.71
 10   6 0.70
 10   7 0.49
 10   8 0.60
 10   9 0.53
 10  10 0.72
 10  11 0.70
 10  12 0.64
 10  13 0.71
 10  14 0.36
 10  15 0.63
 10  16 0.66
 10  17 0.60
 10  18 0.71
 10  19 0.69
 10  20 0.60
 10  21 0.73
 10  22 0.44
 11   1 0.68
 11   2 0.71
 11   3 0.59
 11   4 0.36
 11   5 0.62
 11   6 0.72
 11   7 0.54
 11   8 0.62
 11   9 0.49
 11  10 0.70
 11  11 0.66
 11  12 0.72
 11  13 0.72
 11  14 0.43
 11  15 0.67
 11  16 0.65
 11  17 0.65
 11  18 0.65
 11  19 0.71
 11  20 0.56
 11  21 0.72
 11  22 0.43
 12   1 0.56
 12   2 0.63
 12   3 0.48
 12   4 0.34
 12   5 0.50
 12   6 0.65
 12   7 0.43
 12   8 0.55
 12   9 0.41
 12  10 0.57
 12  11 0.51
 12  12 0.71
 12  13 0.67
 12  14 0.29
 12  15 0.58
 12  16 0.66
 12  17 0.46
 12  18 0.60
 12  19 0.63
 12  20 0.49
 12  21 0.63
 12  22 0.46
 13   1 0.65
 13   2 0.65
 13   3 0.55
 13   4 0.42
 13   5 0.56
 13   6 0.67
 13   7 0.43
 13   8 0.57
 13   9 0.45
 13  10 0.65
 13  11 0.52
 13  12 0.71
 13  13 0.63
 13  14 0.41
 13  15 0.57
 13  16 0.66
 13  17 0.64
 13  18 0.60
 13  19 0.68
 13  20 0.53
 13  21 0.62
 13  22 0.39
 14   1 0.56
 14   2 0.50
 14   3 0.62
 14   4 0.24
 14   5 0.60
 14   6 0.46
 14   7 0.52
 14   8 0.62
 14   9 0.59
 14  10 0.69
 14  11 0.63
 14  12 0.52
 14  13 0.57
 14  14 0.49
 14  15 0.66
 14  16 0.49
 14  17 0.52
 14  18 0.69
 14  19 0.48
 14  20 0.60
 14  21 0.60
 14  22 0.52
 15   1 0.71
 15   2 0.70
 15   3 0.57
 15   4 0.35
 15   5 0.56
 15   6 0.67
 15   7 0.44
 15   8 0.55
 15   9 0.47
 15  10 0.65
 15  11 0.63
 15  12 0.76
 15  13 0.66
 15  14 0.42
 15  15 0.63
 15  16 0.58
 15  17 0.63
 15  18 0.60
 15  19 0.71
 15  20 0.51
 15  21 0.71
 15  22 0.44
 16   1 0.70
 16   2 0.66
 16   3 0.58
 16   4 0.35
 16   5 0.63
 16   6 0.73
 16   7 0.48
 16   8 0.56
 16   9 0.52
 16  10 0.67
 16  11 0.65
 16  12 0.78
 16  13 0.68
 16  14 0.36
 16  15 0.61
 16  16 0.72
 16  17 0.63
 16  18 0.67
 16  19 0.68
 16  20 0.48
 16  21 0.71
 16  22 0.38
 17   1 0.65
 17   2 0.69
 17   3 0.60
 17   4 0.34
 17   5 0.61
 17   6 0.73
 17   7 0.46
 17   8 0.58
 17   9 0.46
 17  10 0.67
 17  11 0.62
 17  12 0.68
 17  13 0.68
 17  14 0.40
 17  15 0.56
 17  16 0.66
 17  17 0.65
 17  18 0.66
 17  19 0.70
 17  20 0.50
 17  21 0.69
 17  22 0.35
 18   1 0.66
 18   2 0.63
 18   3 0.58
 18   4 0.22
 18   5 0.60
 18   6 0.59
 18   7 0.40
 18   8 0.55
 18   9 0.45
 18  10 0.67
 18  11 0.65
 18  12 0.64
 18  13 0.69
 18  14 0.31
 18  15 0.71
 18  16 0.56
 18  17 0.47
 18  18 0.60
 18  19 0.62
 18  20 0.56
 18  21 0.68
 18  22 0.53
 19   1 0.72
 19   2 0.71
 19   3 0.58
 19   4 0.38
 19   5 0.60
 19   6 0.68
 19   7 0.49
 19   8 0.65
 19   9 0.52
 19  10 0.67
 19  11 0.63
 19  12 0.65
 19  13 0.70
 19  14 0.41
 19  15 0.62
 19  16 0.67
 19  17 0.63
 19  18 0.70
 19  19 0.69
 19  20 0.58
 19  21 0.69
 19  22 0.46
 20   1 0.55
 20   2 0.48
 20   3 0.57
 20   4 0.10
 20   5 0.53
 20   6 0.52
 20   7 0.40
 20   8 0.46
 20   9 0.45
 20  10 0.63
 20  11 0.65
 20  12 0.46
 20  13 0.57
 20  14 0.37
 20  15 0.54
 20  16 0.42
 20  17 0.45
 20  18 0.51
 20  19 0.50
 20  20 0.50
 20  21 0.61
 20  22 0.46
 21   1 0.68
 21   2 0.65
 21   3 0.63
 21   4 0.36
 21   5 0.69
 21   6 0.61
 21   7 0.49
 21   8 0.64
 21   9 0.59
 21  10 0.71
 21  11 0.71
 21  12 0.65
 21  13 0.64
 21  14 0.48
 21  15 0.64
 21  16 0.63
 21  17 0.69
 21  18 0.76
 21  19 0.66
 21  20 0.56
 21  21 0.67
 21  22 0.44
 22   1 0.71
 22   2 0.66
 22   3 0.65
 22   4 0.31
 22   5 0.69
 22   6 0.68
 22   7 0.39
 22   8 0.59
 22   9 0.55
 22  10 0.66
 22  11 0.61
 22  12 0.66
 22  13 0.63
 22  14 0.42
 22  15 0.62
 22  16 0.68
 22  17 0.57
 22  18 0.63
 22  19 0.65
 22  20 0.62
 22  21 0.67
 22  22 0.48
  1   1 0.55
  1   2 0.58
  1   3 0.57
  1   4 0.34
  1   5 0.68
  1   6 0.64
  1   7 0.38
  1   8 0.64
  1   9 0.55
  1  10 0.61
  1  11 0.53
  1  12 0.54
  1  13 0.63
  1  14 0.43
  1  15 0.51
  1  16 0.72
  1  17 0.59
  1  18 0.74
  1  19 0.63
  1  20 0.55
  1  21 0.60
  1  22 0.53
  2   1 0.54
  2   2 0.60
  2   3 0.51
  2   4 0.26
  2   5 0.43
  2   6 0.56
  2   7 0.40
  2   8 0.44
  2   9 0.33
  2  10 0.50
  2  11 0.49
  2  12 0.58
  2  13 0.64
  2  14 0.23
  2  15 0.47
  2  16 0.50
  2  17 0.43
  2  18 0.53
  2  19 0.60
  2  20 0.42
  2  21 0.57
  2  22 0.35
  3   1 0.49
  3   2 0.52
  3   3 0.59
  3   4 0.30
  3   5 0.72
  3   6 0.56
  3   7 0.42
  3   8 0.67
  3   9 0.68
  3  10 0.68
  3  11 0.64
  3  12 0.55
  3  13 0.51
  3  14 0.67
  3  15 0.58
  3  16 0.62
  3  17 0.60
  3  18 0.66
  3  19 0.60
  3  20 0.69
  3  21 0.58
  3  22 0.52
  4   1 0.59
  4   2 0.65
  4   3 0.52
  4   4 0.42
  4   5 0.67
  4   6 0.74
  4   7 0.41
  4   8 0.62
  4   9 0.60
  4  10 0.64
  4  11 0.51
  4  12 0.62
  4  13 0.62
  4  14 0.45
  4  15 0.53
  4  16 0.72
  4  17 0.60
  4  18 0.65
  4  19 0.64
  4  20 0.54
  4  21 0.61
  4  22 0.42
  5   1 0.69
  5   2 0.68
  5   3 0.62
  5   4 0.25
  5   5 0.63
  5   6 0.67
  5   7 0.40
  5   8 0.59
  5   9 0.52
  5  10 0.68
  5  11 0.63
  5  12 0.67
  5  13 0.68
  5  14 0.43
  5  15 0.68
  5  16 0.59
  5  17 0.52
  5  18 0.59
  5  19 0.71
  5  20 0.61
  5  21 0.71
  5  22 0.47
  6   1 0.68
  6   2 0.59
  6   3 0.65
  6   4 0.18
  6   5 0.54
  6   6 0.49
  6   7 0.54
  6   8 0.59
  6   9 0.47
  6  10 0.72
  6  11 0.72
  6  12 0.55
  6  13 0.67
  6  14 0.36
  6  15 0.72
  6  16 0.49
  6  17 0.50
  6  18 0.65
  6  19 0.53
  6  20 0.59
  6  21 0.65
  6  22 0.52
  7   1 0.63
  7   2 0.69
  7   3 0.55
  7   4 0.34
  7   5 0.54
  7   6 0.63
  7   7 0.37
  7   8 0.51
  7   9 0.37
  7  10 0.59
  7  11 0.51
  7  12 0.65
  7  13 0.67
  7  14 0.29
  7  15 0.60
  7  16 0.60
  7  17 0.48
  7  18 0.56
  7  19 0.68
  7  20 0.49
  7  21 0.62
  7  22 0.40
  8   1 0.67
  8   2 0.68
  8   3 0.55
  8   4 0.28
  8   5 0.50
  8   6 0.68
  8   7 0.44
  8   8 0.54
  8   9 0.39
  8  10 0.67
  8  11 0.61
  8  12 0.63
  8  13 0.74
  8  14 0.29
  8  15 0.59
  8  16 0.53
  8  17 0.51
  8  18 0.59
  8  19 0.62
  8  20 0.47
  8  21 0.70
  8  22 0.41
  9   1 0.66
  9   2 0.66
  9   3 0.71
  9   4 0.25
  9   5 0.72
  9   6 0.66
  9   7 0.44
  9   8 0.59
  9   9 0.57
  9  10 0.71
  9  11 0.72
  9  12 0.59
  9  13 0.69
  9  14 0.43
  9  15 0.61
  9  16 0.59
  9  17 0.61
  9  18 0.63
  9  19 0.67
  9  20 0.61
  9  21 0.72
  9  22 0.49
 10   1 0.69
 10   2 0.69
 10   3 0.69
 10   4 0.33
 10   5 0.71
 10   6 0.70
 10   7 0.49
 10   8 0.60
 10   9 0.53
 10  10 0.72
 10  11 0.70
 10  12 0.64
 10  13 0.71
 10  14 0.36
 10  15 0.63
 10  16 0.66
 10  17 0.60
 10  18 0.71
 10  19 0.69
 10  20 0.60
 10  21 0.73
 10  22 0.44
 11   1 0.68
 11   2 0.71
 11   3 0.59
 11   4 0.36
 11   5 0.62
 11   6 0.72
 11   7 0.54
 11   8 0.62
 11   9 0.49
 11  10 0.70
 11  11 0.66
 11  12 0.72
 11  13 0.72
 11  14 0.43
 11  15 0.67
 11  16 0.65
 11  17 0.65
 11  18 0.65
 11  19 0.71
 11  20 0.56
 11  21 0.72
 11  22 0.43
 12   1 0.56
 12   2 0.63
 12   3 0.48
 12   4 0.34
 12   5 0.50
 12   6 0.65
 12   7 0.43
 12   8 0.55
 12   9 0.41
 12  10 0.57
 12  11 0.51
 12  12 0.71
 12  13 0.67
 12  14 0.29
 12  15 0.58
 12  16 0.66
 12  17 0.46
 12  18 0.60
 12  19 0.63
 12  20 0.49
 12  21 0.63
 12  22 0.46
 13   1 0.65
 13   2 0.65
 13   3 0.55
 13   4 0.42
 13   5 0.56
 13   6 0.67
 13   7 0.43
 13   8 0.57
 13   9 0.45
 13  10 0.65
 13  11 0.52
 13  12 0.71
 13  13 0.63
 13  14 0.41
 13  15 0.57
 13  16 0.66
 13  17 0.64
 13  18 0.60
 13  19 0.68
 13  20 0.53
 13  21 0.62
 13  22 0.39
 14   1 0.56
 14   2 0.50
 14   3 0.62
 14   4 0.24
 14   5 0.60
 14   6 0.46
 14   7 0.52
 14   8 0.62
 14   9 0.59
 14  10 0.69
 14  11 0.63
 14  12 0.52
 14  13 0.57
 14  14 0.49
 14  15 0.66
 14  16 0.49
 14  17 0.52
 14  18 0.69
 14  19 0.48
 14  20 0.60
 14  21 0.60
 14  22 0.52
 15   1 0.71
 15   2 0.70
 15   3 0.57
 15   4 0.35
 15   5 0.56
 15   6 0.67
 15   7 0.44
 15   8 0.55
 15   9 0.47
 15  10 0.65
 15  11 0.63
 15  12 0.76
 15  13 0.66
 15  14 0.42
 15  15 0.63
 15  16 0.58
 15  17 0.63
 15  18 0.60
 15  19 0.71
 15  20 0.51
 15  21 0.71
 15  22 0.44
 16   1 0.70
 16   2 0.66
 16   3 0.58
 16   4 0.35
 16   5 0.63
 16   6 0.73
 16   7 0.48
 16   8 0.56
 16   9 0.52
 16  10 0.67
 16  11 0.65
 16  12 0.78
 16  13 0.68
 16  14 0.36
 16  15 0.61
 16  16 0.72
 16  17 0.63
 16  18 0.67
 16  19 0.68
 16  20 0.48
 16  21 0.71
 16  22 0.38
 17   1 0.65
 17   2 0.69
 17   3 0.60
 17   4 0.34
 17   5 0.61
 17   6 0.73
 17   7 0.46
 17   8 0.58
 17   9 0.46
 17  10 0.67
 17  11 0.62
 17  12 0.68
 17  13 0.68
 17  14 0.40
 17  15 0.56
 17  16 0.66
 17  17 0.65
 17  18 0.66
 17  19 0.70
 17  20 0.50
 17  21 0.69
 17  22 0.35
 18   1 0.66
 18   2 0.63
 18   3 0.58
 18   4 0.22
 18   5 0.60
 18   6 0.59
 18   7 0.40
 18   8 0.55
 18   9 0.45
 18  10 0.67
 18  11 0.65
 18  12 0.64
 18  13 0.69
 18  14 0.31
 18  15 0.71
 18  16 0.56
 18  17 0.47
 18  18 0.60
 18  19 0.62
 18  20 0.56
 18  21 0.68
 18  22 0.53
 19   1 0.72
 19   2 0.71
 19   3 0.58
 19   4 0.38
 19   5 0.60
 19   6 0.68
 19   7 0.49
 19   8 0.65
 19   9 0.52
 19  10 0.67
 19  11 0.63
 19  12 0.65
 19  13 0.70
 19  14 0.41
 19  15 0.62
 19  16 0.67
 19  17 0.63
 19  18 0.70
 19  19 0.69
 19  20 0.58
 19  21 0.69
 19  22 0.46
 20   1 0.55
 20   2 0.48
 20   3 0.57
 20   4 0.10
 20   5 0.53
 20   6 0.52
 20   7 0.40
 20   8 0.46
 20   9 0.45
 20  10 0.63
 20  11 0.65
 20  12 0.46
 20  13 0.57
 20  14 0.37
 20  15 0.54
 20  16 0.42
 20  17 0.45
 20  18 0.51
 20  19 0.50
 20  20 0.50
 20  21 0.61
 20  22 0.46
 21   1 0.68
 21   2 0.65
 21   3 0.63
 21   4 0.36
 21   5 0.69
 21   6 0.61
 21   7 0.49
 21   8 0.64
 21   9 0.59
 21  10 0.71
 21  11 0.71
 21  12 0.65
 21  13 0.64
 21  14 0.48
 21  15 0.64
 21  16 0.63
 21  17 0.69
 21  18 0.76
 21  19 0.66
 21  20 0.56
 21  21 0.67
 21  22 0.44
 22   1 0.71
 22   2 0.66
 22   3 0.65
 22   4 0.31
 22   5 0.69
 22   6 0.68
 22   7 0.39
 22   8 0.59
 22   9 0.55
 22  10 0.66
 22  11 0.61
 22  12 0.66
 22  13 0.63
 22  14 0.42
 22  15 0.62
 22  16 0.68
 22  17 0.57
 22  18 0.63
 22  19 0.65
 22  20 0.62
 22  21 0.67
 22  22 0.48
