  1   1 0.47
  1   2 0.52
  1   3 0.57
  1   4 0.34
  1   5 0.63
  1   6 0.65
  1   7 0.45
  1   8 0.71
  1   9 0.49
  1  10 0.52
  1  11 0.60
  1  12 0.57
  1  13 0.59
  1  14 0.47
  1  15 0.37
  1  16 0.60
  1  17 0.62
  1  18 0.71
  1  19 0.60
  1  20 0.58
  1  21 0.56
  1  22 0.53
  2   1 0.53
  2   2 0.58
  2   3 0.53
  2   4 0.29
  2   5 0.37
  2   6 0.51
  2   7 0.43
  2   8 0.52
  2   9 0.37
  2  10 0.48
  2  11 0.44
  2  12 0.53
  2  13 0.59
  2  14 0.31
  2  15 0.38
  2  16 0.53
  2  17 0.50
  2  18 0.59
  2  19 0.51
  2  20 0.44
  2  21 0.51
  2  22 0.32
  3   1 0.46
  3   2 0.52
  3   3 0.63
  3   4 0.32
  3   5 0.75
  3   6 0.63
  3   7 0.53
  3   8 0.69
  3   9 0.60
  3  10 0.59
  3  11 0.65
  3  12 0.62
  3  13 0.55
  3  14 0.70
  3  15 0.49
  3  16 0.56
  3  17 0.66
  3  18 0.67
  3  19 0.55
  3  20 0.74
  3  21 0.56
  3  22 0.61
  4   1 0.55
  4   2 0.59
  4   3 0.55
  4   4 0.45
  4   5 0.63
  4   6 0.73
  4   7 0.43
  4   8 0.69
  4   9 0.55
  4  10 0.55
  4  11 0.58
  4  12 0.68
  4  13 0.59
  4  14 0.50
  4  15 0.41
  4  16 0.68
  4  17 0.62
  4  18 0.67
  4  19 0.59
  4  20 0.58
  4  21 0.59
  4  22 0.45
  5   1 0.70
  5   2 0.71
  5   3 0.73
  5   4 0.29
  5   5 0.56
  5   6 0.67
  5   7 0.49
  5   8 0.72
  5   9 0.57
  5  10 0.69
  5  11 0.58
  5  12 0.70
  5  13 0.70
  5  14 0.53
  5  15 0.61
  5  16 0.64
  5  17 0.61
  5  18 0.72
  5  19 0.68
  5  20 0.63
  5  21 0.69
  5  22 0.47
  6   1 0.69
  6   2 0.65
  6   3 0.69
  6   4 0.20
  6   5 0.45
  6   6 0.49
  6   7 0.62
  6   8 0.62
  6   9 0.53
  6  10 0.74
  6  11 0.61
  6  12 0.59
  6  13 0.72
  6  14 0.43
  6  15 0.70
  6  16 0.59
  6  17 0.55
  6  18 0.72
  6  19 0.55
  6  20 0.60
  6  21 0.58
  6  22 0.44
  7   1 0.63
  7   2 0.65
  7   3 0.58
  7   4 0.37
  7   5 0.46
  7   6 0.60
  7   7 0.42
  7   8 0.63
  7   9 0.43
  7  10 0.60
  7  11 0.48
  7  12 0.62
  7  13 0.66
  7  14 0.41
  7  15 0.52
  7  16 0.66
  7  17 0.56
  7  18 0.68
  7  19 0.59
  7  20 0.50
  7  21 0.58
  7  22 0.37
  8   1 0.67
  8   2 0.70
  8   3 0.61
  8   4 0.29
  8   5 0.40
  8   6 0.63
  8   7 0.51
  8   8 0.63
  8   9 0.49
  8  10 0.67
  8  11 0.54
  8  12 0.65
  8  13 0.70
  8  14 0.37
  8  15 0.50
  8  16 0.61
  8  17 0.58
  8  18 0.68
  8  19 0.63
  8  20 0.51
  8  21 0.61
  8  22 0.37
  9   1 0.64
  9   2 0.69
  9   3 0.74
  9   4 0.26
  9   5 0.59
  9   6 0.68
  9   7 0.52
  9   8 0.67
  9   9 0.65
  9  10 0.70
  9  11 0.72
  9  12 0.64
  9  13 0.71
  9  14 0.51
  9  15 0.52
  9  16 0.67
  9  17 0.68
  9  18 0.71
  9  19 0.74
  9  20 0.69
  9  21 0.66
  9  22 0.46
 10   1 0.66
 10   2 0.69
 10   3 0.68
 10   4 0.36
 10   5 0.53
 10   6 0.69
 10   7 0.50
 10   8 0.67
 10   9 0.55
 10  10 0.72
 10  11 0.69
 10  12 0.67
 10  13 0.71
 10  14 0.45
 10  15 0.53
 10  16 0.69
 10  17 0.65
 10  18 0.78
 10  19 0.68
 10  20 0.62
 10  21 0.67
 10  22 0.41
 11   1 0.65
 11   2 0.71
 11   3 0.66
 11   4 0.39
 11   5 0.54
 11   6 0.72
 11   7 0.59
 11   8 0.69
 11   9 0.51
 11  10 0.65
 11  11 0.67
 11  12 0.77
 11  13 0.73
 11  14 0.51
 11  15 0.57
 11  16 0.70
 11  17 0.71
 11  18 0.70
 11  19 0.68
 11  20 0.65
 11  21 0.70
 11  22 0.44
 12   1 0.55
 12   2 0.60
 12   3 0.51
 12   4 0.37
 12   5 0.42
 12   6 0.62
 12   7 0.46
 12   8 0.63
 12   9 0.44
 12  10 0.55
 12  11 0.49
 12  12 0.63
 12  13 0.66
 12  14 0.37
 12  15 0.49
 12  16 0.66
 12  17 0.53
 12  18 0.69
 12  19 0.55
 12  20 0.46
 12  21 0.58
 12  22 0.42
 13   1 0.62
 13   2 0.67
 13   3 0.60
 13   4 0.45
 13   5 0.55
 13   6 0.65
 13   7 0.48
 13   8 0.67
 13   9 0.46
 13  10 0.61
 13  11 0.54
 13  12 0.72
 13  13 0.62
 13  14 0.52
 13  15 0.49
 13  16 0.67
 13  17 0.68
 13  18 0.65
 13  19 0.66
 13  20 0.57
 13  21 0.57
 13  22 0.41
 14   1 0.53
 14   2 0.51
 14   3 0.66
 14   4 0.26
 14   5 0.64
 14   6 0.48
 14   7 0.65
 14   8 0.61
 14   9 0.50
 14  10 0.62
 14  11 0.57
 14  12 0.55
 14  13 0.61
 14  14 0.55
 14  15 0.61
 14  16 0.51
 14  17 0.57
 14  18 0.66
 14  19 0.41
 14  20 0.63
 14  21 0.56
 14  22 0.55
 15   1 0.71
 15   2 0.73
 15   3 0.63
 15   4 0.39
 15   5 0.51
 15   6 0.63
 15   7 0.50
 15   8 0.63
 15   9 0.51
 15  10 0.66
 15  11 0.59
 15  12 0.74
 15  13 0.67
 15  14 0.53
 15  15 0.54
 15  16 0.67
 15  17 0.67
 15  18 0.67
 15  19 0.67
 15  20 0.56
 15  21 0.67
 15  22 0.43
 16   1 0.68
 16   2 0.66
 16   3 0.66
 16   4 0.38
 16   5 0.56
 16   6 0.72
 16   7 0.49
 16   8 0.67
 16   9 0.53
 16  10 0.67
 16  11 0.64
 16  12 0.77
 16  13 0.68
 16  14 0.46
 16  15 0.51
 16  16 0.73
 16  17 0.68
 16  18 0.71
 16  19 0.65
 16  20 0.53
 16  21 0.69
 16  22 0.39
 17   1 0.61
 17   2 0.68
 17   3 0.63
 17   4 0.36
 17   5 0.53
 17   6 0.72
 17   7 0.48
 17   8 0.66
 17   9 0.49
 17  10 0.59
 17  11 0.64
 17  12 0.73
 17  13 0.66
 17  14 0.48
 17  15 0.45
 17  16 0.69
 17  17 0.69
 17  18 0.66
 17  19 0.66
 17  20 0.61
 17  21 0.63
 17  22 0.36
 18   1 0.67
 18   2 0.65
 18   3 0.65
 18   4 0.25
 18   5 0.48
 18   6 0.59
 18   7 0.49
 18   8 0.66
 18   9 0.52
 18  10 0.72
 18  11 0.58
 18  12 0.64
 18  13 0.73
 18  14 0.42
 18  15 0.63
 18  16 0.65
 18  17 0.56
 18  18 0.73
 18  19 0.61
 18  20 0.53
 18  21 0.65
 18  22 0.47
 19   1 0.66
 19   2 0.68
 19   3 0.61
 19   4 0.39
 19   5 0.53
 19   6 0.63
 19   7 0.52
 19   8 0.70
 19   9 0.52
 19  10 0.63
 19  11 0.64
 19  12 0.71
 19  13 0.68
 19  14 0.49
 19  15 0.53
 19  16 0.66
 19  17 0.64
 19  18 0.72
 19  19 0.66
 19  20 0.64
 19  21 0.63
 19  22 0.45
 20   1 0.56
 20   2 0.56
 20   3 0.66
 20   4 0.11
 20   5 0.44
 20   6 0.57
 20   7 0.48
 20   8 0.53
 20   9 0.53
 20  10 0.62
 20  11 0.58
 20  12 0.51
 20  13 0.61
 20  14 0.41
 20  15 0.47
 20  16 0.51
 20  17 0.52
 20  18 0.60
 20  19 0.55
 20  20 0.54
 20  21 0.56
 20  22 0.41
 21   1 0.64
 21   2 0.63
 21   3 0.64
 21   4 0.39
 21   5 0.66
 21   6 0.62
 21   7 0.55
 21   8 0.68
 21   9 0.52
 21  10 0.65
 21  11 0.71
 21  12 0.70
 21  13 0.67
 21  14 0.54
 21  15 0.52
 21  16 0.64
 21  17 0.69
 21  18 0.72
 21  19 0.57
 21  20 0.62
 21  21 0.64
 21  22 0.45
 22   1 0.68
 22   2 0.68
 22   3 0.73
 22   4 0.34
 22   5 0.61
 22   6 0.69
 22   7 0.45
 22   8 0.71
 22   9 0.57
 22  10 0.67
 22  11 0.59
 22  12 0.69
 22  13 0.64
 22  14 0.52
 22  15 0.55
 22  16 0.67
 22  17 0.64
 22  18 0.74
 22  19 0.66
 22  20 0.60
 22  21 0.67
 22  22 0.47
  1   1 0.47
  1   2 0.52
  1   3 0.57
  1   4 0.34
  1   5 0.63
  1   6 0.65
  1   7 0.45
  1   8 0.71
  1   9 0.49
  1  10 0.51
  1  11 0.60
  1  12 0.57
  1  13 0.59
  1  14 0.47
  1  15 0.36
  1  16 0.60
  1  17 0.62
  1  18 0.71
  1  19 0.60
  1  20 0.58
  1  21 0.56
  1  22 0.52
  2   1 0.53
  2   2 0.57
  2   3 0.53
  2   4 0.29
  2   5 0.37
  2   6 0.50
  2   7 0.43
  2   8 0.52
  2   9 0.37
  2  10 0.48
  2  11 0.43
  2  12 0.52
  2  13 0.59
  2  14 0.31
  2  15 0.37
  2  16 0.53
  2  17 0.49
  2  18 0.59
  2  19 0.50
  2  20 0.44
  2  21 0.50
  2  22 0.32
  3   1 0.45
  3   2 0.51
  3   3 0.63
  3   4 0.32
  3   5 0.74
  3   6 0.63
  3   7 0.53
  3   8 0.69
  3   9 0.60
  3  10 0.58
  3  11 0.65
  3  12 0.61
  3  13 0.55
  3  14 0.70
  3  15 0.48
  3  16 0.56
  3  17 0.66
  3  18 0.67
  3  19 0.55
  3  20 0.74
  3  21 0.55
  3  22 0.61
  4   1 0.54
  4   2 0.58
  4   3 0.55
  4   4 0.45
  4   5 0.63
  4   6 0.73
  4   7 0.42
  4   8 0.69
  4   9 0.54
  4  10 0.54
  4  11 0.58
  4  12 0.68
  4  13 0.59
  4  14 0.50
  4  15 0.40
  4  16 0.68
  4  17 0.62
  4  18 0.66
  4  19 0.58
  4  20 0.58
  4  21 0.59
  4  22 0.45
  5   1 0.69
  5   2 0.70
  5   3 0.73
  5   4 0.29
  5   5 0.55
  5   6 0.67
  5   7 0.48
  5   8 0.71
  5   9 0.57
  5  10 0.69
  5  11 0.58
  5  12 0.70
  5  13 0.70
  5  14 0.52
  5  15 0.61
  5  16 0.64
  5  17 0.61
  5  18 0.71
  5  19 0.68
  5  20 0.63
  5  21 0.68
  5  22 0.47
  6   1 0.69
  6   2 0.65
  6   3 0.69
  6   4 0.20
  6   5 0.44
  6   6 0.49
  6   7 0.61
  6   8 0.62
  6   9 0.52
  6  10 0.74
  6  11 0.60
  6  12 0.59
  6  13 0.72
  6  14 0.43
  6  15 0.69
  6  16 0.58
  6  17 0.55
  6  18 0.72
  6  19 0.54
  6  20 0.60
  6  21 0.58
  6  22 0.44
  7   1 0.62
  7   2 0.65
  7   3 0.58
  7   4 0.37
  7   5 0.45
  7   6 0.60
  7   7 0.42
  7   8 0.62
  7   9 0.43
  7  10 0.60
  7  11 0.48
  7  12 0.62
  7  13 0.66
  7  14 0.41
  7  15 0.52
  7  16 0.66
  7  17 0.56
  7  18 0.67
  7  19 0.58
  7  20 0.50
  7  21 0.58
  7  22 0.36
  8   1 0.67
  8   2 0.70
  8   3 0.61
  8   4 0.29
  8   5 0.39
  8   6 0.63
  8   7 0.50
  8   8 0.63
  8   9 0.49
  8  10 0.67
  8  11 0.54
  8  12 0.65
  8  13 0.70
  8  14 0.37
  8  15 0.50
  8  16 0.60
  8  17 0.58
  8  18 0.68
  8  19 0.62
  8  20 0.51
  8  21 0.61
  8  22 0.36
  9   1 0.63
  9   2 0.69
  9   3 0.73
  9   4 0.26
  9   5 0.58
  9   6 0.68
  9   7 0.52
  9   8 0.67
  9   9 0.65
  9  10 0.70
  9  11 0.72
  9  12 0.63
  9  13 0.71
  9  14 0.51
  9  15 0.51
  9  16 0.66
  9  17 0.68
  9  18 0.71
  9  19 0.74
  9  20 0.68
  9  21 0.66
  9  22 0.45
 10   1 0.66
 10   2 0.69
 10   3 0.67
 10   4 0.35
 10   5 0.53
 10   6 0.69
 10   7 0.49
 10   8 0.67
 10   9 0.55
 10  10 0.71
 10  11 0.68
 10  12 0.66
 10  13 0.71
 10  14 0.44
 10  15 0.53
 10  16 0.69
 10  17 0.65
 10  18 0.78
 10  19 0.68
 10  20 0.62
 10  21 0.67
 10  22 0.40
 11   1 0.64
 11   2 0.71
 11   3 0.66
 11   4 0.38
 11   5 0.53
 11   6 0.72
 11   7 0.58
 11   8 0.68
 11   9 0.50
 11  10 0.65
 11  11 0.67
 11  12 0.77
 11  13 0.72
 11  14 0.50
 11  15 0.56
 11  16 0.70
 11  17 0.70
 11  18 0.70
 11  19 0.68
 11  20 0.65
 11  21 0.69
 11  22 0.44
 12   1 0.55
 12   2 0.60
 12   3 0.50
 12   4 0.37
 12   5 0.42
 12   6 0.62
 12   7 0.46
 12   8 0.63
 12   9 0.43
 12  10 0.55
 12  11 0.49
 12  12 0.63
 12  13 0.66
 12  14 0.37
 12  15 0.49
 12  16 0.66
 12  17 0.53
 12  18 0.68
 12  19 0.55
 12  20 0.46
 12  21 0.57
 12  22 0.42
 13   1 0.62
 13   2 0.67
 13   3 0.60
 13   4 0.45
 13   5 0.54
 13   6 0.65
 13   7 0.48
 13   8 0.67
 13   9 0.45
 13  10 0.60
 13  11 0.53
 13  12 0.71
 13  13 0.62
 13  14 0.51
 13  15 0.49
 13  16 0.66
 13  17 0.68
 13  18 0.65
 13  19 0.65
 13  20 0.57
 13  21 0.57
 13  22 0.40
 14   1 0.53
 14   2 0.50
 14   3 0.66
 14   4 0.26
 14   5 0.64
 14   6 0.48
 14   7 0.65
 14   8 0.61
 14   9 0.50
 14  10 0.61
 14  11 0.56
 14  12 0.54
 14  13 0.61
 14  14 0.55
 14  15 0.61
 14  16 0.50
 14  17 0.56
 14  18 0.66
 14  19 0.41
 14  20 0.62
 14  21 0.55
 14  22 0.55
 15   1 0.71
 15   2 0.73
 15   3 0.63
 15   4 0.38
 15   5 0.50
 15   6 0.63
 15   7 0.50
 15   8 0.63
 15   9 0.50
 15  10 0.66
 15  11 0.59
 15  12 0.74
 15  13 0.67
 15  14 0.53
 15  15 0.54
 15  16 0.67
 15  17 0.67
 15  18 0.67
 15  19 0.67
 15  20 0.56
 15  21 0.67
 15  22 0.42
 16   1 0.68
 16   2 0.66
 16   3 0.65
 16   4 0.38
 16   5 0.56
 16   6 0.71
 16   7 0.49
 16   8 0.67
 16   9 0.53
 16  10 0.67
 16  11 0.64
 16  12 0.77
 16  13 0.67
 16  14 0.45
 16  15 0.51
 16  16 0.73
 16  17 0.67
 16  18 0.70
 16  19 0.64
 16  20 0.53
 16  21 0.68
 16  22 0.38
 17   1 0.61
 17   2 0.68
 17   3 0.62
 17   4 0.36
 17   5 0.53
 17   6 0.72
 17   7 0.48
 17   8 0.66
 17   9 0.49
 17  10 0.59
 17  11 0.63
 17  12 0.72
 17  13 0.66
 17  14 0.47
 17  15 0.45
 17  16 0.69
 17  17 0.69
 17  18 0.66
 17  19 0.66
 17  20 0.60
 17  21 0.62
 17  22 0.36
 18   1 0.67
 18   2 0.65
 18   3 0.65
 18   4 0.25
 18   5 0.48
 18   6 0.59
 18   7 0.49
 18   8 0.66
 18   9 0.52
 18  10 0.72
 18  11 0.58
 18  12 0.64
 18  13 0.72
 18  14 0.42
 18  15 0.63
 18  16 0.65
 18  17 0.55
 18  18 0.73
 18  19 0.61
 18  20 0.53
 18  21 0.65
 18  22 0.47
 19   1 0.66
 19   2 0.68
 19   3 0.60
 19   4 0.38
 19   5 0.53
 19   6 0.63
 19   7 0.52
 19   8 0.70
 19   9 0.52
 19  10 0.63
 19  11 0.64
 19  12 0.71
 19  13 0.67
 19  14 0.49
 19  15 0.52
 19  16 0.66
 19  17 0.64
 19  18 0.72
 19  19 0.65
 19  20 0.64
 19  21 0.63
 19  22 0.45
 20   1 0.56
 20   2 0.55
 20   3 0.66
 20   4 0.10
 20   5 0.44
 20   6 0.57
 20   7 0.48
 20   8 0.53
 20   9 0.52
 20  10 0.62
 20  11 0.58
 20  12 0.51
 20  13 0.61
 20  14 0.41
 20  15 0.47
 20  16 0.50
 20  17 0.52
 20  18 0.60
 20  19 0.55
 20  20 0.54
 20  21 0.56
 20  22 0.41
 21   1 0.64
 21   2 0.62
 21   3 0.64
 21   4 0.38
 21   5 0.66
 21   6 0.62
 21   7 0.54
 21   8 0.68
 21   9 0.52
 21  10 0.65
 21  11 0.71
 21  12 0.69
 21  13 0.66
 21  14 0.54
 21  15 0.51
 21  16 0.64
 21  17 0.69
 21  18 0.72
 21  19 0.57
 21  20 0.62
 21  21 0.64
 21  22 0.45
 22   1 0.68
 22   2 0.68
 22   3 0.72
 22   4 0.34
 22   5 0.61
 22   6 0.68
 22   7 0.45
 22   8 0.70
 22   9 0.57
 22  10 0.67
 22  11 0.58
 22  12 0.69
 22  13 0.64
 22  14 0.52
 22  15 0.55
 22  16 0.67
 22  17 0.64
 22  18 0.74
 22  19 0.66
 22  20 0.59
 22  21 0.66
 22  22 0.47
