  1   1 0.46
  1   2 0.52
  1   3 0.50
  1   4 0.56
  1   5 0.55
  1   6 0.35
  1   7 0.48
  1   8 0.63
  1   9 0.55
  1  10 0.60
  1  11 0.56
  1  12 0.71
  1  13 0.79
  1  14 0.58
  1  15 0.46
  1  16 0.62
  1  17 0.46
  1  18 0.66
  1  19 0.36
  1  20 0.50
  1  21 0.52
  1  22 0.67
  2   1 0.45
  2   2 0.57
  2   3 0.75
  2   4 0.72
  2   5 0.55
  2   6 0.47
  2   7 0.47
  2   8 0.64
  2   9 0.68
  2  10 0.59
  2  11 0.57
  2  12 0.63
  2  13 0.70
  2  14 0.69
  2  15 0.48
  2  16 0.60
  2  17 0.43
  2  18 0.72
  2  19 0.50
  2  20 0.64
  2  21 0.66
  2  22 0.68
  3   1 0.42
  3   2 0.46
  3   3 0.57
  3   4 0.69
  3   5 0.50
  3   6 0.39
  3   7 0.37
  3   8 0.49
  3   9 0.51
  3  10 0.53
  3  11 0.49
  3  12 0.68
  3  13 0.66
  3  14 0.54
  3  15 0.50
  3  16 0.63
  3  17 0.35
  3  18 0.71
  3  19 0.40
  3  20 0.54
  3  21 0.52
  3  22 0.67
  4   1 0.41
  4   2 0.36
  4   3 0.38
  4   4 0.31
  4   5 0.80
  4   6 0.48
  4   7 0.51
  4   8 0.53
  4   9 0.58
  4  10 0.66
  4  11 0.48
  4  12 0.62
  4  13 0.56
  4  14 0.52
  4  15 0.59
  4  16 0.54
  4  17 0.71
  4  18 0.55
  4  19 0.59
  4  20 0.54
  4  21 0.68
  4  22 0.46
  5   1 0.50
  5   2 0.50
  5   3 0.63
  5   4 0.50
  5   5 0.78
  5   6 0.61
  5   7 0.53
  5   8 0.67
  5   9 0.77
  5  10 0.73
  5  11 0.59
  5  12 0.71
  5  13 0.70
  5  14 0.70
  5  15 0.65
  5  16 0.70
  5  17 0.68
  5  18 0.72
  5  19 0.68
  5  20 0.73
  5  21 0.75
  5  22 0.61
  6   1 0.46
  6   2 0.57
  6   3 0.72
  6   4 0.72
  6   5 0.61
  6   6 0.44
  6   7 0.42
  6   8 0.53
  6   9 0.67
  6  10 0.65
  6  11 0.62
  6  12 0.62
  6  13 0.68
  6  14 0.71
  6  15 0.60
  6  16 0.66
  6  17 0.48
  6  18 0.72
  6  19 0.51
  6  20 0.70
  6  21 0.67
  6  22 0.63
  7   1 0.49
  7   2 0.54
  7   3 0.52
  7   4 0.51
  7   5 0.76
  7   6 0.50
  7   7 0.58
  7   8 0.71
  7   9 0.67
  7  10 0.77
  7  11 0.62
  7  12 0.68
  7  13 0.75
  7  14 0.73
  7  15 0.54
  7  16 0.66
  7  17 0.70
  7  18 0.69
  7  19 0.60
  7  20 0.61
  7  21 0.70
  7  22 0.56
  8   1 0.49
  8   2 0.56
  8   3 0.70
  8   4 0.63
  8   5 0.76
  8   6 0.58
  8   7 0.55
  8   8 0.67
  8   9 0.76
  8  10 0.76
  8  11 0.66
  8  12 0.75
  8  13 0.77
  8  14 0.74
  8  15 0.66
  8  16 0.73
  8  17 0.66
  8  18 0.80
  8  19 0.64
  8  20 0.75
  8  21 0.77
  8  22 0.66
  9   1 0.60
  9   2 0.66
  9   3 0.59
  9   4 0.62
  9   5 0.75
  9   6 0.39
  9   7 0.53
  9   8 0.63
  9   9 0.61
  9  10 0.74
  9  11 0.72
  9  12 0.76
  9  13 0.82
  9  14 0.68
  9  15 0.58
  9  16 0.72
  9  17 0.62
  9  18 0.71
  9  19 0.47
  9  20 0.63
  9  21 0.61
  9  22 0.63
 10   1 0.42
 10   2 0.40
 10   3 0.56
 10   4 0.39
 10   5 0.73
 10   6 0.65
 10   7 0.50
 10   8 0.64
 10   9 0.77
 10  10 0.69
 10  11 0.55
 10  12 0.61
 10  13 0.60
 10  14 0.67
 10  15 0.58
 10  16 0.56
 10  17 0.63
 10  18 0.65
 10  19 0.74
 10  20 0.67
 10  21 0.74
 10  22 0.55
 11   1 0.31
 11   2 0.37
 11   3 0.55
 11   4 0.45
 11   5 0.58
 11   6 0.54
 11   7 0.53
 11   8 0.63
 11   9 0.72
 11  10 0.57
 11  11 0.44
 11  12 0.67
 11  13 0.57
 11  14 0.58
 11  15 0.49
 11  16 0.54
 11  17 0.50
 11  18 0.66
 11  19 0.63
 11  20 0.58
 11  21 0.77
 11  22 0.68
 12   1 0.41
 12   2 0.41
 12   3 0.59
 12   4 0.52
 12   5 0.75
 12   6 0.57
 12   7 0.48
 12   8 0.58
 12   9 0.71
 12  10 0.70
 12  11 0.52
 12  12 0.73
 12  13 0.67
 12  14 0.64
 12  15 0.70
 12  16 0.76
 12  17 0.70
 12  18 0.78
 12  19 0.63
 12  20 0.69
 12  21 0.81
 12  22 0.62
 13   1 0.20
 13   2 0.22
 13   3 0.10
 13   4 0.10
 13   5 0.20
 13   6 0.15
 13   7 0.23
 13   8 0.14
 13   9 0.14
 13  10 0.21
 13  11 0.17
 13  12 0.13
 13  13 0.18
 13  14 0.19
 13  15 0.13
 13  16 0.13
 13  17 0.23
 13  18 0.13
 13  19 0.15
 13  20 0.16
 13  21 0.11
 13  22 0.11
 14   1 0.33
 14   2 0.39
 14   3 0.52
 14   4 0.39
 14   5 0.62
 14   6 0.55
 14   7 0.45
 14   8 0.57
 14   9 0.68
 14  10 0.65
 14  11 0.47
 14  12 0.52
 14  13 0.62
 14  14 0.59
 14  15 0.53
 14  16 0.56
 14  17 0.48
 14  18 0.55
 14  19 0.60
 14  20 0.60
 14  21 0.68
 14  22 0.50
 15   1 0.41
 15   2 0.45
 15   3 0.62
 15   4 0.54
 15   5 0.64
 15   6 0.58
 15   7 0.48
 15   8 0.64
 15   9 0.73
 15  10 0.61
 15  11 0.52
 15  12 0.75
 15  13 0.66
 15  14 0.64
 15  15 0.54
 15  16 0.62
 15  17 0.51
 15  18 0.73
 15  19 0.62
 15  20 0.62
 15  21 0.71
 15  22 0.69
 16   1 0.39
 16   2 0.39
 16   3 0.48
 16   4 0.44
 16   5 0.71
 16   6 0.51
 16   7 0.56
 16   8 0.68
 16   9 0.69
 16  10 0.70
 16  11 0.50
 16  12 0.74
 16  13 0.68
 16  14 0.63
 16  15 0.54
 16  16 0.62
 16  17 0.63
 16  18 0.69
 16  19 0.61
 16  20 0.59
 16  21 0.72
 16  22 0.62
 17   1 0.38
 17   2 0.37
 17   3 0.62
 17   4 0.49
 17   5 0.72
 17   6 0.59
 17   7 0.41
 17   8 0.52
 17   9 0.71
 17  10 0.65
 17  11 0.46
 17  12 0.67
 17  13 0.58
 17  14 0.56
 17  15 0.68
 17  16 0.68
 17  17 0.60
 17  18 0.71
 17  19 0.68
 17  20 0.67
 17  21 0.83
 17  22 0.61
 18   1 0.56
 18   2 0.61
 18   3 0.57
 18   4 0.62
 18   5 0.71
 18   6 0.31
 18   7 0.46
 18   8 0.49
 18   9 0.51
 18  10 0.71
 18  11 0.60
 18  12 0.68
 18  13 0.75
 18  14 0.64
 18  15 0.57
 18  16 0.73
 18  17 0.59
 18  18 0.69
 18  19 0.38
 18  20 0.60
 18  21 0.55
 18  22 0.51
 19   1 0.47
 19   2 0.54
 19   3 0.64
 19   4 0.64
 19   5 0.59
 19   6 0.44
 19   7 0.45
 19   8 0.65
 19   9 0.63
 19  10 0.60
 19  11 0.59
 19  12 0.76
 19  13 0.79
 19  14 0.64
 19  15 0.53
 19  16 0.65
 19  17 0.45
 19  18 0.75
 19  19 0.43
 19  20 0.58
 19  21 0.57
 19  22 0.70
 20   1 0.39
 20   2 0.41
 20   3 0.64
 20   4 0.56
 20   5 0.65
 20   6 0.63
 20   7 0.43
 20   8 0.61
 20   9 0.76
 20  10 0.66
 20  11 0.50
 20  12 0.71
 20  13 0.64
 20  14 0.69
 20  15 0.61
 20  16 0.68
 20  17 0.56
 20  18 0.75
 20  19 0.70
 20  20 0.69
 20  21 0.74
 20  22 0.69
 21   1 0.50
 21   2 0.57
 21   3 0.55
 21   4 0.59
 21   5 0.78
 21   6 0.42
 21   7 0.59
 21   8 0.60
 21   9 0.67
 21  10 0.74
 21  11 0.62
 21  12 0.68
 21  13 0.74
 21  14 0.67
 21  15 0.60
 21  16 0.67
 21  17 0.64
 21  18 0.68
 21  19 0.52
 21  20 0.62
 21  21 0.71
 21  22 0.59
 22   1 0.37
 22   2 0.38
 22   3 0.62
 22   4 0.50
 22   5 0.67
 22   6 0.65
 22   7 0.51
 22   8 0.69
 22   9 0.79
 22  10 0.68
 22  11 0.49
 22  12 0.72
 22  13 0.68
 22  14 0.68
 22  15 0.60
 22  16 0.65
 22  17 0.58
 22  18 0.76
 22  19 0.71
 22  20 0.67
 22  21 0.76
 22  22 0.70
  1   1 0.46
  1   2 0.52
  1   3 0.49
  1   4 0.56
  1   5 0.55
  1   6 0.35
  1   7 0.48
  1   8 0.63
  1   9 0.54
  1  10 0.59
  1  11 0.56
  1  12 0.71
  1  13 0.78
  1  14 0.57
  1  15 0.46
  1  16 0.62
  1  17 0.45
  1  18 0.66
  1  19 0.36
  1  20 0.50
  1  21 0.52
  1  22 0.66
  2   1 0.45
  2   2 0.57
  2   3 0.75
  2   4 0.72
  2   5 0.55
  2   6 0.46
  2   7 0.47
  2   8 0.64
  2   9 0.68
  2  10 0.59
  2  11 0.57
  2  12 0.63
  2  13 0.69
  2  14 0.68
  2  15 0.48
  2  16 0.60
  2  17 0.43
  2  18 0.72
  2  19 0.50
  2  20 0.64
  2  21 0.66
  2  22 0.67
  3   1 0.42
  3   2 0.46
  3   3 0.57
  3   4 0.69
  3   5 0.50
  3   6 0.38
  3   7 0.36
  3   8 0.49
  3   9 0.51
  3  10 0.53
  3  11 0.49
  3  12 0.68
  3  13 0.66
  3  14 0.54
  3  15 0.50
  3  16 0.63
  3  17 0.35
  3  18 0.71
  3  19 0.39
  3  20 0.54
  3  21 0.52
  3  22 0.67
  4   1 0.40
  4   2 0.36
  4   3 0.38
  4   4 0.31
  4   5 0.80
  4   6 0.48
  4   7 0.51
  4   8 0.53
  4   9 0.58
  4  10 0.66
  4  11 0.48
  4  12 0.62
  4  13 0.55
  4  14 0.51
  4  15 0.59
  4  16 0.54
  4  17 0.71
  4  18 0.55
  4  19 0.58
  4  20 0.54
  4  21 0.68
  4  22 0.45
  5   1 0.50
  5   2 0.49
  5   3 0.63
  5   4 0.50
  5   5 0.78
  5   6 0.61
  5   7 0.52
  5   8 0.66
  5   9 0.77
  5  10 0.72
  5  11 0.58
  5  12 0.71
  5  13 0.70
  5  14 0.70
  5  15 0.65
  5  16 0.70
  5  17 0.68
  5  18 0.72
  5  19 0.68
  5  20 0.73
  5  21 0.75
  5  22 0.61
  6   1 0.46
  6   2 0.57
  6   3 0.72
  6   4 0.72
  6   5 0.61
  6   6 0.43
  6   7 0.42
  6   8 0.52
  6   9 0.67
  6  10 0.65
  6  11 0.62
  6  12 0.62
  6  13 0.68
  6  14 0.71
  6  15 0.60
  6  16 0.65
  6  17 0.48
  6  18 0.72
  6  19 0.50
  6  20 0.70
  6  21 0.67
  6  22 0.63
  7   1 0.49
  7   2 0.53
  7   3 0.52
  7   4 0.51
  7   5 0.76
  7   6 0.50
  7   7 0.58
  7   8 0.71
  7   9 0.67
  7  10 0.77
  7  11 0.62
  7  12 0.68
  7  13 0.75
  7  14 0.72
  7  15 0.54
  7  16 0.66
  7  17 0.69
  7  18 0.69
  7  19 0.60
  7  20 0.61
  7  21 0.70
  7  22 0.56
  8   1 0.48
  8   2 0.56
  8   3 0.69
  8   4 0.63
  8   5 0.76
  8   6 0.58
  8   7 0.55
  8   8 0.67
  8   9 0.76
  8  10 0.76
  8  11 0.66
  8  12 0.75
  8  13 0.77
  8  14 0.74
  8  15 0.66
  8  16 0.73
  8  17 0.65
  8  18 0.80
  8  19 0.64
  8  20 0.75
  8  21 0.77
  8  22 0.65
  9   1 0.60
  9   2 0.65
  9   3 0.58
  9   4 0.61
  9   5 0.74
  9   6 0.39
  9   7 0.53
  9   8 0.63
  9   9 0.61
  9  10 0.74
  9  11 0.72
  9  12 0.76
  9  13 0.82
  9  14 0.68
  9  15 0.57
  9  16 0.71
  9  17 0.62
  9  18 0.71
  9  19 0.47
  9  20 0.63
  9  21 0.61
  9  22 0.62
 10   1 0.42
 10   2 0.39
 10   3 0.55
 10   4 0.39
 10   5 0.73
 10   6 0.65
 10   7 0.50
 10   8 0.63
 10   9 0.77
 10  10 0.69
 10  11 0.54
 10  12 0.61
 10  13 0.60
 10  14 0.67
 10  15 0.58
 10  16 0.56
 10  17 0.63
 10  18 0.65
 10  19 0.74
 10  20 0.67
 10  21 0.74
 10  22 0.55
 11   1 0.30
 11   2 0.37
 11   3 0.55
 11   4 0.44
 11   5 0.58
 11   6 0.54
 11   7 0.53
 11   8 0.63
 11   9 0.71
 11  10 0.57
 11  11 0.44
 11  12 0.67
 11  13 0.57
 11  14 0.58
 11  15 0.48
 11  16 0.54
 11  17 0.50
 11  18 0.66
 11  19 0.63
 11  20 0.57
 11  21 0.77
 11  22 0.68
 12   1 0.41
 12   2 0.41
 12   3 0.59
 12   4 0.52
 12   5 0.74
 12   6 0.57
 12   7 0.48
 12   8 0.58
 12   9 0.71
 12  10 0.69
 12  11 0.52
 12  12 0.73
 12  13 0.67
 12  14 0.64
 12  15 0.70
 12  16 0.76
 12  17 0.70
 12  18 0.78
 12  19 0.63
 12  20 0.69
 12  21 0.81
 12  22 0.62
 13   1 0.20
 13   2 0.21
 13   3 0.10
 13   4 0.10
 13   5 0.20
 13   6 0.15
 13   7 0.23
 13   8 0.14
 13   9 0.14
 13  10 0.21
 13  11 0.17
 13  12 0.13
 13  13 0.18
 13  14 0.19
 13  15 0.13
 13  16 0.13
 13  17 0.23
 13  18 0.13
 13  19 0.15
 13  20 0.16
 13  21 0.11
 13  22 0.11
 14   1 0.33
 14   2 0.39
 14   3 0.52
 14   4 0.39
 14   5 0.62
 14   6 0.54
 14   7 0.44
 14   8 0.56
 14   9 0.68
 14  10 0.64
 14  11 0.47
 14  12 0.51
 14  13 0.62
 14  14 0.59
 14  15 0.52
 14  16 0.55
 14  17 0.48
 14  18 0.55
 14  19 0.60
 14  20 0.59
 14  21 0.68
 14  22 0.50
 15   1 0.40
 15   2 0.44
 15   3 0.62
 15   4 0.54
 15   5 0.64
 15   6 0.57
 15   7 0.48
 15   8 0.64
 15   9 0.73
 15  10 0.61
 15  11 0.52
 15  12 0.74
 15  13 0.66
 15  14 0.64
 15  15 0.54
 15  16 0.62
 15  17 0.51
 15  18 0.73
 15  19 0.62
 15  20 0.62
 15  21 0.70
 15  22 0.69
 16   1 0.38
 16   2 0.39
 16   3 0.48
 16   4 0.44
 16   5 0.71
 16   6 0.51
 16   7 0.56
 16   8 0.68
 16   9 0.69
 16  10 0.70
 16  11 0.50
 16  12 0.74
 16  13 0.68
 16  14 0.63
 16  15 0.54
 16  16 0.61
 16  17 0.63
 16  18 0.69
 16  19 0.61
 16  20 0.59
 16  21 0.72
 16  22 0.62
 17   1 0.37
 17   2 0.37
 17   3 0.61
 17   4 0.49
 17   5 0.71
 17   6 0.59
 17   7 0.41
 17   8 0.52
 17   9 0.71
 17  10 0.64
 17  11 0.46
 17  12 0.67
 17  13 0.58
 17  14 0.55
 17  15 0.67
 17  16 0.68
 17  17 0.60
 17  18 0.71
 17  19 0.68
 17  20 0.67
 17  21 0.83
 17  22 0.61
 18   1 0.56
 18   2 0.61
 18   3 0.57
 18   4 0.62
 18   5 0.71
 18   6 0.31
 18   7 0.46
 18   8 0.49
 18   9 0.51
 18  10 0.71
 18  11 0.60
 18  12 0.68
 18  13 0.75
 18  14 0.64
 18  15 0.57
 18  16 0.73
 18  17 0.58
 18  18 0.69
 18  19 0.38
 18  20 0.60
 18  21 0.54
 18  22 0.51
 19   1 0.47
 19   2 0.54
 19   3 0.63
 19   4 0.64
 19   5 0.59
 19   6 0.44
 19   7 0.45
 19   8 0.65
 19   9 0.63
 19  10 0.60
 19  11 0.59
 19  12 0.76
 19  13 0.78
 19  14 0.64
 19  15 0.53
 19  16 0.65
 19  17 0.45
 19  18 0.75
 19  19 0.43
 19  20 0.58
 19  21 0.57
 19  22 0.70
 20   1 0.38
 20   2 0.41
 20   3 0.64
 20   4 0.56
 20   5 0.65
 20   6 0.63
 20   7 0.43
 20   8 0.61
 20   9 0.76
 20  10 0.66
 20  11 0.50
 20  12 0.70
 20  13 0.63
 20  14 0.69
 20  15 0.61
 20  16 0.67
 20  17 0.56
 20  18 0.75
 20  19 0.69
 20  20 0.69
 20  21 0.74
 20  22 0.69
 21   1 0.50
 21   2 0.57
 21   3 0.55
 21   4 0.59
 21   5 0.78
 21   6 0.42
 21   7 0.59
 21   8 0.60
 21   9 0.67
 21  10 0.74
 21  11 0.61
 21  12 0.68
 21  13 0.74
 21  14 0.66
 21  15 0.60
 21  16 0.66
 21  17 0.64
 21  18 0.68
 21  19 0.52
 21  20 0.62
 21  21 0.71
 21  22 0.59
 22   1 0.37
 22   2 0.38
 22   3 0.61
 22   4 0.49
 22   5 0.67
 22   6 0.65
 22   7 0.51
 22   8 0.68
 22   9 0.79
 22  10 0.68
 22  11 0.49
 22  12 0.72
 22  13 0.68
 22  14 0.68
 22  15 0.60
 22  16 0.65
 22  17 0.58
 22  18 0.76
 22  19 0.71
 22  20 0.67
 22  21 0.76
 22  22 0.70
  1   1 0.46
  1   2 0.52
  1   3 0.49
  1   4 0.56
  1   5 0.55
  1   6 0.35
  1   7 0.48
  1   8 0.63
  1   9 0.54
  1  10 0.59
  1  11 0.56
  1  12 0.71
  1  13 0.78
  1  14 0.57
  1  15 0.46
  1  16 0.62
  1  17 0.45
  1  18 0.66
  1  19 0.36
  1  20 0.50
  1  21 0.52
  1  22 0.66
  2   1 0.45
  2   2 0.57
  2   3 0.75
  2   4 0.72
  2   5 0.55
  2   6 0.46
  2   7 0.47
  2   8 0.64
  2   9 0.68
  2  10 0.59
  2  11 0.57
  2  12 0.63
  2  13 0.69
  2  14 0.68
  2  15 0.48
  2  16 0.60
  2  17 0.43
  2  18 0.72
  2  19 0.50
  2  20 0.64
  2  21 0.66
  2  22 0.67
  3   1 0.42
  3   2 0.46
  3   3 0.57
  3   4 0.69
  3   5 0.50
  3   6 0.38
  3   7 0.36
  3   8 0.49
  3   9 0.51
  3  10 0.53
  3  11 0.49
  3  12 0.68
  3  13 0.66
  3  14 0.54
  3  15 0.50
  3  16 0.63
  3  17 0.35
  3  18 0.71
  3  19 0.39
  3  20 0.54
  3  21 0.52
  3  22 0.67
  4   1 0.40
  4   2 0.36
  4   3 0.38
  4   4 0.31
  4   5 0.80
  4   6 0.48
  4   7 0.51
  4   8 0.53
  4   9 0.58
  4  10 0.66
  4  11 0.48
  4  12 0.62
  4  13 0.55
  4  14 0.51
  4  15 0.59
  4  16 0.54
  4  17 0.71
  4  18 0.55
  4  19 0.58
  4  20 0.54
  4  21 0.68
  4  22 0.45
  5   1 0.50
  5   2 0.49
  5   3 0.63
  5   4 0.50
  5   5 0.78
  5   6 0.61
  5   7 0.52
  5   8 0.66
  5   9 0.77
  5  10 0.72
  5  11 0.58
  5  12 0.71
  5  13 0.70
  5  14 0.70
  5  15 0.65
  5  16 0.70
  5  17 0.68
  5  18 0.72
  5  19 0.68
  5  20 0.73
  5  21 0.75
  5  22 0.61
  6   1 0.46
  6   2 0.57
  6   3 0.72
  6   4 0.72
  6   5 0.61
  6   6 0.43
  6   7 0.42
  6   8 0.52
  6   9 0.67
  6  10 0.65
  6  11 0.62
  6  12 0.62
  6  13 0.68
  6  14 0.71
  6  15 0.60
  6  16 0.65
  6  17 0.48
  6  18 0.72
  6  19 0.50
  6  20 0.70
  6  21 0.67
  6  22 0.63
  7   1 0.49
  7   2 0.53
  7   3 0.52
  7   4 0.51
  7   5 0.76
  7   6 0.50
  7   7 0.58
  7   8 0.71
  7   9 0.67
  7  10 0.77
  7  11 0.62
  7  12 0.68
  7  13 0.75
  7  14 0.72
  7  15 0.54
  7  16 0.66
  7  17 0.69
  7  18 0.69
  7  19 0.60
  7  20 0.61
  7  21 0.70
  7  22 0.56
  8   1 0.48
  8   2 0.56
  8   3 0.69
  8   4 0.63
  8   5 0.76
  8   6 0.58
  8   7 0.55
  8   8 0.67
  8   9 0.76
  8  10 0.76
  8  11 0.66
  8  12 0.75
  8  13 0.77
  8  14 0.74
  8  15 0.66
  8  16 0.73
  8  17 0.65
  8  18 0.80
  8  19 0.64
  8  20 0.75
  8  21 0.77
  8  22 0.65
  9   1 0.60
  9   2 0.65
  9   3 0.58
  9   4 0.61
  9   5 0.74
  9   6 0.39
  9   7 0.53
  9   8 0.63
  9   9 0.61
  9  10 0.74
  9  11 0.72
  9  12 0.76
  9  13 0.82
  9  14 0.68
  9  15 0.57
  9  16 0.71
  9  17 0.62
  9  18 0.71
  9  19 0.47
  9  20 0.63
  9  21 0.61
  9  22 0.62
 10   1 0.42
 10   2 0.39
 10   3 0.55
 10   4 0.39
 10   5 0.73
 10   6 0.65
 10   7 0.50
 10   8 0.63
 10   9 0.77
 10  10 0.69
 10  11 0.54
 10  12 0.61
 10  13 0.60
 10  14 0.67
 10  15 0.58
 10  16 0.56
 10  17 0.63
 10  18 0.65
 10  19 0.74
 10  20 0.67
 10  21 0.74
 10  22 0.55
 11   1 0.30
 11   2 0.37
 11   3 0.55
 11   4 0.44
 11   5 0.58
 11   6 0.54
 11   7 0.53
 11   8 0.63
 11   9 0.71
 11  10 0.57
 11  11 0.44
 11  12 0.67
 11  13 0.57
 11  14 0.58
 11  15 0.48
 11  16 0.54
 11  17 0.50
 11  18 0.66
 11  19 0.63
 11  20 0.57
 11  21 0.77
 11  22 0.68
 12   1 0.41
 12   2 0.41
 12   3 0.59
 12   4 0.52
 12   5 0.74
 12   6 0.57
 12   7 0.48
 12   8 0.58
 12   9 0.71
 12  10 0.69
 12  11 0.52
 12  12 0.73
 12  13 0.67
 12  14 0.64
 12  15 0.70
 12  16 0.76
 12  17 0.70
 12  18 0.78
 12  19 0.63
 12  20 0.69
 12  21 0.81
 12  22 0.62
 13   1 0.20
 13   2 0.21
 13   3 0.10
 13   4 0.10
 13   5 0.20
 13   6 0.15
 13   7 0.23
 13   8 0.14
 13   9 0.14
 13  10 0.21
 13  11 0.17
 13  12 0.13
 13  13 0.18
 13  14 0.19
 13  15 0.13
 13  16 0.13
 13  17 0.23
 13  18 0.13
 13  19 0.15
 13  20 0.16
 13  21 0.11
 13  22 0.11
 14   1 0.33
 14   2 0.39
 14   3 0.52
 14   4 0.39
 14   5 0.62
 14   6 0.54
 14   7 0.44
 14   8 0.56
 14   9 0.68
 14  10 0.64
 14  11 0.47
 14  12 0.51
 14  13 0.62
 14  14 0.59
 14  15 0.52
 14  16 0.55
 14  17 0.48
 14  18 0.55
 14  19 0.60
 14  20 0.59
 14  21 0.68
 14  22 0.50
 15   1 0.40
 15   2 0.44
 15   3 0.62
 15   4 0.54
 15   5 0.64
 15   6 0.57
 15   7 0.48
 15   8 0.64
 15   9 0.73
 15  10 0.61
 15  11 0.52
 15  12 0.74
 15  13 0.66
 15  14 0.64
 15  15 0.54
 15  16 0.62
 15  17 0.51
 15  18 0.73
 15  19 0.62
 15  20 0.62
 15  21 0.70
 15  22 0.69
 16   1 0.38
 16   2 0.39
 16   3 0.48
 16   4 0.44
 16   5 0.71
 16   6 0.51
 16   7 0.56
 16   8 0.68
 16   9 0.69
 16  10 0.70
 16  11 0.50
 16  12 0.74
 16  13 0.68
 16  14 0.63
 16  15 0.54
 16  16 0.61
 16  17 0.63
 16  18 0.69
 16  19 0.61
 16  20 0.59
 16  21 0.72
 16  22 0.62
 17   1 0.37
 17   2 0.37
 17   3 0.61
 17   4 0.49
 17   5 0.71
 17   6 0.59
 17   7 0.41
 17   8 0.52
 17   9 0.71
 17  10 0.64
 17  11 0.46
 17  12 0.67
 17  13 0.58
 17  14 0.55
 17  15 0.67
 17  16 0.68
 17  17 0.60
 17  18 0.71
 17  19 0.68
 17  20 0.67
 17  21 0.83
 17  22 0.61
 18   1 0.56
 18   2 0.61
 18   3 0.57
 18   4 0.62
 18   5 0.71
 18   6 0.31
 18   7 0.46
 18   8 0.49
 18   9 0.51
 18  10 0.71
 18  11 0.60
 18  12 0.68
 18  13 0.75
 18  14 0.64
 18  15 0.57
 18  16 0.73
 18  17 0.58
 18  18 0.69
 18  19 0.38
 18  20 0.60
 18  21 0.54
 18  22 0.51
 19   1 0.47
 19   2 0.54
 19   3 0.63
 19   4 0.64
 19   5 0.59
 19   6 0.44
 19   7 0.45
 19   8 0.65
 19   9 0.63
 19  10 0.60
 19  11 0.59
 19  12 0.76
 19  13 0.78
 19  14 0.64
 19  15 0.53
 19  16 0.65
 19  17 0.45
 19  18 0.75
 19  19 0.43
 19  20 0.58
 19  21 0.57
 19  22 0.70
 20   1 0.38
 20   2 0.41
 20   3 0.64
 20   4 0.56
 20   5 0.65
 20   6 0.63
 20   7 0.43
 20   8 0.61
 20   9 0.76
 20  10 0.66
 20  11 0.50
 20  12 0.70
 20  13 0.63
 20  14 0.69
 20  15 0.61
 20  16 0.67
 20  17 0.56
 20  18 0.75
 20  19 0.69
 20  20 0.69
 20  21 0.74
 20  22 0.69
 21   1 0.50
 21   2 0.57
 21   3 0.55
 21   4 0.59
 21   5 0.78
 21   6 0.42
 21   7 0.59
 21   8 0.60
 21   9 0.67
 21  10 0.74
 21  11 0.61
 21  12 0.68
 21  13 0.74
 21  14 0.66
 21  15 0.60
 21  16 0.66
 21  17 0.64
 21  18 0.68
 21  19 0.52
 21  20 0.62
 21  21 0.71
 21  22 0.59
 22   1 0.37
 22   2 0.38
 22   3 0.61
 22   4 0.49
 22   5 0.67
 22   6 0.65
 22   7 0.51
 22   8 0.68
 22   9 0.79
 22  10 0.68
 22  11 0.49
 22  12 0.72
 22  13 0.68
 22  14 0.68
 22  15 0.60
 22  16 0.65
 22  17 0.58
 22  18 0.76
 22  19 0.71
 22  20 0.67
 22  21 0.76
 22  22 0.70
