  1   1 0.31
  1   2 0.38
  1   3 0.33
  1   4 0.39
  1   5 0.44
  1   6 0.56
  1   7 0.20
  1   8 0.46
  1   9 0.41
  1  10 0.54
  1  11 0.59
  1  12 0.54
  1  13 0.66
  1  14 0.57
  1  15 0.52
  1  16 0.60
  1  17 0.56
  1  18 0.41
  1  19 0.56
  1  20 0.43
  1  21 0.44
  1  22 0.33
  2   1 0.54
  2   2 0.55
  2   3 0.36
  2   4 0.40
  2   5 0.65
  2   6 0.38
  2   7 0.50
  2   8 0.52
  2   9 0.49
  2  10 0.28
  2  11 0.31
  2  12 0.52
  2  13 0.46
  2  14 0.29
  2  15 0.39
  2  16 0.39
  2  17 0.47
  2  18 0.36
  2  19 0.65
  2  20 0.32
  2  21 0.29
  2  22 0.50
  3   1 0.49
  3   2 0.52
  3   3 0.52
  3   4 0.51
  3   5 0.57
  3   6 0.44
  3   7 0.22
  3   8 0.55
  3   9 0.60
  3  10 0.39
  3  11 0.45
  3  12 0.52
  3  13 0.58
  3  14 0.34
  3  15 0.52
  3  16 0.41
  3  17 0.48
  3  18 0.58
  3  19 0.51
  3  20 0.52
  3  21 0.34
  3  22 0.48
  4   1 0.62
  4   2 0.68
  4   3 0.43
  4   4 0.37
  4   5 0.57
  4   6 0.40
  4   7 0.50
  4   8 0.60
  4   9 0.56
  4  10 0.34
  4  11 0.37
  4  12 0.52
  4  13 0.49
  4  14 0.22
  4  15 0.43
  4  16 0.38
  4  17 0.47
  4  18 0.47
  4  19 0.58
  4  20 0.43
  4  21 0.29
  4  22 0.67
  5   1 0.43
  5   2 0.54
  5   3 0.39
  5   4 0.62
  5   5 0.57
  5   6 0.56
  5   7 0.37
  5   8 0.67
  5   9 0.60
  5  10 0.43
  5  11 0.51
  5  12 0.62
  5  13 0.68
  5  14 0.46
  5  15 0.57
  5  16 0.59
  5  17 0.62
  5  18 0.48
  5  19 0.71
  5  20 0.60
  5  21 0.41
  5  22 0.55
  6   1 0.30
  6   2 0.42
  6   3 0.36
  6   4 0.50
  6   5 0.42
  6   6 0.57
  6   7 0.21
  6   8 0.59
  6   9 0.57
  6  10 0.43
  6  11 0.41
  6  12 0.42
  6  13 0.64
  6  14 0.34
  6  15 0.52
  6  16 0.46
  6  17 0.43
  6  18 0.45
  6  19 0.47
  6  20 0.50
  6  21 0.26
  6  22 0.40
  7   1 0.63
  7   2 0.57
  7   3 0.72
  7   4 0.34
  7   5 0.57
  7   6 0.46
  7   7 0.21
  7   8 0.53
  7   9 0.50
  7  10 0.49
  7  11 0.48
  7  12 0.51
  7  13 0.53
  7  14 0.28
  7  15 0.46
  7  16 0.44
  7  17 0.43
  7  18 0.48
  7  19 0.50
  7  20 0.50
  7  21 0.38
  7  22 0.46
  8   1 0.33
  8   2 0.47
  8   3 0.31
  8   4 0.51
  8   5 0.42
  8   6 0.56
  8   7 0.30
  8   8 0.50
  8   9 0.47
  8  10 0.57
  8  11 0.55
  8  12 0.53
  8  13 0.62
  8  14 0.46
  8  15 0.62
  8  16 0.57
  8  17 0.55
  8  18 0.47
  8  19 0.55
  8  20 0.53
  8  21 0.45
  8  22 0.46
  9   1 0.51
  9   2 0.54
  9   3 0.39
  9   4 0.42
  9   5 0.54
  9   6 0.45
  9   7 0.46
  9   8 0.49
  9   9 0.43
  9  10 0.43
  9  11 0.49
  9  12 0.63
  9  13 0.49
  9  14 0.49
  9  15 0.54
  9  16 0.62
  9  17 0.63
  9  18 0.41
  9  19 0.68
  9  20 0.40
  9  21 0.53
  9  22 0.48
 10   1 0.42
 10   2 0.50
 10   3 0.40
 10   4 0.49
 10   5 0.55
 10   6 0.47
 10   7 0.30
 10   8 0.52
 10   9 0.50
 10  10 0.61
 10  11 0.61
 10  12 0.69
 10  13 0.54
 10  14 0.46
 10  15 0.59
 10  16 0.64
 10  17 0.68
 10  18 0.39
 10  19 0.65
 10  20 0.38
 10  21 0.56
 10  22 0.42
 11   1 0.31
 11   2 0.37
 11   3 0.27
 11   4 0.34
 11   5 0.37
 11   6 0.46
 11   7 0.24
 11   8 0.38
 11   9 0.32
 11  10 0.50
 11  11 0.58
 11  12 0.53
 11  13 0.50
 11  14 0.62
 11  15 0.60
 11  16 0.65
 11  17 0.66
 11  18 0.26
 11  19 0.54
 11  20 0.30
 11  21 0.61
 11  22 0.28
 12   1 0.37
 12   2 0.50
 12   3 0.29
 12   4 0.55
 12   5 0.46
 12   6 0.52
 12   7 0.38
 12   8 0.62
 12   9 0.53
 12  10 0.45
 12  11 0.52
 12  12 0.63
 12  13 0.61
 12  14 0.45
 12  15 0.51
 12  16 0.59
 12  17 0.61
 12  18 0.47
 12  19 0.66
 12  20 0.46
 12  21 0.42
 12  22 0.57
 13   1 0.37
 13   2 0.42
 13   3 0.33
 13   4 0.41
 13   5 0.44
 13   6 0.43
 13   7 0.28
 13   8 0.44
 13   9 0.38
 13  10 0.51
 13  11 0.54
 13  12 0.67
 13  13 0.55
 13  14 0.44
 13  15 0.49
 13  16 0.64
 13  17 0.69
 13  18 0.37
 13  19 0.65
 13  20 0.33
 13  21 0.55
 13  22 0.37
 14   1 0.32
 14   2 0.42
 14   3 0.40
 14   4 0.63
 14   5 0.48
 14   6 0.61
 14   7 0.19
 14   8 0.65
 14   9 0.62
 14  10 0.64
 14  11 0.65
 14  12 0.55
 14  13 0.66
 14  14 0.51
 14  15 0.56
 14  16 0.66
 14  17 0.56
 14  18 0.53
 14  19 0.57
 14  20 0.60
 14  21 0.40
 14  22 0.45
 15   1 0.40
 15   2 0.45
 15   3 0.32
 15   4 0.34
 15   5 0.48
 15   6 0.41
 15   7 0.34
 15   8 0.40
 15   9 0.40
 15  10 0.46
 15  11 0.46
 15  12 0.63
 15  13 0.47
 15  14 0.45
 15  15 0.59
 15  16 0.56
 15  17 0.58
 15  18 0.28
 15  19 0.64
 15  20 0.30
 15  21 0.58
 15  22 0.33
 16   1 0.53
 16   2 0.53
 16   3 0.57
 16   4 0.42
 16   5 0.54
 16   6 0.46
 16   7 0.27
 16   8 0.53
 16   9 0.49
 16  10 0.46
 16  11 0.43
 16  12 0.52
 16  13 0.53
 16  14 0.40
 16  15 0.51
 16  16 0.54
 16  17 0.57
 16  18 0.51
 16  19 0.48
 16  20 0.41
 16  21 0.36
 16  22 0.43
 17   1 0.47
 17   2 0.45
 17   3 0.30
 17   4 0.34
 17   5 0.48
 17   6 0.41
 17   7 0.42
 17   8 0.42
 17   9 0.37
 17  10 0.40
 17  11 0.41
 17  12 0.60
 17  13 0.44
 17  14 0.41
 17  15 0.47
 17  16 0.54
 17  17 0.61
 17  18 0.39
 17  19 0.60
 17  20 0.28
 17  21 0.51
 17  22 0.41
 18   1 0.22
 18   2 0.29
 18   3 0.21
 18   4 0.40
 18   5 0.33
 18   6 0.52
 18   7 0.18
 18   8 0.45
 18   9 0.37
 18  10 0.56
 18  11 0.49
 18  12 0.52
 18  13 0.64
 18  14 0.53
 18  15 0.52
 18  16 0.64
 18  17 0.60
 18  18 0.32
 18  19 0.54
 18  20 0.33
 18  21 0.42
 18  22 0.25
 19   1 0.48
 19   2 0.54
 19   3 0.50
 19   4 0.43
 19   5 0.56
 19   6 0.49
 19   7 0.28
 19   8 0.56
 19   9 0.52
 19  10 0.50
 19  11 0.57
 19  12 0.65
 19  13 0.59
 19  14 0.44
 19  15 0.58
 19  16 0.58
 19  17 0.62
 19  18 0.51
 19  19 0.68
 19  20 0.50
 19  21 0.58
 19  22 0.47
 20   1 0.23
 20   2 0.38
 20   3 0.22
 20   4 0.51
 20   5 0.40
 20   6 0.61
 20   7 0.24
 20   8 0.52
 20   9 0.50
 20  10 0.48
 20  11 0.43
 20  12 0.48
 20  13 0.72
 20  14 0.43
 20  15 0.58
 20  16 0.54
 20  17 0.53
 20  18 0.44
 20  19 0.54
 20  20 0.45
 20  21 0.32
 20  22 0.37
 21   1 0.43
 21   2 0.49
 21   3 0.49
 21   4 0.51
 21   5 0.58
 21   6 0.50
 21   7 0.27
 21   8 0.70
 21   9 0.63
 21  10 0.48
 21  11 0.50
 21  12 0.55
 21  13 0.62
 21  14 0.40
 21  15 0.55
 21  16 0.56
 21  17 0.55
 21  18 0.51
 21  19 0.55
 21  20 0.50
 21  21 0.32
 21  22 0.51
 22   1 0.32
 22   2 0.49
 22   3 0.18
 22   4 0.49
 22   5 0.41
 22   6 0.45
 22   7 0.60
 22   8 0.43
 22   9 0.48
 22  10 0.23
 22  11 0.25
 22  12 0.41
 22  13 0.44
 22  14 0.23
 22  15 0.42
 22  16 0.33
 22  17 0.42
 22  18 0.54
 22  19 0.54
 22  20 0.52
 22  21 0.31
 22  22 0.65
  1   1 0.30
  1   2 0.37
  1   3 0.33
  1   4 0.39
  1   5 0.44
  1   6 0.55
  1   7 0.20
  1   8 0.45
  1   9 0.41
  1  10 0.53
  1  11 0.59
  1  12 0.54
  1  13 0.66
  1  14 0.57
  1  15 0.51
  1  16 0.60
  1  17 0.55
  1  18 0.41
  1  19 0.56
  1  20 0.43
  1  21 0.43
  1  22 0.32
  2   1 0.54
  2   2 0.55
  2   3 0.35
  2   4 0.40
  2   5 0.65
  2   6 0.38
  2   7 0.50
  2   8 0.52
  2   9 0.48
  2  10 0.28
  2  11 0.30
  2  12 0.52
  2  13 0.46
  2  14 0.29
  2  15 0.39
  2  16 0.39
  2  17 0.47
  2  18 0.36
  2  19 0.65
  2  20 0.32
  2  21 0.29
  2  22 0.49
  3   1 0.49
  3   2 0.51
  3   3 0.51
  3   4 0.50
  3   5 0.57
  3   6 0.44
  3   7 0.22
  3   8 0.55
  3   9 0.60
  3  10 0.39
  3  11 0.45
  3  12 0.51
  3  13 0.58
  3  14 0.33
  3  15 0.52
  3  16 0.41
  3  17 0.48
  3  18 0.57
  3  19 0.50
  3  20 0.52
  3  21 0.33
  3  22 0.48
  4   1 0.62
  4   2 0.68
  4   3 0.42
  4   4 0.37
  4   5 0.57
  4   6 0.40
  4   7 0.49
  4   8 0.60
  4   9 0.56
  4  10 0.33
  4  11 0.36
  4  12 0.52
  4  13 0.49
  4  14 0.21
  4  15 0.43
  4  16 0.37
  4  17 0.47
  4  18 0.47
  4  19 0.58
  4  20 0.43
  4  21 0.29
  4  22 0.67
  5   1 0.42
  5   2 0.53
  5   3 0.39
  5   4 0.62
  5   5 0.56
  5   6 0.56
  5   7 0.37
  5   8 0.67
  5   9 0.60
  5  10 0.43
  5  11 0.51
  5  12 0.62
  5  13 0.68
  5  14 0.46
  5  15 0.56
  5  16 0.59
  5  17 0.61
  5  18 0.47
  5  19 0.71
  5  20 0.60
  5  21 0.41
  5  22 0.55
  6   1 0.30
  6   2 0.42
  6   3 0.36
  6   4 0.50
  6   5 0.42
  6   6 0.57
  6   7 0.21
  6   8 0.59
  6   9 0.57
  6  10 0.43
  6  11 0.41
  6  12 0.42
  6  13 0.63
  6  14 0.33
  6  15 0.51
  6  16 0.45
  6  17 0.42
  6  18 0.45
  6  19 0.47
  6  20 0.50
  6  21 0.26
  6  22 0.40
  7   1 0.63
  7   2 0.57
  7   3 0.72
  7   4 0.34
  7   5 0.57
  7   6 0.45
  7   7 0.21
  7   8 0.53
  7   9 0.50
  7  10 0.48
  7  11 0.48
  7  12 0.51
  7  13 0.53
  7  14 0.27
  7  15 0.45
  7  16 0.43
  7  17 0.43
  7  18 0.47
  7  19 0.50
  7  20 0.50
  7  21 0.37
  7  22 0.45
  8   1 0.33
  8   2 0.47
  8   3 0.31
  8   4 0.51
  8   5 0.41
  8   6 0.55
  8   7 0.30
  8   8 0.50
  8   9 0.47
  8  10 0.57
  8  11 0.55
  8  12 0.53
  8  13 0.61
  8  14 0.46
  8  15 0.62
  8  16 0.57
  8  17 0.55
  8  18 0.47
  8  19 0.55
  8  20 0.53
  8  21 0.44
  8  22 0.46
  9   1 0.51
  9   2 0.54
  9   3 0.39
  9   4 0.42
  9   5 0.54
  9   6 0.44
  9   7 0.46
  9   8 0.49
  9   9 0.43
  9  10 0.42
  9  11 0.48
  9  12 0.63
  9  13 0.48
  9  14 0.49
  9  15 0.54
  9  16 0.61
  9  17 0.62
  9  18 0.40
  9  19 0.67
  9  20 0.39
  9  21 0.53
  9  22 0.48
 10   1 0.42
 10   2 0.50
 10   3 0.39
 10   4 0.49
 10   5 0.55
 10   6 0.47
 10   7 0.30
 10   8 0.52
 10   9 0.49
 10  10 0.61
 10  11 0.60
 10  12 0.68
 10  13 0.54
 10  14 0.46
 10  15 0.58
 10  16 0.63
 10  17 0.68
 10  18 0.38
 10  19 0.65
 10  20 0.38
 10  21 0.56
 10  22 0.42
 11   1 0.31
 11   2 0.37
 11   3 0.26
 11   4 0.33
 11   5 0.36
 11   6 0.46
 11   7 0.24
 11   8 0.38
 11   9 0.32
 11  10 0.50
 11  11 0.57
 11  12 0.53
 11  13 0.49
 11  14 0.61
 11  15 0.60
 11  16 0.65
 11  17 0.65
 11  18 0.25
 11  19 0.54
 11  20 0.30
 11  21 0.61
 11  22 0.28
 12   1 0.37
 12   2 0.49
 12   3 0.29
 12   4 0.55
 12   5 0.46
 12   6 0.52
 12   7 0.38
 12   8 0.61
 12   9 0.53
 12  10 0.45
 12  11 0.52
 12  12 0.63
 12  13 0.60
 12  14 0.44
 12  15 0.51
 12  16 0.59
 12  17 0.61
 12  18 0.47
 12  19 0.66
 12  20 0.46
 12  21 0.42
 12  22 0.57
 13   1 0.37
 13   2 0.42
 13   3 0.33
 13   4 0.41
 13   5 0.43
 13   6 0.43
 13   7 0.28
 13   8 0.44
 13   9 0.38
 13  10 0.51
 13  11 0.53
 13  12 0.67
 13  13 0.55
 13  14 0.44
 13  15 0.49
 13  16 0.64
 13  17 0.68
 13  18 0.37
 13  19 0.65
 13  20 0.33
 13  21 0.55
 13  22 0.36
 14   1 0.31
 14   2 0.42
 14   3 0.40
 14   4 0.63
 14   5 0.48
 14   6 0.61
 14   7 0.19
 14   8 0.65
 14   9 0.62
 14  10 0.63
 14  11 0.65
 14  12 0.54
 14  13 0.66
 14  14 0.51
 14  15 0.56
 14  16 0.66
 14  17 0.56
 14  18 0.52
 14  19 0.57
 14  20 0.60
 14  21 0.40
 14  22 0.45
 15   1 0.40
 15   2 0.45
 15   3 0.31
 15   4 0.34
 15   5 0.47
 15   6 0.40
 15   7 0.34
 15   8 0.40
 15   9 0.40
 15  10 0.45
 15  11 0.45
 15  12 0.62
 15  13 0.47
 15  14 0.44
 15  15 0.59
 15  16 0.56
 15  17 0.58
 15  18 0.27
 15  19 0.64
 15  20 0.29
 15  21 0.57
 15  22 0.32
 16   1 0.52
 16   2 0.52
 16   3 0.57
 16   4 0.42
 16   5 0.53
 16   6 0.45
 16   7 0.27
 16   8 0.53
 16   9 0.49
 16  10 0.45
 16  11 0.43
 16  12 0.51
 16  13 0.52
 16  14 0.39
 16  15 0.51
 16  16 0.53
 16  17 0.57
 16  18 0.51
 16  19 0.48
 16  20 0.41
 16  21 0.35
 16  22 0.43
 17   1 0.47
 17   2 0.44
 17   3 0.30
 17   4 0.34
 17   5 0.48
 17   6 0.40
 17   7 0.42
 17   8 0.41
 17   9 0.36
 17  10 0.39
 17  11 0.40
 17  12 0.60
 17  13 0.44
 17  14 0.41
 17  15 0.47
 17  16 0.53
 17  17 0.61
 17  18 0.38
 17  19 0.59
 17  20 0.28
 17  21 0.50
 17  22 0.41
 18   1 0.21
 18   2 0.29
 18   3 0.21
 18   4 0.40
 18   5 0.33
 18   6 0.52
 18   7 0.18
 18   8 0.44
 18   9 0.37
 18  10 0.56
 18  11 0.48
 18  12 0.52
 18  13 0.63
 18  14 0.52
 18  15 0.51
 18  16 0.64
 18  17 0.60
 18  18 0.32
 18  19 0.53
 18  20 0.33
 18  21 0.41
 18  22 0.25
 19   1 0.47
 19   2 0.54
 19   3 0.50
 19   4 0.43
 19   5 0.55
 19   6 0.49
 19   7 0.28
 19   8 0.55
 19   9 0.52
 19  10 0.50
 19  11 0.57
 19  12 0.65
 19  13 0.58
 19  14 0.44
 19  15 0.57
 19  16 0.58
 19  17 0.61
 19  18 0.50
 19  19 0.67
 19  20 0.50
 19  21 0.58
 19  22 0.46
 20   1 0.23
 20   2 0.38
 20   3 0.21
 20   4 0.51
 20   5 0.39
 20   6 0.61
 20   7 0.24
 20   8 0.52
 20   9 0.50
 20  10 0.47
 20  11 0.42
 20  12 0.48
 20  13 0.72
 20  14 0.42
 20  15 0.57
 20  16 0.54
 20  17 0.53
 20  18 0.43
 20  19 0.53
 20  20 0.45
 20  21 0.32
 20  22 0.36
 21   1 0.42
 21   2 0.48
 21   3 0.49
 21   4 0.51
 21   5 0.58
 21   6 0.49
 21   7 0.27
 21   8 0.70
 21   9 0.63
 21  10 0.48
 21  11 0.50
 21  12 0.55
 21  13 0.62
 21  14 0.40
 21  15 0.54
 21  16 0.55
 21  17 0.55
 21  18 0.51
 21  19 0.55
 21  20 0.50
 21  21 0.31
 21  22 0.51
 22   1 0.31
 22   2 0.49
 22   3 0.18
 22   4 0.49
 22   5 0.41
 22   6 0.44
 22   7 0.60
 22   8 0.43
 22   9 0.48
 22  10 0.23
 22  11 0.25
 22  12 0.40
 22  13 0.44
 22  14 0.23
 22  15 0.42
 22  16 0.32
 22  17 0.41
 22  18 0.54
 22  19 0.54
 22  20 0.52
 22  21 0.30
 22  22 0.65
  1   1 0.30
  1   2 0.37
  1   3 0.33
  1   4 0.39
  1   5 0.44
  1   6 0.55
  1   7 0.20
  1   8 0.45
  1   9 0.41
  1  10 0.53
  1  11 0.59
  1  12 0.54
  1  13 0.66
  1  14 0.57
  1  15 0.51
  1  16 0.60
  1  17 0.55
  1  18 0.41
  1  19 0.56
  1  20 0.43
  1  21 0.43
  1  22 0.32
  2   1 0.54
  2   2 0.55
  2   3 0.35
  2   4 0.40
  2   5 0.65
  2   6 0.38
  2   7 0.50
  2   8 0.52
  2   9 0.48
  2  10 0.28
  2  11 0.30
  2  12 0.52
  2  13 0.46
  2  14 0.29
  2  15 0.39
  2  16 0.39
  2  17 0.47
  2  18 0.36
  2  19 0.65
  2  20 0.32
  2  21 0.29
  2  22 0.49
  3   1 0.49
  3   2 0.51
  3   3 0.51
  3   4 0.50
  3   5 0.57
  3   6 0.44
  3   7 0.22
  3   8 0.55
  3   9 0.60
  3  10 0.39
  3  11 0.45
  3  12 0.51
  3  13 0.58
  3  14 0.33
  3  15 0.52
  3  16 0.41
  3  17 0.48
  3  18 0.57
  3  19 0.50
  3  20 0.52
  3  21 0.33
  3  22 0.48
  4   1 0.62
  4   2 0.68
  4   3 0.42
  4   4 0.37
  4   5 0.57
  4   6 0.40
  4   7 0.49
  4   8 0.60
  4   9 0.56
  4  10 0.33
  4  11 0.36
  4  12 0.52
  4  13 0.49
  4  14 0.21
  4  15 0.43
  4  16 0.37
  4  17 0.47
  4  18 0.47
  4  19 0.58
  4  20 0.43
  4  21 0.29
  4  22 0.67
  5   1 0.42
  5   2 0.53
  5   3 0.39
  5   4 0.62
  5   5 0.56
  5   6 0.56
  5   7 0.37
  5   8 0.67
  5   9 0.60
  5  10 0.43
  5  11 0.51
  5  12 0.62
  5  13 0.68
  5  14 0.46
  5  15 0.56
  5  16 0.59
  5  17 0.61
  5  18 0.47
  5  19 0.71
  5  20 0.60
  5  21 0.41
  5  22 0.55
  6   1 0.30
  6   2 0.42
  6   3 0.36
  6   4 0.50
  6   5 0.42
  6   6 0.57
  6   7 0.21
  6   8 0.59
  6   9 0.57
  6  10 0.43
  6  11 0.41
  6  12 0.42
  6  13 0.63
  6  14 0.33
  6  15 0.51
  6  16 0.45
  6  17 0.42
  6  18 0.45
  6  19 0.47
  6  20 0.50
  6  21 0.26
  6  22 0.40
  7   1 0.63
  7   2 0.57
  7   3 0.72
  7   4 0.34
  7   5 0.57
  7   6 0.45
  7   7 0.21
  7   8 0.53
  7   9 0.50
  7  10 0.48
  7  11 0.48
  7  12 0.51
  7  13 0.53
  7  14 0.27
  7  15 0.45
  7  16 0.43
  7  17 0.43
  7  18 0.47
  7  19 0.50
  7  20 0.50
  7  21 0.37
  7  22 0.45
  8   1 0.33
  8   2 0.47
  8   3 0.31
  8   4 0.51
  8   5 0.41
  8   6 0.55
  8   7 0.30
  8   8 0.50
  8   9 0.47
  8  10 0.57
  8  11 0.55
  8  12 0.53
  8  13 0.61
  8  14 0.46
  8  15 0.62
  8  16 0.57
  8  17 0.55
  8  18 0.47
  8  19 0.55
  8  20 0.53
  8  21 0.44
  8  22 0.46
  9   1 0.51
  9   2 0.54
  9   3 0.39
  9   4 0.42
  9   5 0.54
  9   6 0.44
  9   7 0.46
  9   8 0.49
  9   9 0.43
  9  10 0.42
  9  11 0.48
  9  12 0.63
  9  13 0.48
  9  14 0.49
  9  15 0.54
  9  16 0.61
  9  17 0.62
  9  18 0.40
  9  19 0.67
  9  20 0.39
  9  21 0.53
  9  22 0.48
 10   1 0.42
 10   2 0.50
 10   3 0.39
 10   4 0.49
 10   5 0.55
 10   6 0.47
 10   7 0.30
 10   8 0.52
 10   9 0.49
 10  10 0.61
 10  11 0.60
 10  12 0.68
 10  13 0.54
 10  14 0.46
 10  15 0.58
 10  16 0.63
 10  17 0.68
 10  18 0.38
 10  19 0.65
 10  20 0.38
 10  21 0.56
 10  22 0.42
 11   1 0.31
 11   2 0.37
 11   3 0.26
 11   4 0.33
 11   5 0.36
 11   6 0.46
 11   7 0.24
 11   8 0.38
 11   9 0.32
 11  10 0.50
 11  11 0.57
 11  12 0.53
 11  13 0.49
 11  14 0.61
 11  15 0.60
 11  16 0.65
 11  17 0.65
 11  18 0.25
 11  19 0.54
 11  20 0.30
 11  21 0.61
 11  22 0.28
 12   1 0.37
 12   2 0.49
 12   3 0.29
 12   4 0.55
 12   5 0.46
 12   6 0.52
 12   7 0.38
 12   8 0.61
 12   9 0.53
 12  10 0.45
 12  11 0.52
 12  12 0.63
 12  13 0.60
 12  14 0.44
 12  15 0.51
 12  16 0.59
 12  17 0.61
 12  18 0.47
 12  19 0.66
 12  20 0.46
 12  21 0.42
 12  22 0.57
 13   1 0.37
 13   2 0.42
 13   3 0.33
 13   4 0.41
 13   5 0.43
 13   6 0.43
 13   7 0.28
 13   8 0.44
 13   9 0.38
 13  10 0.51
 13  11 0.53
 13  12 0.67
 13  13 0.55
 13  14 0.44
 13  15 0.49
 13  16 0.64
 13  17 0.68
 13  18 0.37
 13  19 0.65
 13  20 0.33
 13  21 0.55
 13  22 0.36
 14   1 0.31
 14   2 0.42
 14   3 0.40
 14   4 0.63
 14   5 0.48
 14   6 0.61
 14   7 0.19
 14   8 0.65
 14   9 0.62
 14  10 0.63
 14  11 0.65
 14  12 0.54
 14  13 0.66
 14  14 0.51
 14  15 0.56
 14  16 0.66
 14  17 0.56
 14  18 0.52
 14  19 0.57
 14  20 0.60
 14  21 0.40
 14  22 0.45
 15   1 0.40
 15   2 0.45
 15   3 0.31
 15   4 0.34
 15   5 0.47
 15   6 0.40
 15   7 0.34
 15   8 0.40
 15   9 0.40
 15  10 0.45
 15  11 0.45
 15  12 0.62
 15  13 0.47
 15  14 0.44
 15  15 0.59
 15  16 0.56
 15  17 0.58
 15  18 0.27
 15  19 0.64
 15  20 0.29
 15  21 0.57
 15  22 0.32
 16   1 0.52
 16   2 0.52
 16   3 0.57
 16   4 0.42
 16   5 0.53
 16   6 0.45
 16   7 0.27
 16   8 0.53
 16   9 0.49
 16  10 0.45
 16  11 0.43
 16  12 0.51
 16  13 0.52
 16  14 0.39
 16  15 0.51
 16  16 0.53
 16  17 0.57
 16  18 0.51
 16  19 0.48
 16  20 0.41
 16  21 0.35
 16  22 0.43
 17   1 0.47
 17   2 0.44
 17   3 0.30
 17   4 0.34
 17   5 0.48
 17   6 0.40
 17   7 0.42
 17   8 0.41
 17   9 0.36
 17  10 0.39
 17  11 0.40
 17  12 0.60
 17  13 0.44
 17  14 0.41
 17  15 0.47
 17  16 0.53
 17  17 0.61
 17  18 0.38
 17  19 0.59
 17  20 0.28
 17  21 0.50
 17  22 0.41
 18   1 0.21
 18   2 0.29
 18   3 0.21
 18   4 0.40
 18   5 0.33
 18   6 0.52
 18   7 0.18
 18   8 0.44
 18   9 0.37
 18  10 0.56
 18  11 0.48
 18  12 0.52
 18  13 0.63
 18  14 0.52
 18  15 0.51
 18  16 0.64
 18  17 0.60
 18  18 0.32
 18  19 0.53
 18  20 0.33
 18  21 0.41
 18  22 0.25
 19   1 0.47
 19   2 0.54
 19   3 0.50
 19   4 0.43
 19   5 0.55
 19   6 0.49
 19   7 0.28
 19   8 0.55
 19   9 0.52
 19  10 0.50
 19  11 0.57
 19  12 0.65
 19  13 0.58
 19  14 0.44
 19  15 0.57
 19  16 0.58
 19  17 0.61
 19  18 0.50
 19  19 0.67
 19  20 0.50
 19  21 0.58
 19  22 0.46
 20   1 0.23
 20   2 0.38
 20   3 0.21
 20   4 0.51
 20   5 0.39
 20   6 0.61
 20   7 0.24
 20   8 0.52
 20   9 0.50
 20  10 0.47
 20  11 0.42
 20  12 0.48
 20  13 0.72
 20  14 0.42
 20  15 0.57
 20  16 0.54
 20  17 0.53
 20  18 0.43
 20  19 0.53
 20  20 0.45
 20  21 0.32
 20  22 0.36
 21   1 0.42
 21   2 0.48
 21   3 0.49
 21   4 0.51
 21   5 0.58
 21   6 0.49
 21   7 0.27
 21   8 0.70
 21   9 0.63
 21  10 0.48
 21  11 0.50
 21  12 0.55
 21  13 0.62
 21  14 0.40
 21  15 0.54
 21  16 0.55
 21  17 0.55
 21  18 0.51
 21  19 0.55
 21  20 0.50
 21  21 0.31
 21  22 0.51
 22   1 0.31
 22   2 0.49
 22   3 0.18
 22   4 0.49
 22   5 0.41
 22   6 0.44
 22   7 0.60
 22   8 0.43
 22   9 0.48
 22  10 0.23
 22  11 0.25
 22  12 0.40
 22  13 0.44
 22  14 0.23
 22  15 0.42
 22  16 0.32
 22  17 0.41
 22  18 0.54
 22  19 0.54
 22  20 0.52
 22  21 0.30
 22  22 0.65
