  1   1 0.30
  1   2 0.19
  1   3 0.15
  1   4 0.58
  1   5 0.10
  1   6 0.30
  1   7 0.34
  1   8 0.28
  1   9 0.25
  1  10 0.28
  1  11 0.32
  1  12 0.56
  1  13 0.50
  1  14 0.09
  1  15 0.16
  1  16 0.47
  1  17 0.38
  1  18 0.53
  1  19 0.30
  1  20 0.53
  1  21 0.22
  1  22 0.41
  2   1 0.48
  2   2 0.42
  2   3 0.35
  2   4 0.28
  2   5 0.21
  2   6 0.50
  2   7 0.51
  2   8 0.49
  2   9 0.47
  2  10 0.65
  2  11 0.55
  2  12 0.61
  2  13 0.60
  2  14 0.12
  2  15 0.31
  2  16 0.48
  2  17 0.54
  2  18 0.57
  2  19 0.57
  2  20 0.43
  2  21 0.49
  2  22 0.61
  3   1 0.54
  3   2 0.35
  3   3 0.31
  3   4 0.37
  3   5 0.23
  3   6 0.49
  3   7 0.57
  3   8 0.45
  3   9 0.48
  3  10 0.61
  3  11 0.65
  3  12 0.74
  3  13 0.63
  3  14 0.20
  3  15 0.32
  3  16 0.54
  3  17 0.60
  3  18 0.68
  3  19 0.46
  3  20 0.44
  3  21 0.46
  3  22 0.66
  4   1 0.25
  4   2 0.31
  4   3 0.31
  4   4 0.22
  4   5 0.27
  4   6 0.30
  4   7 0.43
  4   8 0.35
  4   9 0.24
  4  10 0.49
  4  11 0.37
  4  12 0.51
  4  13 0.31
  4  14 0.36
  4  15 0.21
  4  16 0.39
  4  17 0.69
  4  18 0.49
  4  19 0.35
  4  20 0.32
  4  21 0.54
  4  22 0.36
  5   1 0.50
  5   2 0.39
  5   3 0.25
  5   4 0.40
  5   5 0.19
  5   6 0.64
  5   7 0.53
  5   8 0.52
  5   9 0.41
  5  10 0.57
  5  11 0.55
  5  12 0.59
  5  13 0.64
  5  14 0.21
  5  15 0.40
  5  16 0.63
  5  17 0.54
  5  18 0.62
  5  19 0.61
  5  20 0.44
  5  21 0.50
  5  22 0.63
  6   1 0.15
  6   2 0.14
  6   3 0.10
  6   4 0.33
  6   5 0.10
  6   6 0.16
  6   7 0.25
  6   8 0.19
  6   9 0.10
  6  10 0.21
  6  11 0.25
  6  12 0.37
  6  13 0.25
  6  14 0.11
  6  15 0.10
  6  16 0.25
  6  17 0.35
  6  18 0.29
  6  19 0.16
  6  20 0.27
  6  21 0.19
  6  22 0.19
  7   1 0.38
  7   2 0.43
  7   3 0.28
  7   4 0.29
  7   5 0.20
  7   6 0.51
  7   7 0.45
  7   8 0.45
  7   9 0.36
  7  10 0.52
  7  11 0.39
  7  12 0.68
  7  13 0.58
  7  14 0.18
  7  15 0.28
  7  16 0.68
  7  17 0.62
  7  18 0.64
  7  19 0.59
  7  20 0.43
  7  21 0.44
  7  22 0.62
  8   1 0.47
  8   2 0.43
  8   3 0.38
  8   4 0.36
  8   5 0.25
  8   6 0.42
  8   7 0.56
  8   8 0.46
  8   9 0.53
  8  10 0.67
  8  11 0.58
  8  12 0.65
  8  13 0.39
  8  14 0.19
  8  15 0.31
  8  16 0.51
  8  17 0.56
  8  18 0.59
  8  19 0.47
  8  20 0.44
  8  21 0.49
  8  22 0.52
  9   1 0.41
  9   2 0.32
  9   3 0.36
  9   4 0.40
  9   5 0.18
  9   6 0.29
  9   7 0.46
  9   8 0.31
  9   9 0.45
  9  10 0.52
  9  11 0.54
  9  12 0.59
  9  13 0.41
  9  14 0.25
  9  15 0.29
  9  16 0.46
  9  17 0.48
  9  18 0.50
  9  19 0.30
  9  20 0.35
  9  21 0.38
  9  22 0.43
 10   1 0.56
 10   2 0.56
 10   3 0.73
 10   4 0.23
 10   5 0.35
 10   6 0.31
 10   7 0.49
 10   8 0.40
 10   9 0.75
 10  10 0.55
 10  11 0.49
 10  12 0.47
 10  13 0.26
 10  14 0.34
 10  15 0.45
 10  16 0.40
 10  17 0.35
 10  18 0.46
 10  19 0.39
 10  20 0.27
 10  21 0.52
 10  22 0.42
 11   1 0.27
 11   2 0.37
 11   3 0.44
 11   4 0.13
 11   5 0.27
 11   6 0.25
 11   7 0.44
 11   8 0.30
 11   9 0.26
 11  10 0.40
 11  11 0.31
 11  12 0.41
 11  13 0.21
 11  14 0.31
 11  15 0.26
 11  16 0.41
 11  17 0.46
 11  18 0.46
 11  19 0.30
 11  20 0.28
 11  21 0.48
 11  22 0.31
 12   1 0.45
 12   2 0.46
 12   3 0.33
 12   4 0.25
 12   5 0.22
 12   6 0.49
 12   7 0.46
 12   8 0.50
 12   9 0.42
 12  10 0.66
 12  11 0.48
 12  12 0.74
 12  13 0.63
 12  14 0.16
 12  15 0.29
 12  16 0.55
 12  17 0.64
 12  18 0.61
 12  19 0.54
 12  20 0.45
 12  21 0.44
 12  22 0.66
 13   1 0.37
 13   2 0.41
 13   3 0.31
 13   4 0.24
 13   5 0.19
 13   6 0.31
 13   7 0.39
 13   8 0.28
 13   9 0.37
 13  10 0.51
 13  11 0.43
 13  12 0.53
 13  13 0.31
 13  14 0.18
 13  15 0.26
 13  16 0.72
 13  17 0.47
 13  18 0.61
 13  19 0.38
 13  20 0.37
 13  21 0.38
 13  22 0.48
 14   1 0.59
 14   2 0.60
 14   3 0.57
 14   4 0.26
 14   5 0.27
 14   6 0.30
 14   7 0.45
 14   8 0.39
 14   9 0.64
 14  10 0.58
 14  11 0.54
 14  12 0.60
 14  13 0.36
 14  14 0.34
 14  15 0.50
 14  16 0.38
 14  17 0.44
 14  18 0.55
 14  19 0.37
 14  20 0.32
 14  21 0.50
 14  22 0.51
 15   1 0.57
 15   2 0.57
 15   3 0.61
 15   4 0.21
 15   5 0.27
 15   6 0.35
 15   7 0.48
 15   8 0.50
 15   9 0.56
 15  10 0.76
 15  11 0.60
 15  12 0.50
 15  13 0.33
 15  14 0.21
 15  15 0.43
 15  16 0.33
 15  17 0.46
 15  18 0.42
 15  19 0.49
 15  20 0.32
 15  21 0.67
 15  22 0.45
 16   1 0.34
 16   2 0.31
 16   3 0.18
 16   4 0.33
 16   5 0.15
 16   6 0.43
 16   7 0.41
 16   8 0.39
 16   9 0.34
 16  10 0.46
 16  11 0.46
 16  12 0.59
 16  13 0.71
 16  14 0.15
 16  15 0.22
 16  16 0.60
 16  17 0.51
 16  18 0.65
 16  19 0.49
 16  20 0.50
 16  21 0.30
 16  22 0.58
 17   1 0.44
 17   2 0.43
 17   3 0.34
 17   4 0.28
 17   5 0.22
 17   6 0.59
 17   7 0.44
 17   8 0.50
 17   9 0.42
 17  10 0.68
 17  11 0.50
 17  12 0.67
 17  13 0.65
 17  14 0.17
 17  15 0.34
 17  16 0.52
 17  17 0.59
 17  18 0.57
 17  19 0.61
 17  20 0.40
 17  21 0.47
 17  22 0.65
 18   1 0.09
 18   2 0.13
 18   3 0.09
 18   4 0.43
 18   5 0.07
 18   6 0.12
 18   7 0.18
 18   8 0.14
 18   9 0.12
 18  10 0.19
 18  11 0.16
 18  12 0.45
 18  13 0.25
 18  14 0.08
 18  15 0.06
 18  16 0.42
 18  17 0.28
 18  18 0.35
 18  19 0.14
 18  20 0.37
 18  21 0.13
 18  22 0.24
 19   1 0.45
 19   2 0.41
 19   3 0.35
 19   4 0.39
 19   5 0.30
 19   6 0.41
 19   7 0.52
 19   8 0.38
 19   9 0.46
 19  10 0.56
 19  11 0.49
 19  12 0.72
 19  13 0.46
 19  14 0.30
 19  15 0.32
 19  16 0.66
 19  17 0.61
 19  18 0.73
 19  19 0.45
 19  20 0.39
 19  21 0.52
 19  22 0.54
 20   1 0.36
 20   2 0.44
 20   3 0.66
 20   4 0.29
 20   5 0.44
 20   6 0.22
 20   7 0.40
 20   8 0.29
 20   9 0.62
 20  10 0.40
 20  11 0.42
 20  12 0.48
 20  13 0.29
 20  14 0.49
 20  15 0.44
 20  16 0.23
 20  17 0.42
 20  18 0.39
 20  19 0.22
 20  20 0.21
 20  21 0.45
 20  22 0.30
 21   1 0.19
 21   2 0.21
 21   3 0.22
 21   4 0.15
 21   5 0.15
 21   6 0.18
 21   7 0.12
 21   8 0.15
 21   9 0.20
 21  10 0.16
 21  11 0.13
 21  12 0.13
 21  13 0.10
 21  14 0.17
 21  15 0.24
 21  16 0.12
 21  17 0.13
 21  18 0.13
 21  19 0.18
 21  20 0.09
 21  21 0.20
 21  22 0.10
 22   1 0.29
 22   2 0.26
 22   3 0.22
 22   4 0.34
 22   5 0.21
 22   6 0.37
 22   7 0.47
 22   8 0.47
 22   9 0.32
 22  10 0.55
 22  11 0.54
 22  12 0.72
 22  13 0.77
 22  14 0.15
 22  15 0.18
 22  16 0.52
 22  17 0.68
 22  18 0.59
 22  19 0.44
 22  20 0.49
 22  21 0.37
 22  22 0.56
  1   1 0.30
  1   2 0.19
  1   3 0.15
  1   4 0.58
  1   5 0.10
  1   6 0.30
  1   7 0.34
  1   8 0.28
  1   9 0.25
  1  10 0.28
  1  11 0.31
  1  12 0.56
  1  13 0.50
  1  14 0.09
  1  15 0.16
  1  16 0.47
  1  17 0.38
  1  18 0.53
  1  19 0.30
  1  20 0.53
  1  21 0.22
  1  22 0.41
  2   1 0.48
  2   2 0.42
  2   3 0.35
  2   4 0.28
  2   5 0.21
  2   6 0.50
  2   7 0.51
  2   8 0.49
  2   9 0.47
  2  10 0.65
  2  11 0.55
  2  12 0.61
  2  13 0.60
  2  14 0.12
  2  15 0.31
  2  16 0.48
  2  17 0.54
  2  18 0.57
  2  19 0.57
  2  20 0.43
  2  21 0.49
  2  22 0.61
  3   1 0.54
  3   2 0.35
  3   3 0.31
  3   4 0.37
  3   5 0.23
  3   6 0.49
  3   7 0.57
  3   8 0.45
  3   9 0.48
  3  10 0.61
  3  11 0.65
  3  12 0.74
  3  13 0.63
  3  14 0.20
  3  15 0.32
  3  16 0.53
  3  17 0.60
  3  18 0.68
  3  19 0.46
  3  20 0.44
  3  21 0.46
  3  22 0.66
  4   1 0.25
  4   2 0.31
  4   3 0.31
  4   4 0.22
  4   5 0.27
  4   6 0.30
  4   7 0.43
  4   8 0.35
  4   9 0.24
  4  10 0.49
  4  11 0.37
  4  12 0.51
  4  13 0.31
  4  14 0.36
  4  15 0.21
  4  16 0.39
  4  17 0.69
  4  18 0.49
  4  19 0.35
  4  20 0.32
  4  21 0.54
  4  22 0.36
  5   1 0.49
  5   2 0.39
  5   3 0.25
  5   4 0.40
  5   5 0.19
  5   6 0.64
  5   7 0.53
  5   8 0.52
  5   9 0.41
  5  10 0.56
  5  11 0.54
  5  12 0.59
  5  13 0.64
  5  14 0.21
  5  15 0.40
  5  16 0.63
  5  17 0.54
  5  18 0.62
  5  19 0.61
  5  20 0.44
  5  21 0.50
  5  22 0.63
  6   1 0.15
  6   2 0.14
  6   3 0.10
  6   4 0.33
  6   5 0.10
  6   6 0.16
  6   7 0.25
  6   8 0.19
  6   9 0.10
  6  10 0.21
  6  11 0.25
  6  12 0.37
  6  13 0.25
  6  14 0.11
  6  15 0.10
  6  16 0.25
  6  17 0.35
  6  18 0.29
  6  19 0.16
  6  20 0.27
  6  21 0.18
  6  22 0.19
  7   1 0.38
  7   2 0.43
  7   3 0.28
  7   4 0.29
  7   5 0.20
  7   6 0.51
  7   7 0.45
  7   8 0.45
  7   9 0.36
  7  10 0.52
  7  11 0.39
  7  12 0.68
  7  13 0.58
  7  14 0.17
  7  15 0.28
  7  16 0.68
  7  17 0.62
  7  18 0.64
  7  19 0.59
  7  20 0.43
  7  21 0.44
  7  22 0.62
  8   1 0.47
  8   2 0.43
  8   3 0.38
  8   4 0.36
  8   5 0.25
  8   6 0.42
  8   7 0.55
  8   8 0.45
  8   9 0.53
  8  10 0.67
  8  11 0.58
  8  12 0.65
  8  13 0.39
  8  14 0.19
  8  15 0.31
  8  16 0.51
  8  17 0.56
  8  18 0.59
  8  19 0.47
  8  20 0.44
  8  21 0.49
  8  22 0.52
  9   1 0.41
  9   2 0.32
  9   3 0.36
  9   4 0.40
  9   5 0.18
  9   6 0.29
  9   7 0.46
  9   8 0.31
  9   9 0.45
  9  10 0.52
  9  11 0.54
  9  12 0.59
  9  13 0.41
  9  14 0.25
  9  15 0.29
  9  16 0.46
  9  17 0.48
  9  18 0.50
  9  19 0.30
  9  20 0.35
  9  21 0.38
  9  22 0.43
 10   1 0.56
 10   2 0.56
 10   3 0.73
 10   4 0.23
 10   5 0.35
 10   6 0.31
 10   7 0.49
 10   8 0.40
 10   9 0.75
 10  10 0.55
 10  11 0.49
 10  12 0.47
 10  13 0.26
 10  14 0.34
 10  15 0.45
 10  16 0.40
 10  17 0.35
 10  18 0.46
 10  19 0.39
 10  20 0.27
 10  21 0.52
 10  22 0.42
 11   1 0.27
 11   2 0.37
 11   3 0.44
 11   4 0.13
 11   5 0.27
 11   6 0.25
 11   7 0.44
 11   8 0.30
 11   9 0.26
 11  10 0.40
 11  11 0.31
 11  12 0.41
 11  13 0.21
 11  14 0.31
 11  15 0.26
 11  16 0.41
 11  17 0.46
 11  18 0.46
 11  19 0.30
 11  20 0.28
 11  21 0.48
 11  22 0.31
 12   1 0.45
 12   2 0.46
 12   3 0.33
 12   4 0.25
 12   5 0.22
 12   6 0.49
 12   7 0.46
 12   8 0.50
 12   9 0.42
 12  10 0.66
 12  11 0.48
 12  12 0.74
 12  13 0.63
 12  14 0.16
 12  15 0.29
 12  16 0.55
 12  17 0.64
 12  18 0.61
 12  19 0.54
 12  20 0.45
 12  21 0.44
 12  22 0.66
 13   1 0.37
 13   2 0.41
 13   3 0.31
 13   4 0.24
 13   5 0.19
 13   6 0.31
 13   7 0.39
 13   8 0.27
 13   9 0.37
 13  10 0.51
 13  11 0.43
 13  12 0.52
 13  13 0.31
 13  14 0.18
 13  15 0.26
 13  16 0.72
 13  17 0.47
 13  18 0.61
 13  19 0.38
 13  20 0.37
 13  21 0.38
 13  22 0.48
 14   1 0.59
 14   2 0.60
 14   3 0.57
 14   4 0.26
 14   5 0.27
 14   6 0.30
 14   7 0.45
 14   8 0.39
 14   9 0.64
 14  10 0.58
 14  11 0.54
 14  12 0.60
 14  13 0.36
 14  14 0.34
 14  15 0.50
 14  16 0.38
 14  17 0.44
 14  18 0.55
 14  19 0.37
 14  20 0.32
 14  21 0.50
 14  22 0.51
 15   1 0.57
 15   2 0.57
 15   3 0.61
 15   4 0.21
 15   5 0.27
 15   6 0.35
 15   7 0.48
 15   8 0.50
 15   9 0.56
 15  10 0.76
 15  11 0.60
 15  12 0.50
 15  13 0.33
 15  14 0.20
 15  15 0.43
 15  16 0.33
 15  17 0.46
 15  18 0.42
 15  19 0.49
 15  20 0.32
 15  21 0.67
 15  22 0.45
 16   1 0.34
 16   2 0.31
 16   3 0.18
 16   4 0.33
 16   5 0.15
 16   6 0.43
 16   7 0.41
 16   8 0.39
 16   9 0.34
 16  10 0.46
 16  11 0.46
 16  12 0.59
 16  13 0.71
 16  14 0.15
 16  15 0.22
 16  16 0.60
 16  17 0.51
 16  18 0.65
 16  19 0.49
 16  20 0.50
 16  21 0.30
 16  22 0.58
 17   1 0.44
 17   2 0.43
 17   3 0.34
 17   4 0.28
 17   5 0.22
 17   6 0.59
 17   7 0.44
 17   8 0.50
 17   9 0.42
 17  10 0.68
 17  11 0.50
 17  12 0.67
 17  13 0.65
 17  14 0.17
 17  15 0.34
 17  16 0.52
 17  17 0.59
 17  18 0.57
 17  19 0.61
 17  20 0.40
 17  21 0.47
 17  22 0.65
 18   1 0.09
 18   2 0.13
 18   3 0.09
 18   4 0.43
 18   5 0.07
 18   6 0.12
 18   7 0.18
 18   8 0.14
 18   9 0.12
 18  10 0.19
 18  11 0.16
 18  12 0.45
 18  13 0.25
 18  14 0.08
 18  15 0.06
 18  16 0.42
 18  17 0.28
 18  18 0.35
 18  19 0.14
 18  20 0.37
 18  21 0.13
 18  22 0.24
 19   1 0.45
 19   2 0.41
 19   3 0.35
 19   4 0.39
 19   5 0.30
 19   6 0.41
 19   7 0.51
 19   8 0.38
 19   9 0.46
 19  10 0.56
 19  11 0.49
 19  12 0.72
 19  13 0.46
 19  14 0.30
 19  15 0.32
 19  16 0.66
 19  17 0.61
 19  18 0.73
 19  19 0.45
 19  20 0.39
 19  21 0.52
 19  22 0.54
 20   1 0.36
 20   2 0.44
 20   3 0.66
 20   4 0.29
 20   5 0.44
 20   6 0.22
 20   7 0.40
 20   8 0.29
 20   9 0.62
 20  10 0.40
 20  11 0.42
 20  12 0.48
 20  13 0.29
 20  14 0.49
 20  15 0.44
 20  16 0.23
 20  17 0.42
 20  18 0.39
 20  19 0.22
 20  20 0.21
 20  21 0.45
 20  22 0.30
 21   1 0.19
 21   2 0.21
 21   3 0.22
 21   4 0.15
 21   5 0.15
 21   6 0.18
 21   7 0.12
 21   8 0.15
 21   9 0.20
 21  10 0.16
 21  11 0.13
 21  12 0.13
 21  13 0.10
 21  14 0.17
 21  15 0.24
 21  16 0.12
 21  17 0.13
 21  18 0.13
 21  19 0.17
 21  20 0.09
 21  21 0.20
 21  22 0.10
 22   1 0.29
 22   2 0.26
 22   3 0.22
 22   4 0.34
 22   5 0.21
 22   6 0.37
 22   7 0.47
 22   8 0.47
 22   9 0.32
 22  10 0.55
 22  11 0.54
 22  12 0.72
 22  13 0.77
 22  14 0.15
 22  15 0.18
 22  16 0.52
 22  17 0.68
 22  18 0.59
 22  19 0.44
 22  20 0.49
 22  21 0.37
 22  22 0.56
