  1   1 1.00
  1   2 0.54
  1   3 0.58
  1   4 0.53
  1   5 0.57
  1   6 0.51
  1   7 0.62
  1   8 0.56
  1   9 0.64
  1  10 0.57
  1  11 0.56
  1  12 0.60
  1  13 0.53
  1  14 0.59
  1  15 0.43
  1  16 0.55
  1  17 0.56
  1  18 0.55
  1  19 0.54
  1  20 0.61
  1  21 0.57
  1  22 0.53
  2   1 0.54
  2   2 1.00
  2   3 0.65
  2   4 0.44
  2   5 0.62
  2   6 0.68
  2   7 0.67
  2   8 0.71
  2   9 0.71
  2  10 0.67
  2  11 0.61
  2  12 0.63
  2  13 0.65
  2  14 0.71
  2  15 0.62
  2  16 0.60
  2  17 0.63
  2  18 0.67
  2  19 0.64
  2  20 0.59
  2  21 0.66
  2  22 0.61
  3   1 0.58
  3   2 0.65
  3   3 1.00
  3   4 0.47
  3   5 0.72
  3   6 0.62
  3   7 0.68
  3   8 0.68
  3   9 0.71
  3  10 0.72
  3  11 0.65
  3  12 0.61
  3  13 0.56
  3  14 0.75
  3  15 0.58
  3  16 0.65
  3  17 0.65
  3  18 0.69
  3  19 0.67
  3  20 0.64
  3  21 0.60
  3  22 0.61
  4   1 0.53
  4   2 0.44
  4   3 0.47
  4   4 1.00
  4   5 0.50
  4   6 0.55
  4   7 0.54
  4   8 0.51
  4   9 0.52
  4  10 0.49
  4  11 0.54
  4  12 0.54
  4  13 0.52
  4  14 0.53
  4  15 0.38
  4  16 0.47
  4  17 0.49
  4  18 0.45
  4  19 0.48
  4  20 0.54
  4  21 0.54
  4  22 0.45
  5   1 0.57
  5   2 0.62
  5   3 0.72
  5   4 0.50
  5   5 1.00
  5   6 0.63
  5   7 0.64
  5   8 0.62
  5   9 0.73
  5  10 0.64
  5  11 0.65
  5  12 0.54
  5  13 0.54
  5  14 0.74
  5  15 0.50
  5  16 0.74
  5  17 0.67
  5  18 0.70
  5  19 0.62
  5  20 0.71
  5  21 0.63
  5  22 0.65
  6   1 0.51
  6   2 0.68
  6   3 0.62
  6   4 0.55
  6   5 0.63
  6   6 1.00
  6   7 0.61
  6   8 0.64
  6   9 0.67
  6  10 0.62
  6  11 0.63
  6  12 0.59
  6  13 0.64
  6  14 0.63
  6  15 0.49
  6  16 0.64
  6  17 0.60
  6  18 0.68
  6  19 0.54
  6  20 0.56
  6  21 0.62
  6  22 0.55
  7   1 0.62
  7   2 0.67
  7   3 0.68
  7   4 0.54
  7   5 0.64
  7   6 0.61
  7   7 1.00
  7   8 0.72
  7   9 0.67
  7  10 0.66
  7  11 0.72
  7  12 0.74
  7  13 0.70
  7  14 0.66
  7  15 0.62
  7  16 0.61
  7  17 0.69
  7  18 0.68
  7  19 0.65
  7  20 0.63
  7  21 0.69
  7  22 0.59
  8   1 0.56
  8   2 0.71
  8   3 0.68
  8   4 0.51
  8   5 0.62
  8   6 0.64
  8   7 0.72
  8   8 1.00
  8   9 0.74
  8  10 0.73
  8  11 0.75
  8  12 0.77
  8  13 0.74
  8  14 0.68
  8  15 0.73
  8  16 0.69
  8  17 0.81
  8  18 0.67
  8  19 0.75
  8  20 0.61
  8  21 0.73
  8  22 0.62
  9   1 0.64
  9   2 0.71
  9   3 0.71
  9   4 0.52
  9   5 0.73
  9   6 0.67
  9   7 0.67
  9   8 0.74
  9   9 1.00
  9  10 0.74
  9  11 0.68
  9  12 0.67
  9  13 0.68
  9  14 0.76
  9  15 0.65
  9  16 0.72
  9  17 0.76
  9  18 0.71
  9  19 0.72
  9  20 0.71
  9  21 0.72
  9  22 0.72
 10   1 0.57
 10   2 0.67
 10   3 0.72
 10   4 0.49
 10   5 0.64
 10   6 0.62
 10   7 0.66
 10   8 0.73
 10   9 0.74
 10  10 1.00
 10  11 0.68
 10  12 0.64
 10  13 0.60
 10  14 0.69
 10  15 0.64
 10  16 0.68
 10  17 0.71
 10  18 0.62
 10  19 0.68
 10  20 0.63
 10  21 0.68
 10  22 0.71
 11   1 0.56
 11   2 0.61
 11   3 0.65
 11   4 0.54
 11   5 0.65
 11   6 0.63
 11   7 0.72
 11   8 0.75
 11   9 0.68
 11  10 0.68
 11  11 1.00
 11  12 0.73
 11  13 0.71
 11  14 0.63
 11  15 0.62
 11  16 0.64
 11  17 0.77
 11  18 0.71
 11  19 0.72
 11  20 0.60
 11  21 0.71
 11  22 0.58
 12   1 0.60
 12   2 0.63
 12   3 0.61
 12   4 0.54
 12   5 0.54
 12   6 0.59
 12   7 0.74
 12   8 0.77
 12   9 0.67
 12  10 0.64
 12  11 0.73
 12  12 1.00
 12  13 0.71
 12  14 0.60
 12  15 0.64
 12  16 0.60
 12  17 0.72
 12  18 0.65
 12  19 0.66
 12  20 0.56
 12  21 0.67
 12  22 0.57
 13   1 0.53
 13   2 0.65
 13   3 0.56
 13   4 0.52
 13   5 0.54
 13   6 0.64
 13   7 0.70
 13   8 0.74
 13   9 0.68
 13  10 0.60
 13  11 0.71
 13  12 0.71
 13  13 1.00
 13  14 0.56
 13  15 0.64
 13  16 0.62
 13  17 0.72
 13  18 0.66
 13  19 0.67
 13  20 0.58
 13  21 0.72
 13  22 0.51
 14   1 0.59
 14   2 0.71
 14   3 0.75
 14   4 0.53
 14   5 0.74
 14   6 0.63
 14   7 0.66
 14   8 0.68
 14   9 0.76
 14  10 0.69
 14  11 0.63
 14  12 0.60
 14  13 0.56
 14  14 1.00
 14  15 0.55
 14  16 0.63
 14  17 0.67
 14  18 0.68
 14  19 0.68
 14  20 0.66
 14  21 0.62
 14  22 0.69
 15   1 0.43
 15   2 0.62
 15   3 0.58
 15   4 0.38
 15   5 0.50
 15   6 0.49
 15   7 0.62
 15   8 0.73
 15   9 0.65
 15  10 0.64
 15  11 0.62
 15  12 0.64
 15  13 0.64
 15  14 0.55
 15  15 1.00
 15  16 0.59
 15  17 0.71
 15  18 0.58
 15  19 0.71
 15  20 0.49
 15  21 0.75
 15  22 0.62
 16   1 0.55
 16   2 0.60
 16   3 0.65
 16   4 0.47
 16   5 0.74
 16   6 0.64
 16   7 0.61
 16   8 0.69
 16   9 0.72
 16  10 0.68
 16  11 0.64
 16  12 0.60
 16  13 0.62
 16  14 0.63
 16  15 0.59
 16  16 1.00
 16  17 0.70
 16  18 0.65
 16  19 0.62
 16  20 0.64
 16  21 0.69
 16  22 0.59
 17   1 0.56
 17   2 0.63
 17   3 0.65
 17   4 0.49
 17   5 0.67
 17   6 0.60
 17   7 0.69
 17   8 0.81
 17   9 0.76
 17  10 0.71
 17  11 0.77
 17  12 0.72
 17  13 0.72
 17  14 0.67
 17  15 0.71
 17  16 0.70
 17  17 1.00
 17  18 0.67
 17  19 0.73
 17  20 0.60
 17  21 0.76
 17  22 0.62
 18   1 0.55
 18   2 0.67
 18   3 0.69
 18   4 0.45
 18   5 0.70
 18   6 0.68
 18   7 0.68
 18   8 0.67
 18   9 0.71
 18  10 0.62
 18  11 0.71
 18  12 0.65
 18  13 0.66
 18  14 0.68
 18  15 0.58
 18  16 0.65
 18  17 0.67
 18  18 1.00
 18  19 0.66
 18  20 0.68
 18  21 0.65
 18  22 0.57
 19   1 0.54
 19   2 0.64
 19   3 0.67
 19   4 0.48
 19   5 0.62
 19   6 0.54
 19   7 0.65
 19   8 0.75
 19   9 0.72
 19  10 0.68
 19  11 0.72
 19  12 0.66
 19  13 0.67
 19  14 0.68
 19  15 0.71
 19  16 0.62
 19  17 0.73
 19  18 0.66
 19  19 1.00
 19  20 0.61
 19  21 0.70
 19  22 0.69
 20   1 0.61
 20   2 0.59
 20   3 0.64
 20   4 0.54
 20   5 0.71
 20   6 0.56
 20   7 0.63
 20   8 0.61
 20   9 0.71
 20  10 0.63
 20  11 0.60
 20  12 0.56
 20  13 0.58
 20  14 0.66
 20  15 0.49
 20  16 0.64
 20  17 0.60
 20  18 0.68
 20  19 0.61
 20  20 1.00
 20  21 0.57
 20  22 0.59
 21   1 0.57
 21   2 0.66
 21   3 0.60
 21   4 0.54
 21   5 0.63
 21   6 0.62
 21   7 0.69
 21   8 0.73
 21   9 0.72
 21  10 0.68
 21  11 0.71
 21  12 0.67
 21  13 0.72
 21  14 0.62
 21  15 0.75
 21  16 0.69
 21  17 0.76
 21  18 0.65
 21  19 0.70
 21  20 0.57
 21  21 1.00
 21  22 0.63
 22   1 0.53
 22   2 0.61
 22   3 0.61
 22   4 0.45
 22   5 0.65
 22   6 0.55
 22   7 0.59
 22   8 0.62
 22   9 0.72
 22  10 0.71
 22  11 0.58
 22  12 0.57
 22  13 0.51
 22  14 0.69
 22  15 0.62
 22  16 0.59
 22  17 0.62
 22  18 0.57
 22  19 0.69
 22  20 0.59
 22  21 0.63
 22  22 1.00
  1   1 1.00
  1   2 0.54
  1   3 0.58
  1   4 0.53
  1   5 0.57
  1   6 0.50
  1   7 0.61
  1   8 0.56
  1   9 0.63
  1  10 0.57
  1  11 0.56
  1  12 0.60
  1  13 0.53
  1  14 0.58
  1  15 0.42
  1  16 0.55
  1  17 0.56
  1  18 0.55
  1  19 0.54
  1  20 0.61
  1  21 0.56
  1  22 0.53
  2   1 0.54
  2   2 1.00
  2   3 0.64
  2   4 0.43
  2   5 0.61
  2   6 0.68
  2   7 0.67
  2   8 0.71
  2   9 0.70
  2  10 0.66
  2  11 0.60
  2  12 0.62
  2  13 0.64
  2  14 0.71
  2  15 0.61
  2  16 0.59
  2  17 0.63
  2  18 0.66
  2  19 0.63
  2  20 0.58
  2  21 0.65
  2  22 0.60
  3   1 0.58
  3   2 0.64
  3   3 1.00
  3   4 0.46
  3   5 0.71
  3   6 0.61
  3   7 0.68
  3   8 0.68
  3   9 0.71
  3  10 0.72
  3  11 0.65
  3  12 0.61
  3  13 0.56
  3  14 0.75
  3  15 0.57
  3  16 0.64
  3  17 0.65
  3  18 0.68
  3  19 0.67
  3  20 0.64
  3  21 0.60
  3  22 0.61
  4   1 0.53
  4   2 0.43
  4   3 0.46
  4   4 1.00
  4   5 0.50
  4   6 0.54
  4   7 0.54
  4   8 0.50
  4   9 0.52
  4  10 0.49
  4  11 0.53
  4  12 0.53
  4  13 0.52
  4  14 0.52
  4  15 0.37
  4  16 0.46
  4  17 0.48
  4  18 0.44
  4  19 0.48
  4  20 0.54
  4  21 0.53
  4  22 0.45
  5   1 0.57
  5   2 0.61
  5   3 0.71
  5   4 0.50
  5   5 1.00
  5   6 0.63
  5   7 0.64
  5   8 0.62
  5   9 0.73
  5  10 0.63
  5  11 0.65
  5  12 0.54
  5  13 0.54
  5  14 0.74
  5  15 0.50
  5  16 0.74
  5  17 0.66
  5  18 0.69
  5  19 0.61
  5  20 0.70
  5  21 0.63
  5  22 0.64
  6   1 0.50
  6   2 0.68
  6   3 0.61
  6   4 0.54
  6   5 0.63
  6   6 1.00
  6   7 0.61
  6   8 0.63
  6   9 0.67
  6  10 0.61
  6  11 0.63
  6  12 0.59
  6  13 0.63
  6  14 0.63
  6  15 0.49
  6  16 0.63
  6  17 0.60
  6  18 0.67
  6  19 0.54
  6  20 0.55
  6  21 0.62
  6  22 0.54
  7   1 0.61
  7   2 0.67
  7   3 0.68
  7   4 0.54
  7   5 0.64
  7   6 0.61
  7   7 1.00
  7   8 0.72
  7   9 0.67
  7  10 0.66
  7  11 0.72
  7  12 0.73
  7  13 0.69
  7  14 0.66
  7  15 0.61
  7  16 0.61
  7  17 0.69
  7  18 0.68
  7  19 0.64
  7  20 0.62
  7  21 0.69
  7  22 0.59
  8   1 0.56
  8   2 0.71
  8   3 0.68
  8   4 0.50
  8   5 0.62
  8   6 0.63
  8   7 0.72
  8   8 1.00
  8   9 0.73
  8  10 0.72
  8  11 0.75
  8  12 0.77
  8  13 0.74
  8  14 0.67
  8  15 0.73
  8  16 0.69
  8  17 0.81
  8  18 0.66
  8  19 0.74
  8  20 0.61
  8  21 0.73
  8  22 0.61
  9   1 0.63
  9   2 0.70
  9   3 0.71
  9   4 0.52
  9   5 0.73
  9   6 0.67
  9   7 0.67
  9   8 0.73
  9   9 1.00
  9  10 0.74
  9  11 0.67
  9  12 0.66
  9  13 0.68
  9  14 0.75
  9  15 0.65
  9  16 0.71
  9  17 0.75
  9  18 0.70
  9  19 0.72
  9  20 0.71
  9  21 0.71
  9  22 0.72
 10   1 0.57
 10   2 0.66
 10   3 0.72
 10   4 0.49
 10   5 0.63
 10   6 0.61
 10   7 0.66
 10   8 0.72
 10   9 0.74
 10  10 1.00
 10  11 0.68
 10  12 0.63
 10  13 0.60
 10  14 0.69
 10  15 0.63
 10  16 0.67
 10  17 0.71
 10  18 0.62
 10  19 0.67
 10  20 0.63
 10  21 0.67
 10  22 0.71
 11   1 0.56
 11   2 0.60
 11   3 0.65
 11   4 0.53
 11   5 0.65
 11   6 0.63
 11   7 0.72
 11   8 0.75
 11   9 0.67
 11  10 0.68
 11  11 1.00
 11  12 0.73
 11  13 0.70
 11  14 0.63
 11  15 0.61
 11  16 0.64
 11  17 0.77
 11  18 0.70
 11  19 0.72
 11  20 0.60
 11  21 0.70
 11  22 0.58
 12   1 0.60
 12   2 0.62
 12   3 0.61
 12   4 0.53
 12   5 0.54
 12   6 0.59
 12   7 0.73
 12   8 0.77
 12   9 0.66
 12  10 0.63
 12  11 0.73
 12  12 1.00
 12  13 0.71
 12  14 0.59
 12  15 0.64
 12  16 0.60
 12  17 0.71
 12  18 0.65
 12  19 0.66
 12  20 0.56
 12  21 0.66
 12  22 0.56
 13   1 0.53
 13   2 0.64
 13   3 0.56
 13   4 0.52
 13   5 0.54
 13   6 0.63
 13   7 0.69
 13   8 0.74
 13   9 0.68
 13  10 0.60
 13  11 0.70
 13  12 0.71
 13  13 1.00
 13  14 0.55
 13  15 0.63
 13  16 0.62
 13  17 0.71
 13  18 0.66
 13  19 0.66
 13  20 0.57
 13  21 0.71
 13  22 0.50
 14   1 0.58
 14   2 0.71
 14   3 0.75
 14   4 0.52
 14   5 0.74
 14   6 0.63
 14   7 0.66
 14   8 0.67
 14   9 0.75
 14  10 0.69
 14  11 0.63
 14  12 0.59
 14  13 0.55
 14  14 1.00
 14  15 0.55
 14  16 0.63
 14  17 0.67
 14  18 0.68
 14  19 0.68
 14  20 0.65
 14  21 0.61
 14  22 0.68
 15   1 0.42
 15   2 0.61
 15   3 0.57
 15   4 0.37
 15   5 0.50
 15   6 0.49
 15   7 0.61
 15   8 0.73
 15   9 0.65
 15  10 0.63
 15  11 0.61
 15  12 0.64
 15  13 0.63
 15  14 0.55
 15  15 1.00
 15  16 0.58
 15  17 0.71
 15  18 0.58
 15  19 0.71
 15  20 0.49
 15  21 0.75
 15  22 0.62
 16   1 0.55
 16   2 0.59
 16   3 0.64
 16   4 0.46
 16   5 0.74
 16   6 0.63
 16   7 0.61
 16   8 0.69
 16   9 0.71
 16  10 0.67
 16  11 0.64
 16  12 0.60
 16  13 0.62
 16  14 0.63
 16  15 0.58
 16  16 1.00
 16  17 0.69
 16  18 0.65
 16  19 0.62
 16  20 0.63
 16  21 0.69
 16  22 0.58
 17   1 0.56
 17   2 0.63
 17   3 0.65
 17   4 0.48
 17   5 0.66
 17   6 0.60
 17   7 0.69
 17   8 0.81
 17   9 0.75
 17  10 0.71
 17  11 0.77
 17  12 0.71
 17  13 0.71
 17  14 0.67
 17  15 0.71
 17  16 0.69
 17  17 1.00
 17  18 0.67
 17  19 0.73
 17  20 0.60
 17  21 0.75
 17  22 0.62
 18   1 0.55
 18   2 0.66
 18   3 0.68
 18   4 0.44
 18   5 0.69
 18   6 0.67
 18   7 0.68
 18   8 0.66
 18   9 0.70
 18  10 0.62
 18  11 0.70
 18  12 0.65
 18  13 0.66
 18  14 0.68
 18  15 0.58
 18  16 0.65
 18  17 0.67
 18  18 1.00
 18  19 0.66
 18  20 0.67
 18  21 0.65
 18  22 0.57
 19   1 0.54
 19   2 0.63
 19   3 0.67
 19   4 0.48
 19   5 0.61
 19   6 0.54
 19   7 0.64
 19   8 0.74
 19   9 0.72
 19  10 0.67
 19  11 0.72
 19  12 0.66
 19  13 0.66
 19  14 0.68
 19  15 0.71
 19  16 0.62
 19  17 0.73
 19  18 0.66
 19  19 1.00
 19  20 0.60
 19  21 0.69
 19  22 0.69
 20   1 0.61
 20   2 0.58
 20   3 0.64
 20   4 0.54
 20   5 0.70
 20   6 0.55
 20   7 0.62
 20   8 0.61
 20   9 0.71
 20  10 0.63
 20  11 0.60
 20  12 0.56
 20  13 0.57
 20  14 0.65
 20  15 0.49
 20  16 0.63
 20  17 0.60
 20  18 0.67
 20  19 0.60
 20  20 1.00
 20  21 0.56
 20  22 0.59
 21   1 0.56
 21   2 0.65
 21   3 0.60
 21   4 0.53
 21   5 0.63
 21   6 0.62
 21   7 0.69
 21   8 0.73
 21   9 0.71
 21  10 0.67
 21  11 0.70
 21  12 0.66
 21  13 0.71
 21  14 0.61
 21  15 0.75
 21  16 0.69
 21  17 0.75
 21  18 0.65
 21  19 0.69
 21  20 0.56
 21  21 1.00
 21  22 0.63
 22   1 0.53
 22   2 0.60
 22   3 0.61
 22   4 0.45
 22   5 0.64
 22   6 0.54
 22   7 0.59
 22   8 0.61
 22   9 0.72
 22  10 0.71
 22  11 0.58
 22  12 0.56
 22  13 0.50
 22  14 0.68
 22  15 0.62
 22  16 0.58
 22  17 0.62
 22  18 0.57
 22  19 0.69
 22  20 0.59
 22  21 0.63
 22  22 1.00
