  1   1 0.55
  1   2 0.36
  1   3 0.07
  1   4 0.10
  1   5 0.42
  1   6 0.56
  1   7 0.26
  1   8 0.46
  1   9 0.47
  1  10 0.58
  1  11 0.54
  1  12 0.45
  1  13 0.43
  1  14 0.65
  1  15 0.33
  1  16 0.49
  1  17 0.57
  1  18 0.34
  1  19 0.63
  1  20 0.54
  1  21 0.52
  1  22 0.32
  2   1 0.48
  2   2 0.13
  2   3 0.10
  2   4 0.25
  2   5 0.31
  2   6 0.30
  2   7 0.24
  2   8 0.33
  2   9 0.15
  2  10 0.14
  2  11 0.44
  2  12 0.43
  2  13 0.42
  2  14 0.31
  2  15 0.18
  2  16 0.53
  2  17 0.49
  2  18 0.24
  2  19 0.35
  2  20 0.59
  2  21 0.43
  2  22 0.17
  3   1 0.51
  3   2 0.22
  3   3 0.04
  3   4 0.03
  3   5 0.42
  3   6 0.62
  3   7 0.33
  3   8 0.60
  3   9 0.43
  3  10 0.34
  3  11 0.58
  3  12 0.54
  3  13 0.45
  3  14 0.39
  3  15 0.45
  3  16 0.51
  3  17 0.55
  3  18 0.35
  3  19 0.55
  3  20 0.43
  3  21 0.43
  3  22 0.31
  4   1 0.55
  4   2 0.34
  4   3 0.08
  4   4 0.11
  4   5 0.39
  4   6 0.60
  4   7 0.26
  4   8 0.41
  4   9 0.43
  4  10 0.45
  4  11 0.40
  4  12 0.39
  4  13 0.42
  4  14 0.58
  4  15 0.33
  4  16 0.48
  4  17 0.41
  4  18 0.32
  4  19 0.51
  4  20 0.40
  4  21 0.52
  4  22 0.29
  5   1 0.40
  5   2 0.21
  5   3 0.04
  5   4 0.02
  5   5 0.36
  5   6 0.68
  5   7 0.24
  5   8 0.43
  5   9 0.66
  5  10 0.38
  5  11 0.40
  5  12 0.36
  5  13 0.33
  5  14 0.44
  5  15 0.42
  5  16 0.32
  5  17 0.35
  5  18 0.32
  5  19 0.56
  5  20 0.33
  5  21 0.41
  5  22 0.27
  6   1 0.41
  6   2 0.17
  6   3 0.05
  6   4 0.05
  6   5 0.35
  6   6 0.44
  6   7 0.36
  6   8 0.47
  6   9 0.34
  6  10 0.31
  6  11 0.63
  6  12 0.49
  6  13 0.43
  6  14 0.29
  6  15 0.39
  6  16 0.49
  6  17 0.58
  6  18 0.30
  6  19 0.46
  6  20 0.48
  6  21 0.35
  6  22 0.24
  7   1 0.57
  7   2 0.16
  7   3 0.05
  7   4 0.09
  7   5 0.47
  7   6 0.66
  7   7 0.36
  7   8 0.60
  7   9 0.41
  7  10 0.27
  7  11 0.46
  7  12 0.48
  7  13 0.47
  7  14 0.42
  7  15 0.40
  7  16 0.50
  7  17 0.49
  7  18 0.39
  7  19 0.54
  7  20 0.42
  7  21 0.48
  7  22 0.40
  8   1 0.66
  8   2 0.24
  8   3 0.08
  8   4 0.10
  8   5 0.47
  8   6 0.50
  8   7 0.38
  8   8 0.59
  8   9 0.29
  8  10 0.30
  8  11 0.49
  8  12 0.61
  8  13 0.57
  8  14 0.43
  8  15 0.31
  8  16 0.60
  8  17 0.58
  8  18 0.37
  8  19 0.55
  8  20 0.58
  8  21 0.42
  8  22 0.44
  9   1 0.45
  9   2 0.22
  9   3 0.04
  9   4 0.08
  9   5 0.42
  9   6 0.51
  9   7 0.20
  9   8 0.42
  9   9 0.58
  9  10 0.39
  9  11 0.53
  9  12 0.47
  9  13 0.44
  9  14 0.39
  9  15 0.30
  9  16 0.42
  9  17 0.47
  9  18 0.30
  9  19 0.53
  9  20 0.46
  9  21 0.43
  9  22 0.22
 10   1 0.43
 10   2 0.19
 10   3 0.04
 10   4 0.04
 10   5 0.38
 10   6 0.49
 10   7 0.35
 10   8 0.46
 10   9 0.37
 10  10 0.29
 10  11 0.51
 10  12 0.48
 10  13 0.44
 10  14 0.35
 10  15 0.42
 10  16 0.40
 10  17 0.43
 10  18 0.26
 10  19 0.49
 10  20 0.44
 10  21 0.39
 10  22 0.22
 11   1 0.56
 11   2 0.22
 11   3 0.07
 11   4 0.10
 11   5 0.38
 11   6 0.57
 11   7 0.42
 11   8 0.59
 11   9 0.33
 11  10 0.27
 11  11 0.70
 11  12 0.47
 11  13 0.42
 11  14 0.41
 11  15 0.42
 11  16 0.67
 11  17 0.58
 11  18 0.38
 11  19 0.49
 11  20 0.59
 11  21 0.53
 11  22 0.35
 12   1 0.40
 12   2 0.08
 12   3 0.07
 12   4 0.11
 12   5 0.27
 12   6 0.26
 12   7 0.17
 12   8 0.28
 12   9 0.11
 12  10 0.11
 12  11 0.33
 12  12 0.54
 12  13 0.38
 12  14 0.29
 12  15 0.16
 12  16 0.56
 12  17 0.49
 12  18 0.16
 12  19 0.35
 12  20 0.44
 12  21 0.37
 12  22 0.16
 13   1 0.34
 13   2 0.11
 13   3 0.07
 13   4 0.02
 13   5 0.29
 13   6 0.36
 13   7 0.29
 13   8 0.27
 13   9 0.33
 13  10 0.28
 13  11 0.54
 13  12 0.44
 13  13 0.38
 13  14 0.27
 13  15 0.32
 13  16 0.39
 13  17 0.49
 13  18 0.21
 13  19 0.40
 13  20 0.38
 13  21 0.29
 13  22 0.16
 14   1 0.53
 14   2 0.16
 14   3 0.05
 14   4 0.10
 14   5 0.38
 14   6 0.47
 14   7 0.37
 14   8 0.54
 14   9 0.28
 14  10 0.23
 14  11 0.74
 14  12 0.58
 14  13 0.45
 14  14 0.34
 14  15 0.31
 14  16 0.64
 14  17 0.67
 14  18 0.30
 14  19 0.48
 14  20 0.73
 14  21 0.43
 14  22 0.25
 15   1 0.51
 15   2 0.13
 15   3 0.05
 15   4 0.06
 15   5 0.37
 15   6 0.42
 15   7 0.38
 15   8 0.49
 15   9 0.25
 15  10 0.23
 15  11 0.67
 15  12 0.55
 15  13 0.47
 15  14 0.31
 15  15 0.30
 15  16 0.66
 15  17 0.79
 15  18 0.28
 15  19 0.47
 15  20 0.62
 15  21 0.37
 15  22 0.26
 16   1 0.66
 16   2 0.24
 16   3 0.06
 16   4 0.08
 16   5 0.49
 16   6 0.61
 16   7 0.40
 16   8 0.67
 16   9 0.47
 16  10 0.36
 16  11 0.61
 16  12 0.57
 16  13 0.54
 16  14 0.54
 16  15 0.44
 16  16 0.58
 16  17 0.57
 16  18 0.42
 16  19 0.65
 16  20 0.57
 16  21 0.48
 16  22 0.42
 17   1 0.52
 17   2 0.16
 17   3 0.06
 17   4 0.15
 17   5 0.34
 17   6 0.40
 17   7 0.29
 17   8 0.49
 17   9 0.31
 17  10 0.25
 17  11 0.57
 17  12 0.58
 17  13 0.44
 17  14 0.33
 17  15 0.27
 17  16 0.48
 17  17 0.49
 17  18 0.30
 17  19 0.46
 17  20 0.57
 17  21 0.39
 17  22 0.22
 18   1 0.42
 18   2 0.38
 18   3 0.03
 18   4 0.09
 18   5 0.35
 18   6 0.59
 18   7 0.29
 18   8 0.46
 18   9 0.49
 18  10 0.52
 18  11 0.42
 18  12 0.42
 18  13 0.41
 18  14 0.56
 18  15 0.30
 18  16 0.45
 18  17 0.37
 18  18 0.35
 18  19 0.61
 18  20 0.37
 18  21 0.48
 18  22 0.27
 19   1 0.58
 19   2 0.16
 19   3 0.07
 19   4 0.13
 19   5 0.45
 19   6 0.49
 19   7 0.47
 19   8 0.64
 19   9 0.23
 19  10 0.20
 19  11 0.68
 19  12 0.54
 19  13 0.51
 19  14 0.37
 19  15 0.33
 19  16 0.59
 19  17 0.61
 19  18 0.31
 19  19 0.47
 19  20 0.67
 19  21 0.45
 19  22 0.40
 20   1 0.39
 20   2 0.41
 20   3 0.05
 20   4 0.02
 20   5 0.30
 20   6 0.60
 20   7 0.22
 20   8 0.44
 20   9 0.53
 20  10 0.62
 20  11 0.39
 20  12 0.32
 20  13 0.30
 20  14 0.52
 20  15 0.29
 20  16 0.35
 20  17 0.40
 20  18 0.33
 20  19 0.56
 20  20 0.30
 20  21 0.45
 20  22 0.30
 21   1 0.57
 21   2 0.21
 21   3 0.07
 21   4 0.10
 21   5 0.39
 21   6 0.60
 21   7 0.36
 21   8 0.63
 21   9 0.37
 21  10 0.30
 21  11 0.64
 21  12 0.53
 21  13 0.45
 21  14 0.41
 21  15 0.41
 21  16 0.68
 21  17 0.64
 21  18 0.43
 21  19 0.54
 21  20 0.62
 21  21 0.52
 21  22 0.31
 22   1 0.44
 22   2 0.15
 22   3 0.06
 22   4 0.03
 22   5 0.29
 22   6 0.49
 22   7 0.43
 22   8 0.57
 22   9 0.26
 22  10 0.22
 22  11 0.68
 22  12 0.50
 22  13 0.37
 22  14 0.35
 22  15 0.40
 22  16 0.63
 22  17 0.64
 22  18 0.30
 22  19 0.44
 22  20 0.52
 22  21 0.40
 22  22 0.28
  1   1 0.55
  1   2 0.36
  1   3 0.07
  1   4 0.10
  1   5 0.42
  1   6 0.56
  1   7 0.26
  1   8 0.46
  1   9 0.47
  1  10 0.58
  1  11 0.54
  1  12 0.45
  1  13 0.43
  1  14 0.64
  1  15 0.33
  1  16 0.48
  1  17 0.57
  1  18 0.34
  1  19 0.63
  1  20 0.54
  1  21 0.52
  1  22 0.32
  2   1 0.48
  2   2 0.13
  2   3 0.10
  2   4 0.25
  2   5 0.31
  2   6 0.30
  2   7 0.24
  2   8 0.33
  2   9 0.15
  2  10 0.14
  2  11 0.44
  2  12 0.43
  2  13 0.42
  2  14 0.31
  2  15 0.18
  2  16 0.53
  2  17 0.48
  2  18 0.24
  2  19 0.35
  2  20 0.59
  2  21 0.43
  2  22 0.17
  3   1 0.51
  3   2 0.21
  3   3 0.04
  3   4 0.03
  3   5 0.42
  3   6 0.62
  3   7 0.33
  3   8 0.60
  3   9 0.43
  3  10 0.34
  3  11 0.58
  3  12 0.54
  3  13 0.44
  3  14 0.39
  3  15 0.45
  3  16 0.51
  3  17 0.55
  3  18 0.35
  3  19 0.55
  3  20 0.43
  3  21 0.42
  3  22 0.31
  4   1 0.55
  4   2 0.34
  4   3 0.08
  4   4 0.11
  4   5 0.39
  4   6 0.60
  4   7 0.26
  4   8 0.41
  4   9 0.43
  4  10 0.45
  4  11 0.40
  4  12 0.39
  4  13 0.42
  4  14 0.58
  4  15 0.33
  4  16 0.48
  4  17 0.41
  4  18 0.32
  4  19 0.51
  4  20 0.40
  4  21 0.52
  4  22 0.29
  5   1 0.40
  5   2 0.21
  5   3 0.04
  5   4 0.02
  5   5 0.36
  5   6 0.67
  5   7 0.24
  5   8 0.43
  5   9 0.66
  5  10 0.38
  5  11 0.39
  5  12 0.36
  5  13 0.33
  5  14 0.44
  5  15 0.42
  5  16 0.32
  5  17 0.35
  5  18 0.32
  5  19 0.56
  5  20 0.33
  5  21 0.41
  5  22 0.27
  6   1 0.41
  6   2 0.17
  6   3 0.05
  6   4 0.05
  6   5 0.35
  6   6 0.43
  6   7 0.36
  6   8 0.47
  6   9 0.33
  6  10 0.31
  6  11 0.63
  6  12 0.49
  6  13 0.43
  6  14 0.29
  6  15 0.39
  6  16 0.49
  6  17 0.58
  6  18 0.30
  6  19 0.46
  6  20 0.48
  6  21 0.35
  6  22 0.24
  7   1 0.57
  7   2 0.16
  7   3 0.05
  7   4 0.09
  7   5 0.47
  7   6 0.66
  7   7 0.36
  7   8 0.60
  7   9 0.41
  7  10 0.27
  7  11 0.46
  7  12 0.48
  7  13 0.47
  7  14 0.42
  7  15 0.40
  7  16 0.50
  7  17 0.49
  7  18 0.39
  7  19 0.54
  7  20 0.42
  7  21 0.48
  7  22 0.40
  8   1 0.66
  8   2 0.24
  8   3 0.08
  8   4 0.10
  8   5 0.47
  8   6 0.50
  8   7 0.38
  8   8 0.59
  8   9 0.29
  8  10 0.30
  8  11 0.49
  8  12 0.61
  8  13 0.57
  8  14 0.43
  8  15 0.31
  8  16 0.60
  8  17 0.58
  8  18 0.37
  8  19 0.55
  8  20 0.58
  8  21 0.42
  8  22 0.44
  9   1 0.45
  9   2 0.22
  9   3 0.04
  9   4 0.08
  9   5 0.42
  9   6 0.51
  9   7 0.20
  9   8 0.42
  9   9 0.58
  9  10 0.39
  9  11 0.53
  9  12 0.47
  9  13 0.44
  9  14 0.39
  9  15 0.30
  9  16 0.42
  9  17 0.47
  9  18 0.30
  9  19 0.53
  9  20 0.46
  9  21 0.43
  9  22 0.22
 10   1 0.43
 10   2 0.19
 10   3 0.04
 10   4 0.04
 10   5 0.38
 10   6 0.49
 10   7 0.35
 10   8 0.46
 10   9 0.37
 10  10 0.29
 10  11 0.51
 10  12 0.48
 10  13 0.44
 10  14 0.35
 10  15 0.42
 10  16 0.40
 10  17 0.43
 10  18 0.26
 10  19 0.49
 10  20 0.44
 10  21 0.39
 10  22 0.22
 11   1 0.56
 11   2 0.21
 11   3 0.07
 11   4 0.10
 11   5 0.38
 11   6 0.57
 11   7 0.42
 11   8 0.59
 11   9 0.33
 11  10 0.27
 11  11 0.70
 11  12 0.47
 11  13 0.42
 11  14 0.41
 11  15 0.42
 11  16 0.67
 11  17 0.58
 11  18 0.38
 11  19 0.48
 11  20 0.59
 11  21 0.53
 11  22 0.35
 12   1 0.40
 12   2 0.08
 12   3 0.07
 12   4 0.11
 12   5 0.27
 12   6 0.26
 12   7 0.17
 12   8 0.28
 12   9 0.11
 12  10 0.11
 12  11 0.33
 12  12 0.54
 12  13 0.38
 12  14 0.29
 12  15 0.16
 12  16 0.56
 12  17 0.49
 12  18 0.16
 12  19 0.35
 12  20 0.44
 12  21 0.37
 12  22 0.16
 13   1 0.33
 13   2 0.11
 13   3 0.07
 13   4 0.02
 13   5 0.29
 13   6 0.36
 13   7 0.29
 13   8 0.27
 13   9 0.33
 13  10 0.28
 13  11 0.54
 13  12 0.43
 13  13 0.38
 13  14 0.27
 13  15 0.31
 13  16 0.39
 13  17 0.49
 13  18 0.21
 13  19 0.40
 13  20 0.38
 13  21 0.29
 13  22 0.16
 14   1 0.53
 14   2 0.16
 14   3 0.05
 14   4 0.10
 14   5 0.38
 14   6 0.47
 14   7 0.37
 14   8 0.54
 14   9 0.28
 14  10 0.23
 14  11 0.74
 14  12 0.58
 14  13 0.45
 14  14 0.34
 14  15 0.31
 14  16 0.64
 14  17 0.67
 14  18 0.30
 14  19 0.48
 14  20 0.73
 14  21 0.43
 14  22 0.25
 15   1 0.51
 15   2 0.13
 15   3 0.05
 15   4 0.06
 15   5 0.37
 15   6 0.42
 15   7 0.38
 15   8 0.49
 15   9 0.25
 15  10 0.23
 15  11 0.67
 15  12 0.55
 15  13 0.47
 15  14 0.31
 15  15 0.30
 15  16 0.66
 15  17 0.79
 15  18 0.28
 15  19 0.47
 15  20 0.62
 15  21 0.37
 15  22 0.26
 16   1 0.66
 16   2 0.24
 16   3 0.06
 16   4 0.08
 16   5 0.49
 16   6 0.61
 16   7 0.40
 16   8 0.67
 16   9 0.47
 16  10 0.36
 16  11 0.61
 16  12 0.57
 16  13 0.54
 16  14 0.54
 16  15 0.44
 16  16 0.58
 16  17 0.57
 16  18 0.42
 16  19 0.64
 16  20 0.57
 16  21 0.48
 16  22 0.42
 17   1 0.52
 17   2 0.16
 17   3 0.06
 17   4 0.15
 17   5 0.34
 17   6 0.40
 17   7 0.29
 17   8 0.49
 17   9 0.31
 17  10 0.25
 17  11 0.57
 17  12 0.58
 17  13 0.44
 17  14 0.33
 17  15 0.27
 17  16 0.47
 17  17 0.49
 17  18 0.30
 17  19 0.46
 17  20 0.57
 17  21 0.39
 17  22 0.22
 18   1 0.42
 18   2 0.38
 18   3 0.03
 18   4 0.09
 18   5 0.35
 18   6 0.59
 18   7 0.29
 18   8 0.46
 18   9 0.49
 18  10 0.52
 18  11 0.42
 18  12 0.42
 18  13 0.41
 18  14 0.55
 18  15 0.30
 18  16 0.45
 18  17 0.37
 18  18 0.34
 18  19 0.61
 18  20 0.37
 18  21 0.48
 18  22 0.27
 19   1 0.58
 19   2 0.16
 19   3 0.07
 19   4 0.13
 19   5 0.45
 19   6 0.49
 19   7 0.47
 19   8 0.64
 19   9 0.23
 19  10 0.20
 19  11 0.68
 19  12 0.54
 19  13 0.51
 19  14 0.37
 19  15 0.33
 19  16 0.59
 19  17 0.61
 19  18 0.31
 19  19 0.47
 19  20 0.67
 19  21 0.45
 19  22 0.40
 20   1 0.39
 20   2 0.41
 20   3 0.05
 20   4 0.02
 20   5 0.30
 20   6 0.60
 20   7 0.22
 20   8 0.44
 20   9 0.53
 20  10 0.62
 20  11 0.39
 20  12 0.32
 20  13 0.30
 20  14 0.52
 20  15 0.29
 20  16 0.35
 20  17 0.40
 20  18 0.33
 20  19 0.56
 20  20 0.30
 20  21 0.45
 20  22 0.30
 21   1 0.57
 21   2 0.21
 21   3 0.07
 21   4 0.10
 21   5 0.39
 21   6 0.60
 21   7 0.36
 21   8 0.63
 21   9 0.37
 21  10 0.30
 21  11 0.64
 21  12 0.53
 21  13 0.45
 21  14 0.41
 21  15 0.41
 21  16 0.68
 21  17 0.64
 21  18 0.43
 21  19 0.54
 21  20 0.62
 21  21 0.52
 21  22 0.31
 22   1 0.44
 22   2 0.15
 22   3 0.06
 22   4 0.03
 22   5 0.29
 22   6 0.49
 22   7 0.43
 22   8 0.57
 22   9 0.26
 22  10 0.22
 22  11 0.68
 22  12 0.50
 22  13 0.37
 22  14 0.35
 22  15 0.40
 22  16 0.63
 22  17 0.64
 22  18 0.30
 22  19 0.44
 22  20 0.52
 22  21 0.40
 22  22 0.28
  1   1 0.55
  1   2 0.36
  1   3 0.07
  1   4 0.10
  1   5 0.42
  1   6 0.56
  1   7 0.26
  1   8 0.46
  1   9 0.47
  1  10 0.58
  1  11 0.54
  1  12 0.45
  1  13 0.43
  1  14 0.64
  1  15 0.33
  1  16 0.48
  1  17 0.57
  1  18 0.34
  1  19 0.63
  1  20 0.54
  1  21 0.52
  1  22 0.32
  2   1 0.48
  2   2 0.13
  2   3 0.10
  2   4 0.25
  2   5 0.31
  2   6 0.30
  2   7 0.24
  2   8 0.33
  2   9 0.15
  2  10 0.14
  2  11 0.44
  2  12 0.43
  2  13 0.42
  2  14 0.31
  2  15 0.18
  2  16 0.53
  2  17 0.48
  2  18 0.24
  2  19 0.35
  2  20 0.59
  2  21 0.43
  2  22 0.17
  3   1 0.51
  3   2 0.21
  3   3 0.04
  3   4 0.03
  3   5 0.42
  3   6 0.62
  3   7 0.33
  3   8 0.60
  3   9 0.43
  3  10 0.34
  3  11 0.58
  3  12 0.54
  3  13 0.44
  3  14 0.39
  3  15 0.45
  3  16 0.51
  3  17 0.55
  3  18 0.35
  3  19 0.55
  3  20 0.43
  3  21 0.42
  3  22 0.31
  4   1 0.55
  4   2 0.34
  4   3 0.08
  4   4 0.11
  4   5 0.39
  4   6 0.60
  4   7 0.26
  4   8 0.41
  4   9 0.43
  4  10 0.45
  4  11 0.40
  4  12 0.39
  4  13 0.42
  4  14 0.58
  4  15 0.33
  4  16 0.48
  4  17 0.41
  4  18 0.32
  4  19 0.51
  4  20 0.40
  4  21 0.52
  4  22 0.29
  5   1 0.40
  5   2 0.21
  5   3 0.04
  5   4 0.02
  5   5 0.36
  5   6 0.67
  5   7 0.24
  5   8 0.43
  5   9 0.66
  5  10 0.38
  5  11 0.39
  5  12 0.36
  5  13 0.33
  5  14 0.44
  5  15 0.42
  5  16 0.32
  5  17 0.35
  5  18 0.32
  5  19 0.56
  5  20 0.33
  5  21 0.41
  5  22 0.27
  6   1 0.41
  6   2 0.17
  6   3 0.05
  6   4 0.05
  6   5 0.35
  6   6 0.43
  6   7 0.36
  6   8 0.47
  6   9 0.33
  6  10 0.31
  6  11 0.63
  6  12 0.49
  6  13 0.43
  6  14 0.29
  6  15 0.39
  6  16 0.49
  6  17 0.58
  6  18 0.30
  6  19 0.46
  6  20 0.48
  6  21 0.35
  6  22 0.24
  7   1 0.57
  7   2 0.16
  7   3 0.05
  7   4 0.09
  7   5 0.47
  7   6 0.66
  7   7 0.36
  7   8 0.60
  7   9 0.41
  7  10 0.27
  7  11 0.46
  7  12 0.48
  7  13 0.47
  7  14 0.42
  7  15 0.40
  7  16 0.50
  7  17 0.49
  7  18 0.39
  7  19 0.54
  7  20 0.42
  7  21 0.48
  7  22 0.40
  8   1 0.66
  8   2 0.24
  8   3 0.08
  8   4 0.10
  8   5 0.47
  8   6 0.50
  8   7 0.38
  8   8 0.59
  8   9 0.29
  8  10 0.30
  8  11 0.49
  8  12 0.61
  8  13 0.57
  8  14 0.43
  8  15 0.31
  8  16 0.60
  8  17 0.58
  8  18 0.37
  8  19 0.55
  8  20 0.58
  8  21 0.42
  8  22 0.44
  9   1 0.45
  9   2 0.22
  9   3 0.04
  9   4 0.08
  9   5 0.42
  9   6 0.51
  9   7 0.20
  9   8 0.42
  9   9 0.58
  9  10 0.39
  9  11 0.53
  9  12 0.47
  9  13 0.44
  9  14 0.39
  9  15 0.30
  9  16 0.42
  9  17 0.47
  9  18 0.30
  9  19 0.53
  9  20 0.46
  9  21 0.43
  9  22 0.22
 10   1 0.43
 10   2 0.19
 10   3 0.04
 10   4 0.04
 10   5 0.38
 10   6 0.49
 10   7 0.35
 10   8 0.46
 10   9 0.37
 10  10 0.29
 10  11 0.51
 10  12 0.48
 10  13 0.44
 10  14 0.35
 10  15 0.42
 10  16 0.40
 10  17 0.43
 10  18 0.26
 10  19 0.49
 10  20 0.44
 10  21 0.39
 10  22 0.22
 11   1 0.56
 11   2 0.21
 11   3 0.07
 11   4 0.10
 11   5 0.38
 11   6 0.57
 11   7 0.42
 11   8 0.59
 11   9 0.33
 11  10 0.27
 11  11 0.70
 11  12 0.47
 11  13 0.42
 11  14 0.41
 11  15 0.42
 11  16 0.67
 11  17 0.58
 11  18 0.38
 11  19 0.48
 11  20 0.59
 11  21 0.53
 11  22 0.35
 12   1 0.40
 12   2 0.08
 12   3 0.07
 12   4 0.11
 12   5 0.27
 12   6 0.26
 12   7 0.17
 12   8 0.28
 12   9 0.11
 12  10 0.11
 12  11 0.33
 12  12 0.54
 12  13 0.38
 12  14 0.29
 12  15 0.16
 12  16 0.56
 12  17 0.49
 12  18 0.16
 12  19 0.35
 12  20 0.44
 12  21 0.37
 12  22 0.16
 13   1 0.33
 13   2 0.11
 13   3 0.07
 13   4 0.02
 13   5 0.29
 13   6 0.36
 13   7 0.29
 13   8 0.27
 13   9 0.33
 13  10 0.28
 13  11 0.54
 13  12 0.43
 13  13 0.38
 13  14 0.27
 13  15 0.31
 13  16 0.39
 13  17 0.49
 13  18 0.21
 13  19 0.40
 13  20 0.38
 13  21 0.29
 13  22 0.16
 14   1 0.53
 14   2 0.16
 14   3 0.05
 14   4 0.10
 14   5 0.38
 14   6 0.47
 14   7 0.37
 14   8 0.54
 14   9 0.28
 14  10 0.23
 14  11 0.74
 14  12 0.58
 14  13 0.45
 14  14 0.34
 14  15 0.31
 14  16 0.64
 14  17 0.67
 14  18 0.30
 14  19 0.48
 14  20 0.73
 14  21 0.43
 14  22 0.25
 15   1 0.51
 15   2 0.13
 15   3 0.05
 15   4 0.06
 15   5 0.37
 15   6 0.42
 15   7 0.38
 15   8 0.49
 15   9 0.25
 15  10 0.23
 15  11 0.67
 15  12 0.55
 15  13 0.47
 15  14 0.31
 15  15 0.30
 15  16 0.66
 15  17 0.79
 15  18 0.28
 15  19 0.47
 15  20 0.62
 15  21 0.37
 15  22 0.26
 16   1 0.66
 16   2 0.24
 16   3 0.06
 16   4 0.08
 16   5 0.49
 16   6 0.61
 16   7 0.40
 16   8 0.67
 16   9 0.47
 16  10 0.36
 16  11 0.61
 16  12 0.57
 16  13 0.54
 16  14 0.54
 16  15 0.44
 16  16 0.58
 16  17 0.57
 16  18 0.42
 16  19 0.64
 16  20 0.57
 16  21 0.48
 16  22 0.42
 17   1 0.52
 17   2 0.16
 17   3 0.06
 17   4 0.15
 17   5 0.34
 17   6 0.40
 17   7 0.29
 17   8 0.49
 17   9 0.31
 17  10 0.25
 17  11 0.57
 17  12 0.58
 17  13 0.44
 17  14 0.33
 17  15 0.27
 17  16 0.47
 17  17 0.49
 17  18 0.30
 17  19 0.46
 17  20 0.57
 17  21 0.39
 17  22 0.22
 18   1 0.42
 18   2 0.38
 18   3 0.03
 18   4 0.09
 18   5 0.35
 18   6 0.59
 18   7 0.29
 18   8 0.46
 18   9 0.49
 18  10 0.52
 18  11 0.42
 18  12 0.42
 18  13 0.41
 18  14 0.55
 18  15 0.30
 18  16 0.45
 18  17 0.37
 18  18 0.34
 18  19 0.61
 18  20 0.37
 18  21 0.48
 18  22 0.27
 19   1 0.58
 19   2 0.16
 19   3 0.07
 19   4 0.13
 19   5 0.45
 19   6 0.49
 19   7 0.47
 19   8 0.64
 19   9 0.23
 19  10 0.20
 19  11 0.68
 19  12 0.54
 19  13 0.51
 19  14 0.37
 19  15 0.33
 19  16 0.59
 19  17 0.61
 19  18 0.31
 19  19 0.47
 19  20 0.67
 19  21 0.45
 19  22 0.40
 20   1 0.39
 20   2 0.41
 20   3 0.05
 20   4 0.02
 20   5 0.30
 20   6 0.60
 20   7 0.22
 20   8 0.44
 20   9 0.53
 20  10 0.62
 20  11 0.39
 20  12 0.32
 20  13 0.30
 20  14 0.52
 20  15 0.29
 20  16 0.35
 20  17 0.40
 20  18 0.33
 20  19 0.56
 20  20 0.30
 20  21 0.45
 20  22 0.30
 21   1 0.57
 21   2 0.21
 21   3 0.07
 21   4 0.10
 21   5 0.39
 21   6 0.60
 21   7 0.36
 21   8 0.63
 21   9 0.37
 21  10 0.30
 21  11 0.64
 21  12 0.53
 21  13 0.45
 21  14 0.41
 21  15 0.41
 21  16 0.68
 21  17 0.64
 21  18 0.43
 21  19 0.54
 21  20 0.62
 21  21 0.52
 21  22 0.31
 22   1 0.44
 22   2 0.15
 22   3 0.06
 22   4 0.03
 22   5 0.29
 22   6 0.49
 22   7 0.43
 22   8 0.57
 22   9 0.26
 22  10 0.22
 22  11 0.68
 22  12 0.50
 22  13 0.37
 22  14 0.35
 22  15 0.40
 22  16 0.63
 22  17 0.64
 22  18 0.30
 22  19 0.44
 22  20 0.52
 22  21 0.40
 22  22 0.28
