  1   1 1.00
  1   2 0.59
  1   3 0.71
  1   4 0.63
  1   5 0.61
  1   6 0.48
  1   7 0.63
  1   8 0.56
  1   9 0.54
  1  10 0.53
  1  11 0.65
  1  12 0.46
  1  13 0.40
  1  14 0.55
  1  15 0.57
  1  16 0.55
  1  17 0.51
  1  18 0.62
  1  19 0.51
  1  20 0.48
  1  21 0.46
  1  22 0.62
  2   1 0.59
  2   2 1.00
  2   3 0.57
  2   4 0.62
  2   5 0.74
  2   6 0.66
  2   7 0.72
  2   8 0.60
  2   9 0.50
  2  10 0.65
  2  11 0.74
  2  12 0.52
  2  13 0.40
  2  14 0.54
  2  15 0.67
  2  16 0.67
  2  17 0.61
  2  18 0.65
  2  19 0.69
  2  20 0.62
  2  21 0.62
  2  22 0.75
  3   1 0.71
  3   2 0.57
  3   3 1.00
  3   4 0.63
  3   5 0.52
  3   6 0.40
  3   7 0.58
  3   8 0.51
  3   9 0.40
  3  10 0.54
  3  11 0.51
  3  12 0.40
  3  13 0.30
  3  14 0.44
  3  15 0.49
  3  16 0.49
  3  17 0.46
  3  18 0.54
  3  19 0.45
  3  20 0.47
  3  21 0.51
  3  22 0.53
  4   1 0.63
  4   2 0.62
  4   3 0.63
  4   4 1.00
  4   5 0.58
  4   6 0.49
  4   7 0.64
  4   8 0.68
  4   9 0.43
  4  10 0.60
  4  11 0.63
  4  12 0.59
  4  13 0.49
  4  14 0.45
  4  15 0.62
  4  16 0.68
  4  17 0.60
  4  18 0.61
  4  19 0.56
  4  20 0.47
  4  21 0.61
  4  22 0.69
  5   1 0.61
  5   2 0.74
  5   3 0.52
  5   4 0.58
  5   5 1.00
  5   6 0.69
  5   7 0.75
  5   8 0.64
  5   9 0.60
  5  10 0.60
  5  11 0.73
  5  12 0.55
  5  13 0.39
  5  14 0.66
  5  15 0.73
  5  16 0.68
  5  17 0.64
  5  18 0.70
  5  19 0.70
  5  20 0.71
  5  21 0.56
  5  22 0.71
  6   1 0.48
  6   2 0.66
  6   3 0.40
  6   4 0.49
  6   5 0.69
  6   6 1.00
  6   7 0.66
  6   8 0.63
  6   9 0.53
  6  10 0.55
  6  11 0.65
  6  12 0.60
  6  13 0.36
  6  14 0.63
  6  15 0.76
  6  16 0.70
  6  17 0.65
  6  18 0.70
  6  19 0.73
  6  20 0.65
  6  21 0.60
  6  22 0.63
  7   1 0.63
  7   2 0.72
  7   3 0.58
  7   4 0.64
  7   5 0.75
  7   6 0.66
  7   7 1.00
  7   8 0.57
  7   9 0.54
  7  10 0.60
  7  11 0.73
  7  12 0.54
  7  13 0.35
  7  14 0.61
  7  15 0.67
  7  16 0.65
  7  17 0.58
  7  18 0.64
  7  19 0.64
  7  20 0.66
  7  21 0.68
  7  22 0.71
  8   1 0.56
  8   2 0.60
  8   3 0.51
  8   4 0.68
  8   5 0.64
  8   6 0.63
  8   7 0.57
  8   8 1.00
  8   9 0.42
  8  10 0.70
  8  11 0.64
  8  12 0.58
  8  13 0.47
  8  14 0.46
  8  15 0.70
  8  16 0.68
  8  17 0.69
  8  18 0.64
  8  19 0.65
  8  20 0.47
  8  21 0.50
  8  22 0.66
  9   1 0.54
  9   2 0.50
  9   3 0.40
  9   4 0.43
  9   5 0.60
  9   6 0.53
  9   7 0.54
  9   8 0.42
  9   9 1.00
  9  10 0.43
  9  11 0.59
  9  12 0.48
  9  13 0.31
  9  14 0.66
  9  15 0.53
  9  16 0.51
  9  17 0.46
  9  18 0.63
  9  19 0.51
  9  20 0.55
  9  21 0.38
  9  22 0.58
 10   1 0.53
 10   2 0.65
 10   3 0.54
 10   4 0.60
 10   5 0.60
 10   6 0.55
 10   7 0.60
 10   8 0.70
 10   9 0.43
 10  10 1.00
 10  11 0.67
 10  12 0.47
 10  13 0.43
 10  14 0.45
 10  15 0.64
 10  16 0.60
 10  17 0.55
 10  18 0.60
 10  19 0.58
 10  20 0.49
 10  21 0.57
 10  22 0.63
 11   1 0.65
 11   2 0.74
 11   3 0.51
 11   4 0.63
 11   5 0.73
 11   6 0.65
 11   7 0.73
 11   8 0.64
 11   9 0.59
 11  10 0.67
 11  11 1.00
 11  12 0.56
 11  13 0.45
 11  14 0.60
 11  15 0.71
 11  16 0.70
 11  17 0.62
 11  18 0.67
 11  19 0.65
 11  20 0.57
 11  21 0.56
 11  22 0.74
 12   1 0.46
 12   2 0.52
 12   3 0.40
 12   4 0.59
 12   5 0.55
 12   6 0.60
 12   7 0.54
 12   8 0.58
 12   9 0.48
 12  10 0.47
 12  11 0.56
 12  12 1.00
 12  13 0.30
 12  14 0.53
 12  15 0.68
 12  16 0.66
 12  17 0.60
 12  18 0.53
 12  19 0.68
 12  20 0.52
 12  21 0.53
 12  22 0.55
 13   1 0.40
 13   2 0.40
 13   3 0.30
 13   4 0.49
 13   5 0.39
 13   6 0.36
 13   7 0.35
 13   8 0.47
 13   9 0.31
 13  10 0.43
 13  11 0.45
 13  12 0.30
 13  13 1.00
 13  14 0.29
 13  15 0.41
 13  16 0.47
 13  17 0.44
 13  18 0.44
 13  19 0.34
 13  20 0.25
 13  21 0.34
 13  22 0.43
 14   1 0.55
 14   2 0.54
 14   3 0.44
 14   4 0.45
 14   5 0.66
 14   6 0.63
 14   7 0.61
 14   8 0.46
 14   9 0.66
 14  10 0.45
 14  11 0.60
 14  12 0.53
 14  13 0.29
 14  14 1.00
 14  15 0.62
 14  16 0.56
 14  17 0.49
 14  18 0.59
 14  19 0.59
 14  20 0.66
 14  21 0.47
 14  22 0.56
 15   1 0.57
 15   2 0.67
 15   3 0.49
 15   4 0.62
 15   5 0.73
 15   6 0.76
 15   7 0.67
 15   8 0.70
 15   9 0.53
 15  10 0.64
 15  11 0.71
 15  12 0.68
 15  13 0.41
 15  14 0.62
 15  15 1.00
 15  16 0.74
 15  17 0.65
 15  18 0.70
 15  19 0.72
 15  20 0.59
 15  21 0.64
 15  22 0.65
 16   1 0.55
 16   2 0.67
 16   3 0.49
 16   4 0.68
 16   5 0.68
 16   6 0.70
 16   7 0.65
 16   8 0.68
 16   9 0.51
 16  10 0.60
 16  11 0.70
 16  12 0.66
 16  13 0.47
 16  14 0.56
 16  15 0.74
 16  16 1.00
 16  17 0.73
 16  18 0.64
 16  19 0.74
 16  20 0.56
 16  21 0.65
 16  22 0.70
 17   1 0.51
 17   2 0.61
 17   3 0.46
 17   4 0.60
 17   5 0.64
 17   6 0.65
 17   7 0.58
 17   8 0.69
 17   9 0.46
 17  10 0.55
 17  11 0.62
 17  12 0.60
 17  13 0.44
 17  14 0.49
 17  15 0.65
 17  16 0.73
 17  17 1.00
 17  18 0.64
 17  19 0.68
 17  20 0.48
 17  21 0.55
 17  22 0.64
 18   1 0.62
 18   2 0.65
 18   3 0.54
 18   4 0.61
 18   5 0.70
 18   6 0.70
 18   7 0.64
 18   8 0.64
 18   9 0.63
 18  10 0.60
 18  11 0.67
 18  12 0.53
 18  13 0.44
 18  14 0.59
 18  15 0.70
 18  16 0.64
 18  17 0.64
 18  18 1.00
 18  19 0.62
 18  20 0.59
 18  21 0.57
 18  22 0.66
 19   1 0.51
 19   2 0.69
 19   3 0.45
 19   4 0.56
 19   5 0.70
 19   6 0.73
 19   7 0.64
 19   8 0.65
 19   9 0.51
 19  10 0.58
 19  11 0.65
 19  12 0.68
 19  13 0.34
 19  14 0.59
 19  15 0.72
 19  16 0.74
 19  17 0.68
 19  18 0.62
 19  19 1.00
 19  20 0.62
 19  21 0.62
 19  22 0.69
 20   1 0.48
 20   2 0.62
 20   3 0.47
 20   4 0.47
 20   5 0.71
 20   6 0.65
 20   7 0.66
 20   8 0.47
 20   9 0.55
 20  10 0.49
 20  11 0.57
 20  12 0.52
 20  13 0.25
 20  14 0.66
 20  15 0.59
 20  16 0.56
 20  17 0.48
 20  18 0.59
 20  19 0.62
 20  20 1.00
 20  21 0.53
 20  22 0.59
 21   1 0.46
 21   2 0.62
 21   3 0.51
 21   4 0.61
 21   5 0.56
 21   6 0.60
 21   7 0.68
 21   8 0.50
 21   9 0.38
 21  10 0.57
 21  11 0.56
 21  12 0.53
 21  13 0.34
 21  14 0.47
 21  15 0.64
 21  16 0.65
 21  17 0.55
 21  18 0.57
 21  19 0.62
 21  20 0.53
 21  21 1.00
 21  22 0.62
 22   1 0.62
 22   2 0.75
 22   3 0.53
 22   4 0.69
 22   5 0.71
 22   6 0.63
 22   7 0.71
 22   8 0.66
 22   9 0.58
 22  10 0.63
 22  11 0.74
 22  12 0.55
 22  13 0.43
 22  14 0.56
 22  15 0.65
 22  16 0.70
 22  17 0.64
 22  18 0.66
 22  19 0.69
 22  20 0.59
 22  21 0.62
 22  22 1.00
  1   1 1.00
  1   2 0.59
  1   3 0.71
  1   4 0.63
  1   5 0.61
  1   6 0.48
  1   7 0.63
  1   8 0.56
  1   9 0.54
  1  10 0.53
  1  11 0.65
  1  12 0.45
  1  13 0.39
  1  14 0.54
  1  15 0.57
  1  16 0.55
  1  17 0.50
  1  18 0.62
  1  19 0.51
  1  20 0.48
  1  21 0.46
  1  22 0.62
  2   1 0.59
  2   2 1.00
  2   3 0.57
  2   4 0.62
  2   5 0.74
  2   6 0.66
  2   7 0.72
  2   8 0.60
  2   9 0.50
  2  10 0.65
  2  11 0.74
  2  12 0.52
  2  13 0.40
  2  14 0.53
  2  15 0.67
  2  16 0.66
  2  17 0.61
  2  18 0.65
  2  19 0.68
  2  20 0.62
  2  21 0.62
  2  22 0.75
  3   1 0.71
  3   2 0.57
  3   3 1.00
  3   4 0.63
  3   5 0.51
  3   6 0.40
  3   7 0.57
  3   8 0.51
  3   9 0.40
  3  10 0.54
  3  11 0.50
  3  12 0.40
  3  13 0.29
  3  14 0.43
  3  15 0.49
  3  16 0.48
  3  17 0.45
  3  18 0.54
  3  19 0.45
  3  20 0.46
  3  21 0.51
  3  22 0.53
  4   1 0.63
  4   2 0.62
  4   3 0.63
  4   4 1.00
  4   5 0.58
  4   6 0.49
  4   7 0.63
  4   8 0.67
  4   9 0.43
  4  10 0.60
  4  11 0.63
  4  12 0.59
  4  13 0.49
  4  14 0.45
  4  15 0.62
  4  16 0.68
  4  17 0.59
  4  18 0.61
  4  19 0.56
  4  20 0.46
  4  21 0.61
  4  22 0.68
  5   1 0.61
  5   2 0.74
  5   3 0.51
  5   4 0.58
  5   5 1.00
  5   6 0.68
  5   7 0.75
  5   8 0.63
  5   9 0.60
  5  10 0.60
  5  11 0.72
  5  12 0.55
  5  13 0.39
  5  14 0.66
  5  15 0.73
  5  16 0.67
  5  17 0.64
  5  18 0.70
  5  19 0.70
  5  20 0.71
  5  21 0.55
  5  22 0.71
  6   1 0.48
  6   2 0.66
  6   3 0.40
  6   4 0.49
  6   5 0.68
  6   6 1.00
  6   7 0.65
  6   8 0.62
  6   9 0.53
  6  10 0.55
  6  11 0.65
  6  12 0.60
  6  13 0.35
  6  14 0.62
  6  15 0.76
  6  16 0.70
  6  17 0.65
  6  18 0.70
  6  19 0.73
  6  20 0.65
  6  21 0.60
  6  22 0.63
  7   1 0.63
  7   2 0.72
  7   3 0.57
  7   4 0.63
  7   5 0.75
  7   6 0.65
  7   7 1.00
  7   8 0.57
  7   9 0.54
  7  10 0.60
  7  11 0.73
  7  12 0.54
  7  13 0.35
  7  14 0.61
  7  15 0.67
  7  16 0.65
  7  17 0.57
  7  18 0.64
  7  19 0.64
  7  20 0.66
  7  21 0.68
  7  22 0.71
  8   1 0.56
  8   2 0.60
  8   3 0.51
  8   4 0.67
  8   5 0.63
  8   6 0.62
  8   7 0.57
  8   8 1.00
  8   9 0.42
  8  10 0.69
  8  11 0.64
  8  12 0.58
  8  13 0.47
  8  14 0.45
  8  15 0.69
  8  16 0.68
  8  17 0.69
  8  18 0.64
  8  19 0.64
  8  20 0.47
  8  21 0.50
  8  22 0.65
  9   1 0.54
  9   2 0.50
  9   3 0.40
  9   4 0.43
  9   5 0.60
  9   6 0.53
  9   7 0.54
  9   8 0.42
  9   9 1.00
  9  10 0.43
  9  11 0.59
  9  12 0.48
  9  13 0.30
  9  14 0.66
  9  15 0.53
  9  16 0.51
  9  17 0.46
  9  18 0.63
  9  19 0.50
  9  20 0.55
  9  21 0.38
  9  22 0.58
 10   1 0.53
 10   2 0.65
 10   3 0.54
 10   4 0.60
 10   5 0.60
 10   6 0.55
 10   7 0.60
 10   8 0.69
 10   9 0.43
 10  10 1.00
 10  11 0.67
 10  12 0.47
 10  13 0.43
 10  14 0.45
 10  15 0.64
 10  16 0.60
 10  17 0.54
 10  18 0.60
 10  19 0.57
 10  20 0.49
 10  21 0.57
 10  22 0.63
 11   1 0.65
 11   2 0.74
 11   3 0.50
 11   4 0.63
 11   5 0.72
 11   6 0.65
 11   7 0.73
 11   8 0.64
 11   9 0.59
 11  10 0.67
 11  11 1.00
 11  12 0.56
 11  13 0.44
 11  14 0.60
 11  15 0.71
 11  16 0.69
 11  17 0.62
 11  18 0.67
 11  19 0.65
 11  20 0.57
 11  21 0.55
 11  22 0.74
 12   1 0.45
 12   2 0.52
 12   3 0.40
 12   4 0.59
 12   5 0.55
 12   6 0.60
 12   7 0.54
 12   8 0.58
 12   9 0.48
 12  10 0.47
 12  11 0.56
 12  12 1.00
 12  13 0.30
 12  14 0.53
 12  15 0.68
 12  16 0.66
 12  17 0.60
 12  18 0.53
 12  19 0.67
 12  20 0.51
 12  21 0.52
 12  22 0.55
 13   1 0.39
 13   2 0.40
 13   3 0.29
 13   4 0.49
 13   5 0.39
 13   6 0.35
 13   7 0.35
 13   8 0.47
 13   9 0.30
 13  10 0.43
 13  11 0.44
 13  12 0.30
 13  13 1.00
 13  14 0.29
 13  15 0.40
 13  16 0.47
 13  17 0.43
 13  18 0.44
 13  19 0.34
 13  20 0.24
 13  21 0.34
 13  22 0.43
 14   1 0.54
 14   2 0.53
 14   3 0.43
 14   4 0.45
 14   5 0.66
 14   6 0.62
 14   7 0.61
 14   8 0.45
 14   9 0.66
 14  10 0.45
 14  11 0.60
 14  12 0.53
 14  13 0.29
 14  14 1.00
 14  15 0.61
 14  16 0.56
 14  17 0.49
 14  18 0.58
 14  19 0.59
 14  20 0.66
 14  21 0.47
 14  22 0.56
 15   1 0.57
 15   2 0.67
 15   3 0.49
 15   4 0.62
 15   5 0.73
 15   6 0.76
 15   7 0.67
 15   8 0.69
 15   9 0.53
 15  10 0.64
 15  11 0.71
 15  12 0.68
 15  13 0.40
 15  14 0.61
 15  15 1.00
 15  16 0.74
 15  17 0.65
 15  18 0.69
 15  19 0.71
 15  20 0.59
 15  21 0.64
 15  22 0.65
 16   1 0.55
 16   2 0.66
 16   3 0.48
 16   4 0.68
 16   5 0.67
 16   6 0.70
 16   7 0.65
 16   8 0.68
 16   9 0.51
 16  10 0.60
 16  11 0.69
 16  12 0.66
 16  13 0.47
 16  14 0.56
 16  15 0.74
 16  16 1.00
 16  17 0.73
 16  18 0.64
 16  19 0.74
 16  20 0.56
 16  21 0.65
 16  22 0.70
 17   1 0.50
 17   2 0.61
 17   3 0.45
 17   4 0.59
 17   5 0.64
 17   6 0.65
 17   7 0.57
 17   8 0.69
 17   9 0.46
 17  10 0.54
 17  11 0.62
 17  12 0.60
 17  13 0.43
 17  14 0.49
 17  15 0.65
 17  16 0.73
 17  17 1.00
 17  18 0.64
 17  19 0.67
 17  20 0.48
 17  21 0.54
 17  22 0.64
 18   1 0.62
 18   2 0.65
 18   3 0.54
 18   4 0.61
 18   5 0.70
 18   6 0.70
 18   7 0.64
 18   8 0.64
 18   9 0.63
 18  10 0.60
 18  11 0.67
 18  12 0.53
 18  13 0.44
 18  14 0.58
 18  15 0.69
 18  16 0.64
 18  17 0.64
 18  18 1.00
 18  19 0.62
 18  20 0.58
 18  21 0.57
 18  22 0.66
 19   1 0.51
 19   2 0.68
 19   3 0.45
 19   4 0.56
 19   5 0.70
 19   6 0.73
 19   7 0.64
 19   8 0.64
 19   9 0.50
 19  10 0.57
 19  11 0.65
 19  12 0.67
 19  13 0.34
 19  14 0.59
 19  15 0.71
 19  16 0.74
 19  17 0.67
 19  18 0.62
 19  19 1.00
 19  20 0.62
 19  21 0.61
 19  22 0.68
 20   1 0.48
 20   2 0.62
 20   3 0.46
 20   4 0.46
 20   5 0.71
 20   6 0.65
 20   7 0.66
 20   8 0.47
 20   9 0.55
 20  10 0.49
 20  11 0.57
 20  12 0.51
 20  13 0.24
 20  14 0.66
 20  15 0.59
 20  16 0.56
 20  17 0.48
 20  18 0.58
 20  19 0.62
 20  20 1.00
 20  21 0.53
 20  22 0.59
 21   1 0.46
 21   2 0.62
 21   3 0.51
 21   4 0.61
 21   5 0.55
 21   6 0.60
 21   7 0.68
 21   8 0.50
 21   9 0.38
 21  10 0.57
 21  11 0.55
 21  12 0.52
 21  13 0.34
 21  14 0.47
 21  15 0.64
 21  16 0.65
 21  17 0.54
 21  18 0.57
 21  19 0.61
 21  20 0.53
 21  21 1.00
 21  22 0.61
 22   1 0.62
 22   2 0.75
 22   3 0.53
 22   4 0.68
 22   5 0.71
 22   6 0.63
 22   7 0.71
 22   8 0.65
 22   9 0.58
 22  10 0.63
 22  11 0.74
 22  12 0.55
 22  13 0.43
 22  14 0.56
 22  15 0.65
 22  16 0.70
 22  17 0.64
 22  18 0.66
 22  19 0.68
 22  20 0.59
 22  21 0.61
 22  22 1.00
