  1   1 0.42
  1   2 0.66
  1   3 0.28
  1   4 0.21
  1   5 0.50
  1   6 0.47
  1   7 0.36
  1   8 0.42
  1   9 0.24
  1  10 0.37
  1  11 0.61
  1  12 0.67
  1  13 0.67
  1  14 0.48
  1  15 0.37
  1  16 0.60
  1  17 0.34
  1  18 0.57
  1  19 0.49
  1  20 0.76
  1  21 0.46
  1  22 0.47
  2   1 0.63
  2   2 0.64
  2   3 0.31
  2   4 0.57
  2   5 0.69
  2   6 0.72
  2   7 0.48
  2   8 0.67
  2   9 0.41
  2  10 0.39
  2  11 0.61
  2  12 0.75
  2  13 0.59
  2  14 0.67
  2  15 0.73
  2  16 0.67
  2  17 0.39
  2  18 0.56
  2  19 0.60
  2  20 0.37
  2  21 0.52
  2  22 0.60
  3   1 0.60
  3   2 0.72
  3   3 0.46
  3   4 0.27
  3   5 0.62
  3   6 0.65
  3   7 0.46
  3   8 0.57
  3   9 0.50
  3  10 0.63
  3  11 0.75
  3  12 0.67
  3  13 0.78
  3  14 0.71
  3  15 0.52
  3  16 0.60
  3  17 0.62
  3  18 0.42
  3  19 0.63
  3  20 0.62
  3  21 0.62
  3  22 0.77
  4   1 0.51
  4   2 0.62
  4   3 0.40
  4   4 0.24
  4   5 0.55
  4   6 0.57
  4   7 0.40
  4   8 0.55
  4   9 0.31
  4  10 0.76
  4  11 0.65
  4  12 0.66
  4  13 0.61
  4  14 0.65
  4  15 0.54
  4  16 0.58
  4  17 0.45
  4  18 0.51
  4  19 0.55
  4  20 0.52
  4  21 0.67
  4  22 0.55
  5   1 0.36
  5   2 0.61
  5   3 0.18
  5   4 0.15
  5   5 0.45
  5   6 0.43
  5   7 0.27
  5   8 0.37
  5   9 0.20
  5  10 0.25
  5  11 0.55
  5  12 0.55
  5  13 0.63
  5  14 0.42
  5  15 0.29
  5  16 0.52
  5  17 0.27
  5  18 0.47
  5  19 0.47
  5  20 0.69
  5  21 0.29
  5  22 0.46
  6   1 0.57
  6   2 0.52
  6   3 0.76
  6   4 0.41
  6   5 0.54
  6   6 0.61
  6   7 0.70
  6   8 0.58
  6   9 0.63
  6  10 0.56
  6  11 0.53
  6  12 0.51
  6  13 0.55
  6  14 0.54
  6  15 0.56
  6  16 0.40
  6  17 0.66
  6  18 0.21
  6  19 0.43
  6  20 0.38
  6  21 0.78
  6  22 0.50
  7   1 0.71
  7   2 0.79
  7   3 0.31
  7   4 0.42
  7   5 0.77
  7   6 0.75
  7   7 0.44
  7   8 0.69
  7   9 0.36
  7  10 0.50
  7  11 0.82
  7  12 0.86
  7  13 0.79
  7  14 0.73
  7  15 0.62
  7  16 0.82
  7  17 0.39
  7  18 0.67
  7  19 0.74
  7  20 0.59
  7  21 0.54
  7  22 0.63
  8   1 0.72
  8   2 0.67
  8   3 0.67
  8   4 0.40
  8   5 0.74
  8   6 0.77
  8   7 0.71
  8   8 0.75
  8   9 0.73
  8  10 0.56
  8  11 0.70
  8  12 0.62
  8  13 0.69
  8  14 0.73
  8  15 0.68
  8  16 0.58
  8  17 0.56
  8  18 0.32
  8  19 0.60
  8  20 0.38
  8  21 0.78
  8  22 0.70
  9   1 0.45
  9   2 0.40
  9   3 0.65
  9   4 0.32
  9   5 0.38
  9   6 0.45
  9   7 0.48
  9   8 0.40
  9   9 0.51
  9  10 0.55
  9  11 0.47
  9  12 0.43
  9  13 0.48
  9  14 0.42
  9  15 0.37
  9  16 0.34
  9  17 0.73
  9  18 0.16
  9  19 0.35
  9  20 0.34
  9  21 0.62
  9  22 0.44
 10   1 0.78
 10   2 0.67
 10   3 0.55
 10   4 0.53
 10   5 0.76
 10   6 0.83
 10   7 0.58
 10   8 0.71
 10   9 0.71
 10  10 0.56
 10  11 0.66
 10  12 0.68
 10  13 0.59
 10  14 0.79
 10  15 0.69
 10  16 0.64
 10  17 0.53
 10  18 0.41
 10  19 0.73
 10  20 0.29
 10  21 0.60
 10  22 0.70
 11   1 0.66
 11   2 0.76
 11   3 0.27
 11   4 0.27
 11   5 0.58
 11   6 0.59
 11   7 0.37
 11   8 0.53
 11   9 0.36
 11  10 0.36
 11  11 0.71
 11  12 0.78
 11  13 0.67
 11  14 0.58
 11  15 0.47
 11  16 0.73
 11  17 0.34
 11  18 0.72
 11  19 0.63
 11  20 0.69
 11  21 0.40
 11  22 0.53
 12   1 0.65
 12   2 0.56
 12   3 0.25
 12   4 0.52
 12   5 0.65
 12   6 0.71
 12   7 0.43
 12   8 0.63
 12   9 0.49
 12  10 0.45
 12  11 0.56
 12  12 0.64
 12  13 0.51
 12  14 0.70
 12  15 0.65
 12  16 0.61
 12  17 0.32
 12  18 0.47
 12  19 0.63
 12  20 0.26
 12  21 0.46
 12  22 0.69
 13   1 0.47
 13   2 0.51
 13   3 0.28
 13   4 0.23
 13   5 0.42
 13   6 0.47
 13   7 0.22
 13   8 0.38
 13   9 0.40
 13  10 0.25
 13  11 0.56
 13  12 0.47
 13  13 0.51
 13  14 0.45
 13  15 0.32
 13  16 0.47
 13  17 0.55
 13  18 0.36
 13  19 0.44
 13  20 0.42
 13  21 0.28
 13  22 0.51
 14   1 0.69
 14   2 0.65
 14   3 0.65
 14   4 0.60
 14   5 0.71
 14   6 0.79
 14   7 0.72
 14   8 0.74
 14   9 0.63
 14  10 0.56
 14  11 0.67
 14  12 0.72
 14  13 0.68
 14  14 0.73
 14  15 0.74
 14  16 0.60
 14  17 0.58
 14  18 0.40
 14  19 0.59
 14  20 0.43
 14  21 0.81
 14  22 0.66
 15   1 0.60
 15   2 0.66
 15   3 0.55
 15   4 0.23
 15   5 0.61
 15   6 0.62
 15   7 0.54
 15   8 0.59
 15   9 0.48
 15  10 0.59
 15  11 0.69
 15  12 0.59
 15  13 0.70
 15  14 0.66
 15  15 0.49
 15  16 0.52
 15  17 0.60
 15  18 0.34
 15  19 0.53
 15  20 0.47
 15  21 0.76
 15  22 0.61
 16   1 0.57
 16   2 0.67
 16   3 0.45
 16   4 0.21
 16   5 0.53
 16   6 0.58
 16   7 0.36
 16   8 0.49
 16   9 0.51
 16  10 0.58
 16  11 0.73
 16  12 0.56
 16  13 0.70
 16  14 0.64
 16  15 0.41
 16  16 0.52
 16  17 0.69
 16  18 0.35
 16  19 0.57
 16  20 0.52
 16  21 0.53
 16  22 0.67
 17   1 0.67
 17   2 0.73
 17   3 0.46
 17   4 0.29
 17   5 0.66
 17   6 0.66
 17   7 0.45
 17   8 0.59
 17   9 0.51
 17  10 0.51
 17  11 0.80
 17  12 0.72
 17  13 0.80
 17  14 0.67
 17  15 0.45
 17  16 0.61
 17  17 0.56
 17  18 0.42
 17  19 0.63
 17  20 0.61
 17  21 0.62
 17  22 0.67
 18   1 0.32
 18   2 0.55
 18   3 0.17
 18   4 0.22
 18   5 0.41
 18   6 0.33
 18   7 0.27
 18   8 0.30
 18   9 0.11
 18  10 0.23
 18  11 0.48
 18  12 0.64
 18  13 0.57
 18  14 0.31
 18  15 0.30
 18  16 0.54
 18  17 0.22
 18  18 0.54
 18  19 0.35
 18  20 0.80
 18  21 0.37
 18  22 0.30
 19   1 0.72
 19   2 0.83
 19   3 0.38
 19   4 0.37
 19   5 0.78
 19   6 0.80
 19   7 0.48
 19   8 0.73
 19   9 0.53
 19  10 0.51
 19  11 0.85
 19  12 0.81
 19  13 0.76
 19  14 0.78
 19  15 0.68
 19  16 0.84
 19  17 0.42
 19  18 0.80
 19  19 0.76
 19  20 0.61
 19  21 0.54
 19  22 0.65
 20   1 0.57
 20   2 0.56
 20   3 0.67
 20   4 0.37
 20   5 0.55
 20   6 0.61
 20   7 0.54
 20   8 0.55
 20   9 0.63
 20  10 0.51
 20  11 0.60
 20  12 0.51
 20  13 0.67
 20  14 0.58
 20  15 0.47
 20  16 0.40
 20  17 0.68
 20  18 0.19
 20  19 0.48
 20  20 0.41
 20  21 0.71
 20  22 0.60
 21   1 0.68
 21   2 0.67
 21   3 0.62
 21   4 0.45
 21   5 0.68
 21   6 0.68
 21   7 0.61
 21   8 0.70
 21   9 0.62
 21  10 0.45
 21  11 0.67
 21  12 0.59
 21  13 0.67
 21  14 0.66
 21  15 0.67
 21  16 0.56
 21  17 0.59
 21  18 0.34
 21  19 0.51
 21  20 0.37
 21  21 0.64
 21  22 0.57
 22   1 0.72
 22   2 0.75
 22   3 0.57
 22   4 0.29
 22   5 0.72
 22   6 0.76
 22   7 0.58
 22   8 0.74
 22   9 0.59
 22  10 0.57
 22  11 0.83
 22  12 0.69
 22  13 0.84
 22  14 0.77
 22  15 0.57
 22  16 0.65
 22  17 0.60
 22  18 0.46
 22  19 0.69
 22  20 0.49
 22  21 0.69
 22  22 0.76
  1   1 0.42
  1   2 0.66
  1   3 0.28
  1   4 0.21
  1   5 0.50
  1   6 0.46
  1   7 0.35
  1   8 0.42
  1   9 0.24
  1  10 0.37
  1  11 0.61
  1  12 0.66
  1  13 0.67
  1  14 0.48
  1  15 0.37
  1  16 0.60
  1  17 0.34
  1  18 0.57
  1  19 0.49
  1  20 0.76
  1  21 0.46
  1  22 0.47
  2   1 0.63
  2   2 0.64
  2   3 0.31
  2   4 0.57
  2   5 0.69
  2   6 0.72
  2   7 0.48
  2   8 0.67
  2   9 0.41
  2  10 0.39
  2  11 0.61
  2  12 0.75
  2  13 0.59
  2  14 0.67
  2  15 0.73
  2  16 0.67
  2  17 0.39
  2  18 0.56
  2  19 0.60
  2  20 0.37
  2  21 0.52
  2  22 0.60
  3   1 0.60
  3   2 0.71
  3   3 0.46
  3   4 0.27
  3   5 0.62
  3   6 0.65
  3   7 0.46
  3   8 0.57
  3   9 0.50
  3  10 0.63
  3  11 0.75
  3  12 0.67
  3  13 0.78
  3  14 0.70
  3  15 0.52
  3  16 0.60
  3  17 0.62
  3  18 0.42
  3  19 0.63
  3  20 0.62
  3  21 0.62
  3  22 0.77
  4   1 0.50
  4   2 0.62
  4   3 0.40
  4   4 0.24
  4   5 0.55
  4   6 0.57
  4   7 0.40
  4   8 0.55
  4   9 0.31
  4  10 0.76
  4  11 0.65
  4  12 0.66
  4  13 0.61
  4  14 0.65
  4  15 0.54
  4  16 0.58
  4  17 0.45
  4  18 0.51
  4  19 0.55
  4  20 0.52
  4  21 0.67
  4  22 0.55
  5   1 0.36
  5   2 0.61
  5   3 0.18
  5   4 0.15
  5   5 0.45
  5   6 0.43
  5   7 0.27
  5   8 0.37
  5   9 0.20
  5  10 0.25
  5  11 0.55
  5  12 0.55
  5  13 0.63
  5  14 0.42
  5  15 0.29
  5  16 0.52
  5  17 0.26
  5  18 0.47
  5  19 0.47
  5  20 0.69
  5  21 0.29
  5  22 0.46
  6   1 0.57
  6   2 0.51
  6   3 0.76
  6   4 0.40
  6   5 0.54
  6   6 0.61
  6   7 0.70
  6   8 0.58
  6   9 0.63
  6  10 0.56
  6  11 0.53
  6  12 0.51
  6  13 0.55
  6  14 0.54
  6  15 0.56
  6  16 0.40
  6  17 0.66
  6  18 0.21
  6  19 0.43
  6  20 0.38
  6  21 0.78
  6  22 0.50
  7   1 0.71
  7   2 0.79
  7   3 0.31
  7   4 0.42
  7   5 0.77
  7   6 0.75
  7   7 0.44
  7   8 0.69
  7   9 0.36
  7  10 0.50
  7  11 0.82
  7  12 0.86
  7  13 0.79
  7  14 0.73
  7  15 0.62
  7  16 0.82
  7  17 0.39
  7  18 0.67
  7  19 0.74
  7  20 0.59
  7  21 0.54
  7  22 0.63
  8   1 0.72
  8   2 0.67
  8   3 0.67
  8   4 0.40
  8   5 0.74
  8   6 0.77
  8   7 0.71
  8   8 0.74
  8   9 0.73
  8  10 0.56
  8  11 0.70
  8  12 0.62
  8  13 0.69
  8  14 0.73
  8  15 0.68
  8  16 0.58
  8  17 0.56
  8  18 0.32
  8  19 0.60
  8  20 0.38
  8  21 0.78
  8  22 0.70
  9   1 0.45
  9   2 0.40
  9   3 0.65
  9   4 0.32
  9   5 0.38
  9   6 0.45
  9   7 0.48
  9   8 0.40
  9   9 0.51
  9  10 0.55
  9  11 0.47
  9  12 0.43
  9  13 0.48
  9  14 0.42
  9  15 0.37
  9  16 0.34
  9  17 0.73
  9  18 0.16
  9  19 0.35
  9  20 0.34
  9  21 0.62
  9  22 0.44
 10   1 0.78
 10   2 0.67
 10   3 0.55
 10   4 0.53
 10   5 0.76
 10   6 0.83
 10   7 0.57
 10   8 0.71
 10   9 0.71
 10  10 0.56
 10  11 0.66
 10  12 0.68
 10  13 0.59
 10  14 0.79
 10  15 0.69
 10  16 0.64
 10  17 0.53
 10  18 0.41
 10  19 0.73
 10  20 0.29
 10  21 0.60
 10  22 0.70
 11   1 0.66
 11   2 0.76
 11   3 0.27
 11   4 0.27
 11   5 0.58
 11   6 0.59
 11   7 0.37
 11   8 0.53
 11   9 0.36
 11  10 0.36
 11  11 0.71
 11  12 0.78
 11  13 0.66
 11  14 0.58
 11  15 0.47
 11  16 0.73
 11  17 0.34
 11  18 0.72
 11  19 0.63
 11  20 0.69
 11  21 0.40
 11  22 0.52
 12   1 0.65
 12   2 0.56
 12   3 0.25
 12   4 0.52
 12   5 0.65
 12   6 0.71
 12   7 0.43
 12   8 0.62
 12   9 0.49
 12  10 0.45
 12  11 0.56
 12  12 0.64
 12  13 0.51
 12  14 0.70
 12  15 0.65
 12  16 0.60
 12  17 0.31
 12  18 0.47
 12  19 0.63
 12  20 0.26
 12  21 0.46
 12  22 0.69
 13   1 0.47
 13   2 0.51
 13   3 0.28
 13   4 0.23
 13   5 0.41
 13   6 0.47
 13   7 0.22
 13   8 0.38
 13   9 0.40
 13  10 0.25
 13  11 0.56
 13  12 0.47
 13  13 0.51
 13  14 0.45
 13  15 0.32
 13  16 0.47
 13  17 0.54
 13  18 0.36
 13  19 0.44
 13  20 0.42
 13  21 0.28
 13  22 0.51
 14   1 0.69
 14   2 0.65
 14   3 0.65
 14   4 0.60
 14   5 0.71
 14   6 0.79
 14   7 0.72
 14   8 0.74
 14   9 0.63
 14  10 0.56
 14  11 0.67
 14  12 0.72
 14  13 0.68
 14  14 0.73
 14  15 0.74
 14  16 0.59
 14  17 0.58
 14  18 0.40
 14  19 0.59
 14  20 0.43
 14  21 0.81
 14  22 0.66
 15   1 0.60
 15   2 0.66
 15   3 0.55
 15   4 0.22
 15   5 0.61
 15   6 0.62
 15   7 0.54
 15   8 0.59
 15   9 0.48
 15  10 0.59
 15  11 0.69
 15  12 0.59
 15  13 0.70
 15  14 0.66
 15  15 0.49
 15  16 0.52
 15  17 0.60
 15  18 0.34
 15  19 0.53
 15  20 0.47
 15  21 0.76
 15  22 0.61
 16   1 0.57
 16   2 0.67
 16   3 0.44
 16   4 0.21
 16   5 0.53
 16   6 0.58
 16   7 0.36
 16   8 0.49
 16   9 0.51
 16  10 0.58
 16  11 0.73
 16  12 0.56
 16  13 0.70
 16  14 0.64
 16  15 0.41
 16  16 0.52
 16  17 0.68
 16  18 0.35
 16  19 0.57
 16  20 0.52
 16  21 0.53
 16  22 0.67
 17   1 0.67
 17   2 0.72
 17   3 0.46
 17   4 0.28
 17   5 0.66
 17   6 0.66
 17   7 0.45
 17   8 0.59
 17   9 0.51
 17  10 0.51
 17  11 0.80
 17  12 0.72
 17  13 0.80
 17  14 0.67
 17  15 0.45
 17  16 0.61
 17  17 0.56
 17  18 0.42
 17  19 0.63
 17  20 0.61
 17  21 0.62
 17  22 0.67
 18   1 0.32
 18   2 0.55
 18   3 0.17
 18   4 0.22
 18   5 0.41
 18   6 0.33
 18   7 0.27
 18   8 0.30
 18   9 0.11
 18  10 0.23
 18  11 0.48
 18  12 0.64
 18  13 0.57
 18  14 0.31
 18  15 0.30
 18  16 0.54
 18  17 0.22
 18  18 0.54
 18  19 0.35
 18  20 0.80
 18  21 0.37
 18  22 0.30
 19   1 0.72
 19   2 0.83
 19   3 0.38
 19   4 0.37
 19   5 0.78
 19   6 0.80
 19   7 0.48
 19   8 0.73
 19   9 0.52
 19  10 0.51
 19  11 0.85
 19  12 0.81
 19  13 0.76
 19  14 0.78
 19  15 0.68
 19  16 0.84
 19  17 0.42
 19  18 0.80
 19  19 0.76
 19  20 0.61
 19  21 0.54
 19  22 0.65
 20   1 0.56
 20   2 0.56
 20   3 0.67
 20   4 0.37
 20   5 0.55
 20   6 0.61
 20   7 0.54
 20   8 0.55
 20   9 0.63
 20  10 0.51
 20  11 0.60
 20  12 0.51
 20  13 0.67
 20  14 0.58
 20  15 0.47
 20  16 0.39
 20  17 0.68
 20  18 0.19
 20  19 0.48
 20  20 0.41
 20  21 0.71
 20  22 0.60
 21   1 0.68
 21   2 0.67
 21   3 0.62
 21   4 0.45
 21   5 0.67
 21   6 0.68
 21   7 0.61
 21   8 0.70
 21   9 0.62
 21  10 0.45
 21  11 0.67
 21  12 0.59
 21  13 0.67
 21  14 0.66
 21  15 0.67
 21  16 0.56
 21  17 0.59
 21  18 0.34
 21  19 0.51
 21  20 0.37
 21  21 0.64
 21  22 0.57
 22   1 0.72
 22   2 0.75
 22   3 0.57
 22   4 0.29
 22   5 0.72
 22   6 0.76
 22   7 0.58
 22   8 0.74
 22   9 0.59
 22  10 0.57
 22  11 0.83
 22  12 0.69
 22  13 0.84
 22  14 0.77
 22  15 0.57
 22  16 0.65
 22  17 0.60
 22  18 0.46
 22  19 0.69
 22  20 0.49
 22  21 0.69
 22  22 0.76
  1   1 0.42
  1   2 0.66
  1   3 0.28
  1   4 0.21
  1   5 0.50
  1   6 0.46
  1   7 0.35
  1   8 0.42
  1   9 0.24
  1  10 0.37
  1  11 0.61
  1  12 0.66
  1  13 0.67
  1  14 0.48
  1  15 0.37
  1  16 0.60
  1  17 0.34
  1  18 0.57
  1  19 0.49
  1  20 0.76
  1  21 0.46
  1  22 0.47
  2   1 0.63
  2   2 0.64
  2   3 0.31
  2   4 0.57
  2   5 0.69
  2   6 0.72
  2   7 0.48
  2   8 0.67
  2   9 0.41
  2  10 0.39
  2  11 0.61
  2  12 0.75
  2  13 0.59
  2  14 0.67
  2  15 0.73
  2  16 0.67
  2  17 0.39
  2  18 0.56
  2  19 0.60
  2  20 0.37
  2  21 0.52
  2  22 0.60
  3   1 0.60
  3   2 0.71
  3   3 0.46
  3   4 0.27
  3   5 0.62
  3   6 0.65
  3   7 0.46
  3   8 0.57
  3   9 0.50
  3  10 0.63
  3  11 0.75
  3  12 0.67
  3  13 0.78
  3  14 0.70
  3  15 0.52
  3  16 0.60
  3  17 0.62
  3  18 0.42
  3  19 0.63
  3  20 0.62
  3  21 0.62
  3  22 0.77
  4   1 0.50
  4   2 0.62
  4   3 0.40
  4   4 0.24
  4   5 0.55
  4   6 0.57
  4   7 0.40
  4   8 0.55
  4   9 0.31
  4  10 0.76
  4  11 0.65
  4  12 0.66
  4  13 0.61
  4  14 0.65
  4  15 0.54
  4  16 0.58
  4  17 0.45
  4  18 0.51
  4  19 0.55
  4  20 0.52
  4  21 0.67
  4  22 0.55
  5   1 0.36
  5   2 0.61
  5   3 0.18
  5   4 0.15
  5   5 0.45
  5   6 0.43
  5   7 0.27
  5   8 0.37
  5   9 0.20
  5  10 0.25
  5  11 0.55
  5  12 0.55
  5  13 0.63
  5  14 0.42
  5  15 0.29
  5  16 0.52
  5  17 0.26
  5  18 0.47
  5  19 0.47
  5  20 0.69
  5  21 0.29
  5  22 0.46
  6   1 0.57
  6   2 0.51
  6   3 0.76
  6   4 0.40
  6   5 0.54
  6   6 0.61
  6   7 0.70
  6   8 0.58
  6   9 0.63
  6  10 0.56
  6  11 0.53
  6  12 0.51
  6  13 0.55
  6  14 0.54
  6  15 0.56
  6  16 0.40
  6  17 0.66
  6  18 0.21
  6  19 0.43
  6  20 0.38
  6  21 0.78
  6  22 0.50
  7   1 0.71
  7   2 0.79
  7   3 0.31
  7   4 0.42
  7   5 0.77
  7   6 0.75
  7   7 0.44
  7   8 0.69
  7   9 0.36
  7  10 0.50
  7  11 0.82
  7  12 0.86
  7  13 0.79
  7  14 0.73
  7  15 0.62
  7  16 0.82
  7  17 0.39
  7  18 0.67
  7  19 0.74
  7  20 0.59
  7  21 0.54
  7  22 0.63
  8   1 0.72
  8   2 0.67
  8   3 0.67
  8   4 0.40
  8   5 0.74
  8   6 0.77
  8   7 0.71
  8   8 0.74
  8   9 0.73
  8  10 0.56
  8  11 0.70
  8  12 0.62
  8  13 0.69
  8  14 0.73
  8  15 0.68
  8  16 0.58
  8  17 0.56
  8  18 0.32
  8  19 0.60
  8  20 0.38
  8  21 0.78
  8  22 0.70
  9   1 0.45
  9   2 0.40
  9   3 0.65
  9   4 0.32
  9   5 0.38
  9   6 0.45
  9   7 0.48
  9   8 0.40
  9   9 0.51
  9  10 0.55
  9  11 0.47
  9  12 0.43
  9  13 0.48
  9  14 0.42
  9  15 0.37
  9  16 0.34
  9  17 0.73
  9  18 0.16
  9  19 0.35
  9  20 0.34
  9  21 0.62
  9  22 0.44
 10   1 0.78
 10   2 0.67
 10   3 0.55
 10   4 0.53
 10   5 0.76
 10   6 0.83
 10   7 0.57
 10   8 0.71
 10   9 0.71
 10  10 0.56
 10  11 0.66
 10  12 0.68
 10  13 0.59
 10  14 0.79
 10  15 0.69
 10  16 0.64
 10  17 0.53
 10  18 0.41
 10  19 0.73
 10  20 0.29
 10  21 0.60
 10  22 0.70
 11   1 0.66
 11   2 0.76
 11   3 0.27
 11   4 0.27
 11   5 0.58
 11   6 0.59
 11   7 0.37
 11   8 0.53
 11   9 0.36
 11  10 0.36
 11  11 0.71
 11  12 0.78
 11  13 0.66
 11  14 0.58
 11  15 0.47
 11  16 0.73
 11  17 0.34
 11  18 0.72
 11  19 0.63
 11  20 0.69
 11  21 0.40
 11  22 0.52
 12   1 0.65
 12   2 0.56
 12   3 0.25
 12   4 0.52
 12   5 0.65
 12   6 0.71
 12   7 0.43
 12   8 0.62
 12   9 0.49
 12  10 0.45
 12  11 0.56
 12  12 0.64
 12  13 0.51
 12  14 0.70
 12  15 0.65
 12  16 0.60
 12  17 0.31
 12  18 0.47
 12  19 0.63
 12  20 0.26
 12  21 0.46
 12  22 0.69
 13   1 0.47
 13   2 0.51
 13   3 0.28
 13   4 0.23
 13   5 0.41
 13   6 0.47
 13   7 0.22
 13   8 0.38
 13   9 0.40
 13  10 0.25
 13  11 0.56
 13  12 0.47
 13  13 0.51
 13  14 0.45
 13  15 0.32
 13  16 0.47
 13  17 0.54
 13  18 0.36
 13  19 0.44
 13  20 0.42
 13  21 0.28
 13  22 0.51
 14   1 0.69
 14   2 0.65
 14   3 0.65
 14   4 0.60
 14   5 0.71
 14   6 0.79
 14   7 0.72
 14   8 0.74
 14   9 0.63
 14  10 0.56
 14  11 0.67
 14  12 0.72
 14  13 0.68
 14  14 0.73
 14  15 0.74
 14  16 0.59
 14  17 0.58
 14  18 0.40
 14  19 0.59
 14  20 0.43
 14  21 0.81
 14  22 0.66
 15   1 0.60
 15   2 0.66
 15   3 0.55
 15   4 0.22
 15   5 0.61
 15   6 0.62
 15   7 0.54
 15   8 0.59
 15   9 0.48
 15  10 0.59
 15  11 0.69
 15  12 0.59
 15  13 0.70
 15  14 0.66
 15  15 0.49
 15  16 0.52
 15  17 0.60
 15  18 0.34
 15  19 0.53
 15  20 0.47
 15  21 0.76
 15  22 0.61
 16   1 0.57
 16   2 0.67
 16   3 0.44
 16   4 0.21
 16   5 0.53
 16   6 0.58
 16   7 0.36
 16   8 0.49
 16   9 0.51
 16  10 0.58
 16  11 0.73
 16  12 0.56
 16  13 0.70
 16  14 0.64
 16  15 0.41
 16  16 0.52
 16  17 0.68
 16  18 0.35
 16  19 0.57
 16  20 0.52
 16  21 0.53
 16  22 0.67
 17   1 0.67
 17   2 0.72
 17   3 0.46
 17   4 0.28
 17   5 0.66
 17   6 0.66
 17   7 0.45
 17   8 0.59
 17   9 0.51
 17  10 0.51
 17  11 0.80
 17  12 0.72
 17  13 0.80
 17  14 0.67
 17  15 0.45
 17  16 0.61
 17  17 0.56
 17  18 0.42
 17  19 0.63
 17  20 0.61
 17  21 0.62
 17  22 0.67
 18   1 0.32
 18   2 0.55
 18   3 0.17
 18   4 0.22
 18   5 0.41
 18   6 0.33
 18   7 0.27
 18   8 0.30
 18   9 0.11
 18  10 0.23
 18  11 0.48
 18  12 0.64
 18  13 0.57
 18  14 0.31
 18  15 0.30
 18  16 0.54
 18  17 0.22
 18  18 0.54
 18  19 0.35
 18  20 0.80
 18  21 0.37
 18  22 0.30
 19   1 0.72
 19   2 0.83
 19   3 0.38
 19   4 0.37
 19   5 0.78
 19   6 0.80
 19   7 0.48
 19   8 0.73
 19   9 0.52
 19  10 0.51
 19  11 0.85
 19  12 0.81
 19  13 0.76
 19  14 0.78
 19  15 0.68
 19  16 0.84
 19  17 0.42
 19  18 0.80
 19  19 0.76
 19  20 0.61
 19  21 0.54
 19  22 0.65
 20   1 0.56
 20   2 0.56
 20   3 0.67
 20   4 0.37
 20   5 0.55
 20   6 0.61
 20   7 0.54
 20   8 0.55
 20   9 0.63
 20  10 0.51
 20  11 0.60
 20  12 0.51
 20  13 0.67
 20  14 0.58
 20  15 0.47
 20  16 0.39
 20  17 0.68
 20  18 0.19
 20  19 0.48
 20  20 0.41
 20  21 0.71
 20  22 0.60
 21   1 0.68
 21   2 0.67
 21   3 0.62
 21   4 0.45
 21   5 0.67
 21   6 0.68
 21   7 0.61
 21   8 0.70
 21   9 0.62
 21  10 0.45
 21  11 0.67
 21  12 0.59
 21  13 0.67
 21  14 0.66
 21  15 0.67
 21  16 0.56
 21  17 0.59
 21  18 0.34
 21  19 0.51
 21  20 0.37
 21  21 0.64
 21  22 0.57
 22   1 0.72
 22   2 0.75
 22   3 0.57
 22   4 0.29
 22   5 0.72
 22   6 0.76
 22   7 0.58
 22   8 0.74
 22   9 0.59
 22  10 0.57
 22  11 0.83
 22  12 0.69
 22  13 0.84
 22  14 0.77
 22  15 0.57
 22  16 0.65
 22  17 0.60
 22  18 0.46
 22  19 0.69
 22  20 0.49
 22  21 0.69
 22  22 0.76
