  1   1 0.50
  1   2 0.37
  1   3 0.50
  1   4 0.43
  1   5 0.41
  1   6 0.54
  1   7 0.45
  1   8 0.53
  1   9 0.55
  1  10 0.51
  1  11 0.65
  1  12 0.56
  1  13 0.60
  1  14 0.46
  1  15 0.42
  1  16 0.50
  1  17 0.54
  1  18 0.61
  1  19 0.48
  1  20 0.63
  1  21 0.46
  1  22 0.66
  2   1 0.53
  2   2 0.33
  2   3 0.74
  2   4 0.64
  2   5 0.53
  2   6 0.55
  2   7 0.47
  2   8 0.62
  2   9 0.56
  2  10 0.53
  2  11 0.67
  2  12 0.46
  2  13 0.66
  2  14 0.50
  2  15 0.69
  2  16 0.42
  2  17 0.68
  2  18 0.59
  2  19 0.59
  2  20 0.56
  2  21 0.47
  2  22 0.73
  3   1 0.36
  3   2 0.40
  3   3 0.33
  3   4 0.22
  3   5 0.28
  3   6 0.47
  3   7 0.30
  3   8 0.21
  3   9 0.36
  3  10 0.49
  3  11 0.44
  3  12 0.53
  3  13 0.51
  3  14 0.46
  3  15 0.27
  3  16 0.50
  3  17 0.47
  3  18 0.57
  3  19 0.36
  3  20 0.46
  3  21 0.47
  3  22 0.33
  4   1 0.54
  4   2 0.33
  4   3 0.56
  4   4 0.56
  4   5 0.55
  4   6 0.46
  4   7 0.38
  4   8 0.55
  4   9 0.55
  4  10 0.43
  4  11 0.54
  4  12 0.46
  4  13 0.56
  4  14 0.47
  4  15 0.59
  4  16 0.38
  4  17 0.54
  4  18 0.52
  4  19 0.57
  4  20 0.50
  4  21 0.47
  4  22 0.58
  5   1 0.47
  5   2 0.56
  5   3 0.43
  5   4 0.22
  5   5 0.42
  5   6 0.48
  5   7 0.22
  5   8 0.23
  5   9 0.45
  5  10 0.45
  5  11 0.46
  5  12 0.55
  5  13 0.62
  5  14 0.45
  5  15 0.46
  5  16 0.55
  5  17 0.54
  5  18 0.64
  5  19 0.53
  5  20 0.60
  5  21 0.49
  5  22 0.46
  6   1 0.58
  6   2 0.38
  6   3 0.59
  6   4 0.43
  6   5 0.51
  6   6 0.68
  6   7 0.47
  6   8 0.50
  6   9 0.73
  6  10 0.65
  6  11 0.69
  6  12 0.67
  6  13 0.70
  6  14 0.64
  6  15 0.53
  6  16 0.59
  6  17 0.68
  6  18 0.67
  6  19 0.56
  6  20 0.64
  6  21 0.60
  6  22 0.60
  7   1 0.65
  7   2 0.49
  7   3 0.64
  7   4 0.42
  7   5 0.59
  7   6 0.63
  7   7 0.47
  7   8 0.45
  7   9 0.63
  7  10 0.58
  7  11 0.66
  7  12 0.61
  7  13 0.72
  7  14 0.57
  7  15 0.63
  7  16 0.53
  7  17 0.70
  7  18 0.74
  7  19 0.68
  7  20 0.75
  7  21 0.61
  7  22 0.61
  8   1 0.60
  8   2 0.39
  8   3 0.53
  8   4 0.49
  8   5 0.50
  8   6 0.67
  8   7 0.56
  8   8 0.65
  8   9 0.50
  8  10 0.66
  8  11 0.62
  8  12 0.58
  8  13 0.59
  8  14 0.55
  8  15 0.53
  8  16 0.53
  8  17 0.60
  8  18 0.59
  8  19 0.60
  8  20 0.50
  8  21 0.49
  8  22 0.63
  9   1 0.57
  9   2 0.42
  9   3 0.49
  9   4 0.36
  9   5 0.50
  9   6 0.68
  9   7 0.49
  9   8 0.45
  9   9 0.57
  9  10 0.63
  9  11 0.70
  9  12 0.76
  9  13 0.66
  9  14 0.58
  9  15 0.58
  9  16 0.69
  9  17 0.63
  9  18 0.72
  9  19 0.63
  9  20 0.65
  9  21 0.66
  9  22 0.56
 10   1 0.65
 10   2 0.44
 10   3 0.70
 10   4 0.58
 10   5 0.65
 10   6 0.60
 10   7 0.46
 10   8 0.64
 10   9 0.58
 10  10 0.55
 10  11 0.64
 10  12 0.54
 10  13 0.67
 10  14 0.60
 10  15 0.69
 10  16 0.49
 10  17 0.67
 10  18 0.66
 10  19 0.59
 10  20 0.60
 10  21 0.48
 10  22 0.71
 11   1 0.56
 11   2 0.29
 11   3 0.38
 11   4 0.49
 11   5 0.38
 11   6 0.66
 11   7 0.54
 11   8 0.53
 11   9 0.44
 11  10 0.60
 11  11 0.56
 11  12 0.60
 11  13 0.57
 11  14 0.65
 11  15 0.48
 11  16 0.59
 11  17 0.62
 11  18 0.51
 11  19 0.54
 11  20 0.40
 11  21 0.54
 11  22 0.55
 12   1 0.56
 12   2 0.32
 12   3 0.52
 12   4 0.46
 12   5 0.58
 12   6 0.58
 12   7 0.48
 12   8 0.52
 12   9 0.55
 12  10 0.62
 12  11 0.67
 12  12 0.65
 12  13 0.65
 12  14 0.58
 12  15 0.55
 12  16 0.57
 12  17 0.68
 12  18 0.70
 12  19 0.57
 12  20 0.62
 12  21 0.63
 12  22 0.59
 13   1 0.47
 13   2 0.40
 13   3 0.47
 13   4 0.35
 13   5 0.41
 13   6 0.57
 13   7 0.37
 13   8 0.38
 13   9 0.52
 13  10 0.56
 13  11 0.55
 13  12 0.58
 13  13 0.58
 13  14 0.56
 13  15 0.49
 13  16 0.50
 13  17 0.59
 13  18 0.57
 13  19 0.49
 13  20 0.47
 13  21 0.51
 13  22 0.50
 14   1 0.55
 14   2 0.31
 14   3 0.63
 14   4 0.46
 14   5 0.55
 14   6 0.54
 14   7 0.47
 14   8 0.53
 14   9 0.66
 14  10 0.50
 14  11 0.66
 14  12 0.59
 14  13 0.68
 14  14 0.46
 14  15 0.57
 14  16 0.53
 14  17 0.60
 14  18 0.61
 14  19 0.56
 14  20 0.65
 14  21 0.49
 14  22 0.62
 15   1 0.56
 15   2 0.47
 15   3 0.53
 15   4 0.41
 15   5 0.44
 15   6 0.67
 15   7 0.51
 15   8 0.44
 15   9 0.63
 15  10 0.63
 15  11 0.67
 15  12 0.69
 15  13 0.71
 15  14 0.54
 15  15 0.52
 15  16 0.61
 15  17 0.63
 15  18 0.67
 15  19 0.55
 15  20 0.65
 15  21 0.56
 15  22 0.55
 16   1 0.57
 16   2 0.37
 16   3 0.61
 16   4 0.35
 16   5 0.55
 16   6 0.61
 16   7 0.51
 16   8 0.50
 16   9 0.58
 16  10 0.58
 16  11 0.62
 16  12 0.55
 16  13 0.65
 16  14 0.50
 16  15 0.57
 16  16 0.52
 16  17 0.61
 16  18 0.63
 16  19 0.56
 16  20 0.62
 16  21 0.50
 16  22 0.57
 17   1 0.63
 17   2 0.49
 17   3 0.61
 17   4 0.43
 17   5 0.52
 17   6 0.69
 17   7 0.43
 17   8 0.49
 17   9 0.53
 17  10 0.60
 17  11 0.68
 17  12 0.68
 17  13 0.67
 17  14 0.56
 17  15 0.71
 17  16 0.61
 17  17 0.67
 17  18 0.69
 17  19 0.75
 17  20 0.60
 17  21 0.55
 17  22 0.67
 18   1 0.49
 18   2 0.20
 18   3 0.35
 18   4 0.49
 18   5 0.37
 18   6 0.57
 18   7 0.55
 18   8 0.46
 18   9 0.46
 18  10 0.52
 18  11 0.48
 18  12 0.54
 18  13 0.54
 18  14 0.58
 18  15 0.43
 18  16 0.50
 18  17 0.46
 18  18 0.43
 18  19 0.43
 18  20 0.39
 18  21 0.53
 18  22 0.44
 19   1 0.54
 19   2 0.42
 19   3 0.63
 19   4 0.46
 19   5 0.67
 19   6 0.54
 19   7 0.41
 19   8 0.42
 19   9 0.60
 19  10 0.49
 19  11 0.58
 19  12 0.46
 19  13 0.63
 19  14 0.53
 19  15 0.59
 19  16 0.43
 19  17 0.65
 19  18 0.58
 19  19 0.48
 19  20 0.64
 19  21 0.48
 19  22 0.53
 20   1 0.46
 20   2 0.27
 20   3 0.63
 20   4 0.44
 20   5 0.59
 20   6 0.47
 20   7 0.49
 20   8 0.48
 20   9 0.57
 20  10 0.45
 20  11 0.58
 20  12 0.40
 20  13 0.57
 20  14 0.51
 20  15 0.48
 20  16 0.39
 20  17 0.59
 20  18 0.54
 20  19 0.39
 20  20 0.65
 20  21 0.36
 20  22 0.50
 21   1 0.57
 21   2 0.32
 21   3 0.49
 21   4 0.45
 21   5 0.41
 21   6 0.67
 21   7 0.55
 21   8 0.50
 21   9 0.51
 21  10 0.62
 21  11 0.56
 21  12 0.59
 21  13 0.60
 21  14 0.58
 21  15 0.53
 21  16 0.49
 21  17 0.55
 21  18 0.57
 21  19 0.53
 21  20 0.46
 21  21 0.47
 21  22 0.56
 22   1 0.24
 22   2 0.25
 22   3 0.27
 22   4 0.10
 22   5 0.28
 22   6 0.27
 22   7 0.16
 22   8 0.14
 22   9 0.22
 22  10 0.20
 22  11 0.18
 22  12 0.22
 22  13 0.27
 22  14 0.18
 22  15 0.21
 22  16 0.17
 22  17 0.18
 22  18 0.27
 22  19 0.15
 22  20 0.27
 22  21 0.15
 22  22 0.19
  1   1 0.50
  1   2 0.37
  1   3 0.50
  1   4 0.43
  1   5 0.41
  1   6 0.53
  1   7 0.45
  1   8 0.52
  1   9 0.55
  1  10 0.50
  1  11 0.65
  1  12 0.55
  1  13 0.60
  1  14 0.45
  1  15 0.42
  1  16 0.50
  1  17 0.54
  1  18 0.60
  1  19 0.48
  1  20 0.63
  1  21 0.45
  1  22 0.66
  2   1 0.53
  2   2 0.32
  2   3 0.74
  2   4 0.64
  2   5 0.53
  2   6 0.54
  2   7 0.47
  2   8 0.62
  2   9 0.56
  2  10 0.52
  2  11 0.66
  2  12 0.46
  2  13 0.66
  2  14 0.50
  2  15 0.69
  2  16 0.41
  2  17 0.67
  2  18 0.58
  2  19 0.59
  2  20 0.56
  2  21 0.46
  2  22 0.73
  3   1 0.35
  3   2 0.39
  3   3 0.33
  3   4 0.22
  3   5 0.27
  3   6 0.46
  3   7 0.29
  3   8 0.20
  3   9 0.35
  3  10 0.48
  3  11 0.44
  3  12 0.53
  3  13 0.50
  3  14 0.45
  3  15 0.26
  3  16 0.49
  3  17 0.46
  3  18 0.57
  3  19 0.35
  3  20 0.46
  3  21 0.46
  3  22 0.33
  4   1 0.53
  4   2 0.33
  4   3 0.56
  4   4 0.56
  4   5 0.54
  4   6 0.45
  4   7 0.38
  4   8 0.55
  4   9 0.55
  4  10 0.43
  4  11 0.54
  4  12 0.46
  4  13 0.56
  4  14 0.47
  4  15 0.59
  4  16 0.38
  4  17 0.54
  4  18 0.52
  4  19 0.57
  4  20 0.50
  4  21 0.47
  4  22 0.58
  5   1 0.46
  5   2 0.56
  5   3 0.43
  5   4 0.22
  5   5 0.41
  5   6 0.47
  5   7 0.22
  5   8 0.23
  5   9 0.44
  5  10 0.45
  5  11 0.46
  5  12 0.55
  5  13 0.61
  5  14 0.44
  5  15 0.45
  5  16 0.54
  5  17 0.53
  5  18 0.64
  5  19 0.52
  5  20 0.59
  5  21 0.49
  5  22 0.46
  6   1 0.57
  6   2 0.38
  6   3 0.58
  6   4 0.43
  6   5 0.51
  6   6 0.68
  6   7 0.46
  6   8 0.50
  6   9 0.73
  6  10 0.65
  6  11 0.69
  6  12 0.67
  6  13 0.70
  6  14 0.64
  6  15 0.53
  6  16 0.58
  6  17 0.68
  6  18 0.67
  6  19 0.55
  6  20 0.64
  6  21 0.60
  6  22 0.60
  7   1 0.64
  7   2 0.48
  7   3 0.64
  7   4 0.42
  7   5 0.59
  7   6 0.63
  7   7 0.47
  7   8 0.45
  7   9 0.62
  7  10 0.57
  7  11 0.66
  7  12 0.61
  7  13 0.72
  7  14 0.57
  7  15 0.63
  7  16 0.53
  7  17 0.69
  7  18 0.73
  7  19 0.67
  7  20 0.75
  7  21 0.60
  7  22 0.61
  8   1 0.60
  8   2 0.39
  8   3 0.53
  8   4 0.49
  8   5 0.49
  8   6 0.67
  8   7 0.55
  8   8 0.64
  8   9 0.50
  8  10 0.65
  8  11 0.62
  8  12 0.58
  8  13 0.59
  8  14 0.55
  8  15 0.53
  8  16 0.52
  8  17 0.60
  8  18 0.59
  8  19 0.59
  8  20 0.49
  8  21 0.48
  8  22 0.63
  9   1 0.56
  9   2 0.41
  9   3 0.49
  9   4 0.36
  9   5 0.49
  9   6 0.68
  9   7 0.48
  9   8 0.45
  9   9 0.57
  9  10 0.63
  9  11 0.70
  9  12 0.76
  9  13 0.66
  9  14 0.58
  9  15 0.58
  9  16 0.69
  9  17 0.62
  9  18 0.71
  9  19 0.63
  9  20 0.65
  9  21 0.66
  9  22 0.56
 10   1 0.64
 10   2 0.43
 10   3 0.69
 10   4 0.58
 10   5 0.65
 10   6 0.60
 10   7 0.46
 10   8 0.64
 10   9 0.58
 10  10 0.55
 10  11 0.64
 10  12 0.53
 10  13 0.67
 10  14 0.60
 10  15 0.68
 10  16 0.48
 10  17 0.66
 10  18 0.65
 10  19 0.59
 10  20 0.60
 10  21 0.47
 10  22 0.70
 11   1 0.56
 11   2 0.29
 11   3 0.38
 11   4 0.49
 11   5 0.38
 11   6 0.66
 11   7 0.53
 11   8 0.52
 11   9 0.44
 11  10 0.60
 11  11 0.56
 11  12 0.60
 11  13 0.57
 11  14 0.65
 11  15 0.47
 11  16 0.59
 11  17 0.61
 11  18 0.50
 11  19 0.54
 11  20 0.39
 11  21 0.53
 11  22 0.54
 12   1 0.55
 12   2 0.32
 12   3 0.52
 12   4 0.45
 12   5 0.58
 12   6 0.57
 12   7 0.47
 12   8 0.52
 12   9 0.55
 12  10 0.61
 12  11 0.67
 12  12 0.64
 12  13 0.65
 12  14 0.58
 12  15 0.54
 12  16 0.56
 12  17 0.67
 12  18 0.70
 12  19 0.57
 12  20 0.62
 12  21 0.63
 12  22 0.59
 13   1 0.47
 13   2 0.39
 13   3 0.47
 13   4 0.35
 13   5 0.40
 13   6 0.56
 13   7 0.37
 13   8 0.38
 13   9 0.51
 13  10 0.56
 13  11 0.55
 13  12 0.58
 13  13 0.58
 13  14 0.56
 13  15 0.48
 13  16 0.49
 13  17 0.58
 13  18 0.56
 13  19 0.48
 13  20 0.46
 13  21 0.50
 13  22 0.49
 14   1 0.55
 14   2 0.31
 14   3 0.63
 14   4 0.46
 14   5 0.54
 14   6 0.53
 14   7 0.47
 14   8 0.52
 14   9 0.66
 14  10 0.50
 14  11 0.66
 14  12 0.58
 14  13 0.68
 14  14 0.46
 14  15 0.57
 14  16 0.53
 14  17 0.60
 14  18 0.61
 14  19 0.56
 14  20 0.64
 14  21 0.48
 14  22 0.62
 15   1 0.55
 15   2 0.46
 15   3 0.53
 15   4 0.40
 15   5 0.44
 15   6 0.66
 15   7 0.50
 15   8 0.43
 15   9 0.63
 15  10 0.62
 15  11 0.67
 15  12 0.68
 15  13 0.71
 15  14 0.53
 15  15 0.51
 15  16 0.60
 15  17 0.62
 15  18 0.67
 15  19 0.54
 15  20 0.64
 15  21 0.55
 15  22 0.54
 16   1 0.56
 16   2 0.37
 16   3 0.61
 16   4 0.34
 16   5 0.54
 16   6 0.61
 16   7 0.50
 16   8 0.50
 16   9 0.58
 16  10 0.57
 16  11 0.61
 16  12 0.55
 16  13 0.64
 16  14 0.49
 16  15 0.57
 16  16 0.51
 16  17 0.60
 16  18 0.62
 16  19 0.55
 16  20 0.61
 16  21 0.50
 16  22 0.56
 17   1 0.63
 17   2 0.48
 17   3 0.60
 17   4 0.42
 17   5 0.52
 17   6 0.69
 17   7 0.42
 17   8 0.49
 17   9 0.52
 17  10 0.59
 17  11 0.67
 17  12 0.67
 17  13 0.67
 17  14 0.55
 17  15 0.70
 17  16 0.60
 17  17 0.67
 17  18 0.69
 17  19 0.75
 17  20 0.60
 17  21 0.54
 17  22 0.67
 18   1 0.48
 18   2 0.19
 18   3 0.34
 18   4 0.48
 18   5 0.37
 18   6 0.57
 18   7 0.54
 18   8 0.45
 18   9 0.45
 18  10 0.52
 18  11 0.47
 18  12 0.54
 18  13 0.53
 18  14 0.58
 18  15 0.42
 18  16 0.49
 18  17 0.45
 18  18 0.43
 18  19 0.43
 18  20 0.39
 18  21 0.53
 18  22 0.44
 19   1 0.54
 19   2 0.41
 19   3 0.63
 19   4 0.46
 19   5 0.67
 19   6 0.53
 19   7 0.40
 19   8 0.42
 19   9 0.60
 19  10 0.49
 19  11 0.58
 19  12 0.45
 19  13 0.63
 19  14 0.52
 19  15 0.59
 19  16 0.42
 19  17 0.64
 19  18 0.58
 19  19 0.47
 19  20 0.64
 19  21 0.47
 19  22 0.52
 20   1 0.46
 20   2 0.27
 20   3 0.63
 20   4 0.44
 20   5 0.59
 20   6 0.46
 20   7 0.49
 20   8 0.47
 20   9 0.57
 20  10 0.44
 20  11 0.58
 20  12 0.39
 20  13 0.57
 20  14 0.51
 20  15 0.47
 20  16 0.39
 20  17 0.59
 20  18 0.54
 20  19 0.39
 20  20 0.65
 20  21 0.36
 20  22 0.50
 21   1 0.57
 21   2 0.31
 21   3 0.49
 21   4 0.44
 21   5 0.41
 21   6 0.66
 21   7 0.55
 21   8 0.50
 21   9 0.51
 21  10 0.62
 21  11 0.55
 21  12 0.59
 21  13 0.60
 21  14 0.58
 21  15 0.53
 21  16 0.48
 21  17 0.55
 21  18 0.57
 21  19 0.53
 21  20 0.45
 21  21 0.47
 21  22 0.55
 22   1 0.24
 22   2 0.24
 22   3 0.27
 22   4 0.10
 22   5 0.27
 22   6 0.26
 22   7 0.15
 22   8 0.13
 22   9 0.22
 22  10 0.19
 22  11 0.17
 22  12 0.21
 22  13 0.26
 22  14 0.17
 22  15 0.20
 22  16 0.16
 22  17 0.17
 22  18 0.27
 22  19 0.14
 22  20 0.26
 22  21 0.15
 22  22 0.19
