  1   1 1.00
  1   2 0.66
  1   3 0.72
  1   4 0.49
  1   5 0.67
  1   6 0.62
  1   7 0.67
  1   8 0.68
  1   9 0.84
  1  10 0.54
  1  11 0.63
  1  12 0.59
  1  13 0.14
  1  14 0.57
  1  15 0.68
  1  16 0.67
  1  17 0.53
  1  18 0.66
  1  19 0.83
  1  20 0.62
  1  21 0.67
  1  22 0.68
  2   1 0.66
  2   2 1.00
  2   3 0.65
  2   4 0.43
  2   5 0.70
  2   6 0.80
  2   7 0.67
  2   8 0.79
  2   9 0.73
  2  10 0.60
  2  11 0.65
  2  12 0.64
  2  13 0.08
  2  14 0.64
  2  15 0.70
  2  16 0.62
  2  17 0.63
  2  18 0.64
  2  19 0.77
  2  20 0.72
  2  21 0.70
  2  22 0.70
  3   1 0.72
  3   2 0.65
  3   3 1.00
  3   4 0.43
  3   5 0.58
  3   6 0.65
  3   7 0.55
  3   8 0.66
  3   9 0.70
  3  10 0.51
  3  11 0.55
  3  12 0.56
  3  13 0.13
  3  14 0.52
  3  15 0.68
  3  16 0.56
  3  17 0.53
  3  18 0.62
  3  19 0.75
  3  20 0.63
  3  21 0.59
  3  22 0.62
  4   1 0.49
  4   2 0.43
  4   3 0.43
  4   4 1.00
  4   5 0.76
  4   6 0.44
  4   7 0.71
  4   8 0.69
  4   9 0.64
  4  10 0.78
  4  11 0.61
  4  12 0.72
  4  13 0.16
  4  14 0.60
  4  15 0.70
  4  16 0.73
  4  17 0.72
  4  18 0.52
  4  19 0.52
  4  20 0.63
  4  21 0.72
  4  22 0.68
  5   1 0.67
  5   2 0.70
  5   3 0.58
  5   4 0.76
  5   5 1.00
  5   6 0.68
  5   7 0.81
  5   8 0.84
  5   9 0.78
  5  10 0.84
  5  11 0.72
  5  12 0.82
  5  13 0.15
  5  14 0.77
  5  15 0.81
  5  16 0.78
  5  17 0.81
  5  18 0.67
  5  19 0.70
  5  20 0.80
  5  21 0.77
  5  22 0.83
  6   1 0.62
  6   2 0.80
  6   3 0.65
  6   4 0.44
  6   5 0.68
  6   6 1.00
  6   7 0.65
  6   8 0.78
  6   9 0.74
  6  10 0.61
  6  11 0.63
  6  12 0.67
  6  13 0.09
  6  14 0.63
  6  15 0.69
  6  16 0.60
  6  17 0.66
  6  18 0.72
  6  19 0.71
  6  20 0.73
  6  21 0.74
  6  22 0.66
  7   1 0.67
  7   2 0.67
  7   3 0.55
  7   4 0.71
  7   5 0.81
  7   6 0.65
  7   7 1.00
  7   8 0.80
  7   9 0.78
  7  10 0.76
  7  11 0.73
  7  12 0.76
  7  13 0.21
  7  14 0.74
  7  15 0.76
  7  16 0.77
  7  17 0.72
  7  18 0.71
  7  19 0.70
  7  20 0.75
  7  21 0.79
  7  22 0.78
  8   1 0.68
  8   2 0.79
  8   3 0.66
  8   4 0.69
  8   5 0.84
  8   6 0.78
  8   7 0.80
  8   8 1.00
  8   9 0.83
  8  10 0.80
  8  11 0.74
  8  12 0.81
  8  13 0.15
  8  14 0.75
  8  15 0.79
  8  16 0.78
  8  17 0.77
  8  18 0.74
  8  19 0.77
  8  20 0.79
  8  21 0.81
  8  22 0.83
  9   1 0.84
  9   2 0.73
  9   3 0.70
  9   4 0.64
  9   5 0.78
  9   6 0.74
  9   7 0.78
  9   8 0.83
  9   9 1.00
  9  10 0.68
  9  11 0.67
  9  12 0.69
  9  13 0.16
  9  14 0.67
  9  15 0.75
  9  16 0.74
  9  17 0.66
  9  18 0.78
  9  19 0.83
  9  20 0.70
  9  21 0.79
  9  22 0.73
 10   1 0.54
 10   2 0.60
 10   3 0.51
 10   4 0.78
 10   5 0.84
 10   6 0.61
 10   7 0.76
 10   8 0.80
 10   9 0.68
 10  10 1.00
 10  11 0.71
 10  12 0.74
 10  13 0.14
 10  14 0.74
 10  15 0.79
 10  16 0.76
 10  17 0.76
 10  18 0.56
 10  19 0.61
 10  20 0.77
 10  21 0.70
 10  22 0.82
 11   1 0.63
 11   2 0.65
 11   3 0.55
 11   4 0.61
 11   5 0.72
 11   6 0.63
 11   7 0.73
 11   8 0.74
 11   9 0.67
 11  10 0.71
 11  11 1.00
 11  12 0.72
 11  13 0.11
 11  14 0.68
 11  15 0.78
 11  16 0.81
 11  17 0.70
 11  18 0.53
 11  19 0.65
 11  20 0.75
 11  21 0.71
 11  22 0.79
 12   1 0.59
 12   2 0.64
 12   3 0.56
 12   4 0.72
 12   5 0.82
 12   6 0.67
 12   7 0.76
 12   8 0.81
 12   9 0.69
 12  10 0.74
 12  11 0.72
 12  12 1.00
 12  13 0.14
 12  14 0.70
 12  15 0.72
 12  16 0.77
 12  17 0.84
 12  18 0.68
 12  19 0.63
 12  20 0.79
 12  21 0.76
 12  22 0.78
 13   1 0.14
 13   2 0.08
 13   3 0.13
 13   4 0.16
 13   5 0.15
 13   6 0.09
 13   7 0.21
 13   8 0.15
 13   9 0.16
 13  10 0.14
 13  11 0.11
 13  12 0.14
 13  13 1.00
 13  14 0.11
 13  15 0.15
 13  16 0.11
 13  17 0.09
 13  18 0.14
 13  19 0.14
 13  20 0.14
 13  21 0.15
 13  22 0.12
 14   1 0.57
 14   2 0.64
 14   3 0.52
 14   4 0.60
 14   5 0.77
 14   6 0.63
 14   7 0.74
 14   8 0.75
 14   9 0.67
 14  10 0.74
 14  11 0.68
 14  12 0.70
 14  13 0.11
 14  14 1.00
 14  15 0.69
 14  16 0.71
 14  17 0.75
 14  18 0.59
 14  19 0.63
 14  20 0.78
 14  21 0.71
 14  22 0.79
 15   1 0.68
 15   2 0.70
 15   3 0.68
 15   4 0.70
 15   5 0.81
 15   6 0.69
 15   7 0.76
 15   8 0.79
 15   9 0.75
 15  10 0.79
 15  11 0.78
 15  12 0.72
 15  13 0.15
 15  14 0.69
 15  15 1.00
 15  16 0.75
 15  17 0.74
 15  18 0.62
 15  19 0.79
 15  20 0.78
 15  21 0.72
 15  22 0.82
 16   1 0.67
 16   2 0.62
 16   3 0.56
 16   4 0.73
 16   5 0.78
 16   6 0.60
 16   7 0.77
 16   8 0.78
 16   9 0.74
 16  10 0.76
 16  11 0.81
 16  12 0.77
 16  13 0.11
 16  14 0.71
 16  15 0.75
 16  16 1.00
 16  17 0.72
 16  18 0.61
 16  19 0.68
 16  20 0.77
 16  21 0.75
 16  22 0.83
 17   1 0.53
 17   2 0.63
 17   3 0.53
 17   4 0.72
 17   5 0.81
 17   6 0.66
 17   7 0.72
 17   8 0.77
 17   9 0.66
 17  10 0.76
 17  11 0.70
 17  12 0.84
 17  13 0.09
 17  14 0.75
 17  15 0.74
 17  16 0.72
 17  17 1.00
 17  18 0.62
 17  19 0.59
 17  20 0.78
 17  21 0.72
 17  22 0.79
 18   1 0.66
 18   2 0.64
 18   3 0.62
 18   4 0.52
 18   5 0.67
 18   6 0.72
 18   7 0.71
 18   8 0.74
 18   9 0.78
 18  10 0.56
 18  11 0.53
 18  12 0.68
 18  13 0.14
 18  14 0.59
 18  15 0.62
 18  16 0.61
 18  17 0.62
 18  18 1.00
 18  19 0.67
 18  20 0.63
 18  21 0.76
 18  22 0.62
 19   1 0.83
 19   2 0.77
 19   3 0.75
 19   4 0.52
 19   5 0.70
 19   6 0.71
 19   7 0.70
 19   8 0.77
 19   9 0.83
 19  10 0.61
 19  11 0.65
 19  12 0.63
 19  13 0.14
 19  14 0.63
 19  15 0.79
 19  16 0.68
 19  17 0.59
 19  18 0.67
 19  19 1.00
 19  20 0.73
 19  21 0.69
 19  22 0.76
 20   1 0.62
 20   2 0.72
 20   3 0.63
 20   4 0.63
 20   5 0.80
 20   6 0.73
 20   7 0.75
 20   8 0.79
 20   9 0.70
 20  10 0.77
 20  11 0.75
 20  12 0.79
 20  13 0.14
 20  14 0.78
 20  15 0.78
 20  16 0.77
 20  17 0.78
 20  18 0.63
 20  19 0.73
 20  20 1.00
 20  21 0.71
 20  22 0.84
 21   1 0.67
 21   2 0.70
 21   3 0.59
 21   4 0.72
 21   5 0.77
 21   6 0.74
 21   7 0.79
 21   8 0.81
 21   9 0.79
 21  10 0.70
 21  11 0.71
 21  12 0.76
 21  13 0.15
 21  14 0.71
 21  15 0.72
 21  16 0.75
 21  17 0.72
 21  18 0.76
 21  19 0.69
 21  20 0.71
 21  21 1.00
 21  22 0.72
 22   1 0.68
 22   2 0.70
 22   3 0.62
 22   4 0.68
 22   5 0.83
 22   6 0.66
 22   7 0.78
 22   8 0.83
 22   9 0.73
 22  10 0.82
 22  11 0.79
 22  12 0.78
 22  13 0.12
 22  14 0.79
 22  15 0.82
 22  16 0.83
 22  17 0.79
 22  18 0.62
 22  19 0.76
 22  20 0.84
 22  21 0.72
 22  22 1.00
  1   1 1.00
  1   2 0.66
  1   3 0.72
  1   4 0.49
  1   5 0.67
  1   6 0.62
  1   7 0.66
  1   8 0.68
  1   9 0.84
  1  10 0.53
  1  11 0.63
  1  12 0.58
  1  13 0.14
  1  14 0.57
  1  15 0.68
  1  16 0.67
  1  17 0.53
  1  18 0.66
  1  19 0.83
  1  20 0.61
  1  21 0.67
  1  22 0.68
  2   1 0.66
  2   2 1.00
  2   3 0.65
  2   4 0.42
  2   5 0.70
  2   6 0.80
  2   7 0.66
  2   8 0.79
  2   9 0.73
  2  10 0.60
  2  11 0.65
  2  12 0.64
  2  13 0.08
  2  14 0.64
  2  15 0.70
  2  16 0.62
  2  17 0.63
  2  18 0.64
  2  19 0.77
  2  20 0.72
  2  21 0.70
  2  22 0.70
  3   1 0.72
  3   2 0.65
  3   3 1.00
  3   4 0.43
  3   5 0.57
  3   6 0.65
  3   7 0.55
  3   8 0.66
  3   9 0.70
  3  10 0.51
  3  11 0.55
  3  12 0.56
  3  13 0.13
  3  14 0.52
  3  15 0.68
  3  16 0.56
  3  17 0.53
  3  18 0.62
  3  19 0.75
  3  20 0.63
  3  21 0.59
  3  22 0.62
  4   1 0.49
  4   2 0.42
  4   3 0.43
  4   4 1.00
  4   5 0.76
  4   6 0.44
  4   7 0.71
  4   8 0.69
  4   9 0.64
  4  10 0.78
  4  11 0.61
  4  12 0.71
  4  13 0.16
  4  14 0.60
  4  15 0.70
  4  16 0.73
  4  17 0.72
  4  18 0.52
  4  19 0.52
  4  20 0.63
  4  21 0.71
  4  22 0.68
  5   1 0.67
  5   2 0.70
  5   3 0.57
  5   4 0.76
  5   5 1.00
  5   6 0.68
  5   7 0.81
  5   8 0.84
  5   9 0.78
  5  10 0.84
  5  11 0.71
  5  12 0.82
  5  13 0.15
  5  14 0.77
  5  15 0.81
  5  16 0.78
  5  17 0.81
  5  18 0.67
  5  19 0.70
  5  20 0.80
  5  21 0.77
  5  22 0.83
  6   1 0.62
  6   2 0.80
  6   3 0.65
  6   4 0.44
  6   5 0.68
  6   6 1.00
  6   7 0.65
  6   8 0.78
  6   9 0.73
  6  10 0.61
  6  11 0.63
  6  12 0.67
  6  13 0.09
  6  14 0.63
  6  15 0.69
  6  16 0.60
  6  17 0.66
  6  18 0.72
  6  19 0.71
  6  20 0.73
  6  21 0.74
  6  22 0.66
  7   1 0.66
  7   2 0.66
  7   3 0.55
  7   4 0.71
  7   5 0.81
  7   6 0.65
  7   7 1.00
  7   8 0.80
  7   9 0.78
  7  10 0.76
  7  11 0.73
  7  12 0.76
  7  13 0.20
  7  14 0.74
  7  15 0.76
  7  16 0.77
  7  17 0.72
  7  18 0.71
  7  19 0.70
  7  20 0.75
  7  21 0.79
  7  22 0.78
  8   1 0.68
  8   2 0.79
  8   3 0.66
  8   4 0.69
  8   5 0.84
  8   6 0.78
  8   7 0.80
  8   8 1.00
  8   9 0.83
  8  10 0.80
  8  11 0.74
  8  12 0.81
  8  13 0.14
  8  14 0.75
  8  15 0.79
  8  16 0.78
  8  17 0.77
  8  18 0.74
  8  19 0.77
  8  20 0.79
  8  21 0.81
  8  22 0.83
  9   1 0.84
  9   2 0.73
  9   3 0.70
  9   4 0.64
  9   5 0.78
  9   6 0.73
  9   7 0.78
  9   8 0.83
  9   9 1.00
  9  10 0.67
  9  11 0.67
  9  12 0.69
  9  13 0.16
  9  14 0.67
  9  15 0.75
  9  16 0.74
  9  17 0.66
  9  18 0.78
  9  19 0.83
  9  20 0.70
  9  21 0.79
  9  22 0.73
 10   1 0.53
 10   2 0.60
 10   3 0.51
 10   4 0.78
 10   5 0.84
 10   6 0.61
 10   7 0.76
 10   8 0.80
 10   9 0.67
 10  10 1.00
 10  11 0.71
 10  12 0.74
 10  13 0.14
 10  14 0.74
 10  15 0.79
 10  16 0.76
 10  17 0.75
 10  18 0.56
 10  19 0.61
 10  20 0.77
 10  21 0.70
 10  22 0.82
 11   1 0.63
 11   2 0.65
 11   3 0.55
 11   4 0.61
 11   5 0.71
 11   6 0.63
 11   7 0.73
 11   8 0.74
 11   9 0.67
 11  10 0.71
 11  11 1.00
 11  12 0.72
 11  13 0.11
 11  14 0.68
 11  15 0.78
 11  16 0.81
 11  17 0.70
 11  18 0.53
 11  19 0.65
 11  20 0.75
 11  21 0.70
 11  22 0.79
 12   1 0.58
 12   2 0.64
 12   3 0.56
 12   4 0.71
 12   5 0.82
 12   6 0.67
 12   7 0.76
 12   8 0.81
 12   9 0.69
 12  10 0.74
 12  11 0.72
 12  12 1.00
 12  13 0.13
 12  14 0.70
 12  15 0.72
 12  16 0.77
 12  17 0.84
 12  18 0.68
 12  19 0.63
 12  20 0.78
 12  21 0.76
 12  22 0.78
 13   1 0.14
 13   2 0.08
 13   3 0.13
 13   4 0.16
 13   5 0.15
 13   6 0.09
 13   7 0.20
 13   8 0.14
 13   9 0.16
 13  10 0.14
 13  11 0.11
 13  12 0.13
 13  13 1.00
 13  14 0.11
 13  15 0.15
 13  16 0.11
 13  17 0.09
 13  18 0.13
 13  19 0.14
 13  20 0.14
 13  21 0.15
 13  22 0.12
 14   1 0.57
 14   2 0.64
 14   3 0.52
 14   4 0.60
 14   5 0.77
 14   6 0.63
 14   7 0.74
 14   8 0.75
 14   9 0.67
 14  10 0.74
 14  11 0.68
 14  12 0.70
 14  13 0.11
 14  14 1.00
 14  15 0.69
 14  16 0.71
 14  17 0.75
 14  18 0.59
 14  19 0.63
 14  20 0.78
 14  21 0.71
 14  22 0.79
 15   1 0.68
 15   2 0.70
 15   3 0.68
 15   4 0.70
 15   5 0.81
 15   6 0.69
 15   7 0.76
 15   8 0.79
 15   9 0.75
 15  10 0.79
 15  11 0.78
 15  12 0.72
 15  13 0.15
 15  14 0.69
 15  15 1.00
 15  16 0.75
 15  17 0.74
 15  18 0.62
 15  19 0.79
 15  20 0.78
 15  21 0.72
 15  22 0.82
 16   1 0.67
 16   2 0.62
 16   3 0.56
 16   4 0.73
 16   5 0.78
 16   6 0.60
 16   7 0.77
 16   8 0.78
 16   9 0.74
 16  10 0.76
 16  11 0.81
 16  12 0.77
 16  13 0.11
 16  14 0.71
 16  15 0.75
 16  16 1.00
 16  17 0.72
 16  18 0.61
 16  19 0.68
 16  20 0.77
 16  21 0.75
 16  22 0.83
 17   1 0.53
 17   2 0.63
 17   3 0.53
 17   4 0.72
 17   5 0.81
 17   6 0.66
 17   7 0.72
 17   8 0.77
 17   9 0.66
 17  10 0.75
 17  11 0.70
 17  12 0.84
 17  13 0.09
 17  14 0.75
 17  15 0.74
 17  16 0.72
 17  17 1.00
 17  18 0.62
 17  19 0.59
 17  20 0.78
 17  21 0.72
 17  22 0.78
 18   1 0.66
 18   2 0.64
 18   3 0.62
 18   4 0.52
 18   5 0.67
 18   6 0.72
 18   7 0.71
 18   8 0.74
 18   9 0.78
 18  10 0.56
 18  11 0.53
 18  12 0.68
 18  13 0.13
 18  14 0.59
 18  15 0.62
 18  16 0.61
 18  17 0.62
 18  18 1.00
 18  19 0.67
 18  20 0.63
 18  21 0.76
 18  22 0.62
 19   1 0.83
 19   2 0.77
 19   3 0.75
 19   4 0.52
 19   5 0.70
 19   6 0.71
 19   7 0.70
 19   8 0.77
 19   9 0.83
 19  10 0.61
 19  11 0.65
 19  12 0.63
 19  13 0.14
 19  14 0.63
 19  15 0.79
 19  16 0.68
 19  17 0.59
 19  18 0.67
 19  19 1.00
 19  20 0.73
 19  21 0.69
 19  22 0.76
 20   1 0.61
 20   2 0.72
 20   3 0.63
 20   4 0.63
 20   5 0.80
 20   6 0.73
 20   7 0.75
 20   8 0.79
 20   9 0.70
 20  10 0.77
 20  11 0.75
 20  12 0.78
 20  13 0.14
 20  14 0.78
 20  15 0.78
 20  16 0.77
 20  17 0.78
 20  18 0.63
 20  19 0.73
 20  20 1.00
 20  21 0.71
 20  22 0.84
 21   1 0.67
 21   2 0.70
 21   3 0.59
 21   4 0.71
 21   5 0.77
 21   6 0.74
 21   7 0.79
 21   8 0.81
 21   9 0.79
 21  10 0.70
 21  11 0.70
 21  12 0.76
 21  13 0.15
 21  14 0.71
 21  15 0.72
 21  16 0.75
 21  17 0.72
 21  18 0.76
 21  19 0.69
 21  20 0.71
 21  21 1.00
 21  22 0.72
 22   1 0.68
 22   2 0.70
 22   3 0.62
 22   4 0.68
 22   5 0.83
 22   6 0.66
 22   7 0.78
 22   8 0.83
 22   9 0.73
 22  10 0.82
 22  11 0.79
 22  12 0.78
 22  13 0.12
 22  14 0.79
 22  15 0.82
 22  16 0.83
 22  17 0.78
 22  18 0.62
 22  19 0.76
 22  20 0.84
 22  21 0.72
 22  22 1.00
