  1   1 0.55
  1   2 0.48
  1   3 0.66
  1   4 0.64
  1   5 0.56
  1   6 0.54
  1   7 0.72
  1   8 0.49
  1   9 0.38
  1  10 0.63
  1  11 0.58
  1  12 0.59
  1  13 0.70
  1  14 0.46
  1  15 0.50
  1  16 0.46
  1  17 0.41
  1  18 0.54
  1  19 0.62
  1  20 0.30
  1  21 0.72
  1  22 0.56
  2   1 0.59
  2   2 0.52
  2   3 0.64
  2   4 0.68
  2   5 0.54
  2   6 0.53
  2   7 0.65
  2   8 0.43
  2   9 0.37
  2  10 0.60
  2  11 0.54
  2  12 0.57
  2  13 0.67
  2  14 0.47
  2  15 0.50
  2  16 0.46
  2  17 0.38
  2  18 0.54
  2  19 0.57
  2  20 0.29
  2  21 0.67
  2  22 0.53
  3   1 0.57
  3   2 0.49
  3   3 0.65
  3   4 0.52
  3   5 0.52
  3   6 0.55
  3   7 0.70
  3   8 0.56
  3   9 0.42
  3  10 0.73
  3  11 0.62
  3  12 0.61
  3  13 0.70
  3  14 0.41
  3  15 0.48
  3  16 0.52
  3  17 0.43
  3  18 0.66
  3  19 0.69
  3  20 0.35
  3  21 0.74
  3  22 0.49
  4   1 0.65
  4   2 0.56
  4   3 0.67
  4   4 0.60
  4   5 0.58
  4   6 0.56
  4   7 0.68
  4   8 0.54
  4   9 0.49
  4  10 0.68
  4  11 0.58
  4  12 0.55
  4  13 0.71
  4  14 0.50
  4  15 0.54
  4  16 0.58
  4  17 0.47
  4  18 0.65
  4  19 0.69
  4  20 0.35
  4  21 0.70
  4  22 0.48
  5   1 0.62
  5   2 0.56
  5   3 0.80
  5   4 0.73
  5   5 0.73
  5   6 0.69
  5   7 0.57
  5   8 0.53
  5   9 0.46
  5  10 0.61
  5  11 0.64
  5  12 0.67
  5  13 0.66
  5  14 0.58
  5  15 0.40
  5  16 0.44
  5  17 0.58
  5  18 0.55
  5  19 0.72
  5  20 0.52
  5  21 0.72
  5  22 0.67
  6   1 0.69
  6   2 0.57
  6   3 0.71
  6   4 0.52
  6   5 0.61
  6   6 0.59
  6   7 0.54
  6   8 0.73
  6   9 0.65
  6  10 0.77
  6  11 0.75
  6  12 0.62
  6  13 0.69
  6  14 0.50
  6  15 0.50
  6  16 0.59
  6  17 0.61
  6  18 0.75
  6  19 0.67
  6  20 0.57
  6  21 0.71
  6  22 0.52
  7   1 0.68
  7   2 0.58
  7   3 0.80
  7   4 0.68
  7   5 0.73
  7   6 0.69
  7   7 0.66
  7   8 0.58
  7   9 0.50
  7  10 0.69
  7  11 0.71
  7  12 0.68
  7  13 0.72
  7  14 0.58
  7  15 0.50
  7  16 0.55
  7  17 0.62
  7  18 0.63
  7  19 0.75
  7  20 0.52
  7  21 0.79
  7  22 0.66
  8   1 0.66
  8   2 0.58
  8   3 0.62
  8   4 0.44
  8   5 0.57
  8   6 0.63
  8   7 0.50
  8   8 0.59
  8   9 0.56
  8  10 0.68
  8  11 0.67
  8  12 0.54
  8  13 0.63
  8  14 0.56
  8  15 0.51
  8  16 0.44
  8  17 0.57
  8  18 0.64
  8  19 0.69
  8  20 0.48
  8  21 0.66
  8  22 0.45
  9   1 0.65
  9   2 0.59
  9   3 0.72
  9   4 0.66
  9   5 0.64
  9   6 0.66
  9   7 0.71
  9   8 0.57
  9   9 0.46
  9  10 0.71
  9  11 0.65
  9  12 0.64
  9  13 0.76
  9  14 0.57
  9  15 0.51
  9  16 0.53
  9  17 0.53
  9  18 0.64
  9  19 0.72
  9  20 0.39
  9  21 0.73
  9  22 0.67
 10   1 0.62
 10   2 0.56
 10   3 0.63
 10   4 0.48
 10   5 0.64
 10   6 0.65
 10   7 0.43
 10   8 0.58
 10   9 0.56
 10  10 0.66
 10  11 0.61
 10  12 0.50
 10  13 0.57
 10  14 0.58
 10  15 0.51
 10  16 0.41
 10  17 0.61
 10  18 0.55
 10  19 0.71
 10  20 0.52
 10  21 0.63
 10  22 0.46
 11   1 0.60
 11   2 0.55
 11   3 0.73
 11   4 0.70
 11   5 0.74
 11   6 0.71
 11   7 0.48
 11   8 0.59
 11   9 0.60
 11  10 0.57
 11  11 0.69
 11  12 0.68
 11  13 0.66
 11  14 0.74
 11  15 0.44
 11  16 0.43
 11  17 0.66
 11  18 0.50
 11  19 0.70
 11  20 0.61
 11  21 0.70
 11  22 0.71
 12   1 0.68
 12   2 0.63
 12   3 0.72
 12   4 0.57
 12   5 0.57
 12   6 0.66
 12   7 0.61
 12   8 0.58
 12   9 0.61
 12  10 0.69
 12  11 0.73
 12  12 0.69
 12  13 0.70
 12  14 0.56
 12  15 0.51
 12  16 0.48
 12  17 0.56
 12  18 0.62
 12  19 0.70
 12  20 0.53
 12  21 0.80
 12  22 0.50
 13   1 0.56
 13   2 0.45
 13   3 0.45
 13   4 0.56
 13   5 0.60
 13   6 0.49
 13   7 0.33
 13   8 0.30
 13   9 0.45
 13  10 0.38
 13  11 0.48
 13  12 0.42
 13  13 0.40
 13  14 0.57
 13  15 0.40
 13  16 0.37
 13  17 0.64
 13  18 0.30
 13  19 0.55
 13  20 0.48
 13  21 0.43
 13  22 0.42
 14   1 0.67
 14   2 0.59
 14   3 0.70
 14   4 0.59
 14   5 0.59
 14   6 0.61
 14   7 0.70
 14   8 0.64
 14   9 0.50
 14  10 0.77
 14  11 0.66
 14  12 0.63
 14  13 0.80
 14  14 0.52
 14  15 0.55
 14  16 0.57
 14  17 0.50
 14  18 0.71
 14  19 0.73
 14  20 0.38
 14  21 0.73
 14  22 0.57
 15   1 0.69
 15   2 0.66
 15   3 0.79
 15   4 0.66
 15   5 0.67
 15   6 0.74
 15   7 0.65
 15   8 0.60
 15   9 0.53
 15  10 0.71
 15  11 0.69
 15  12 0.68
 15  13 0.77
 15  14 0.61
 15  15 0.47
 15  16 0.49
 15  17 0.55
 15  18 0.63
 15  19 0.79
 15  20 0.47
 15  21 0.80
 15  22 0.69
 16   1 0.67
 16   2 0.59
 16   3 0.65
 16   4 0.52
 16   5 0.56
 16   6 0.64
 16   7 0.66
 16   8 0.64
 16   9 0.56
 16  10 0.77
 16  11 0.68
 16  12 0.64
 16  13 0.74
 16  14 0.47
 16  15 0.57
 16  16 0.53
 16  17 0.53
 16  18 0.71
 16  19 0.72
 16  20 0.43
 16  21 0.74
 16  22 0.50
 17   1 0.71
 17   2 0.57
 17   3 0.71
 17   4 0.50
 17   5 0.62
 17   6 0.66
 17   7 0.54
 17   8 0.68
 17   9 0.72
 17  10 0.76
 17  11 0.77
 17  12 0.62
 17  13 0.67
 17  14 0.56
 17  15 0.50
 17  16 0.55
 17  17 0.66
 17  18 0.68
 17  19 0.74
 17  20 0.68
 17  21 0.77
 17  22 0.46
 18   1 0.53
 18   2 0.46
 18   3 0.70
 18   4 0.64
 18   5 0.67
 18   6 0.59
 18   7 0.65
 18   8 0.57
 18   9 0.45
 18  10 0.68
 18  11 0.68
 18  12 0.67
 18  13 0.70
 18  14 0.52
 18  15 0.41
 18  16 0.52
 18  17 0.52
 18  18 0.60
 18  19 0.67
 18  20 0.46
 18  21 0.73
 18  22 0.68
 19   1 0.68
 19   2 0.61
 19   3 0.72
 19   4 0.60
 19   5 0.62
 19   6 0.68
 19   7 0.66
 19   8 0.62
 19   9 0.48
 19  10 0.79
 19  11 0.67
 19  12 0.60
 19  13 0.73
 19  14 0.52
 19  15 0.53
 19  16 0.48
 19  17 0.48
 19  18 0.70
 19  19 0.72
 19  20 0.39
 19  21 0.77
 19  22 0.62
 20   1 0.74
 20   2 0.66
 20   3 0.80
 20   4 0.61
 20   5 0.66
 20   6 0.64
 20   7 0.54
 20   8 0.66
 20   9 0.58
 20  10 0.74
 20  11 0.69
 20  12 0.60
 20  13 0.76
 20  14 0.61
 20  15 0.47
 20  16 0.59
 20  17 0.63
 20  18 0.67
 20  19 0.75
 20  20 0.52
 20  21 0.72
 20  22 0.59
 21   1 0.64
 21   2 0.51
 21   3 0.55
 21   4 0.35
 21   5 0.50
 21   6 0.47
 21   7 0.32
 21   8 0.60
 21   9 0.69
 21  10 0.63
 21  11 0.61
 21  12 0.44
 21  13 0.50
 21  14 0.46
 21  15 0.36
 21  16 0.46
 21  17 0.61
 21  18 0.54
 21  19 0.62
 21  20 0.56
 21  21 0.57
 21  22 0.34
 22   1 0.67
 22   2 0.54
 22   3 0.71
 22   4 0.62
 22   5 0.62
 22   6 0.55
 22   7 0.51
 22   8 0.56
 22   9 0.51
 22  10 0.64
 22  11 0.53
 22  12 0.56
 22  13 0.62
 22  14 0.49
 22  15 0.41
 22  16 0.63
 22  17 0.55
 22  18 0.62
 22  19 0.70
 22  20 0.44
 22  21 0.66
 22  22 0.56
  1   1 0.55
  1   2 0.48
  1   3 0.66
  1   4 0.64
  1   5 0.56
  1   6 0.53
  1   7 0.71
  1   8 0.49
  1   9 0.37
  1  10 0.62
  1  11 0.57
  1  12 0.59
  1  13 0.70
  1  14 0.46
  1  15 0.50
  1  16 0.45
  1  17 0.41
  1  18 0.54
  1  19 0.62
  1  20 0.30
  1  21 0.72
  1  22 0.56
  2   1 0.59
  2   2 0.51
  2   3 0.64
  2   4 0.68
  2   5 0.53
  2   6 0.52
  2   7 0.65
  2   8 0.43
  2   9 0.37
  2  10 0.60
  2  11 0.54
  2  12 0.57
  2  13 0.66
  2  14 0.47
  2  15 0.50
  2  16 0.46
  2  17 0.37
  2  18 0.53
  2  19 0.57
  2  20 0.29
  2  21 0.67
  2  22 0.53
  3   1 0.57
  3   2 0.49
  3   3 0.65
  3   4 0.52
  3   5 0.52
  3   6 0.55
  3   7 0.70
  3   8 0.56
  3   9 0.42
  3  10 0.72
  3  11 0.62
  3  12 0.61
  3  13 0.70
  3  14 0.41
  3  15 0.48
  3  16 0.52
  3  17 0.42
  3  18 0.66
  3  19 0.69
  3  20 0.35
  3  21 0.74
  3  22 0.49
  4   1 0.65
  4   2 0.56
  4   3 0.67
  4   4 0.60
  4   5 0.57
  4   6 0.56
  4   7 0.68
  4   8 0.54
  4   9 0.49
  4  10 0.67
  4  11 0.58
  4  12 0.55
  4  13 0.71
  4  14 0.50
  4  15 0.54
  4  16 0.58
  4  17 0.47
  4  18 0.65
  4  19 0.69
  4  20 0.35
  4  21 0.70
  4  22 0.48
  5   1 0.62
  5   2 0.55
  5   3 0.79
  5   4 0.73
  5   5 0.72
  5   6 0.69
  5   7 0.57
  5   8 0.53
  5   9 0.46
  5  10 0.61
  5  11 0.64
  5  12 0.67
  5  13 0.65
  5  14 0.58
  5  15 0.40
  5  16 0.44
  5  17 0.58
  5  18 0.55
  5  19 0.71
  5  20 0.51
  5  21 0.72
  5  22 0.67
  6   1 0.68
  6   2 0.57
  6   3 0.71
  6   4 0.52
  6   5 0.61
  6   6 0.59
  6   7 0.54
  6   8 0.73
  6   9 0.65
  6  10 0.77
  6  11 0.75
  6  12 0.62
  6  13 0.69
  6  14 0.50
  6  15 0.49
  6  16 0.59
  6  17 0.60
  6  18 0.75
  6  19 0.67
  6  20 0.56
  6  21 0.71
  6  22 0.52
  7   1 0.68
  7   2 0.57
  7   3 0.80
  7   4 0.68
  7   5 0.73
  7   6 0.69
  7   7 0.66
  7   8 0.57
  7   9 0.50
  7  10 0.69
  7  11 0.70
  7  12 0.68
  7  13 0.72
  7  14 0.58
  7  15 0.50
  7  16 0.55
  7  17 0.62
  7  18 0.62
  7  19 0.75
  7  20 0.52
  7  21 0.79
  7  22 0.66
  8   1 0.66
  8   2 0.58
  8   3 0.62
  8   4 0.44
  8   5 0.57
  8   6 0.63
  8   7 0.50
  8   8 0.59
  8   9 0.56
  8  10 0.67
  8  11 0.66
  8  12 0.53
  8  13 0.62
  8  14 0.56
  8  15 0.51
  8  16 0.44
  8  17 0.56
  8  18 0.64
  8  19 0.69
  8  20 0.48
  8  21 0.66
  8  22 0.45
  9   1 0.64
  9   2 0.59
  9   3 0.72
  9   4 0.66
  9   5 0.63
  9   6 0.66
  9   7 0.71
  9   8 0.57
  9   9 0.46
  9  10 0.70
  9  11 0.65
  9  12 0.64
  9  13 0.76
  9  14 0.57
  9  15 0.51
  9  16 0.53
  9  17 0.53
  9  18 0.64
  9  19 0.72
  9  20 0.39
  9  21 0.73
  9  22 0.67
 10   1 0.62
 10   2 0.56
 10   3 0.62
 10   4 0.48
 10   5 0.64
 10   6 0.65
 10   7 0.43
 10   8 0.57
 10   9 0.56
 10  10 0.66
 10  11 0.61
 10  12 0.49
 10  13 0.57
 10  14 0.58
 10  15 0.51
 10  16 0.41
 10  17 0.60
 10  18 0.54
 10  19 0.71
 10  20 0.52
 10  21 0.62
 10  22 0.46
 11   1 0.60
 11   2 0.54
 11   3 0.73
 11   4 0.69
 11   5 0.74
 11   6 0.70
 11   7 0.48
 11   8 0.58
 11   9 0.60
 11  10 0.57
 11  11 0.68
 11  12 0.68
 11  13 0.66
 11  14 0.74
 11  15 0.44
 11  16 0.42
 11  17 0.66
 11  18 0.50
 11  19 0.70
 11  20 0.61
 11  21 0.70
 11  22 0.71
 12   1 0.68
 12   2 0.62
 12   3 0.71
 12   4 0.57
 12   5 0.57
 12   6 0.66
 12   7 0.60
 12   8 0.58
 12   9 0.61
 12  10 0.69
 12  11 0.73
 12  12 0.68
 12  13 0.70
 12  14 0.56
 12  15 0.51
 12  16 0.48
 12  17 0.56
 12  18 0.62
 12  19 0.70
 12  20 0.53
 12  21 0.80
 12  22 0.50
 13   1 0.56
 13   2 0.44
 13   3 0.45
 13   4 0.56
 13   5 0.59
 13   6 0.48
 13   7 0.32
 13   8 0.30
 13   9 0.44
 13  10 0.38
 13  11 0.48
 13  12 0.42
 13  13 0.40
 13  14 0.56
 13  15 0.40
 13  16 0.37
 13  17 0.64
 13  18 0.30
 13  19 0.55
 13  20 0.47
 13  21 0.43
 13  22 0.42
 14   1 0.66
 14   2 0.59
 14   3 0.70
 14   4 0.59
 14   5 0.59
 14   6 0.61
 14   7 0.70
 14   8 0.63
 14   9 0.50
 14  10 0.77
 14  11 0.66
 14  12 0.63
 14  13 0.79
 14  14 0.52
 14  15 0.55
 14  16 0.57
 14  17 0.50
 14  18 0.71
 14  19 0.73
 14  20 0.38
 14  21 0.73
 14  22 0.57
 15   1 0.68
 15   2 0.66
 15   3 0.79
 15   4 0.66
 15   5 0.66
 15   6 0.73
 15   7 0.65
 15   8 0.60
 15   9 0.52
 15  10 0.71
 15  11 0.69
 15  12 0.68
 15  13 0.76
 15  14 0.61
 15  15 0.47
 15  16 0.49
 15  17 0.55
 15  18 0.63
 15  19 0.79
 15  20 0.47
 15  21 0.80
 15  22 0.68
 16   1 0.67
 16   2 0.59
 16   3 0.65
 16   4 0.52
 16   5 0.56
 16   6 0.63
 16   7 0.66
 16   8 0.64
 16   9 0.56
 16  10 0.77
 16  11 0.68
 16  12 0.64
 16  13 0.74
 16  14 0.47
 16  15 0.57
 16  16 0.53
 16  17 0.52
 16  18 0.71
 16  19 0.72
 16  20 0.43
 16  21 0.74
 16  22 0.49
 17   1 0.70
 17   2 0.57
 17   3 0.71
 17   4 0.50
 17   5 0.61
 17   6 0.65
 17   7 0.54
 17   8 0.68
 17   9 0.71
 17  10 0.76
 17  11 0.77
 17  12 0.61
 17  13 0.67
 17  14 0.56
 17  15 0.50
 17  16 0.55
 17  17 0.66
 17  18 0.68
 17  19 0.74
 17  20 0.68
 17  21 0.77
 17  22 0.46
 18   1 0.53
 18   2 0.46
 18   3 0.70
 18   4 0.64
 18   5 0.67
 18   6 0.58
 18   7 0.65
 18   8 0.56
 18   9 0.45
 18  10 0.67
 18  11 0.68
 18  12 0.67
 18  13 0.70
 18  14 0.52
 18  15 0.40
 18  16 0.51
 18  17 0.52
 18  18 0.60
 18  19 0.67
 18  20 0.46
 18  21 0.72
 18  22 0.68
 19   1 0.68
 19   2 0.61
 19   3 0.72
 19   4 0.60
 19   5 0.62
 19   6 0.67
 19   7 0.66
 19   8 0.62
 19   9 0.48
 19  10 0.79
 19  11 0.67
 19  12 0.60
 19  13 0.72
 19  14 0.52
 19  15 0.53
 19  16 0.48
 19  17 0.48
 19  18 0.70
 19  19 0.72
 19  20 0.39
 19  21 0.77
 19  22 0.61
 20   1 0.74
 20   2 0.66
 20   3 0.80
 20   4 0.61
 20   5 0.66
 20   6 0.64
 20   7 0.53
 20   8 0.66
 20   9 0.58
 20  10 0.74
 20  11 0.69
 20  12 0.60
 20  13 0.76
 20  14 0.61
 20  15 0.46
 20  16 0.59
 20  17 0.63
 20  18 0.67
 20  19 0.75
 20  20 0.52
 20  21 0.72
 20  22 0.59
 21   1 0.64
 21   2 0.51
 21   3 0.55
 21   4 0.35
 21   5 0.50
 21   6 0.47
 21   7 0.31
 21   8 0.59
 21   9 0.69
 21  10 0.63
 21  11 0.61
 21  12 0.44
 21  13 0.49
 21  14 0.46
 21  15 0.36
 21  16 0.46
 21  17 0.60
 21  18 0.54
 21  19 0.61
 21  20 0.56
 21  21 0.57
 21  22 0.34
 22   1 0.67
 22   2 0.54
 22   3 0.71
 22   4 0.61
 22   5 0.62
 22   6 0.55
 22   7 0.51
 22   8 0.56
 22   9 0.51
 22  10 0.64
 22  11 0.53
 22  12 0.55
 22  13 0.62
 22  14 0.49
 22  15 0.40
 22  16 0.63
 22  17 0.55
 22  18 0.62
 22  19 0.70
 22  20 0.44
 22  21 0.66
 22  22 0.56
