  1   1 1.00
  1   2 0.53
  1   3 0.53
  1   4 0.41
  1   5 0.48
  1   6 0.60
  1   7 0.61
  1   8 0.56
  1   9 0.59
  1  10 0.54
  1  11 0.43
  1  12 0.57
  1  13 0.47
  1  14 0.70
  1  15 0.62
  1  16 0.48
  1  17 0.47
  1  18 0.39
  1  19 0.52
  1  20 0.63
  1  21 0.44
  1  22 0.20
  2   1 0.53
  2   2 1.00
  2   3 0.31
  2   4 0.64
  2   5 0.40
  2   6 0.62
  2   7 0.63
  2   8 0.58
  2   9 0.55
  2  10 0.71
  2  11 0.49
  2  12 0.59
  2  13 0.49
  2  14 0.61
  2  15 0.54
  2  16 0.58
  2  17 0.63
  2  18 0.43
  2  19 0.58
  2  20 0.52
  2  21 0.53
  2  22 0.15
  3   1 0.53
  3   2 0.31
  3   3 1.00
  3   4 0.28
  3   5 0.57
  3   6 0.57
  3   7 0.48
  3   8 0.46
  3   9 0.46
  3  10 0.42
  3  11 0.39
  3  12 0.45
  3  13 0.42
  3  14 0.38
  3  15 0.52
  3  16 0.41
  3  17 0.38
  3  18 0.35
  3  19 0.48
  3  20 0.42
  3  21 0.34
  3  22 0.30
  4   1 0.41
  4   2 0.64
  4   3 0.28
  4   4 1.00
  4   5 0.39
  4   6 0.55
  4   7 0.59
  4   8 0.52
  4   9 0.46
  4  10 0.64
  4  11 0.47
  4  12 0.55
  4  13 0.47
  4  14 0.51
  4  15 0.45
  4  16 0.48
  4  17 0.60
  4  18 0.44
  4  19 0.57
  4  20 0.45
  4  21 0.45
  4  22 0.12
  5   1 0.48
  5   2 0.40
  5   3 0.57
  5   4 0.39
  5   5 1.00
  5   6 0.51
  5   7 0.61
  5   8 0.43
  5   9 0.51
  5  10 0.52
  5  11 0.37
  5  12 0.46
  5  13 0.45
  5  14 0.41
  5  15 0.56
  5  16 0.47
  5  17 0.54
  5  18 0.29
  5  19 0.54
  5  20 0.38
  5  21 0.38
  5  22 0.26
  6   1 0.60
  6   2 0.62
  6   3 0.57
  6   4 0.55
  6   5 0.51
  6   6 1.00
  6   7 0.69
  6   8 0.67
  6   9 0.68
  6  10 0.63
  6  11 0.62
  6  12 0.66
  6  13 0.59
  6  14 0.66
  6  15 0.72
  6  16 0.66
  6  17 0.66
  6  18 0.60
  6  19 0.62
  6  20 0.56
  6  21 0.63
  6  22 0.23
  7   1 0.61
  7   2 0.63
  7   3 0.48
  7   4 0.59
  7   5 0.61
  7   6 0.69
  7   7 1.00
  7   8 0.60
  7   9 0.69
  7  10 0.70
  7  11 0.51
  7  12 0.67
  7  13 0.55
  7  14 0.67
  7  15 0.66
  7  16 0.65
  7  17 0.71
  7  18 0.49
  7  19 0.61
  7  20 0.61
  7  21 0.60
  7  22 0.25
  8   1 0.56
  8   2 0.58
  8   3 0.46
  8   4 0.52
  8   5 0.43
  8   6 0.67
  8   7 0.60
  8   8 1.00
  8   9 0.57
  8  10 0.63
  8  11 0.60
  8  12 0.61
  8  13 0.52
  8  14 0.53
  8  15 0.63
  8  16 0.60
  8  17 0.60
  8  18 0.54
  8  19 0.57
  8  20 0.50
  8  21 0.64
  8  22 0.31
  9   1 0.59
  9   2 0.55
  9   3 0.46
  9   4 0.46
  9   5 0.51
  9   6 0.68
  9   7 0.69
  9   8 0.57
  9   9 1.00
  9  10 0.59
  9  11 0.60
  9  12 0.66
  9  13 0.54
  9  14 0.70
  9  15 0.74
  9  16 0.63
  9  17 0.72
  9  18 0.55
  9  19 0.50
  9  20 0.46
  9  21 0.62
  9  22 0.17
 10   1 0.54
 10   2 0.71
 10   3 0.42
 10   4 0.64
 10   5 0.52
 10   6 0.63
 10   7 0.70
 10   8 0.63
 10   9 0.59
 10  10 1.00
 10  11 0.48
 10  12 0.67
 10  13 0.49
 10  14 0.62
 10  15 0.57
 10  16 0.63
 10  17 0.65
 10  18 0.45
 10  19 0.62
 10  20 0.62
 10  21 0.58
 10  22 0.22
 11   1 0.43
 11   2 0.49
 11   3 0.39
 11   4 0.47
 11   5 0.37
 11   6 0.62
 11   7 0.51
 11   8 0.60
 11   9 0.60
 11  10 0.48
 11  11 1.00
 11  12 0.52
 11  13 0.53
 11  14 0.45
 11  15 0.55
 11  16 0.47
 11  17 0.58
 11  18 0.66
 11  19 0.45
 11  20 0.36
 11  21 0.59
 11  22 0.14
 12   1 0.57
 12   2 0.59
 12   3 0.45
 12   4 0.55
 12   5 0.46
 12   6 0.66
 12   7 0.67
 12   8 0.61
 12   9 0.66
 12  10 0.67
 12  11 0.52
 12  12 1.00
 12  13 0.52
 12  14 0.67
 12  15 0.58
 12  16 0.67
 12  17 0.63
 12  18 0.50
 12  19 0.54
 12  20 0.62
 12  21 0.51
 12  22 0.17
 13   1 0.47
 13   2 0.49
 13   3 0.42
 13   4 0.47
 13   5 0.45
 13   6 0.59
 13   7 0.55
 13   8 0.52
 13   9 0.54
 13  10 0.49
 13  11 0.53
 13  12 0.52
 13  13 1.00
 13  14 0.49
 13  15 0.59
 13  16 0.52
 13  17 0.56
 13  18 0.44
 13  19 0.54
 13  20 0.38
 13  21 0.49
 13  22 0.18
 14   1 0.70
 14   2 0.61
 14   3 0.38
 14   4 0.51
 14   5 0.41
 14   6 0.66
 14   7 0.67
 14   8 0.53
 14   9 0.70
 14  10 0.62
 14  11 0.45
 14  12 0.67
 14  13 0.49
 14  14 1.00
 14  15 0.67
 14  16 0.65
 14  17 0.62
 14  18 0.45
 14  19 0.50
 14  20 0.60
 14  21 0.54
 14  22 0.12
 15   1 0.62
 15   2 0.54
 15   3 0.52
 15   4 0.45
 15   5 0.56
 15   6 0.72
 15   7 0.66
 15   8 0.63
 15   9 0.74
 15  10 0.57
 15  11 0.55
 15  12 0.58
 15  13 0.59
 15  14 0.67
 15  15 1.00
 15  16 0.67
 15  17 0.63
 15  18 0.54
 15  19 0.57
 15  20 0.49
 15  21 0.65
 15  22 0.21
 16   1 0.48
 16   2 0.58
 16   3 0.41
 16   4 0.48
 16   5 0.47
 16   6 0.66
 16   7 0.65
 16   8 0.60
 16   9 0.63
 16  10 0.63
 16  11 0.47
 16  12 0.67
 16  13 0.52
 16  14 0.65
 16  15 0.67
 16  16 1.00
 16  17 0.61
 16  18 0.47
 16  19 0.53
 16  20 0.54
 16  21 0.57
 16  22 0.20
 17   1 0.47
 17   2 0.63
 17   3 0.38
 17   4 0.60
 17   5 0.54
 17   6 0.66
 17   7 0.71
 17   8 0.60
 17   9 0.72
 17  10 0.65
 17  11 0.58
 17  12 0.63
 17  13 0.56
 17  14 0.62
 17  15 0.63
 17  16 0.61
 17  17 1.00
 17  18 0.48
 17  19 0.54
 17  20 0.43
 17  21 0.64
 17  22 0.20
 18   1 0.39
 18   2 0.43
 18   3 0.35
 18   4 0.44
 18   5 0.29
 18   6 0.60
 18   7 0.49
 18   8 0.54
 18   9 0.55
 18  10 0.45
 18  11 0.66
 18  12 0.50
 18  13 0.44
 18  14 0.45
 18  15 0.54
 18  16 0.47
 18  17 0.48
 18  18 1.00
 18  19 0.41
 18  20 0.35
 18  21 0.59
 18  22 0.16
 19   1 0.52
 19   2 0.58
 19   3 0.48
 19   4 0.57
 19   5 0.54
 19   6 0.62
 19   7 0.61
 19   8 0.57
 19   9 0.50
 19  10 0.62
 19  11 0.45
 19  12 0.54
 19  13 0.54
 19  14 0.50
 19  15 0.57
 19  16 0.53
 19  17 0.54
 19  18 0.41
 19  19 1.00
 19  20 0.57
 19  21 0.47
 19  22 0.33
 20   1 0.63
 20   2 0.52
 20   3 0.42
 20   4 0.45
 20   5 0.38
 20   6 0.56
 20   7 0.61
 20   8 0.50
 20   9 0.46
 20  10 0.62
 20  11 0.36
 20  12 0.62
 20  13 0.38
 20  14 0.60
 20  15 0.49
 20  16 0.54
 20  17 0.43
 20  18 0.35
 20  19 0.57
 20  20 1.00
 20  21 0.36
 20  22 0.22
 21   1 0.44
 21   2 0.53
 21   3 0.34
 21   4 0.45
 21   5 0.38
 21   6 0.63
 21   7 0.60
 21   8 0.64
 21   9 0.62
 21  10 0.58
 21  11 0.59
 21  12 0.51
 21  13 0.49
 21  14 0.54
 21  15 0.65
 21  16 0.57
 21  17 0.64
 21  18 0.59
 21  19 0.47
 21  20 0.36
 21  21 1.00
 21  22 0.19
 22   1 0.20
 22   2 0.15
 22   3 0.30
 22   4 0.12
 22   5 0.26
 22   6 0.23
 22   7 0.25
 22   8 0.31
 22   9 0.17
 22  10 0.22
 22  11 0.14
 22  12 0.17
 22  13 0.18
 22  14 0.12
 22  15 0.21
 22  16 0.20
 22  17 0.20
 22  18 0.16
 22  19 0.33
 22  20 0.22
 22  21 0.19
 22  22 1.00
  1   1 1.00
  1   2 0.53
  1   3 0.52
  1   4 0.41
  1   5 0.47
  1   6 0.60
  1   7 0.60
  1   8 0.55
  1   9 0.58
  1  10 0.53
  1  11 0.43
  1  12 0.57
  1  13 0.46
  1  14 0.69
  1  15 0.62
  1  16 0.47
  1  17 0.47
  1  18 0.39
  1  19 0.52
  1  20 0.62
  1  21 0.43
  1  22 0.20
  2   1 0.53
  2   2 1.00
  2   3 0.31
  2   4 0.64
  2   5 0.40
  2   6 0.61
  2   7 0.63
  2   8 0.58
  2   9 0.55
  2  10 0.70
  2  11 0.49
  2  12 0.58
  2  13 0.48
  2  14 0.61
  2  15 0.54
  2  16 0.58
  2  17 0.63
  2  18 0.43
  2  19 0.58
  2  20 0.52
  2  21 0.53
  2  22 0.15
  3   1 0.52
  3   2 0.31
  3   3 1.00
  3   4 0.28
  3   5 0.56
  3   6 0.56
  3   7 0.48
  3   8 0.45
  3   9 0.45
  3  10 0.41
  3  11 0.39
  3  12 0.45
  3  13 0.41
  3  14 0.37
  3  15 0.51
  3  16 0.40
  3  17 0.37
  3  18 0.34
  3  19 0.47
  3  20 0.42
  3  21 0.33
  3  22 0.30
  4   1 0.41
  4   2 0.64
  4   3 0.28
  4   4 1.00
  4   5 0.39
  4   6 0.54
  4   7 0.58
  4   8 0.51
  4   9 0.46
  4  10 0.64
  4  11 0.47
  4  12 0.55
  4  13 0.46
  4  14 0.51
  4  15 0.44
  4  16 0.47
  4  17 0.60
  4  18 0.44
  4  19 0.57
  4  20 0.45
  4  21 0.45
  4  22 0.12
  5   1 0.47
  5   2 0.40
  5   3 0.56
  5   4 0.39
  5   5 1.00
  5   6 0.51
  5   7 0.61
  5   8 0.43
  5   9 0.51
  5  10 0.51
  5  11 0.36
  5  12 0.45
  5  13 0.44
  5  14 0.41
  5  15 0.55
  5  16 0.46
  5  17 0.54
  5  18 0.28
  5  19 0.54
  5  20 0.38
  5  21 0.37
  5  22 0.25
  6   1 0.60
  6   2 0.61
  6   3 0.56
  6   4 0.54
  6   5 0.51
  6   6 1.00
  6   7 0.69
  6   8 0.67
  6   9 0.68
  6  10 0.63
  6  11 0.61
  6  12 0.66
  6  13 0.58
  6  14 0.65
  6  15 0.71
  6  16 0.66
  6  17 0.65
  6  18 0.59
  6  19 0.62
  6  20 0.56
  6  21 0.63
  6  22 0.23
  7   1 0.60
  7   2 0.63
  7   3 0.48
  7   4 0.58
  7   5 0.61
  7   6 0.69
  7   7 1.00
  7   8 0.60
  7   9 0.69
  7  10 0.69
  7  11 0.50
  7  12 0.67
  7  13 0.55
  7  14 0.66
  7  15 0.66
  7  16 0.65
  7  17 0.70
  7  18 0.49
  7  19 0.61
  7  20 0.61
  7  21 0.60
  7  22 0.25
  8   1 0.55
  8   2 0.58
  8   3 0.45
  8   4 0.51
  8   5 0.43
  8   6 0.67
  8   7 0.60
  8   8 1.00
  8   9 0.56
  8  10 0.62
  8  11 0.59
  8  12 0.61
  8  13 0.51
  8  14 0.53
  8  15 0.62
  8  16 0.59
  8  17 0.59
  8  18 0.53
  8  19 0.57
  8  20 0.50
  8  21 0.64
  8  22 0.31
  9   1 0.58
  9   2 0.55
  9   3 0.45
  9   4 0.46
  9   5 0.51
  9   6 0.68
  9   7 0.69
  9   8 0.56
  9   9 1.00
  9  10 0.59
  9  11 0.60
  9  12 0.66
  9  13 0.53
  9  14 0.69
  9  15 0.73
  9  16 0.62
  9  17 0.72
  9  18 0.55
  9  19 0.50
  9  20 0.46
  9  21 0.62
  9  22 0.16
 10   1 0.53
 10   2 0.70
 10   3 0.41
 10   4 0.64
 10   5 0.51
 10   6 0.63
 10   7 0.69
 10   8 0.62
 10   9 0.59
 10  10 1.00
 10  11 0.48
 10  12 0.67
 10  13 0.49
 10  14 0.61
 10  15 0.56
 10  16 0.63
 10  17 0.65
 10  18 0.45
 10  19 0.62
 10  20 0.62
 10  21 0.57
 10  22 0.21
 11   1 0.43
 11   2 0.49
 11   3 0.39
 11   4 0.47
 11   5 0.36
 11   6 0.61
 11   7 0.50
 11   8 0.59
 11   9 0.60
 11  10 0.48
 11  11 1.00
 11  12 0.51
 11  13 0.52
 11  14 0.45
 11  15 0.54
 11  16 0.46
 11  17 0.58
 11  18 0.65
 11  19 0.44
 11  20 0.36
 11  21 0.58
 11  22 0.14
 12   1 0.57
 12   2 0.58
 12   3 0.45
 12   4 0.55
 12   5 0.45
 12   6 0.66
 12   7 0.67
 12   8 0.61
 12   9 0.66
 12  10 0.67
 12  11 0.51
 12  12 1.00
 12  13 0.52
 12  14 0.67
 12  15 0.57
 12  16 0.66
 12  17 0.63
 12  18 0.49
 12  19 0.54
 12  20 0.62
 12  21 0.51
 12  22 0.17
 13   1 0.46
 13   2 0.48
 13   3 0.41
 13   4 0.46
 13   5 0.44
 13   6 0.58
 13   7 0.55
 13   8 0.51
 13   9 0.53
 13  10 0.49
 13  11 0.52
 13  12 0.52
 13  13 1.00
 13  14 0.48
 13  15 0.58
 13  16 0.51
 13  17 0.56
 13  18 0.43
 13  19 0.53
 13  20 0.38
 13  21 0.49
 13  22 0.17
 14   1 0.69
 14   2 0.61
 14   3 0.37
 14   4 0.51
 14   5 0.41
 14   6 0.65
 14   7 0.66
 14   8 0.53
 14   9 0.69
 14  10 0.61
 14  11 0.45
 14  12 0.67
 14  13 0.48
 14  14 1.00
 14  15 0.67
 14  16 0.65
 14  17 0.62
 14  18 0.45
 14  19 0.50
 14  20 0.60
 14  21 0.54
 14  22 0.11
 15   1 0.62
 15   2 0.54
 15   3 0.51
 15   4 0.44
 15   5 0.55
 15   6 0.71
 15   7 0.66
 15   8 0.62
 15   9 0.73
 15  10 0.56
 15  11 0.54
 15  12 0.57
 15  13 0.58
 15  14 0.67
 15  15 1.00
 15  16 0.67
 15  17 0.62
 15  18 0.53
 15  19 0.56
 15  20 0.48
 15  21 0.65
 15  22 0.21
 16   1 0.47
 16   2 0.58
 16   3 0.40
 16   4 0.47
 16   5 0.46
 16   6 0.66
 16   7 0.65
 16   8 0.59
 16   9 0.62
 16  10 0.63
 16  11 0.46
 16  12 0.66
 16  13 0.51
 16  14 0.65
 16  15 0.67
 16  16 1.00
 16  17 0.60
 16  18 0.46
 16  19 0.53
 16  20 0.54
 16  21 0.56
 16  22 0.19
 17   1 0.47
 17   2 0.63
 17   3 0.37
 17   4 0.60
 17   5 0.54
 17   6 0.65
 17   7 0.70
 17   8 0.59
 17   9 0.72
 17  10 0.65
 17  11 0.58
 17  12 0.63
 17  13 0.56
 17  14 0.62
 17  15 0.62
 17  16 0.60
 17  17 1.00
 17  18 0.47
 17  19 0.54
 17  20 0.42
 17  21 0.64
 17  22 0.20
 18   1 0.39
 18   2 0.43
 18   3 0.34
 18   4 0.44
 18   5 0.28
 18   6 0.59
 18   7 0.49
 18   8 0.53
 18   9 0.55
 18  10 0.45
 18  11 0.65
 18  12 0.49
 18  13 0.43
 18  14 0.45
 18  15 0.53
 18  16 0.46
 18  17 0.47
 18  18 1.00
 18  19 0.41
 18  20 0.35
 18  21 0.59
 18  22 0.15
 19   1 0.52
 19   2 0.58
 19   3 0.47
 19   4 0.57
 19   5 0.54
 19   6 0.62
 19   7 0.61
 19   8 0.57
 19   9 0.50
 19  10 0.62
 19  11 0.44
 19  12 0.54
 19  13 0.53
 19  14 0.50
 19  15 0.56
 19  16 0.53
 19  17 0.54
 19  18 0.41
 19  19 1.00
 19  20 0.57
 19  21 0.46
 19  22 0.32
 20   1 0.62
 20   2 0.52
 20   3 0.42
 20   4 0.45
 20   5 0.38
 20   6 0.56
 20   7 0.61
 20   8 0.50
 20   9 0.46
 20  10 0.62
 20  11 0.36
 20  12 0.62
 20  13 0.38
 20  14 0.60
 20  15 0.48
 20  16 0.54
 20  17 0.42
 20  18 0.35
 20  19 0.57
 20  20 1.00
 20  21 0.36
 20  22 0.22
 21   1 0.43
 21   2 0.53
 21   3 0.33
 21   4 0.45
 21   5 0.37
 21   6 0.63
 21   7 0.60
 21   8 0.64
 21   9 0.62
 21  10 0.57
 21  11 0.58
 21  12 0.51
 21  13 0.49
 21  14 0.54
 21  15 0.65
 21  16 0.56
 21  17 0.64
 21  18 0.59
 21  19 0.46
 21  20 0.36
 21  21 1.00
 21  22 0.19
 22   1 0.20
 22   2 0.15
 22   3 0.30
 22   4 0.12
 22   5 0.25
 22   6 0.23
 22   7 0.25
 22   8 0.31
 22   9 0.16
 22  10 0.21
 22  11 0.14
 22  12 0.17
 22  13 0.17
 22  14 0.11
 22  15 0.21
 22  16 0.19
 22  17 0.20
 22  18 0.15
 22  19 0.32
 22  20 0.22
 22  21 0.19
 22  22 1.00
