  1   1 1.00
  1   2 0.47
  1   3 0.62
  1   4 0.67
  1   5 0.57
  1   6 0.45
  1   7 0.53
  1   8 0.48
  1   9 0.63
  1  10 0.66
  1  11 0.60
  1  12 0.53
  1  13 0.56
  1  14 0.53
  1  15 0.51
  1  16 0.62
  1  17 0.60
  1  18 0.53
  1  19 0.64
  1  20 0.43
  1  21 0.64
  1  22 0.67
  2   1 0.47
  2   2 1.00
  2   3 0.37
  2   4 0.48
  2   5 0.61
  2   6 0.48
  2   7 0.71
  2   8 0.64
  2   9 0.51
  2  10 0.58
  2  11 0.56
  2  12 0.66
  2  13 0.57
  2  14 0.44
  2  15 0.65
  2  16 0.60
  2  17 0.58
  2  18 0.52
  2  19 0.57
  2  20 0.36
  2  21 0.52
  2  22 0.56
  3   1 0.62
  3   2 0.37
  3   3 1.00
  3   4 0.61
  3   5 0.61
  3   6 0.54
  3   7 0.44
  3   8 0.42
  3   9 0.62
  3  10 0.58
  3  11 0.58
  3  12 0.44
  3  13 0.52
  3  14 0.67
  3  15 0.51
  3  16 0.54
  3  17 0.53
  3  18 0.48
  3  19 0.56
  3  20 0.53
  3  21 0.63
  3  22 0.61
  4   1 0.67
  4   2 0.48
  4   3 0.61
  4   4 1.00
  4   5 0.64
  4   6 0.46
  4   7 0.60
  4   8 0.55
  4   9 0.62
  4  10 0.67
  4  11 0.67
  4  12 0.58
  4  13 0.65
  4  14 0.52
  4  15 0.59
  4  16 0.68
  4  17 0.69
  4  18 0.54
  4  19 0.68
  4  20 0.42
  4  21 0.66
  4  22 0.69
  5   1 0.57
  5   2 0.61
  5   3 0.61
  5   4 0.64
  5   5 1.00
  5   6 0.67
  5   7 0.70
  5   8 0.66
  5   9 0.71
  5  10 0.69
  5  11 0.70
  5  12 0.61
  5  13 0.63
  5  14 0.56
  5  15 0.66
  5  16 0.68
  5  17 0.67
  5  18 0.74
  5  19 0.67
  5  20 0.59
  5  21 0.60
  5  22 0.77
  6   1 0.45
  6   2 0.48
  6   3 0.54
  6   4 0.46
  6   5 0.67
  6   6 1.00
  6   7 0.56
  6   8 0.66
  6   9 0.69
  6  10 0.67
  6  11 0.63
  6  12 0.55
  6  13 0.55
  6  14 0.67
  6  15 0.60
  6  16 0.60
  6  17 0.60
  6  18 0.69
  6  19 0.65
  6  20 0.61
  6  21 0.66
  6  22 0.61
  7   1 0.53
  7   2 0.71
  7   3 0.44
  7   4 0.60
  7   5 0.70
  7   6 0.56
  7   7 1.00
  7   8 0.66
  7   9 0.61
  7  10 0.68
  7  11 0.64
  7  12 0.71
  7  13 0.67
  7  14 0.45
  7  15 0.65
  7  16 0.66
  7  17 0.65
  7  18 0.71
  7  19 0.64
  7  20 0.40
  7  21 0.58
  7  22 0.67
  8   1 0.48
  8   2 0.64
  8   3 0.42
  8   4 0.55
  8   5 0.66
  8   6 0.66
  8   7 0.66
  8   8 1.00
  8   9 0.69
  8  10 0.70
  8  11 0.70
  8  12 0.62
  8  13 0.64
  8  14 0.46
  8  15 0.70
  8  16 0.68
  8  17 0.70
  8  18 0.67
  8  19 0.66
  8  20 0.53
  8  21 0.57
  8  22 0.64
  9   1 0.63
  9   2 0.51
  9   3 0.62
  9   4 0.62
  9   5 0.71
  9   6 0.69
  9   7 0.61
  9   8 0.69
  9   9 1.00
  9  10 0.78
  9  11 0.74
  9  12 0.52
  9  13 0.63
  9  14 0.57
  9  15 0.67
  9  16 0.68
  9  17 0.75
  9  18 0.66
  9  19 0.68
  9  20 0.67
  9  21 0.66
  9  22 0.69
 10   1 0.66
 10   2 0.58
 10   3 0.58
 10   4 0.67
 10   5 0.69
 10   6 0.67
 10   7 0.68
 10   8 0.70
 10   9 0.78
 10  10 1.00
 10  11 0.74
 10  12 0.62
 10  13 0.64
 10  14 0.56
 10  15 0.67
 10  16 0.74
 10  17 0.75
 10  18 0.70
 10  19 0.72
 10  20 0.55
 10  21 0.70
 10  22 0.71
 11   1 0.60
 11   2 0.56
 11   3 0.58
 11   4 0.67
 11   5 0.70
 11   6 0.63
 11   7 0.64
 11   8 0.70
 11   9 0.74
 11  10 0.74
 11  11 1.00
 11  12 0.59
 11  13 0.70
 11  14 0.56
 11  15 0.75
 11  16 0.74
 11  17 0.79
 11  18 0.60
 11  19 0.75
 11  20 0.52
 11  21 0.70
 11  22 0.66
 12   1 0.53
 12   2 0.66
 12   3 0.44
 12   4 0.58
 12   5 0.61
 12   6 0.55
 12   7 0.71
 12   8 0.62
 12   9 0.52
 12  10 0.62
 12  11 0.59
 12  12 1.00
 12  13 0.62
 12  14 0.44
 12  15 0.63
 12  16 0.69
 12  17 0.59
 12  18 0.67
 12  19 0.61
 12  20 0.42
 12  21 0.56
 12  22 0.59
 13   1 0.56
 13   2 0.57
 13   3 0.52
 13   4 0.65
 13   5 0.63
 13   6 0.55
 13   7 0.67
 13   8 0.64
 13   9 0.63
 13  10 0.64
 13  11 0.70
 13  12 0.62
 13  13 1.00
 13  14 0.50
 13  15 0.72
 13  16 0.69
 13  17 0.71
 13  18 0.61
 13  19 0.69
 13  20 0.42
 13  21 0.62
 13  22 0.68
 14   1 0.53
 14   2 0.44
 14   3 0.67
 14   4 0.52
 14   5 0.56
 14   6 0.67
 14   7 0.45
 14   8 0.46
 14   9 0.57
 14  10 0.56
 14  11 0.56
 14  12 0.44
 14  13 0.50
 14  14 1.00
 14  15 0.52
 14  16 0.52
 14  17 0.53
 14  18 0.52
 14  19 0.58
 14  20 0.51
 14  21 0.70
 14  22 0.55
 15   1 0.51
 15   2 0.65
 15   3 0.51
 15   4 0.59
 15   5 0.66
 15   6 0.60
 15   7 0.65
 15   8 0.70
 15   9 0.67
 15  10 0.67
 15  11 0.75
 15  12 0.63
 15  13 0.72
 15  14 0.52
 15  15 1.00
 15  16 0.73
 15  17 0.71
 15  18 0.61
 15  19 0.71
 15  20 0.47
 15  21 0.70
 15  22 0.66
 16   1 0.62
 16   2 0.60
 16   3 0.54
 16   4 0.68
 16   5 0.68
 16   6 0.60
 16   7 0.66
 16   8 0.68
 16   9 0.68
 16  10 0.74
 16  11 0.74
 16  12 0.69
 16  13 0.69
 16  14 0.52
 16  15 0.73
 16  16 1.00
 16  17 0.73
 16  18 0.67
 16  19 0.71
 16  20 0.55
 16  21 0.69
 16  22 0.72
 17   1 0.60
 17   2 0.58
 17   3 0.53
 17   4 0.69
 17   5 0.67
 17   6 0.60
 17   7 0.65
 17   8 0.70
 17   9 0.75
 17  10 0.75
 17  11 0.79
 17  12 0.59
 17  13 0.71
 17  14 0.53
 17  15 0.71
 17  16 0.73
 17  17 1.00
 17  18 0.58
 17  19 0.71
 17  20 0.53
 17  21 0.69
 17  22 0.65
 18   1 0.53
 18   2 0.52
 18   3 0.48
 18   4 0.54
 18   5 0.74
 18   6 0.69
 18   7 0.71
 18   8 0.67
 18   9 0.66
 18  10 0.70
 18  11 0.60
 18  12 0.67
 18  13 0.61
 18  14 0.52
 18  15 0.61
 18  16 0.67
 18  17 0.58
 18  18 1.00
 18  19 0.60
 18  20 0.60
 18  21 0.58
 18  22 0.70
 19   1 0.64
 19   2 0.57
 19   3 0.56
 19   4 0.68
 19   5 0.67
 19   6 0.65
 19   7 0.64
 19   8 0.66
 19   9 0.68
 19  10 0.72
 19  11 0.75
 19  12 0.61
 19  13 0.69
 19  14 0.58
 19  15 0.71
 19  16 0.71
 19  17 0.71
 19  18 0.60
 19  19 1.00
 19  20 0.47
 19  21 0.72
 19  22 0.69
 20   1 0.43
 20   2 0.36
 20   3 0.53
 20   4 0.42
 20   5 0.59
 20   6 0.61
 20   7 0.40
 20   8 0.53
 20   9 0.67
 20  10 0.55
 20  11 0.52
 20  12 0.42
 20  13 0.42
 20  14 0.51
 20  15 0.47
 20  16 0.55
 20  17 0.53
 20  18 0.60
 20  19 0.47
 20  20 1.00
 20  21 0.51
 20  22 0.55
 21   1 0.64
 21   2 0.52
 21   3 0.63
 21   4 0.66
 21   5 0.60
 21   6 0.66
 21   7 0.58
 21   8 0.57
 21   9 0.66
 21  10 0.70
 21  11 0.70
 21  12 0.56
 21  13 0.62
 21  14 0.70
 21  15 0.70
 21  16 0.69
 21  17 0.69
 21  18 0.58
 21  19 0.72
 21  20 0.51
 21  21 1.00
 21  22 0.64
 22   1 0.67
 22   2 0.56
 22   3 0.61
 22   4 0.69
 22   5 0.77
 22   6 0.61
 22   7 0.67
 22   8 0.64
 22   9 0.69
 22  10 0.71
 22  11 0.66
 22  12 0.59
 22  13 0.68
 22  14 0.55
 22  15 0.66
 22  16 0.72
 22  17 0.65
 22  18 0.70
 22  19 0.69
 22  20 0.55
 22  21 0.64
 22  22 1.00
  1   1 1.00
  1   2 0.47
  1   3 0.62
  1   4 0.67
  1   5 0.57
  1   6 0.45
  1   7 0.53
  1   8 0.48
  1   9 0.63
  1  10 0.65
  1  11 0.59
  1  12 0.53
  1  13 0.56
  1  14 0.53
  1  15 0.51
  1  16 0.61
  1  17 0.60
  1  18 0.52
  1  19 0.64
  1  20 0.43
  1  21 0.64
  1  22 0.66
  2   1 0.47
  2   2 1.00
  2   3 0.37
  2   4 0.48
  2   5 0.60
  2   6 0.48
  2   7 0.70
  2   8 0.63
  2   9 0.51
  2  10 0.58
  2  11 0.55
  2  12 0.66
  2  13 0.57
  2  14 0.44
  2  15 0.65
  2  16 0.60
  2  17 0.58
  2  18 0.52
  2  19 0.57
  2  20 0.36
  2  21 0.52
  2  22 0.56
  3   1 0.62
  3   2 0.37
  3   3 1.00
  3   4 0.61
  3   5 0.61
  3   6 0.54
  3   7 0.44
  3   8 0.42
  3   9 0.62
  3  10 0.58
  3  11 0.58
  3  12 0.43
  3  13 0.52
  3  14 0.67
  3  15 0.51
  3  16 0.54
  3  17 0.53
  3  18 0.48
  3  19 0.55
  3  20 0.53
  3  21 0.62
  3  22 0.61
  4   1 0.67
  4   2 0.48
  4   3 0.61
  4   4 1.00
  4   5 0.64
  4   6 0.46
  4   7 0.60
  4   8 0.55
  4   9 0.62
  4  10 0.67
  4  11 0.66
  4  12 0.58
  4  13 0.65
  4  14 0.52
  4  15 0.59
  4  16 0.68
  4  17 0.69
  4  18 0.54
  4  19 0.68
  4  20 0.42
  4  21 0.65
  4  22 0.68
  5   1 0.57
  5   2 0.60
  5   3 0.61
  5   4 0.64
  5   5 1.00
  5   6 0.66
  5   7 0.70
  5   8 0.66
  5   9 0.71
  5  10 0.69
  5  11 0.69
  5  12 0.61
  5  13 0.62
  5  14 0.56
  5  15 0.65
  5  16 0.68
  5  17 0.67
  5  18 0.74
  5  19 0.67
  5  20 0.59
  5  21 0.60
  5  22 0.77
  6   1 0.45
  6   2 0.48
  6   3 0.54
  6   4 0.46
  6   5 0.66
  6   6 1.00
  6   7 0.56
  6   8 0.66
  6   9 0.69
  6  10 0.67
  6  11 0.63
  6  12 0.54
  6  13 0.54
  6  14 0.67
  6  15 0.59
  6  16 0.60
  6  17 0.59
  6  18 0.69
  6  19 0.65
  6  20 0.61
  6  21 0.66
  6  22 0.61
  7   1 0.53
  7   2 0.70
  7   3 0.44
  7   4 0.60
  7   5 0.70
  7   6 0.56
  7   7 1.00
  7   8 0.66
  7   9 0.61
  7  10 0.68
  7  11 0.63
  7  12 0.71
  7  13 0.67
  7  14 0.45
  7  15 0.65
  7  16 0.66
  7  17 0.65
  7  18 0.71
  7  19 0.64
  7  20 0.40
  7  21 0.57
  7  22 0.67
  8   1 0.48
  8   2 0.63
  8   3 0.42
  8   4 0.55
  8   5 0.66
  8   6 0.66
  8   7 0.66
  8   8 1.00
  8   9 0.69
  8  10 0.70
  8  11 0.70
  8  12 0.62
  8  13 0.64
  8  14 0.46
  8  15 0.70
  8  16 0.68
  8  17 0.70
  8  18 0.67
  8  19 0.66
  8  20 0.53
  8  21 0.57
  8  22 0.63
  9   1 0.63
  9   2 0.51
  9   3 0.62
  9   4 0.62
  9   5 0.71
  9   6 0.69
  9   7 0.61
  9   8 0.69
  9   9 1.00
  9  10 0.78
  9  11 0.73
  9  12 0.51
  9  13 0.63
  9  14 0.56
  9  15 0.67
  9  16 0.68
  9  17 0.75
  9  18 0.66
  9  19 0.68
  9  20 0.66
  9  21 0.66
  9  22 0.69
 10   1 0.65
 10   2 0.58
 10   3 0.58
 10   4 0.67
 10   5 0.69
 10   6 0.67
 10   7 0.68
 10   8 0.70
 10   9 0.78
 10  10 1.00
 10  11 0.74
 10  12 0.62
 10  13 0.63
 10  14 0.56
 10  15 0.67
 10  16 0.74
 10  17 0.75
 10  18 0.69
 10  19 0.71
 10  20 0.55
 10  21 0.70
 10  22 0.71
 11   1 0.59
 11   2 0.55
 11   3 0.58
 11   4 0.66
 11   5 0.69
 11   6 0.63
 11   7 0.63
 11   8 0.70
 11   9 0.73
 11  10 0.74
 11  11 1.00
 11  12 0.58
 11  13 0.70
 11  14 0.55
 11  15 0.75
 11  16 0.74
 11  17 0.78
 11  18 0.60
 11  19 0.75
 11  20 0.52
 11  21 0.70
 11  22 0.66
 12   1 0.53
 12   2 0.66
 12   3 0.43
 12   4 0.58
 12   5 0.61
 12   6 0.54
 12   7 0.71
 12   8 0.62
 12   9 0.51
 12  10 0.62
 12  11 0.58
 12  12 1.00
 12  13 0.62
 12  14 0.44
 12  15 0.63
 12  16 0.69
 12  17 0.58
 12  18 0.67
 12  19 0.61
 12  20 0.42
 12  21 0.56
 12  22 0.58
 13   1 0.56
 13   2 0.57
 13   3 0.52
 13   4 0.65
 13   5 0.62
 13   6 0.54
 13   7 0.67
 13   8 0.64
 13   9 0.63
 13  10 0.63
 13  11 0.70
 13  12 0.62
 13  13 1.00
 13  14 0.50
 13  15 0.72
 13  16 0.69
 13  17 0.71
 13  18 0.60
 13  19 0.69
 13  20 0.42
 13  21 0.62
 13  22 0.68
 14   1 0.53
 14   2 0.44
 14   3 0.67
 14   4 0.52
 14   5 0.56
 14   6 0.67
 14   7 0.45
 14   8 0.46
 14   9 0.56
 14  10 0.56
 14  11 0.55
 14  12 0.44
 14  13 0.50
 14  14 1.00
 14  15 0.52
 14  16 0.52
 14  17 0.53
 14  18 0.52
 14  19 0.57
 14  20 0.50
 14  21 0.70
 14  22 0.55
 15   1 0.51
 15   2 0.65
 15   3 0.51
 15   4 0.59
 15   5 0.65
 15   6 0.59
 15   7 0.65
 15   8 0.70
 15   9 0.67
 15  10 0.67
 15  11 0.75
 15  12 0.63
 15  13 0.72
 15  14 0.52
 15  15 1.00
 15  16 0.73
 15  17 0.70
 15  18 0.61
 15  19 0.71
 15  20 0.47
 15  21 0.69
 15  22 0.66
 16   1 0.61
 16   2 0.60
 16   3 0.54
 16   4 0.68
 16   5 0.68
 16   6 0.60
 16   7 0.66
 16   8 0.68
 16   9 0.68
 16  10 0.74
 16  11 0.74
 16  12 0.69
 16  13 0.69
 16  14 0.52
 16  15 0.73
 16  16 1.00
 16  17 0.73
 16  18 0.67
 16  19 0.71
 16  20 0.55
 16  21 0.69
 16  22 0.72
 17   1 0.60
 17   2 0.58
 17   3 0.53
 17   4 0.69
 17   5 0.67
 17   6 0.59
 17   7 0.65
 17   8 0.70
 17   9 0.75
 17  10 0.75
 17  11 0.78
 17  12 0.58
 17  13 0.71
 17  14 0.53
 17  15 0.70
 17  16 0.73
 17  17 1.00
 17  18 0.58
 17  19 0.71
 17  20 0.52
 17  21 0.69
 17  22 0.65
 18   1 0.52
 18   2 0.52
 18   3 0.48
 18   4 0.54
 18   5 0.74
 18   6 0.69
 18   7 0.71
 18   8 0.67
 18   9 0.66
 18  10 0.69
 18  11 0.60
 18  12 0.67
 18  13 0.60
 18  14 0.52
 18  15 0.61
 18  16 0.67
 18  17 0.58
 18  18 1.00
 18  19 0.60
 18  20 0.60
 18  21 0.58
 18  22 0.70
 19   1 0.64
 19   2 0.57
 19   3 0.55
 19   4 0.68
 19   5 0.67
 19   6 0.65
 19   7 0.64
 19   8 0.66
 19   9 0.68
 19  10 0.71
 19  11 0.75
 19  12 0.61
 19  13 0.69
 19  14 0.57
 19  15 0.71
 19  16 0.71
 19  17 0.71
 19  18 0.60
 19  19 1.00
 19  20 0.47
 19  21 0.72
 19  22 0.69
 20   1 0.43
 20   2 0.36
 20   3 0.53
 20   4 0.42
 20   5 0.59
 20   6 0.61
 20   7 0.40
 20   8 0.53
 20   9 0.66
 20  10 0.55
 20  11 0.52
 20  12 0.42
 20  13 0.42
 20  14 0.50
 20  15 0.47
 20  16 0.55
 20  17 0.52
 20  18 0.60
 20  19 0.47
 20  20 1.00
 20  21 0.51
 20  22 0.54
 21   1 0.64
 21   2 0.52
 21   3 0.62
 21   4 0.65
 21   5 0.60
 21   6 0.66
 21   7 0.57
 21   8 0.57
 21   9 0.66
 21  10 0.70
 21  11 0.70
 21  12 0.56
 21  13 0.62
 21  14 0.70
 21  15 0.69
 21  16 0.69
 21  17 0.69
 21  18 0.58
 21  19 0.72
 21  20 0.51
 21  21 1.00
 21  22 0.64
 22   1 0.66
 22   2 0.56
 22   3 0.61
 22   4 0.68
 22   5 0.77
 22   6 0.61
 22   7 0.67
 22   8 0.63
 22   9 0.69
 22  10 0.71
 22  11 0.66
 22  12 0.58
 22  13 0.68
 22  14 0.55
 22  15 0.66
 22  16 0.72
 22  17 0.65
 22  18 0.70
 22  19 0.69
 22  20 0.54
 22  21 0.64
 22  22 1.00
