  1   1 0.37
  1   2 0.29
  1   3 0.58
  1   4 0.21
  1   5 0.55
  1   6 0.53
  1   7 0.19
  1   8 0.30
  1   9 0.50
  1  10 0.57
  1  11 0.65
  1  12 0.42
  1  13 0.65
  1  14 0.46
  1  15 0.44
  1  16 0.57
  1  17 0.59
  1  18 0.70
  1  19 0.56
  1  20 0.21
  1  21 0.40
  1  22 0.67
  2   1 0.25
  2   2 0.22
  2   3 0.63
  2   4 0.20
  2   5 0.57
  2   6 0.63
  2   7 0.10
  2   8 0.17
  2   9 0.71
  2  10 0.53
  2  11 0.71
  2  12 0.69
  2  13 0.70
  2  14 0.59
  2  15 0.50
  2  16 0.55
  2  17 0.62
  2  18 0.56
  2  19 0.66
  2  20 0.48
  2  21 0.39
  2  22 0.46
  3   1 0.29
  3   2 0.20
  3   3 0.59
  3   4 0.20
  3   5 0.56
  3   6 0.67
  3   7 0.11
  3   8 0.20
  3   9 0.58
  3  10 0.51
  3  11 0.78
  3  12 0.62
  3  13 0.71
  3  14 0.60
  3  15 0.52
  3  16 0.63
  3  17 0.62
  3  18 0.61
  3  19 0.58
  3  20 0.44
  3  21 0.37
  3  22 0.49
  4   1 0.32
  4   2 0.23
  4   3 0.56
  4   4 0.33
  4   5 0.55
  4   6 0.41
  4   7 0.18
  4   8 0.28
  4   9 0.45
  4  10 0.48
  4  11 0.53
  4  12 0.37
  4  13 0.54
  4  14 0.38
  4  15 0.45
  4  16 0.48
  4  17 0.50
  4  18 0.60
  4  19 0.44
  4  20 0.21
  4  21 0.56
  4  22 0.55
  5   1 0.18
  5   2 0.19
  5   3 0.28
  5   4 0.12
  5   5 0.19
  5   6 0.31
  5   7 0.06
  5   8 0.09
  5   9 0.53
  5  10 0.21
  5  11 0.31
  5  12 0.52
  5  13 0.27
  5  14 0.43
  5  15 0.21
  5  16 0.32
  5  17 0.40
  5  18 0.25
  5  19 0.44
  5  20 0.26
  5  21 0.18
  5  22 0.18
  6   1 0.30
  6   2 0.22
  6   3 0.69
  6   4 0.25
  6   5 0.58
  6   6 0.65
  6   7 0.11
  6   8 0.25
  6   9 0.55
  6  10 0.70
  6  11 0.74
  6  12 0.53
  6  13 0.73
  6  14 0.59
  6  15 0.56
  6  16 0.68
  6  17 0.68
  6  18 0.73
  6  19 0.62
  6  20 0.31
  6  21 0.41
  6  22 0.61
  7   1 0.54
  7   2 0.55
  7   3 0.41
  7   4 0.34
  7   5 0.37
  7   6 0.37
  7   7 0.29
  7   8 0.35
  7   9 0.54
  7  10 0.36
  7  11 0.47
  7  12 0.44
  7  13 0.46
  7  14 0.45
  7  15 0.27
  7  16 0.41
  7  17 0.48
  7  18 0.61
  7  19 0.56
  7  20 0.21
  7  21 0.47
  7  22 0.51
  8   1 0.46
  8   2 0.35
  8   3 0.61
  8   4 0.27
  8   5 0.61
  8   6 0.63
  8   7 0.23
  8   8 0.33
  8   9 0.61
  8  10 0.54
  8  11 0.69
  8  12 0.57
  8  13 0.73
  8  14 0.60
  8  15 0.51
  8  16 0.64
  8  17 0.60
  8  18 0.66
  8  19 0.65
  8  20 0.35
  8  21 0.48
  8  22 0.62
  9   1 0.44
  9   2 0.29
  9   3 0.60
  9   4 0.19
  9   5 0.49
  9   6 0.47
  9   7 0.26
  9   8 0.44
  9   9 0.38
  9  10 0.54
  9  11 0.44
  9  12 0.30
  9  13 0.42
  9  14 0.38
  9  15 0.41
  9  16 0.43
  9  17 0.38
  9  18 0.58
  9  19 0.46
  9  20 0.18
  9  21 0.37
  9  22 0.65
 10   1 0.17
 10   2 0.10
 10   3 0.54
 10   4 0.14
 10   5 0.57
 10   6 0.56
 10   7 0.04
 10   8 0.25
 10   9 0.42
 10  10 0.60
 10  11 0.66
 10  12 0.43
 10  13 0.65
 10  14 0.44
 10  15 0.58
 10  16 0.60
 10  17 0.55
 10  18 0.49
 10  19 0.43
 10  20 0.32
 10  21 0.32
 10  22 0.41
 11   1 0.42
 11   2 0.37
 11   3 0.62
 11   4 0.20
 11   5 0.54
 11   6 0.67
 11   7 0.19
 11   8 0.28
 11   9 0.68
 11  10 0.52
 11  11 0.69
 11  12 0.61
 11  13 0.64
 11  14 0.63
 11  15 0.47
 11  16 0.59
 11  17 0.60
 11  18 0.68
 11  19 0.72
 11  20 0.35
 11  21 0.41
 11  22 0.57
 12   1 0.19
 12   2 0.13
 12   3 0.61
 12   4 0.11
 12   5 0.56
 12   6 0.63
 12   7 0.06
 12   8 0.19
 12   9 0.39
 12  10 0.58
 12  11 0.63
 12  12 0.37
 12  13 0.65
 12  14 0.53
 12  15 0.54
 12  16 0.56
 12  17 0.54
 12  18 0.51
 12  19 0.51
 12  20 0.27
 12  21 0.26
 12  22 0.42
 13   1 0.22
 13   2 0.14
 13   3 0.63
 13   4 0.13
 13   5 0.45
 13   6 0.49
 13   7 0.14
 13   8 0.30
 13   9 0.37
 13  10 0.48
 13  11 0.48
 13  12 0.33
 13  13 0.49
 13  14 0.35
 13  15 0.44
 13  16 0.42
 13  17 0.42
 13  18 0.49
 13  19 0.39
 13  20 0.22
 13  21 0.35
 13  22 0.48
 14   1 0.20
 14   2 0.16
 14   3 0.65
 14   4 0.10
 14   5 0.58
 14   6 0.73
 14   7 0.07
 14   8 0.20
 14   9 0.43
 14  10 0.65
 14  11 0.72
 14  12 0.49
 14  13 0.71
 14  14 0.68
 14  15 0.51
 14  16 0.68
 14  17 0.60
 14  18 0.62
 14  19 0.60
 14  20 0.31
 14  21 0.27
 14  22 0.55
 15   1 0.26
 15   2 0.29
 15   3 0.54
 15   4 0.16
 15   5 0.50
 15   6 0.54
 15   7 0.13
 15   8 0.18
 15   9 0.63
 15  10 0.49
 15  11 0.53
 15  12 0.51
 15  13 0.56
 15  14 0.63
 15  15 0.44
 15  16 0.54
 15  17 0.57
 15  18 0.49
 15  19 0.62
 15  20 0.47
 15  21 0.36
 15  22 0.43
 16   1 0.24
 16   2 0.19
 16   3 0.59
 16   4 0.24
 16   5 0.50
 16   6 0.56
 16   7 0.09
 16   8 0.15
 16   9 0.60
 16  10 0.50
 16  11 0.65
 16  12 0.60
 16  13 0.68
 16  14 0.63
 16  15 0.51
 16  16 0.57
 16  17 0.74
 16  18 0.59
 16  19 0.61
 16  20 0.41
 16  21 0.38
 16  22 0.42
 17   1 0.37
 17   2 0.25
 17   3 0.59
 17   4 0.18
 17   5 0.49
 17   6 0.46
 17   7 0.26
 17   8 0.41
 17   9 0.33
 17  10 0.54
 17  11 0.38
 17  12 0.23
 17  13 0.44
 17  14 0.39
 17  15 0.43
 17  16 0.42
 17  17 0.37
 17  18 0.50
 17  19 0.42
 17  20 0.17
 17  21 0.35
 17  22 0.57
 18   1 0.42
 18   2 0.44
 18   3 0.25
 18   4 0.35
 18   5 0.20
 18   6 0.27
 18   7 0.22
 18   8 0.24
 18   9 0.36
 18  10 0.18
 18  11 0.23
 18  12 0.37
 18  13 0.24
 18  14 0.27
 18  15 0.13
 18  16 0.25
 18  17 0.28
 18  18 0.36
 18  19 0.38
 18  20 0.14
 18  21 0.33
 18  22 0.24
 19   1 0.23
 19   2 0.22
 19   3 0.36
 19   4 0.23
 19   5 0.34
 19   6 0.46
 19   7 0.12
 19   8 0.13
 19   9 0.57
 19  10 0.35
 19  11 0.49
 19  12 0.63
 19  13 0.41
 19  14 0.52
 19  15 0.39
 19  16 0.42
 19  17 0.52
 19  18 0.38
 19  19 0.44
 19  20 0.68
 19  21 0.28
 19  22 0.29
 20   1 0.14
 20   2 0.17
 20   3 0.35
 20   4 0.08
 20   5 0.27
 20   6 0.47
 20   7 0.02
 20   8 0.06
 20   9 0.52
 20  10 0.32
 20  11 0.49
 20  12 0.62
 20  13 0.39
 20  14 0.47
 20  15 0.39
 20  16 0.43
 20  17 0.54
 20  18 0.30
 20  19 0.45
 20  20 0.58
 20  21 0.16
 20  22 0.20
 21   1 0.18
 21   2 0.13
 21   3 0.41
 21   4 0.13
 21   5 0.39
 21   6 0.58
 21   7 0.04
 21   8 0.10
 21   9 0.48
 21  10 0.37
 21  11 0.60
 21  12 0.63
 21  13 0.53
 21  14 0.49
 21  15 0.44
 21  16 0.56
 21  17 0.58
 21  18 0.43
 21  19 0.45
 21  20 0.51
 21  21 0.26
 21  22 0.31
 22   1 0.55
 22   2 0.46
 22   3 0.48
 22   4 0.33
 22   5 0.54
 22   6 0.44
 22   7 0.24
 22   8 0.37
 22   9 0.52
 22  10 0.44
 22  11 0.53
 22  12 0.48
 22  13 0.58
 22  14 0.40
 22  15 0.38
 22  16 0.53
 22  17 0.50
 22  18 0.61
 22  19 0.52
 22  20 0.25
 22  21 0.52
 22  22 0.58
  1   1 0.37
  1   2 0.28
  1   3 0.58
  1   4 0.21
  1   5 0.55
  1   6 0.53
  1   7 0.19
  1   8 0.30
  1   9 0.50
  1  10 0.57
  1  11 0.65
  1  12 0.42
  1  13 0.65
  1  14 0.45
  1  15 0.43
  1  16 0.57
  1  17 0.59
  1  18 0.70
  1  19 0.56
  1  20 0.21
  1  21 0.40
  1  22 0.66
  2   1 0.25
  2   2 0.22
  2   3 0.63
  2   4 0.19
  2   5 0.57
  2   6 0.63
  2   7 0.10
  2   8 0.17
  2   9 0.71
  2  10 0.53
  2  11 0.71
  2  12 0.69
  2  13 0.70
  2  14 0.59
  2  15 0.50
  2  16 0.55
  2  17 0.62
  2  18 0.55
  2  19 0.65
  2  20 0.48
  2  21 0.39
  2  22 0.46
  3   1 0.29
  3   2 0.20
  3   3 0.59
  3   4 0.20
  3   5 0.55
  3   6 0.67
  3   7 0.11
  3   8 0.20
  3   9 0.58
  3  10 0.51
  3  11 0.78
  3  12 0.62
  3  13 0.70
  3  14 0.60
  3  15 0.52
  3  16 0.63
  3  17 0.62
  3  18 0.61
  3  19 0.57
  3  20 0.43
  3  21 0.37
  3  22 0.49
  4   1 0.32
  4   2 0.23
  4   3 0.56
  4   4 0.33
  4   5 0.54
  4   6 0.41
  4   7 0.18
  4   8 0.28
  4   9 0.45
  4  10 0.48
  4  11 0.53
  4  12 0.37
  4  13 0.54
  4  14 0.38
  4  15 0.45
  4  16 0.48
  4  17 0.50
  4  18 0.60
  4  19 0.44
  4  20 0.20
  4  21 0.56
  4  22 0.55
  5   1 0.18
  5   2 0.19
  5   3 0.28
  5   4 0.12
  5   5 0.19
  5   6 0.31
  5   7 0.06
  5   8 0.09
  5   9 0.52
  5  10 0.21
  5  11 0.31
  5  12 0.52
  5  13 0.27
  5  14 0.43
  5  15 0.20
  5  16 0.32
  5  17 0.39
  5  18 0.25
  5  19 0.44
  5  20 0.26
  5  21 0.18
  5  22 0.17
  6   1 0.30
  6   2 0.21
  6   3 0.69
  6   4 0.24
  6   5 0.57
  6   6 0.65
  6   7 0.11
  6   8 0.25
  6   9 0.55
  6  10 0.70
  6  11 0.73
  6  12 0.52
  6  13 0.73
  6  14 0.59
  6  15 0.55
  6  16 0.68
  6  17 0.68
  6  18 0.73
  6  19 0.62
  6  20 0.31
  6  21 0.41
  6  22 0.60
  7   1 0.54
  7   2 0.55
  7   3 0.41
  7   4 0.34
  7   5 0.37
  7   6 0.37
  7   7 0.29
  7   8 0.35
  7   9 0.54
  7  10 0.36
  7  11 0.47
  7  12 0.44
  7  13 0.46
  7  14 0.44
  7  15 0.27
  7  16 0.41
  7  17 0.48
  7  18 0.60
  7  19 0.56
  7  20 0.20
  7  21 0.47
  7  22 0.51
  8   1 0.46
  8   2 0.35
  8   3 0.61
  8   4 0.27
  8   5 0.61
  8   6 0.63
  8   7 0.23
  8   8 0.33
  8   9 0.61
  8  10 0.54
  8  11 0.69
  8  12 0.56
  8  13 0.73
  8  14 0.59
  8  15 0.50
  8  16 0.64
  8  17 0.60
  8  18 0.66
  8  19 0.65
  8  20 0.35
  8  21 0.48
  8  22 0.62
  9   1 0.44
  9   2 0.29
  9   3 0.60
  9   4 0.19
  9   5 0.49
  9   6 0.46
  9   7 0.26
  9   8 0.44
  9   9 0.38
  9  10 0.54
  9  11 0.44
  9  12 0.29
  9  13 0.41
  9  14 0.38
  9  15 0.41
  9  16 0.43
  9  17 0.38
  9  18 0.58
  9  19 0.46
  9  20 0.18
  9  21 0.36
  9  22 0.65
 10   1 0.17
 10   2 0.09
 10   3 0.54
 10   4 0.14
 10   5 0.57
 10   6 0.56
 10   7 0.04
 10   8 0.25
 10   9 0.42
 10  10 0.60
 10  11 0.66
 10  12 0.42
 10  13 0.65
 10  14 0.44
 10  15 0.58
 10  16 0.60
 10  17 0.55
 10  18 0.49
 10  19 0.43
 10  20 0.32
 10  21 0.32
 10  22 0.41
 11   1 0.41
 11   2 0.37
 11   3 0.62
 11   4 0.20
 11   5 0.54
 11   6 0.67
 11   7 0.19
 11   8 0.28
 11   9 0.68
 11  10 0.52
 11  11 0.69
 11  12 0.61
 11  13 0.64
 11  14 0.63
 11  15 0.46
 11  16 0.59
 11  17 0.60
 11  18 0.68
 11  19 0.71
 11  20 0.35
 11  21 0.41
 11  22 0.57
 12   1 0.19
 12   2 0.13
 12   3 0.61
 12   4 0.11
 12   5 0.56
 12   6 0.63
 12   7 0.06
 12   8 0.19
 12   9 0.38
 12  10 0.58
 12  11 0.63
 12  12 0.37
 12  13 0.65
 12  14 0.53
 12  15 0.54
 12  16 0.56
 12  17 0.54
 12  18 0.51
 12  19 0.51
 12  20 0.27
 12  21 0.26
 12  22 0.42
 13   1 0.22
 13   2 0.14
 13   3 0.63
 13   4 0.13
 13   5 0.44
 13   6 0.49
 13   7 0.14
 13   8 0.30
 13   9 0.37
 13  10 0.48
 13  11 0.48
 13  12 0.33
 13  13 0.49
 13  14 0.35
 13  15 0.44
 13  16 0.42
 13  17 0.42
 13  18 0.49
 13  19 0.39
 13  20 0.22
 13  21 0.35
 13  22 0.48
 14   1 0.20
 14   2 0.16
 14   3 0.65
 14   4 0.10
 14   5 0.57
 14   6 0.72
 14   7 0.07
 14   8 0.20
 14   9 0.43
 14  10 0.64
 14  11 0.72
 14  12 0.49
 14  13 0.71
 14  14 0.68
 14  15 0.50
 14  16 0.68
 14  17 0.60
 14  18 0.62
 14  19 0.60
 14  20 0.31
 14  21 0.27
 14  22 0.55
 15   1 0.26
 15   2 0.29
 15   3 0.54
 15   4 0.16
 15   5 0.50
 15   6 0.53
 15   7 0.13
 15   8 0.17
 15   9 0.63
 15  10 0.49
 15  11 0.53
 15  12 0.51
 15  13 0.55
 15  14 0.63
 15  15 0.44
 15  16 0.53
 15  17 0.57
 15  18 0.49
 15  19 0.61
 15  20 0.47
 15  21 0.36
 15  22 0.43
 16   1 0.24
 16   2 0.19
 16   3 0.59
 16   4 0.24
 16   5 0.50
 16   6 0.55
 16   7 0.09
 16   8 0.15
 16   9 0.60
 16  10 0.50
 16  11 0.65
 16  12 0.60
 16  13 0.68
 16  14 0.63
 16  15 0.51
 16  16 0.57
 16  17 0.74
 16  18 0.59
 16  19 0.61
 16  20 0.41
 16  21 0.37
 16  22 0.42
 17   1 0.36
 17   2 0.25
 17   3 0.58
 17   4 0.18
 17   5 0.49
 17   6 0.46
 17   7 0.26
 17   8 0.41
 17   9 0.33
 17  10 0.54
 17  11 0.38
 17  12 0.23
 17  13 0.44
 17  14 0.39
 17  15 0.43
 17  16 0.42
 17  17 0.37
 17  18 0.49
 17  19 0.42
 17  20 0.16
 17  21 0.35
 17  22 0.57
 18   1 0.42
 18   2 0.44
 18   3 0.24
 18   4 0.35
 18   5 0.20
 18   6 0.27
 18   7 0.22
 18   8 0.24
 18   9 0.36
 18  10 0.18
 18  11 0.23
 18  12 0.37
 18  13 0.24
 18  14 0.27
 18  15 0.13
 18  16 0.25
 18  17 0.28
 18  18 0.36
 18  19 0.37
 18  20 0.14
 18  21 0.33
 18  22 0.24
 19   1 0.23
 19   2 0.22
 19   3 0.36
 19   4 0.23
 19   5 0.34
 19   6 0.45
 19   7 0.12
 19   8 0.13
 19   9 0.57
 19  10 0.35
 19  11 0.49
 19  12 0.63
 19  13 0.40
 19  14 0.52
 19  15 0.38
 19  16 0.42
 19  17 0.52
 19  18 0.38
 19  19 0.44
 19  20 0.68
 19  21 0.27
 19  22 0.28
 20   1 0.14
 20   2 0.17
 20   3 0.35
 20   4 0.08
 20   5 0.27
 20   6 0.47
 20   7 0.02
 20   8 0.06
 20   9 0.52
 20  10 0.32
 20  11 0.49
 20  12 0.61
 20  13 0.39
 20  14 0.47
 20  15 0.39
 20  16 0.43
 20  17 0.54
 20  18 0.30
 20  19 0.45
 20  20 0.57
 20  21 0.15
 20  22 0.20
 21   1 0.18
 21   2 0.13
 21   3 0.41
 21   4 0.13
 21   5 0.39
 21   6 0.58
 21   7 0.04
 21   8 0.09
 21   9 0.48
 21  10 0.37
 21  11 0.60
 21  12 0.63
 21  13 0.53
 21  14 0.49
 21  15 0.44
 21  16 0.56
 21  17 0.58
 21  18 0.43
 21  19 0.45
 21  20 0.51
 21  21 0.26
 21  22 0.30
 22   1 0.55
 22   2 0.46
 22   3 0.48
 22   4 0.33
 22   5 0.54
 22   6 0.44
 22   7 0.24
 22   8 0.37
 22   9 0.52
 22  10 0.44
 22  11 0.53
 22  12 0.48
 22  13 0.58
 22  14 0.40
 22  15 0.37
 22  16 0.53
 22  17 0.50
 22  18 0.61
 22  19 0.51
 22  20 0.25
 22  21 0.52
 22  22 0.58
  1   1 0.37
  1   2 0.28
  1   3 0.58
  1   4 0.21
  1   5 0.55
  1   6 0.53
  1   7 0.19
  1   8 0.30
  1   9 0.50
  1  10 0.57
  1  11 0.65
  1  12 0.42
  1  13 0.65
  1  14 0.45
  1  15 0.43
  1  16 0.57
  1  17 0.59
  1  18 0.70
  1  19 0.56
  1  20 0.21
  1  21 0.40
  1  22 0.66
  2   1 0.25
  2   2 0.22
  2   3 0.63
  2   4 0.19
  2   5 0.57
  2   6 0.63
  2   7 0.10
  2   8 0.17
  2   9 0.71
  2  10 0.53
  2  11 0.71
  2  12 0.69
  2  13 0.70
  2  14 0.59
  2  15 0.50
  2  16 0.55
  2  17 0.62
  2  18 0.55
  2  19 0.65
  2  20 0.48
  2  21 0.39
  2  22 0.46
  3   1 0.29
  3   2 0.20
  3   3 0.59
  3   4 0.20
  3   5 0.55
  3   6 0.67
  3   7 0.11
  3   8 0.20
  3   9 0.58
  3  10 0.51
  3  11 0.78
  3  12 0.62
  3  13 0.70
  3  14 0.60
  3  15 0.52
  3  16 0.63
  3  17 0.62
  3  18 0.61
  3  19 0.57
  3  20 0.43
  3  21 0.37
  3  22 0.49
  4   1 0.32
  4   2 0.23
  4   3 0.56
  4   4 0.33
  4   5 0.54
  4   6 0.41
  4   7 0.18
  4   8 0.28
  4   9 0.45
  4  10 0.48
  4  11 0.53
  4  12 0.37
  4  13 0.54
  4  14 0.38
  4  15 0.45
  4  16 0.48
  4  17 0.50
  4  18 0.60
  4  19 0.44
  4  20 0.20
  4  21 0.56
  4  22 0.55
  5   1 0.18
  5   2 0.19
  5   3 0.28
  5   4 0.12
  5   5 0.19
  5   6 0.31
  5   7 0.06
  5   8 0.09
  5   9 0.52
  5  10 0.21
  5  11 0.31
  5  12 0.52
  5  13 0.27
  5  14 0.43
  5  15 0.20
  5  16 0.32
  5  17 0.39
  5  18 0.25
  5  19 0.44
  5  20 0.26
  5  21 0.18
  5  22 0.17
  6   1 0.30
  6   2 0.21
  6   3 0.69
  6   4 0.24
  6   5 0.57
  6   6 0.65
  6   7 0.11
  6   8 0.25
  6   9 0.55
  6  10 0.70
  6  11 0.73
  6  12 0.52
  6  13 0.73
  6  14 0.59
  6  15 0.55
  6  16 0.68
  6  17 0.68
  6  18 0.73
  6  19 0.62
  6  20 0.31
  6  21 0.41
  6  22 0.60
  7   1 0.54
  7   2 0.55
  7   3 0.41
  7   4 0.34
  7   5 0.37
  7   6 0.37
  7   7 0.29
  7   8 0.35
  7   9 0.54
  7  10 0.36
  7  11 0.47
  7  12 0.44
  7  13 0.46
  7  14 0.44
  7  15 0.27
  7  16 0.41
  7  17 0.48
  7  18 0.60
  7  19 0.56
  7  20 0.20
  7  21 0.47
  7  22 0.51
  8   1 0.46
  8   2 0.35
  8   3 0.61
  8   4 0.27
  8   5 0.61
  8   6 0.63
  8   7 0.23
  8   8 0.33
  8   9 0.61
  8  10 0.54
  8  11 0.69
  8  12 0.56
  8  13 0.73
  8  14 0.59
  8  15 0.50
  8  16 0.64
  8  17 0.60
  8  18 0.66
  8  19 0.65
  8  20 0.35
  8  21 0.48
  8  22 0.62
  9   1 0.44
  9   2 0.29
  9   3 0.60
  9   4 0.19
  9   5 0.49
  9   6 0.46
  9   7 0.26
  9   8 0.44
  9   9 0.38
  9  10 0.54
  9  11 0.44
  9  12 0.29
  9  13 0.41
  9  14 0.38
  9  15 0.41
  9  16 0.43
  9  17 0.38
  9  18 0.58
  9  19 0.46
  9  20 0.18
  9  21 0.36
  9  22 0.65
 10   1 0.17
 10   2 0.09
 10   3 0.54
 10   4 0.14
 10   5 0.57
 10   6 0.56
 10   7 0.04
 10   8 0.25
 10   9 0.42
 10  10 0.60
 10  11 0.66
 10  12 0.42
 10  13 0.65
 10  14 0.44
 10  15 0.58
 10  16 0.60
 10  17 0.55
 10  18 0.49
 10  19 0.43
 10  20 0.32
 10  21 0.32
 10  22 0.41
 11   1 0.41
 11   2 0.37
 11   3 0.62
 11   4 0.20
 11   5 0.54
 11   6 0.67
 11   7 0.19
 11   8 0.28
 11   9 0.68
 11  10 0.52
 11  11 0.69
 11  12 0.61
 11  13 0.64
 11  14 0.63
 11  15 0.46
 11  16 0.59
 11  17 0.60
 11  18 0.68
 11  19 0.71
 11  20 0.35
 11  21 0.41
 11  22 0.57
 12   1 0.19
 12   2 0.13
 12   3 0.61
 12   4 0.11
 12   5 0.56
 12   6 0.63
 12   7 0.06
 12   8 0.19
 12   9 0.38
 12  10 0.58
 12  11 0.63
 12  12 0.37
 12  13 0.65
 12  14 0.53
 12  15 0.54
 12  16 0.56
 12  17 0.54
 12  18 0.51
 12  19 0.51
 12  20 0.27
 12  21 0.26
 12  22 0.42
 13   1 0.22
 13   2 0.14
 13   3 0.63
 13   4 0.13
 13   5 0.44
 13   6 0.49
 13   7 0.14
 13   8 0.30
 13   9 0.37
 13  10 0.48
 13  11 0.48
 13  12 0.33
 13  13 0.49
 13  14 0.35
 13  15 0.44
 13  16 0.42
 13  17 0.42
 13  18 0.49
 13  19 0.39
 13  20 0.22
 13  21 0.35
 13  22 0.48
 14   1 0.20
 14   2 0.16
 14   3 0.65
 14   4 0.10
 14   5 0.57
 14   6 0.72
 14   7 0.07
 14   8 0.20
 14   9 0.43
 14  10 0.64
 14  11 0.72
 14  12 0.49
 14  13 0.71
 14  14 0.68
 14  15 0.50
 14  16 0.68
 14  17 0.60
 14  18 0.62
 14  19 0.60
 14  20 0.31
 14  21 0.27
 14  22 0.55
 15   1 0.26
 15   2 0.29
 15   3 0.54
 15   4 0.16
 15   5 0.50
 15   6 0.53
 15   7 0.13
 15   8 0.17
 15   9 0.63
 15  10 0.49
 15  11 0.53
 15  12 0.51
 15  13 0.55
 15  14 0.63
 15  15 0.44
 15  16 0.53
 15  17 0.57
 15  18 0.49
 15  19 0.61
 15  20 0.47
 15  21 0.36
 15  22 0.43
 16   1 0.24
 16   2 0.19
 16   3 0.59
 16   4 0.24
 16   5 0.50
 16   6 0.55
 16   7 0.09
 16   8 0.15
 16   9 0.60
 16  10 0.50
 16  11 0.65
 16  12 0.60
 16  13 0.68
 16  14 0.63
 16  15 0.51
 16  16 0.57
 16  17 0.74
 16  18 0.59
 16  19 0.61
 16  20 0.41
 16  21 0.37
 16  22 0.42
 17   1 0.36
 17   2 0.25
 17   3 0.58
 17   4 0.18
 17   5 0.49
 17   6 0.46
 17   7 0.26
 17   8 0.41
 17   9 0.33
 17  10 0.54
 17  11 0.38
 17  12 0.23
 17  13 0.44
 17  14 0.39
 17  15 0.43
 17  16 0.42
 17  17 0.37
 17  18 0.49
 17  19 0.42
 17  20 0.16
 17  21 0.35
 17  22 0.57
 18   1 0.42
 18   2 0.44
 18   3 0.24
 18   4 0.35
 18   5 0.20
 18   6 0.27
 18   7 0.22
 18   8 0.24
 18   9 0.36
 18  10 0.18
 18  11 0.23
 18  12 0.37
 18  13 0.24
 18  14 0.27
 18  15 0.13
 18  16 0.25
 18  17 0.28
 18  18 0.36
 18  19 0.37
 18  20 0.14
 18  21 0.33
 18  22 0.24
 19   1 0.23
 19   2 0.22
 19   3 0.36
 19   4 0.23
 19   5 0.34
 19   6 0.45
 19   7 0.12
 19   8 0.13
 19   9 0.57
 19  10 0.35
 19  11 0.49
 19  12 0.63
 19  13 0.40
 19  14 0.52
 19  15 0.38
 19  16 0.42
 19  17 0.52
 19  18 0.38
 19  19 0.44
 19  20 0.68
 19  21 0.27
 19  22 0.28
 20   1 0.14
 20   2 0.17
 20   3 0.35
 20   4 0.08
 20   5 0.27
 20   6 0.47
 20   7 0.02
 20   8 0.06
 20   9 0.52
 20  10 0.32
 20  11 0.49
 20  12 0.61
 20  13 0.39
 20  14 0.47
 20  15 0.39
 20  16 0.43
 20  17 0.54
 20  18 0.30
 20  19 0.45
 20  20 0.57
 20  21 0.15
 20  22 0.20
 21   1 0.18
 21   2 0.13
 21   3 0.41
 21   4 0.13
 21   5 0.39
 21   6 0.58
 21   7 0.04
 21   8 0.09
 21   9 0.48
 21  10 0.37
 21  11 0.60
 21  12 0.63
 21  13 0.53
 21  14 0.49
 21  15 0.44
 21  16 0.56
 21  17 0.58
 21  18 0.43
 21  19 0.45
 21  20 0.51
 21  21 0.26
 21  22 0.30
 22   1 0.55
 22   2 0.46
 22   3 0.48
 22   4 0.33
 22   5 0.54
 22   6 0.44
 22   7 0.24
 22   8 0.37
 22   9 0.52
 22  10 0.44
 22  11 0.53
 22  12 0.48
 22  13 0.58
 22  14 0.40
 22  15 0.37
 22  16 0.53
 22  17 0.50
 22  18 0.61
 22  19 0.51
 22  20 0.25
 22  21 0.52
 22  22 0.58
