  1   1 0.21
  1   2 0.23
  1   3 0.18
  1   4 0.19
  1   5 0.08
  1   6 0.22
  1   7 0.15
  1   8 0.09
  1   9 0.08
  1  10 0.16
  1  11 0.18
  1  12 0.18
  1  13 0.07
  1  14 0.15
  1  15 0.15
  1  16 0.14
  1  17 0.15
  1  18 0.14
  1  19 0.15
  1  20 0.04
  1  21 0.18
  1  22 0.19
  2   1 0.24
  2   2 0.28
  2   3 0.14
  2   4 0.21
  2   5 0.12
  2   6 0.26
  2   7 0.07
  2   8 0.06
  2   9 0.15
  2  10 0.29
  2  11 0.30
  2  12 0.26
  2  13 0.11
  2  14 0.15
  2  15 0.25
  2  16 0.13
  2  17 0.20
  2  18 0.14
  2  19 0.22
  2  20 0.03
  2  21 0.24
  2  22 0.27
  3   1 0.19
  3   2 0.24
  3   3 0.13
  3   4 0.17
  3   5 0.11
  3   6 0.18
  3   7 0.14
  3   8 0.20
  3   9 0.15
  3  10 0.18
  3  11 0.22
  3  12 0.28
  3  13 0.10
  3  14 0.16
  3  15 0.19
  3  16 0.21
  3  17 0.25
  3  18 0.20
  3  19 0.17
  3  20 0.08
  3  21 0.22
  3  22 0.24
  4   1 0.16
  4   2 0.20
  4   3 0.14
  4   4 0.16
  4   5 0.08
  4   6 0.23
  4   7 0.27
  4   8 0.22
  4   9 0.09
  4  10 0.25
  4  11 0.25
  4  12 0.29
  4  13 0.10
  4  14 0.14
  4  15 0.15
  4  16 0.25
  4  17 0.15
  4  18 0.24
  4  19 0.24
  4  20 0.04
  4  21 0.13
  4  22 0.21
  5   1 0.19
  5   2 0.25
  5   3 0.20
  5   4 0.23
  5   5 0.20
  5   6 0.14
  5   7 0.29
  5   8 0.38
  5   9 0.24
  5  10 0.19
  5  11 0.32
  5  12 0.32
  5  13 0.14
  5  14 0.24
  5  15 0.22
  5  16 0.37
  5  17 0.36
  5  18 0.19
  5  19 0.17
  5  20 0.10
  5  21 0.23
  5  22 0.39
  6   1 0.20
  6   2 0.37
  6   3 0.17
  6   4 0.17
  6   5 0.09
  6   6 0.40
  6   7 0.08
  6   8 0.06
  6   9 0.15
  6  10 0.28
  6  11 0.30
  6  12 0.37
  6  13 0.13
  6  14 0.14
  6  15 0.23
  6  16 0.15
  6  17 0.32
  6  18 0.33
  6  19 0.29
  6  20 0.03
  6  21 0.32
  6  22 0.32
  7   1 0.21
  7   2 0.15
  7   3 0.04
  7   4 0.04
  7   5 0.05
  7   6 0.19
  7   7 0.04
  7   8 0.05
  7   9 0.06
  7  10 0.15
  7  11 0.15
  7  12 0.08
  7  13 0.08
  7  14 0.05
  7  15 0.05
  7  16 0.09
  7  17 0.15
  7  18 0.24
  7  19 0.09
  7  20 0.01
  7  21 0.08
  7  22 0.10
  8   1 0.32
  8   2 0.39
  8   3 0.23
  8   4 0.27
  8   5 0.11
  8   6 0.38
  8   7 0.13
  8   8 0.09
  8   9 0.13
  8  10 0.28
  8  11 0.29
  8  12 0.36
  8  13 0.10
  8  14 0.15
  8  15 0.24
  8  16 0.15
  8  17 0.17
  8  18 0.23
  8  19 0.21
  8  20 0.05
  8  21 0.18
  8  22 0.23
  9   1 0.19
  9   2 0.22
  9   3 0.20
  9   4 0.17
  9   5 0.20
  9   6 0.13
  9   7 0.33
  9   8 0.41
  9   9 0.21
  9  10 0.18
  9  11 0.29
  9  12 0.28
  9  13 0.15
  9  14 0.20
  9  15 0.21
  9  16 0.39
  9  17 0.32
  9  18 0.18
  9  19 0.17
  9  20 0.10
  9  21 0.19
  9  22 0.32
 10   1 0.28
 10   2 0.44
 10   3 0.14
 10   4 0.12
 10   5 0.08
 10   6 0.38
 10   7 0.11
 10   8 0.07
 10   9 0.05
 10  10 0.26
 10  11 0.29
 10  12 0.25
 10  13 0.12
 10  14 0.12
 10  15 0.18
 10  16 0.12
 10  17 0.12
 10  18 0.26
 10  19 0.28
 10  20 0.03
 10  21 0.20
 10  22 0.18
 11   1 0.23
 11   2 0.43
 11   3 0.13
 11   4 0.25
 11   5 0.14
 11   6 0.53
 11   7 0.12
 11   8 0.10
 11   9 0.13
 11  10 0.37
 11  11 0.33
 11  12 0.49
 11  13 0.14
 11  14 0.10
 11  15 0.29
 11  16 0.15
 11  17 0.27
 11  18 0.37
 11  19 0.37
 11  20 0.03
 11  21 0.39
 11  22 0.25
 12   1 0.19
 12   2 0.25
 12   3 0.17
 12   4 0.12
 12   5 0.15
 12   6 0.28
 12   7 0.16
 12   8 0.10
 12   9 0.19
 12  10 0.31
 12  11 0.32
 12  12 0.25
 12  13 0.16
 12  14 0.15
 12  15 0.18
 12  16 0.22
 12  17 0.31
 12  18 0.32
 12  19 0.22
 12  20 0.05
 12  21 0.23
 12  22 0.26
 13   1 0.12
 13   2 0.18
 13   3 0.12
 13   4 0.19
 13   5 0.11
 13   6 0.12
 13   7 0.27
 13   8 0.39
 13   9 0.15
 13  10 0.15
 13  11 0.21
 13  12 0.33
 13  13 0.08
 13  14 0.13
 13  15 0.21
 13  16 0.26
 13  17 0.25
 13  18 0.18
 13  19 0.16
 13  20 0.09
 13  21 0.22
 13  22 0.36
 14   1 0.13
 14   2 0.20
 14   3 0.17
 14   4 0.16
 14   5 0.12
 14   6 0.15
 14   7 0.07
 14   8 0.06
 14   9 0.16
 14  10 0.30
 14  11 0.23
 14  12 0.18
 14  13 0.08
 14  14 0.13
 14  15 0.23
 14  16 0.14
 14  17 0.22
 14  18 0.13
 14  19 0.12
 14  20 0.04
 14  21 0.19
 14  22 0.26
 15   1 0.26
 15   2 0.41
 15   3 0.14
 15   4 0.23
 15   5 0.20
 15   6 0.36
 15   7 0.20
 15   8 0.16
 15   9 0.27
 15  10 0.39
 15  11 0.48
 15  12 0.33
 15  13 0.15
 15  14 0.14
 15  15 0.20
 15  16 0.24
 15  17 0.42
 15  18 0.41
 15  19 0.25
 15  20 0.06
 15  21 0.38
 15  22 0.25
 16   1 0.16
 16   2 0.37
 16   3 0.13
 16   4 0.19
 16   5 0.10
 16   6 0.45
 16   7 0.13
 16   8 0.13
 16   9 0.11
 16  10 0.28
 16  11 0.30
 16  12 0.33
 16  13 0.08
 16  14 0.11
 16  15 0.30
 16  16 0.22
 16  17 0.27
 16  18 0.38
 16  19 0.31
 16  20 0.06
 16  21 0.34
 16  22 0.23
 17   1 0.23
 17   2 0.34
 17   3 0.13
 17   4 0.24
 17   5 0.10
 17   6 0.37
 17   7 0.11
 17   8 0.08
 17   9 0.11
 17  10 0.40
 17  11 0.37
 17  12 0.46
 17  13 0.08
 17  14 0.13
 17  15 0.24
 17  16 0.16
 17  17 0.23
 17  18 0.33
 17  19 0.32
 17  20 0.04
 17  21 0.30
 17  22 0.21
 18   1 0.19
 18   2 0.35
 18   3 0.17
 18   4 0.24
 18   5 0.11
 18   6 0.33
 18   7 0.12
 18   8 0.13
 18   9 0.24
 18  10 0.36
 18  11 0.39
 18  12 0.37
 18  13 0.12
 18  14 0.12
 18  15 0.23
 18  16 0.15
 18  17 0.28
 18  18 0.36
 18  19 0.31
 18  20 0.04
 18  21 0.27
 18  22 0.28
 19   1 0.30
 19   2 0.34
 19   3 0.11
 19   4 0.11
 19   5 0.12
 19   6 0.39
 19   7 0.09
 19   8 0.02
 19   9 0.07
 19  10 0.20
 19  11 0.30
 19  12 0.22
 19  13 0.07
 19  14 0.08
 19  15 0.10
 19  16 0.04
 19  17 0.14
 19  18 0.22
 19  19 0.24
 19  20 0.00
 19  21 0.14
 19  22 0.09
 20   1 0.34
 20   2 0.34
 20   3 0.12
 20   4 0.13
 20   5 0.11
 20   6 0.36
 20   7 0.07
 20   8 0.07
 20   9 0.18
 20  10 0.28
 20  11 0.27
 20  12 0.22
 20  13 0.11
 20  14 0.08
 20  15 0.12
 20  16 0.10
 20  17 0.23
 20  18 0.22
 20  19 0.24
 20  20 0.01
 20  21 0.18
 20  22 0.20
 21   1 0.12
 21   2 0.27
 21   3 0.16
 21   4 0.11
 21   5 0.16
 21   6 0.24
 21   7 0.11
 21   8 0.25
 21   9 0.22
 21  10 0.22
 21  11 0.34
 21  12 0.19
 21  13 0.10
 21  14 0.12
 21  15 0.18
 21  16 0.18
 21  17 0.41
 21  18 0.25
 21  19 0.18
 21  20 0.04
 21  21 0.25
 21  22 0.36
 22   1 0.21
 22   2 0.30
 22   3 0.17
 22   4 0.21
 22   5 0.12
 22   6 0.16
 22   7 0.21
 22   8 0.15
 22   9 0.15
 22  10 0.24
 22  11 0.28
 22  12 0.31
 22  13 0.12
 22  14 0.20
 22  15 0.25
 22  16 0.22
 22  17 0.22
 22  18 0.21
 22  19 0.19
 22  20 0.11
 22  21 0.21
 22  22 0.30
  1   1 0.21
  1   2 0.23
  1   3 0.18
  1   4 0.19
  1   5 0.08
  1   6 0.22
  1   7 0.15
  1   8 0.09
  1   9 0.08
  1  10 0.16
  1  11 0.18
  1  12 0.18
  1  13 0.07
  1  14 0.15
  1  15 0.15
  1  16 0.14
  1  17 0.15
  1  18 0.13
  1  19 0.15
  1  20 0.04
  1  21 0.18
  1  22 0.19
  2   1 0.24
  2   2 0.28
  2   3 0.14
  2   4 0.21
  2   5 0.12
  2   6 0.26
  2   7 0.07
  2   8 0.06
  2   9 0.15
  2  10 0.29
  2  11 0.30
  2  12 0.26
  2  13 0.11
  2  14 0.15
  2  15 0.25
  2  16 0.13
  2  17 0.20
  2  18 0.14
  2  19 0.22
  2  20 0.03
  2  21 0.24
  2  22 0.27
  3   1 0.19
  3   2 0.24
  3   3 0.13
  3   4 0.17
  3   5 0.11
  3   6 0.18
  3   7 0.14
  3   8 0.19
  3   9 0.15
  3  10 0.18
  3  11 0.22
  3  12 0.28
  3  13 0.10
  3  14 0.16
  3  15 0.19
  3  16 0.21
  3  17 0.25
  3  18 0.20
  3  19 0.17
  3  20 0.08
  3  21 0.21
  3  22 0.24
  4   1 0.16
  4   2 0.20
  4   3 0.14
  4   4 0.16
  4   5 0.08
  4   6 0.23
  4   7 0.27
  4   8 0.21
  4   9 0.09
  4  10 0.25
  4  11 0.25
  4  12 0.29
  4  13 0.10
  4  14 0.14
  4  15 0.15
  4  16 0.25
  4  17 0.15
  4  18 0.24
  4  19 0.23
  4  20 0.04
  4  21 0.13
  4  22 0.21
  5   1 0.19
  5   2 0.25
  5   3 0.20
  5   4 0.23
  5   5 0.20
  5   6 0.14
  5   7 0.29
  5   8 0.38
  5   9 0.24
  5  10 0.19
  5  11 0.32
  5  12 0.32
  5  13 0.14
  5  14 0.24
  5  15 0.22
  5  16 0.37
  5  17 0.36
  5  18 0.19
  5  19 0.17
  5  20 0.10
  5  21 0.23
  5  22 0.39
  6   1 0.20
  6   2 0.37
  6   3 0.17
  6   4 0.17
  6   5 0.09
  6   6 0.40
  6   7 0.08
  6   8 0.06
  6   9 0.15
  6  10 0.28
  6  11 0.30
  6  12 0.37
  6  13 0.13
  6  14 0.14
  6  15 0.23
  6  16 0.15
  6  17 0.32
  6  18 0.32
  6  19 0.29
  6  20 0.03
  6  21 0.32
  6  22 0.31
  7   1 0.21
  7   2 0.15
  7   3 0.04
  7   4 0.04
  7   5 0.05
  7   6 0.18
  7   7 0.04
  7   8 0.05
  7   9 0.06
  7  10 0.15
  7  11 0.15
  7  12 0.08
  7  13 0.08
  7  14 0.05
  7  15 0.05
  7  16 0.09
  7  17 0.15
  7  18 0.24
  7  19 0.09
  7  20 0.01
  7  21 0.08
  7  22 0.10
  8   1 0.32
  8   2 0.39
  8   3 0.23
  8   4 0.27
  8   5 0.11
  8   6 0.38
  8   7 0.13
  8   8 0.09
  8   9 0.13
  8  10 0.28
  8  11 0.29
  8  12 0.36
  8  13 0.10
  8  14 0.15
  8  15 0.24
  8  16 0.15
  8  17 0.17
  8  18 0.23
  8  19 0.21
  8  20 0.05
  8  21 0.18
  8  22 0.22
  9   1 0.19
  9   2 0.22
  9   3 0.20
  9   4 0.17
  9   5 0.20
  9   6 0.13
  9   7 0.33
  9   8 0.41
  9   9 0.21
  9  10 0.17
  9  11 0.29
  9  12 0.28
  9  13 0.15
  9  14 0.20
  9  15 0.21
  9  16 0.39
  9  17 0.32
  9  18 0.17
  9  19 0.16
  9  20 0.10
  9  21 0.19
  9  22 0.32
 10   1 0.28
 10   2 0.44
 10   3 0.14
 10   4 0.12
 10   5 0.08
 10   6 0.38
 10   7 0.11
 10   8 0.07
 10   9 0.05
 10  10 0.26
 10  11 0.29
 10  12 0.24
 10  13 0.12
 10  14 0.12
 10  15 0.18
 10  16 0.12
 10  17 0.12
 10  18 0.26
 10  19 0.28
 10  20 0.03
 10  21 0.20
 10  22 0.18
 11   1 0.23
 11   2 0.43
 11   3 0.13
 11   4 0.25
 11   5 0.14
 11   6 0.52
 11   7 0.12
 11   8 0.09
 11   9 0.12
 11  10 0.37
 11  11 0.33
 11  12 0.49
 11  13 0.14
 11  14 0.10
 11  15 0.29
 11  16 0.15
 11  17 0.26
 11  18 0.37
 11  19 0.37
 11  20 0.03
 11  21 0.39
 11  22 0.25
 12   1 0.19
 12   2 0.25
 12   3 0.17
 12   4 0.12
 12   5 0.15
 12   6 0.28
 12   7 0.16
 12   8 0.10
 12   9 0.19
 12  10 0.31
 12  11 0.32
 12  12 0.25
 12  13 0.16
 12  14 0.15
 12  15 0.18
 12  16 0.22
 12  17 0.30
 12  18 0.32
 12  19 0.22
 12  20 0.05
 12  21 0.22
 12  22 0.26
 13   1 0.12
 13   2 0.18
 13   3 0.12
 13   4 0.19
 13   5 0.11
 13   6 0.11
 13   7 0.27
 13   8 0.39
 13   9 0.15
 13  10 0.15
 13  11 0.21
 13  12 0.33
 13  13 0.08
 13  14 0.13
 13  15 0.21
 13  16 0.26
 13  17 0.24
 13  18 0.18
 13  19 0.16
 13  20 0.09
 13  21 0.22
 13  22 0.36
 14   1 0.13
 14   2 0.20
 14   3 0.17
 14   4 0.16
 14   5 0.12
 14   6 0.15
 14   7 0.07
 14   8 0.06
 14   9 0.16
 14  10 0.30
 14  11 0.23
 14  12 0.18
 14  13 0.08
 14  14 0.13
 14  15 0.22
 14  16 0.14
 14  17 0.22
 14  18 0.13
 14  19 0.12
 14  20 0.04
 14  21 0.19
 14  22 0.26
 15   1 0.26
 15   2 0.41
 15   3 0.14
 15   4 0.23
 15   5 0.20
 15   6 0.36
 15   7 0.19
 15   8 0.16
 15   9 0.27
 15  10 0.39
 15  11 0.48
 15  12 0.32
 15  13 0.15
 15  14 0.14
 15  15 0.20
 15  16 0.24
 15  17 0.42
 15  18 0.41
 15  19 0.25
 15  20 0.06
 15  21 0.38
 15  22 0.25
 16   1 0.16
 16   2 0.37
 16   3 0.13
 16   4 0.19
 16   5 0.10
 16   6 0.45
 16   7 0.13
 16   8 0.13
 16   9 0.11
 16  10 0.28
 16  11 0.30
 16  12 0.33
 16  13 0.08
 16  14 0.11
 16  15 0.30
 16  16 0.22
 16  17 0.27
 16  18 0.38
 16  19 0.30
 16  20 0.06
 16  21 0.34
 16  22 0.23
 17   1 0.23
 17   2 0.34
 17   3 0.13
 17   4 0.24
 17   5 0.10
 17   6 0.37
 17   7 0.11
 17   8 0.08
 17   9 0.11
 17  10 0.40
 17  11 0.37
 17  12 0.46
 17  13 0.08
 17  14 0.13
 17  15 0.24
 17  16 0.16
 17  17 0.23
 17  18 0.33
 17  19 0.32
 17  20 0.04
 17  21 0.30
 17  22 0.21
 18   1 0.19
 18   2 0.35
 18   3 0.17
 18   4 0.24
 18   5 0.11
 18   6 0.33
 18   7 0.11
 18   8 0.13
 18   9 0.23
 18  10 0.36
 18  11 0.39
 18  12 0.37
 18  13 0.12
 18  14 0.12
 18  15 0.23
 18  16 0.15
 18  17 0.28
 18  18 0.36
 18  19 0.31
 18  20 0.04
 18  21 0.27
 18  22 0.27
 19   1 0.30
 19   2 0.34
 19   3 0.11
 19   4 0.11
 19   5 0.12
 19   6 0.38
 19   7 0.09
 19   8 0.01
 19   9 0.07
 19  10 0.20
 19  11 0.30
 19  12 0.22
 19  13 0.06
 19  14 0.08
 19  15 0.09
 19  16 0.03
 19  17 0.14
 19  18 0.22
 19  19 0.24
 19  20 0.00
 19  21 0.14
 19  22 0.08
 20   1 0.34
 20   2 0.34
 20   3 0.12
 20   4 0.13
 20   5 0.11
 20   6 0.36
 20   7 0.07
 20   8 0.07
 20   9 0.18
 20  10 0.28
 20  11 0.27
 20  12 0.22
 20  13 0.11
 20  14 0.08
 20  15 0.12
 20  16 0.10
 20  17 0.23
 20  18 0.22
 20  19 0.24
 20  20 0.01
 20  21 0.18
 20  22 0.20
 21   1 0.12
 21   2 0.27
 21   3 0.16
 21   4 0.11
 21   5 0.16
 21   6 0.24
 21   7 0.10
 21   8 0.25
 21   9 0.22
 21  10 0.22
 21  11 0.34
 21  12 0.19
 21  13 0.09
 21  14 0.12
 21  15 0.18
 21  16 0.18
 21  17 0.41
 21  18 0.25
 21  19 0.18
 21  20 0.04
 21  21 0.24
 21  22 0.36
 22   1 0.21
 22   2 0.30
 22   3 0.17
 22   4 0.21
 22   5 0.12
 22   6 0.16
 22   7 0.21
 22   8 0.15
 22   9 0.15
 22  10 0.24
 22  11 0.28
 22  12 0.30
 22  13 0.12
 22  14 0.20
 22  15 0.24
 22  16 0.22
 22  17 0.22
 22  18 0.21
 22  19 0.19
 22  20 0.11
 22  21 0.21
 22  22 0.30
