  1   1 0.51
  1   2 0.44
  1   3 0.30
  1   4 0.49
  1   5 0.31
  1   6 0.51
  1   7 0.36
  1   8 0.33
  1   9 0.46
  1  10 0.54
  1  11 0.58
  1  12 0.54
  1  13 0.39
  1  14 0.56
  1  15 0.21
  1  16 0.27
  1  17 0.46
  1  18 0.40
  1  19 0.51
  1  20 0.48
  1  21 0.50
  1  22 0.28
  2   1 0.42
  2   2 0.43
  2   3 0.43
  2   4 0.28
  2   5 0.51
  2   6 0.57
  2   7 0.34
  2   8 0.42
  2   9 0.48
  2  10 0.48
  2  11 0.51
  2  12 0.36
  2  13 0.45
  2  14 0.43
  2  15 0.26
  2  16 0.42
  2  17 0.57
  2  18 0.54
  2  19 0.57
  2  20 0.52
  2  21 0.29
  2  22 0.19
  3   1 0.40
  3   2 0.50
  3   3 0.30
  3   4 0.35
  3   5 0.37
  3   6 0.56
  3   7 0.54
  3   8 0.50
  3   9 0.27
  3  10 0.61
  3  11 0.43
  3  12 0.20
  3  13 0.41
  3  14 0.54
  3  15 0.52
  3  16 0.24
  3  17 0.25
  3  18 0.47
  3  19 0.33
  3  20 0.26
  3  21 0.41
  3  22 0.33
  4   1 0.40
  4   2 0.52
  4   3 0.65
  4   4 0.13
  4   5 0.66
  4   6 0.54
  4   7 0.26
  4   8 0.19
  4   9 0.36
  4  10 0.47
  4  11 0.39
  4  12 0.11
  4  13 0.26
  4  14 0.31
  4  15 0.26
  4  16 0.44
  4  17 0.29
  4  18 0.59
  4  19 0.41
  4  20 0.48
  4  21 0.10
  4  22 0.04
  5   1 0.62
  5   2 0.43
  5   3 0.32
  5   4 0.33
  5   5 0.41
  5   6 0.55
  5   7 0.38
  5   8 0.43
  5   9 0.47
  5  10 0.45
  5  11 0.56
  5  12 0.40
  5  13 0.53
  5  14 0.54
  5  15 0.25
  5  16 0.37
  5  17 0.58
  5  18 0.46
  5  19 0.45
  5  20 0.48
  5  21 0.46
  5  22 0.34
  6   1 0.37
  6   2 0.48
  6   3 0.34
  6   4 0.18
  6   5 0.41
  6   6 0.45
  6   7 0.42
  6   8 0.34
  6   9 0.21
  6  10 0.48
  6  11 0.43
  6  12 0.12
  6  13 0.32
  6  14 0.43
  6  15 0.52
  6  16 0.30
  6  17 0.28
  6  18 0.39
  6  19 0.31
  6  20 0.28
  6  21 0.36
  6  22 0.34
  7   1 0.25
  7   2 0.43
  7   3 0.45
  7   4 0.27
  7   5 0.43
  7   6 0.45
  7   7 0.52
  7   8 0.43
  7   9 0.21
  7  10 0.47
  7  11 0.38
  7  12 0.14
  7  13 0.35
  7  14 0.41
  7  15 0.47
  7  16 0.36
  7  17 0.23
  7  18 0.41
  7  19 0.41
  7  20 0.26
  7  21 0.25
  7  22 0.20
  8   1 0.51
  8   2 0.61
  8   3 0.42
  8   4 0.30
  8   5 0.64
  8   6 0.57
  8   7 0.31
  8   8 0.36
  8   9 0.40
  8  10 0.55
  8  11 0.51
  8  12 0.22
  8  13 0.29
  8  14 0.44
  8  15 0.34
  8  16 0.33
  8  17 0.36
  8  18 0.56
  8  19 0.45
  8  20 0.50
  8  21 0.31
  8  22 0.09
  9   1 0.41
  9   2 0.52
  9   3 0.38
  9   4 0.28
  9   5 0.47
  9   6 0.62
  9   7 0.41
  9   8 0.45
  9   9 0.35
  9  10 0.58
  9  11 0.55
  9  12 0.32
  9  13 0.58
  9  14 0.48
  9  15 0.35
  9  16 0.45
  9  17 0.49
  9  18 0.46
  9  19 0.43
  9  20 0.43
  9  21 0.42
  9  22 0.31
 10   1 0.35
 10   2 0.40
 10   3 0.16
 10   4 0.38
 10   5 0.18
 10   6 0.40
 10   7 0.59
 10   8 0.40
 10   9 0.23
 10  10 0.48
 10  11 0.39
 10  12 0.29
 10  13 0.35
 10  14 0.49
 10  15 0.49
 10  16 0.18
 10  17 0.25
 10  18 0.25
 10  19 0.27
 10  20 0.20
 10  21 0.47
 10  22 0.42
 11   1 0.54
 11   2 0.45
 11   3 0.34
 11   4 0.37
 11   5 0.35
 11   6 0.57
 11   7 0.38
 11   8 0.47
 11   9 0.44
 11  10 0.60
 11  11 0.68
 11  12 0.48
 11  13 0.55
 11  14 0.52
 11  15 0.26
 11  16 0.39
 11  17 0.65
 11  18 0.41
 11  19 0.56
 11  20 0.57
 11  21 0.61
 11  22 0.38
 12   1 0.32
 12   2 0.58
 12   3 0.44
 12   4 0.23
 12   5 0.50
 12   6 0.56
 12   7 0.37
 12   8 0.36
 12   9 0.26
 12  10 0.58
 12  11 0.43
 12  12 0.17
 12  13 0.31
 12  14 0.47
 12  15 0.39
 12  16 0.36
 12  17 0.35
 12  18 0.56
 12  19 0.49
 12  20 0.34
 12  21 0.30
 12  22 0.17
 13   1 0.32
 13   2 0.22
 13   3 0.25
 13   4 0.09
 13   5 0.38
 13   6 0.43
 13   7 0.14
 13   8 0.17
 13   9 0.30
 13  10 0.40
 13  11 0.47
 13  12 0.12
 13  13 0.41
 13  14 0.23
 13  15 0.15
 13  16 0.36
 13  17 0.39
 13  18 0.43
 13  19 0.20
 13  20 0.43
 13  21 0.22
 13  22 0.09
 14   1 0.34
 14   2 0.36
 14   3 0.34
 14   4 0.16
 14   5 0.44
 14   6 0.52
 14   7 0.26
 14   8 0.29
 14   9 0.44
 14  10 0.48
 14  11 0.55
 14  12 0.22
 14  13 0.57
 14  14 0.41
 14  15 0.21
 14  16 0.42
 14  17 0.47
 14  18 0.49
 14  19 0.34
 14  20 0.54
 14  21 0.30
 14  22 0.17
 15   1 0.25
 15   2 0.35
 15   3 0.46
 15   4 0.14
 15   5 0.52
 15   6 0.45
 15   7 0.24
 15   8 0.21
 15   9 0.33
 15  10 0.35
 15  11 0.35
 15  12 0.17
 15  13 0.32
 15  14 0.29
 15  15 0.25
 15  16 0.48
 15  17 0.28
 15  18 0.40
 15  19 0.31
 15  20 0.36
 15  21 0.15
 15  22 0.08
 16   1 0.50
 16   2 0.31
 16   3 0.16
 16   4 0.27
 16   5 0.20
 16   6 0.35
 16   7 0.30
 16   8 0.32
 16   9 0.38
 16  10 0.32
 16  11 0.41
 16  12 0.23
 16  13 0.34
 16  14 0.42
 16  15 0.20
 16  16 0.31
 16  17 0.48
 16  18 0.28
 16  19 0.38
 16  20 0.28
 16  21 0.39
 16  22 0.32
 17   1 0.24
 17   2 0.26
 17   3 0.30
 17   4 0.18
 17   5 0.29
 17   6 0.35
 17   7 0.23
 17   8 0.25
 17   9 0.37
 17  10 0.27
 17  11 0.30
 17  12 0.24
 17  13 0.33
 17  14 0.25
 17  15 0.17
 17  16 0.39
 17  17 0.35
 17  18 0.28
 17  19 0.32
 17  20 0.34
 17  21 0.18
 17  22 0.16
 18   1 0.32
 18   2 0.48
 18   3 0.56
 18   4 0.24
 18   5 0.55
 18   6 0.62
 18   7 0.36
 18   8 0.27
 18   9 0.43
 18  10 0.50
 18  11 0.53
 18  12 0.30
 18  13 0.49
 18  14 0.49
 18  15 0.28
 18  16 0.42
 18  17 0.37
 18  18 0.50
 18  19 0.38
 18  20 0.50
 18  21 0.28
 18  22 0.19
 19   1 0.49
 19   2 0.41
 19   3 0.33
 19   4 0.34
 19   5 0.33
 19   6 0.50
 19   7 0.36
 19   8 0.27
 19   9 0.44
 19  10 0.40
 19  11 0.60
 19  12 0.46
 19  13 0.47
 19  14 0.48
 19  15 0.23
 19  16 0.38
 19  17 0.53
 19  18 0.36
 19  19 0.47
 19  20 0.45
 19  21 0.47
 19  22 0.26
 20   1 0.53
 20   2 0.60
 20   3 0.61
 20   4 0.25
 20   5 0.59
 20   6 0.63
 20   7 0.30
 20   8 0.37
 20   9 0.50
 20  10 0.58
 20  11 0.57
 20  12 0.26
 20  13 0.40
 20  14 0.48
 20  15 0.25
 20  16 0.43
 20  17 0.57
 20  18 0.56
 20  19 0.49
 20  20 0.57
 20  21 0.31
 20  22 0.14
 21   1 0.45
 21   2 0.39
 21   3 0.49
 21   4 0.26
 21   5 0.49
 21   6 0.65
 21   7 0.31
 21   8 0.35
 21   9 0.57
 21  10 0.51
 21  11 0.55
 21  12 0.39
 21  13 0.57
 21  14 0.39
 21  15 0.23
 21  16 0.44
 21  17 0.53
 21  18 0.54
 21  19 0.44
 21  20 0.60
 21  21 0.29
 21  22 0.18
 22   1 0.39
 22   2 0.34
 22   3 0.24
 22   4 0.30
 22   5 0.18
 22   6 0.37
 22   7 0.50
 22   8 0.30
 22   9 0.26
 22  10 0.46
 22  11 0.59
 22  12 0.37
 22  13 0.53
 22  14 0.50
 22  15 0.31
 22  16 0.31
 22  17 0.39
 22  18 0.28
 22  19 0.42
 22  20 0.30
 22  21 0.50
 22  22 0.46
  1   1 0.51
  1   2 0.44
  1   3 0.29
  1   4 0.49
  1   5 0.30
  1   6 0.50
  1   7 0.35
  1   8 0.33
  1   9 0.46
  1  10 0.53
  1  11 0.57
  1  12 0.54
  1  13 0.38
  1  14 0.55
  1  15 0.21
  1  16 0.27
  1  17 0.45
  1  18 0.40
  1  19 0.50
  1  20 0.48
  1  21 0.50
  1  22 0.27
  2   1 0.42
  2   2 0.42
  2   3 0.42
  2   4 0.27
  2   5 0.51
  2   6 0.57
  2   7 0.34
  2   8 0.42
  2   9 0.48
  2  10 0.47
  2  11 0.50
  2  12 0.36
  2  13 0.44
  2  14 0.43
  2  15 0.25
  2  16 0.42
  2  17 0.56
  2  18 0.54
  2  19 0.56
  2  20 0.52
  2  21 0.28
  2  22 0.19
  3   1 0.39
  3   2 0.50
  3   3 0.30
  3   4 0.34
  3   5 0.36
  3   6 0.55
  3   7 0.54
  3   8 0.50
  3   9 0.27
  3  10 0.60
  3  11 0.42
  3  12 0.20
  3  13 0.41
  3  14 0.53
  3  15 0.51
  3  16 0.23
  3  17 0.25
  3  18 0.46
  3  19 0.32
  3  20 0.26
  3  21 0.40
  3  22 0.32
  4   1 0.40
  4   2 0.52
  4   3 0.64
  4   4 0.13
  4   5 0.65
  4   6 0.54
  4   7 0.25
  4   8 0.18
  4   9 0.36
  4  10 0.46
  4  11 0.39
  4  12 0.11
  4  13 0.26
  4  14 0.30
  4  15 0.26
  4  16 0.44
  4  17 0.28
  4  18 0.59
  4  19 0.40
  4  20 0.48
  4  21 0.09
  4  22 0.03
  5   1 0.62
  5   2 0.43
  5   3 0.32
  5   4 0.33
  5   5 0.41
  5   6 0.54
  5   7 0.38
  5   8 0.42
  5   9 0.47
  5  10 0.45
  5  11 0.55
  5  12 0.40
  5  13 0.52
  5  14 0.54
  5  15 0.25
  5  16 0.36
  5  17 0.57
  5  18 0.46
  5  19 0.45
  5  20 0.48
  5  21 0.46
  5  22 0.33
  6   1 0.37
  6   2 0.47
  6   3 0.33
  6   4 0.18
  6   5 0.41
  6   6 0.45
  6   7 0.41
  6   8 0.34
  6   9 0.20
  6  10 0.48
  6  11 0.43
  6  12 0.11
  6  13 0.32
  6  14 0.43
  6  15 0.51
  6  16 0.29
  6  17 0.27
  6  18 0.39
  6  19 0.30
  6  20 0.27
  6  21 0.36
  6  22 0.33
  7   1 0.24
  7   2 0.42
  7   3 0.45
  7   4 0.27
  7   5 0.42
  7   6 0.44
  7   7 0.52
  7   8 0.43
  7   9 0.20
  7  10 0.46
  7  11 0.37
  7  12 0.14
  7  13 0.35
  7  14 0.40
  7  15 0.46
  7  16 0.35
  7  17 0.22
  7  18 0.40
  7  19 0.41
  7  20 0.25
  7  21 0.24
  7  22 0.19
  8   1 0.51
  8   2 0.60
  8   3 0.41
  8   4 0.30
  8   5 0.63
  8   6 0.57
  8   7 0.31
  8   8 0.36
  8   9 0.39
  8  10 0.55
  8  11 0.51
  8  12 0.22
  8  13 0.28
  8  14 0.44
  8  15 0.34
  8  16 0.32
  8  17 0.36
  8  18 0.56
  8  19 0.45
  8  20 0.50
  8  21 0.31
  8  22 0.08
  9   1 0.40
  9   2 0.51
  9   3 0.38
  9   4 0.28
  9   5 0.47
  9   6 0.62
  9   7 0.41
  9   8 0.44
  9   9 0.34
  9  10 0.58
  9  11 0.54
  9  12 0.32
  9  13 0.57
  9  14 0.47
  9  15 0.35
  9  16 0.45
  9  17 0.48
  9  18 0.46
  9  19 0.43
  9  20 0.43
  9  21 0.42
  9  22 0.31
 10   1 0.35
 10   2 0.39
 10   3 0.16
 10   4 0.37
 10   5 0.17
 10   6 0.39
 10   7 0.58
 10   8 0.40
 10   9 0.22
 10  10 0.48
 10  11 0.38
 10  12 0.28
 10  13 0.34
 10  14 0.49
 10  15 0.48
 10  16 0.17
 10  17 0.24
 10  18 0.25
 10  19 0.27
 10  20 0.20
 10  21 0.46
 10  22 0.42
 11   1 0.54
 11   2 0.44
 11   3 0.33
 11   4 0.37
 11   5 0.35
 11   6 0.57
 11   7 0.37
 11   8 0.46
 11   9 0.44
 11  10 0.60
 11  11 0.68
 11  12 0.48
 11  13 0.54
 11  14 0.51
 11  15 0.25
 11  16 0.38
 11  17 0.65
 11  18 0.40
 11  19 0.55
 11  20 0.57
 11  21 0.60
 11  22 0.37
 12   1 0.32
 12   2 0.57
 12   3 0.43
 12   4 0.23
 12   5 0.50
 12   6 0.55
 12   7 0.37
 12   8 0.36
 12   9 0.26
 12  10 0.58
 12  11 0.43
 12  12 0.17
 12  13 0.30
 12  14 0.47
 12  15 0.39
 12  16 0.35
 12  17 0.35
 12  18 0.56
 12  19 0.49
 12  20 0.33
 12  21 0.29
 12  22 0.17
 13   1 0.31
 13   2 0.21
 13   3 0.24
 13   4 0.08
 13   5 0.38
 13   6 0.43
 13   7 0.14
 13   8 0.17
 13   9 0.29
 13  10 0.39
 13  11 0.46
 13  12 0.11
 13  13 0.40
 13  14 0.22
 13  15 0.14
 13  16 0.35
 13  17 0.38
 13  18 0.43
 13  19 0.20
 13  20 0.42
 13  21 0.21
 13  22 0.08
 14   1 0.34
 14   2 0.36
 14   3 0.34
 14   4 0.15
 14   5 0.44
 14   6 0.51
 14   7 0.26
 14   8 0.28
 14   9 0.44
 14  10 0.47
 14  11 0.55
 14  12 0.22
 14  13 0.56
 14  14 0.40
 14  15 0.20
 14  16 0.42
 14  17 0.46
 14  18 0.49
 14  19 0.34
 14  20 0.54
 14  21 0.30
 14  22 0.16
 15   1 0.24
 15   2 0.34
 15   3 0.46
 15   4 0.14
 15   5 0.52
 15   6 0.44
 15   7 0.23
 15   8 0.21
 15   9 0.32
 15  10 0.34
 15  11 0.35
 15  12 0.16
 15  13 0.32
 15  14 0.28
 15  15 0.24
 15  16 0.48
 15  17 0.28
 15  18 0.40
 15  19 0.30
 15  20 0.36
 15  21 0.15
 15  22 0.07
 16   1 0.50
 16   2 0.31
 16   3 0.15
 16   4 0.27
 16   5 0.19
 16   6 0.34
 16   7 0.29
 16   8 0.32
 16   9 0.38
 16  10 0.32
 16  11 0.41
 16  12 0.22
 16  13 0.33
 16  14 0.41
 16  15 0.19
 16  16 0.31
 16  17 0.48
 16  18 0.27
 16  19 0.38
 16  20 0.27
 16  21 0.39
 16  22 0.31
 17   1 0.23
 17   2 0.26
 17   3 0.29
 17   4 0.17
 17   5 0.29
 17   6 0.34
 17   7 0.22
 17   8 0.24
 17   9 0.37
 17  10 0.26
 17  11 0.29
 17  12 0.24
 17  13 0.32
 17  14 0.25
 17  15 0.16
 17  16 0.38
 17  17 0.35
 17  18 0.28
 17  19 0.31
 17  20 0.33
 17  21 0.17
 17  22 0.16
 18   1 0.32
 18   2 0.48
 18   3 0.55
 18   4 0.24
 18   5 0.55
 18   6 0.61
 18   7 0.36
 18   8 0.26
 18   9 0.43
 18  10 0.49
 18  11 0.52
 18  12 0.30
 18  13 0.49
 18  14 0.48
 18  15 0.27
 18  16 0.42
 18  17 0.36
 18  18 0.50
 18  19 0.38
 18  20 0.50
 18  21 0.27
 18  22 0.18
 19   1 0.49
 19   2 0.40
 19   3 0.32
 19   4 0.34
 19   5 0.32
 19   6 0.49
 19   7 0.35
 19   8 0.27
 19   9 0.43
 19  10 0.40
 19  11 0.60
 19  12 0.46
 19  13 0.46
 19  14 0.48
 19  15 0.23
 19  16 0.38
 19  17 0.52
 19  18 0.36
 19  19 0.47
 19  20 0.45
 19  21 0.46
 19  22 0.26
 20   1 0.52
 20   2 0.60
 20   3 0.60
 20   4 0.25
 20   5 0.58
 20   6 0.62
 20   7 0.30
 20   8 0.37
 20   9 0.50
 20  10 0.57
 20  11 0.57
 20  12 0.26
 20  13 0.40
 20  14 0.47
 20  15 0.24
 20  16 0.43
 20  17 0.56
 20  18 0.55
 20  19 0.49
 20  20 0.57
 20  21 0.31
 20  22 0.13
 21   1 0.45
 21   2 0.39
 21   3 0.48
 21   4 0.25
 21   5 0.48
 21   6 0.64
 21   7 0.31
 21   8 0.35
 21   9 0.56
 21  10 0.50
 21  11 0.54
 21  12 0.38
 21  13 0.56
 21  14 0.38
 21  15 0.22
 21  16 0.44
 21  17 0.53
 21  18 0.54
 21  19 0.43
 21  20 0.59
 21  21 0.28
 21  22 0.17
 22   1 0.39
 22   2 0.33
 22   3 0.23
 22   4 0.30
 22   5 0.18
 22   6 0.36
 22   7 0.50
 22   8 0.29
 22   9 0.25
 22  10 0.45
 22  11 0.59
 22  12 0.37
 22  13 0.52
 22  14 0.50
 22  15 0.31
 22  16 0.30
 22  17 0.39
 22  18 0.28
 22  19 0.41
 22  20 0.30
 22  21 0.49
 22  22 0.46
  1   1 0.51
  1   2 0.44
  1   3 0.29
  1   4 0.49
  1   5 0.30
  1   6 0.50
  1   7 0.35
  1   8 0.33
  1   9 0.46
  1  10 0.53
  1  11 0.57
  1  12 0.54
  1  13 0.38
  1  14 0.55
  1  15 0.21
  1  16 0.27
  1  17 0.45
  1  18 0.40
  1  19 0.50
  1  20 0.48
  1  21 0.50
  1  22 0.27
  2   1 0.42
  2   2 0.42
  2   3 0.42
  2   4 0.27
  2   5 0.51
  2   6 0.57
  2   7 0.34
  2   8 0.42
  2   9 0.48
  2  10 0.47
  2  11 0.50
  2  12 0.36
  2  13 0.44
  2  14 0.43
  2  15 0.25
  2  16 0.42
  2  17 0.56
  2  18 0.54
  2  19 0.56
  2  20 0.52
  2  21 0.28
  2  22 0.19
  3   1 0.39
  3   2 0.50
  3   3 0.30
  3   4 0.34
  3   5 0.36
  3   6 0.55
  3   7 0.54
  3   8 0.50
  3   9 0.27
  3  10 0.60
  3  11 0.42
  3  12 0.20
  3  13 0.41
  3  14 0.53
  3  15 0.51
  3  16 0.23
  3  17 0.25
  3  18 0.46
  3  19 0.32
  3  20 0.26
  3  21 0.40
  3  22 0.32
  4   1 0.40
  4   2 0.52
  4   3 0.64
  4   4 0.13
  4   5 0.65
  4   6 0.54
  4   7 0.25
  4   8 0.18
  4   9 0.36
  4  10 0.46
  4  11 0.39
  4  12 0.11
  4  13 0.26
  4  14 0.30
  4  15 0.26
  4  16 0.44
  4  17 0.28
  4  18 0.59
  4  19 0.40
  4  20 0.48
  4  21 0.09
  4  22 0.03
  5   1 0.62
  5   2 0.43
  5   3 0.32
  5   4 0.33
  5   5 0.41
  5   6 0.54
  5   7 0.38
  5   8 0.42
  5   9 0.47
  5  10 0.45
  5  11 0.55
  5  12 0.40
  5  13 0.52
  5  14 0.54
  5  15 0.25
  5  16 0.36
  5  17 0.57
  5  18 0.46
  5  19 0.45
  5  20 0.48
  5  21 0.46
  5  22 0.33
  6   1 0.37
  6   2 0.47
  6   3 0.33
  6   4 0.18
  6   5 0.41
  6   6 0.45
  6   7 0.41
  6   8 0.34
  6   9 0.20
  6  10 0.48
  6  11 0.43
  6  12 0.11
  6  13 0.32
  6  14 0.43
  6  15 0.51
  6  16 0.29
  6  17 0.27
  6  18 0.39
  6  19 0.30
  6  20 0.27
  6  21 0.36
  6  22 0.33
  7   1 0.24
  7   2 0.42
  7   3 0.45
  7   4 0.27
  7   5 0.42
  7   6 0.44
  7   7 0.52
  7   8 0.43
  7   9 0.20
  7  10 0.46
  7  11 0.37
  7  12 0.14
  7  13 0.35
  7  14 0.40
  7  15 0.46
  7  16 0.35
  7  17 0.22
  7  18 0.40
  7  19 0.41
  7  20 0.25
  7  21 0.24
  7  22 0.19
  8   1 0.51
  8   2 0.60
  8   3 0.41
  8   4 0.30
  8   5 0.63
  8   6 0.57
  8   7 0.31
  8   8 0.36
  8   9 0.39
  8  10 0.55
  8  11 0.51
  8  12 0.22
  8  13 0.28
  8  14 0.44
  8  15 0.34
  8  16 0.32
  8  17 0.36
  8  18 0.56
  8  19 0.45
  8  20 0.50
  8  21 0.31
  8  22 0.08
  9   1 0.40
  9   2 0.51
  9   3 0.38
  9   4 0.28
  9   5 0.47
  9   6 0.62
  9   7 0.41
  9   8 0.44
  9   9 0.34
  9  10 0.58
  9  11 0.54
  9  12 0.32
  9  13 0.57
  9  14 0.47
  9  15 0.35
  9  16 0.45
  9  17 0.48
  9  18 0.46
  9  19 0.43
  9  20 0.43
  9  21 0.42
  9  22 0.31
 10   1 0.35
 10   2 0.39
 10   3 0.16
 10   4 0.37
 10   5 0.17
 10   6 0.39
 10   7 0.58
 10   8 0.40
 10   9 0.22
 10  10 0.48
 10  11 0.38
 10  12 0.28
 10  13 0.34
 10  14 0.49
 10  15 0.48
 10  16 0.17
 10  17 0.24
 10  18 0.25
 10  19 0.27
 10  20 0.20
 10  21 0.46
 10  22 0.42
 11   1 0.54
 11   2 0.44
 11   3 0.33
 11   4 0.37
 11   5 0.35
 11   6 0.57
 11   7 0.37
 11   8 0.46
 11   9 0.44
 11  10 0.60
 11  11 0.68
 11  12 0.48
 11  13 0.54
 11  14 0.51
 11  15 0.25
 11  16 0.38
 11  17 0.65
 11  18 0.40
 11  19 0.55
 11  20 0.57
 11  21 0.60
 11  22 0.37
 12   1 0.32
 12   2 0.57
 12   3 0.43
 12   4 0.23
 12   5 0.50
 12   6 0.55
 12   7 0.37
 12   8 0.36
 12   9 0.26
 12  10 0.58
 12  11 0.43
 12  12 0.17
 12  13 0.30
 12  14 0.47
 12  15 0.39
 12  16 0.35
 12  17 0.35
 12  18 0.56
 12  19 0.49
 12  20 0.33
 12  21 0.29
 12  22 0.17
 13   1 0.31
 13   2 0.21
 13   3 0.24
 13   4 0.08
 13   5 0.38
 13   6 0.43
 13   7 0.14
 13   8 0.17
 13   9 0.29
 13  10 0.39
 13  11 0.46
 13  12 0.11
 13  13 0.40
 13  14 0.22
 13  15 0.14
 13  16 0.35
 13  17 0.38
 13  18 0.43
 13  19 0.20
 13  20 0.42
 13  21 0.21
 13  22 0.08
 14   1 0.34
 14   2 0.36
 14   3 0.34
 14   4 0.15
 14   5 0.44
 14   6 0.51
 14   7 0.26
 14   8 0.28
 14   9 0.44
 14  10 0.47
 14  11 0.55
 14  12 0.22
 14  13 0.56
 14  14 0.40
 14  15 0.20
 14  16 0.42
 14  17 0.46
 14  18 0.49
 14  19 0.34
 14  20 0.54
 14  21 0.30
 14  22 0.16
 15   1 0.24
 15   2 0.34
 15   3 0.46
 15   4 0.14
 15   5 0.52
 15   6 0.44
 15   7 0.23
 15   8 0.21
 15   9 0.32
 15  10 0.34
 15  11 0.35
 15  12 0.16
 15  13 0.32
 15  14 0.28
 15  15 0.24
 15  16 0.48
 15  17 0.28
 15  18 0.40
 15  19 0.30
 15  20 0.36
 15  21 0.15
 15  22 0.07
 16   1 0.50
 16   2 0.31
 16   3 0.15
 16   4 0.27
 16   5 0.19
 16   6 0.34
 16   7 0.29
 16   8 0.32
 16   9 0.38
 16  10 0.32
 16  11 0.41
 16  12 0.22
 16  13 0.33
 16  14 0.41
 16  15 0.19
 16  16 0.31
 16  17 0.48
 16  18 0.27
 16  19 0.38
 16  20 0.27
 16  21 0.39
 16  22 0.31
 17   1 0.23
 17   2 0.26
 17   3 0.29
 17   4 0.17
 17   5 0.29
 17   6 0.34
 17   7 0.22
 17   8 0.24
 17   9 0.37
 17  10 0.26
 17  11 0.29
 17  12 0.24
 17  13 0.32
 17  14 0.25
 17  15 0.16
 17  16 0.38
 17  17 0.35
 17  18 0.28
 17  19 0.31
 17  20 0.33
 17  21 0.17
 17  22 0.16
 18   1 0.32
 18   2 0.48
 18   3 0.55
 18   4 0.24
 18   5 0.55
 18   6 0.61
 18   7 0.36
 18   8 0.26
 18   9 0.43
 18  10 0.49
 18  11 0.52
 18  12 0.30
 18  13 0.49
 18  14 0.48
 18  15 0.27
 18  16 0.42
 18  17 0.36
 18  18 0.50
 18  19 0.38
 18  20 0.50
 18  21 0.27
 18  22 0.18
 19   1 0.49
 19   2 0.40
 19   3 0.32
 19   4 0.34
 19   5 0.32
 19   6 0.49
 19   7 0.35
 19   8 0.27
 19   9 0.43
 19  10 0.40
 19  11 0.60
 19  12 0.46
 19  13 0.46
 19  14 0.48
 19  15 0.23
 19  16 0.38
 19  17 0.52
 19  18 0.36
 19  19 0.47
 19  20 0.45
 19  21 0.46
 19  22 0.26
 20   1 0.52
 20   2 0.60
 20   3 0.60
 20   4 0.25
 20   5 0.58
 20   6 0.62
 20   7 0.30
 20   8 0.37
 20   9 0.50
 20  10 0.57
 20  11 0.57
 20  12 0.26
 20  13 0.40
 20  14 0.47
 20  15 0.24
 20  16 0.43
 20  17 0.56
 20  18 0.55
 20  19 0.49
 20  20 0.57
 20  21 0.31
 20  22 0.13
 21   1 0.45
 21   2 0.39
 21   3 0.48
 21   4 0.25
 21   5 0.48
 21   6 0.64
 21   7 0.31
 21   8 0.35
 21   9 0.56
 21  10 0.50
 21  11 0.54
 21  12 0.38
 21  13 0.56
 21  14 0.38
 21  15 0.22
 21  16 0.44
 21  17 0.53
 21  18 0.54
 21  19 0.43
 21  20 0.59
 21  21 0.28
 21  22 0.17
 22   1 0.39
 22   2 0.33
 22   3 0.23
 22   4 0.30
 22   5 0.18
 22   6 0.36
 22   7 0.50
 22   8 0.29
 22   9 0.25
 22  10 0.45
 22  11 0.59
 22  12 0.37
 22  13 0.52
 22  14 0.50
 22  15 0.31
 22  16 0.30
 22  17 0.39
 22  18 0.28
 22  19 0.41
 22  20 0.30
 22  21 0.49
 22  22 0.46
