  1   1 0.42
  1   2 0.36
  1   3 0.29
  1   4 0.35
  1   5 0.47
  1   6 0.41
  1   7 0.12
  1   8 0.32
  1   9 0.60
  1  10 0.53
  1  11 0.59
  1  12 0.45
  1  13 0.37
  1  14 0.58
  1  15 0.41
  1  16 0.56
  1  17 0.47
  1  18 0.34
  1  19 0.50
  1  20 0.42
  1  21 0.40
  1  22 0.28
  2   1 0.66
  2   2 0.49
  2   3 0.38
  2   4 0.22
  2   5 0.49
  2   6 0.53
  2   7 0.40
  2   8 0.39
  2   9 0.50
  2  10 0.53
  2  11 0.51
  2  12 0.42
  2  13 0.47
  2  14 0.51
  2  15 0.64
  2  16 0.46
  2  17 0.52
  2  18 0.54
  2  19 0.49
  2  20 0.46
  2  21 0.52
  2  22 0.39
  3   1 0.53
  3   2 0.37
  3   3 0.28
  3   4 0.20
  3   5 0.59
  3   6 0.42
  3   7 0.16
  3   8 0.31
  3   9 0.51
  3  10 0.63
  3  11 0.49
  3  12 0.40
  3  13 0.42
  3  14 0.59
  3  15 0.56
  3  16 0.40
  3  17 0.44
  3  18 0.47
  3  19 0.49
  3  20 0.39
  3  21 0.37
  3  22 0.35
  4   1 0.65
  4   2 0.47
  4   3 0.19
  4   4 0.11
  4   5 0.46
  4   6 0.55
  4   7 0.30
  4   8 0.35
  4   9 0.40
  4  10 0.51
  4  11 0.53
  4  12 0.53
  4  13 0.55
  4  14 0.45
  4  15 0.63
  4  16 0.44
  4  17 0.62
  4  18 0.57
  4  19 0.57
  4  20 0.37
  4  21 0.57
  4  22 0.59
  5   1 0.54
  5   2 0.50
  5   3 0.31
  5   4 0.22
  5   5 0.44
  5   6 0.63
  5   7 0.31
  5   8 0.47
  5   9 0.61
  5  10 0.55
  5  11 0.50
  5  12 0.64
  5  13 0.52
  5  14 0.63
  5  15 0.60
  5  16 0.62
  5  17 0.55
  5  18 0.55
  5  19 0.68
  5  20 0.54
  5  21 0.54
  5  22 0.47
  6   1 0.57
  6   2 0.53
  6   3 0.44
  6   4 0.27
  6   5 0.47
  6   6 0.58
  6   7 0.23
  6   8 0.46
  6   9 0.54
  6  10 0.58
  6  11 0.52
  6  12 0.58
  6  13 0.44
  6  14 0.57
  6  15 0.58
  6  16 0.65
  6  17 0.68
  6  18 0.48
  6  19 0.54
  6  20 0.40
  6  21 0.58
  6  22 0.40
  7   1 0.66
  7   2 0.58
  7   3 0.25
  7   4 0.10
  7   5 0.54
  7   6 0.72
  7   7 0.38
  7   8 0.44
  7   9 0.59
  7  10 0.60
  7  11 0.49
  7  12 0.63
  7  13 0.59
  7  14 0.61
  7  15 0.71
  7  16 0.51
  7  17 0.64
  7  18 0.63
  7  19 0.65
  7  20 0.46
  7  21 0.61
  7  22 0.54
  8   1 0.69
  8   2 0.61
  8   3 0.23
  8   4 0.06
  8   5 0.57
  8   6 0.62
  8   7 0.33
  8   8 0.43
  8   9 0.46
  8  10 0.52
  8  11 0.39
  8  12 0.58
  8  13 0.44
  8  14 0.54
  8  15 0.64
  8  16 0.46
  8  17 0.61
  8  18 0.58
  8  19 0.50
  8  20 0.40
  8  21 0.57
  8  22 0.54
  9   1 0.50
  9   2 0.37
  9   3 0.30
  9   4 0.18
  9   5 0.47
  9   6 0.46
  9   7 0.15
  9   8 0.32
  9   9 0.60
  9  10 0.68
  9  11 0.66
  9  12 0.46
  9  13 0.48
  9  14 0.63
  9  15 0.56
  9  16 0.56
  9  17 0.59
  9  18 0.40
  9  19 0.55
  9  20 0.37
  9  21 0.45
  9  22 0.31
 10   1 0.64
 10   2 0.49
 10   3 0.43
 10   4 0.21
 10   5 0.57
 10   6 0.59
 10   7 0.28
 10   8 0.45
 10   9 0.61
 10  10 0.61
 10  11 0.52
 10  12 0.61
 10  13 0.44
 10  14 0.66
 10  15 0.66
 10  16 0.65
 10  17 0.61
 10  18 0.47
 10  19 0.61
 10  20 0.51
 10  21 0.53
 10  22 0.42
 11   1 0.60
 11   2 0.58
 11   3 0.29
 11   4 0.12
 11   5 0.42
 11   6 0.61
 11   7 0.37
 11   8 0.51
 11   9 0.58
 11  10 0.55
 11  11 0.52
 11  12 0.64
 11  13 0.47
 11  14 0.53
 11  15 0.63
 11  16 0.66
 11  17 0.64
 11  18 0.53
 11  19 0.58
 11  20 0.49
 11  21 0.65
 11  22 0.45
 12   1 0.55
 12   2 0.59
 12   3 0.25
 12   4 0.15
 12   5 0.36
 12   6 0.61
 12   7 0.29
 12   8 0.58
 12   9 0.47
 12  10 0.42
 12  11 0.48
 12  12 0.62
 12  13 0.43
 12  14 0.43
 12  15 0.52
 12  16 0.58
 12  17 0.66
 12  18 0.54
 12  19 0.48
 12  20 0.37
 12  21 0.71
 12  22 0.39
 13   1 0.49
 13   2 0.38
 13   3 0.25
 13   4 0.15
 13   5 0.39
 13   6 0.44
 13   7 0.23
 13   8 0.26
 13   9 0.48
 13  10 0.56
 13  11 0.53
 13  12 0.36
 13  13 0.34
 13  14 0.51
 13  15 0.54
 13  16 0.40
 13  17 0.47
 13  18 0.42
 13  19 0.44
 13  20 0.34
 13  21 0.40
 13  22 0.31
 14   1 0.59
 14   2 0.35
 14   3 0.23
 14   4 0.11
 14   5 0.53
 14   6 0.46
 14   7 0.29
 14   8 0.27
 14   9 0.50
 14  10 0.58
 14  11 0.46
 14  12 0.34
 14  13 0.41
 14  14 0.64
 14  15 0.62
 14  16 0.30
 14  17 0.45
 14  18 0.44
 14  19 0.46
 14  20 0.43
 14  21 0.35
 14  22 0.35
 15   1 0.60
 15   2 0.64
 15   3 0.26
 15   4 0.13
 15   5 0.40
 15   6 0.67
 15   7 0.40
 15   8 0.53
 15   9 0.58
 15  10 0.44
 15  11 0.46
 15  12 0.66
 15  13 0.45
 15  14 0.48
 15  15 0.57
 15  16 0.60
 15  17 0.66
 15  18 0.51
 15  19 0.55
 15  20 0.40
 15  21 0.69
 15  22 0.38
 16   1 0.62
 16   2 0.58
 16   3 0.36
 16   4 0.16
 16   5 0.48
 16   6 0.60
 16   7 0.32
 16   8 0.55
 16   9 0.49
 16  10 0.52
 16  11 0.51
 16  12 0.62
 16  13 0.45
 16  14 0.54
 16  15 0.64
 16  16 0.59
 16  17 0.61
 16  18 0.64
 16  19 0.57
 16  20 0.50
 16  21 0.62
 16  22 0.53
 17   1 0.67
 17   2 0.62
 17   3 0.27
 17   4 0.08
 17   5 0.51
 17   6 0.61
 17   7 0.38
 17   8 0.45
 17   9 0.54
 17  10 0.55
 17  11 0.40
 17  12 0.56
 17  13 0.51
 17  14 0.55
 17  15 0.65
 17  16 0.46
 17  17 0.60
 17  18 0.60
 17  19 0.52
 17  20 0.42
 17  21 0.61
 17  22 0.49
 18   1 0.45
 18   2 0.44
 18   3 0.37
 18   4 0.27
 18   5 0.40
 18   6 0.54
 18   7 0.21
 18   8 0.39
 18   9 0.55
 18  10 0.51
 18  11 0.53
 18  12 0.57
 18  13 0.52
 18  14 0.55
 18  15 0.47
 18  16 0.64
 18  17 0.55
 18  18 0.43
 18  19 0.60
 18  20 0.39
 18  21 0.52
 18  22 0.34
 19   1 0.62
 19   2 0.62
 19   3 0.34
 19   4 0.20
 19   5 0.47
 19   6 0.64
 19   7 0.44
 19   8 0.56
 19   9 0.61
 19  10 0.49
 19  11 0.44
 19  12 0.66
 19  13 0.49
 19  14 0.53
 19  15 0.62
 19  16 0.60
 19  17 0.60
 19  18 0.63
 19  19 0.60
 19  20 0.55
 19  21 0.62
 19  22 0.49
 20   1 0.49
 20   2 0.46
 20   3 0.44
 20   4 0.46
 20   5 0.42
 20   6 0.50
 20   7 0.17
 20   8 0.54
 20   9 0.55
 20  10 0.55
 20  11 0.48
 20  12 0.55
 20  13 0.47
 20  14 0.57
 20  15 0.47
 20  16 0.61
 20  17 0.50
 20  18 0.47
 20  19 0.67
 20  20 0.50
 20  21 0.47
 20  22 0.44
 21   1 0.50
 21   2 0.52
 21   3 0.55
 21   4 0.37
 21   5 0.38
 21   6 0.53
 21   7 0.17
 21   8 0.51
 21   9 0.52
 21  10 0.56
 21  11 0.54
 21  12 0.63
 21  13 0.46
 21  14 0.50
 21  15 0.52
 21  16 0.66
 21  17 0.64
 21  18 0.49
 21  19 0.53
 21  20 0.41
 21  21 0.55
 21  22 0.41
 22   1 0.54
 22   2 0.41
 22   3 0.18
 22   4 0.09
 22   5 0.43
 22   6 0.55
 22   7 0.30
 22   8 0.36
 22   9 0.51
 22  10 0.50
 22  11 0.51
 22  12 0.55
 22  13 0.49
 22  14 0.53
 22  15 0.64
 22  16 0.51
 22  17 0.52
 22  18 0.58
 22  19 0.62
 22  20 0.47
 22  21 0.47
 22  22 0.52
  1   1 0.42
  1   2 0.36
  1   3 0.28
  1   4 0.34
  1   5 0.47
  1   6 0.40
  1   7 0.12
  1   8 0.31
  1   9 0.60
  1  10 0.53
  1  11 0.59
  1  12 0.45
  1  13 0.37
  1  14 0.57
  1  15 0.41
  1  16 0.55
  1  17 0.47
  1  18 0.33
  1  19 0.50
  1  20 0.41
  1  21 0.39
  1  22 0.27
  2   1 0.66
  2   2 0.48
  2   3 0.38
  2   4 0.22
  2   5 0.49
  2   6 0.53
  2   7 0.39
  2   8 0.38
  2   9 0.50
  2  10 0.52
  2  11 0.50
  2  12 0.41
  2  13 0.47
  2  14 0.51
  2  15 0.64
  2  16 0.45
  2  17 0.51
  2  18 0.54
  2  19 0.48
  2  20 0.45
  2  21 0.51
  2  22 0.38
  3   1 0.53
  3   2 0.36
  3   3 0.27
  3   4 0.20
  3   5 0.58
  3   6 0.42
  3   7 0.16
  3   8 0.31
  3   9 0.51
  3  10 0.63
  3  11 0.49
  3  12 0.40
  3  13 0.41
  3  14 0.59
  3  15 0.55
  3  16 0.40
  3  17 0.44
  3  18 0.46
  3  19 0.49
  3  20 0.38
  3  21 0.36
  3  22 0.35
  4   1 0.64
  4   2 0.47
  4   3 0.18
  4   4 0.10
  4   5 0.46
  4   6 0.54
  4   7 0.30
  4   8 0.35
  4   9 0.39
  4  10 0.50
  4  11 0.53
  4  12 0.53
  4  13 0.55
  4  14 0.44
  4  15 0.63
  4  16 0.44
  4  17 0.62
  4  18 0.57
  4  19 0.57
  4  20 0.37
  4  21 0.56
  4  22 0.58
  5   1 0.54
  5   2 0.50
  5   3 0.31
  5   4 0.22
  5   5 0.43
  5   6 0.63
  5   7 0.31
  5   8 0.47
  5   9 0.61
  5  10 0.54
  5  11 0.50
  5  12 0.63
  5  13 0.51
  5  14 0.62
  5  15 0.59
  5  16 0.62
  5  17 0.54
  5  18 0.54
  5  19 0.68
  5  20 0.53
  5  21 0.53
  5  22 0.47
  6   1 0.56
  6   2 0.52
  6   3 0.44
  6   4 0.27
  6   5 0.47
  6   6 0.57
  6   7 0.22
  6   8 0.45
  6   9 0.54
  6  10 0.58
  6  11 0.52
  6  12 0.58
  6  13 0.43
  6  14 0.56
  6  15 0.58
  6  16 0.65
  6  17 0.67
  6  18 0.47
  6  19 0.54
  6  20 0.40
  6  21 0.58
  6  22 0.40
  7   1 0.65
  7   2 0.58
  7   3 0.25
  7   4 0.10
  7   5 0.53
  7   6 0.71
  7   7 0.38
  7   8 0.43
  7   9 0.59
  7  10 0.59
  7  11 0.49
  7  12 0.62
  7  13 0.58
  7  14 0.61
  7  15 0.70
  7  16 0.50
  7  17 0.63
  7  18 0.62
  7  19 0.65
  7  20 0.45
  7  21 0.61
  7  22 0.54
  8   1 0.69
  8   2 0.60
  8   3 0.23
  8   4 0.06
  8   5 0.56
  8   6 0.61
  8   7 0.33
  8   8 0.42
  8   9 0.46
  8  10 0.52
  8  11 0.39
  8  12 0.57
  8  13 0.44
  8  14 0.54
  8  15 0.64
  8  16 0.46
  8  17 0.61
  8  18 0.58
  8  19 0.49
  8  20 0.40
  8  21 0.57
  8  22 0.54
  9   1 0.50
  9   2 0.36
  9   3 0.29
  9   4 0.18
  9   5 0.47
  9   6 0.46
  9   7 0.14
  9   8 0.32
  9   9 0.60
  9  10 0.68
  9  11 0.66
  9  12 0.45
  9  13 0.48
  9  14 0.63
  9  15 0.55
  9  16 0.56
  9  17 0.59
  9  18 0.39
  9  19 0.54
  9  20 0.36
  9  21 0.44
  9  22 0.31
 10   1 0.64
 10   2 0.48
 10   3 0.42
 10   4 0.20
 10   5 0.57
 10   6 0.58
 10   7 0.28
 10   8 0.45
 10   9 0.60
 10  10 0.61
 10  11 0.51
 10  12 0.61
 10  13 0.44
 10  14 0.66
 10  15 0.66
 10  16 0.64
 10  17 0.61
 10  18 0.47
 10  19 0.61
 10  20 0.50
 10  21 0.52
 10  22 0.42
 11   1 0.59
 11   2 0.57
 11   3 0.29
 11   4 0.12
 11   5 0.42
 11   6 0.60
 11   7 0.36
 11   8 0.51
 11   9 0.58
 11  10 0.55
 11  11 0.52
 11  12 0.64
 11  13 0.46
 11  14 0.52
 11  15 0.63
 11  16 0.66
 11  17 0.64
 11  18 0.53
 11  19 0.58
 11  20 0.48
 11  21 0.64
 11  22 0.45
 12   1 0.54
 12   2 0.59
 12   3 0.25
 12   4 0.15
 12   5 0.36
 12   6 0.61
 12   7 0.29
 12   8 0.57
 12   9 0.47
 12  10 0.42
 12  11 0.47
 12  12 0.61
 12  13 0.43
 12  14 0.42
 12  15 0.52
 12  16 0.58
 12  17 0.65
 12  18 0.53
 12  19 0.48
 12  20 0.37
 12  21 0.71
 12  22 0.39
 13   1 0.48
 13   2 0.37
 13   3 0.25
 13   4 0.15
 13   5 0.39
 13   6 0.44
 13   7 0.22
 13   8 0.26
 13   9 0.48
 13  10 0.56
 13  11 0.53
 13  12 0.35
 13  13 0.33
 13  14 0.51
 13  15 0.53
 13  16 0.40
 13  17 0.46
 13  18 0.42
 13  19 0.44
 13  20 0.34
 13  21 0.40
 13  22 0.30
 14   1 0.59
 14   2 0.34
 14   3 0.23
 14   4 0.11
 14   5 0.52
 14   6 0.46
 14   7 0.28
 14   8 0.26
 14   9 0.50
 14  10 0.57
 14  11 0.46
 14  12 0.34
 14  13 0.41
 14  14 0.64
 14  15 0.62
 14  16 0.29
 14  17 0.45
 14  18 0.44
 14  19 0.46
 14  20 0.43
 14  21 0.34
 14  22 0.35
 15   1 0.60
 15   2 0.63
 15   3 0.25
 15   4 0.13
 15   5 0.39
 15   6 0.67
 15   7 0.39
 15   8 0.53
 15   9 0.58
 15  10 0.44
 15  11 0.46
 15  12 0.66
 15  13 0.45
 15  14 0.48
 15  15 0.56
 15  16 0.60
 15  17 0.65
 15  18 0.50
 15  19 0.55
 15  20 0.39
 15  21 0.68
 15  22 0.38
 16   1 0.61
 16   2 0.58
 16   3 0.36
 16   4 0.16
 16   5 0.48
 16   6 0.60
 16   7 0.31
 16   8 0.55
 16   9 0.49
 16  10 0.52
 16  11 0.51
 16  12 0.62
 16  13 0.44
 16  14 0.54
 16  15 0.64
 16  16 0.59
 16  17 0.61
 16  18 0.63
 16  19 0.56
 16  20 0.49
 16  21 0.62
 16  22 0.53
 17   1 0.67
 17   2 0.62
 17   3 0.26
 17   4 0.07
 17   5 0.51
 17   6 0.61
 17   7 0.38
 17   8 0.44
 17   9 0.54
 17  10 0.55
 17  11 0.40
 17  12 0.56
 17  13 0.50
 17  14 0.55
 17  15 0.64
 17  16 0.46
 17  17 0.60
 17  18 0.60
 17  19 0.51
 17  20 0.42
 17  21 0.61
 17  22 0.48
 18   1 0.45
 18   2 0.44
 18   3 0.37
 18   4 0.27
 18   5 0.40
 18   6 0.53
 18   7 0.21
 18   8 0.38
 18   9 0.55
 18  10 0.50
 18  11 0.53
 18  12 0.57
 18  13 0.52
 18  14 0.55
 18  15 0.46
 18  16 0.63
 18  17 0.55
 18  18 0.42
 18  19 0.60
 18  20 0.38
 18  21 0.51
 18  22 0.34
 19   1 0.62
 19   2 0.61
 19   3 0.34
 19   4 0.19
 19   5 0.46
 19   6 0.64
 19   7 0.44
 19   8 0.56
 19   9 0.60
 19  10 0.49
 19  11 0.44
 19  12 0.66
 19  13 0.49
 19  14 0.52
 19  15 0.62
 19  16 0.59
 19  17 0.59
 19  18 0.62
 19  19 0.59
 19  20 0.54
 19  21 0.61
 19  22 0.49
 20   1 0.48
 20   2 0.45
 20   3 0.43
 20   4 0.46
 20   5 0.41
 20   6 0.49
 20   7 0.17
 20   8 0.54
 20   9 0.55
 20  10 0.55
 20  11 0.47
 20  12 0.55
 20  13 0.47
 20  14 0.57
 20  15 0.47
 20  16 0.60
 20  17 0.50
 20  18 0.47
 20  19 0.67
 20  20 0.50
 20  21 0.47
 20  22 0.44
 21   1 0.49
 21   2 0.51
 21   3 0.55
 21   4 0.37
 21   5 0.38
 21   6 0.52
 21   7 0.17
 21   8 0.51
 21   9 0.52
 21  10 0.55
 21  11 0.54
 21  12 0.63
 21  13 0.46
 21  14 0.49
 21  15 0.52
 21  16 0.66
 21  17 0.64
 21  18 0.48
 21  19 0.53
 21  20 0.40
 21  21 0.55
 21  22 0.41
 22   1 0.54
 22   2 0.41
 22   3 0.18
 22   4 0.09
 22   5 0.43
 22   6 0.55
 22   7 0.29
 22   8 0.35
 22   9 0.51
 22  10 0.50
 22  11 0.51
 22  12 0.55
 22  13 0.49
 22  14 0.53
 22  15 0.64
 22  16 0.50
 22  17 0.51
 22  18 0.58
 22  19 0.62
 22  20 0.46
 22  21 0.46
 22  22 0.52
  1   1 0.42
  1   2 0.36
  1   3 0.28
  1   4 0.34
  1   5 0.47
  1   6 0.40
  1   7 0.12
  1   8 0.31
  1   9 0.60
  1  10 0.53
  1  11 0.59
  1  12 0.45
  1  13 0.37
  1  14 0.57
  1  15 0.41
  1  16 0.55
  1  17 0.47
  1  18 0.33
  1  19 0.50
  1  20 0.41
  1  21 0.39
  1  22 0.27
  2   1 0.66
  2   2 0.48
  2   3 0.38
  2   4 0.22
  2   5 0.49
  2   6 0.53
  2   7 0.39
  2   8 0.38
  2   9 0.50
  2  10 0.52
  2  11 0.50
  2  12 0.41
  2  13 0.47
  2  14 0.51
  2  15 0.64
  2  16 0.45
  2  17 0.51
  2  18 0.54
  2  19 0.48
  2  20 0.45
  2  21 0.51
  2  22 0.38
  3   1 0.53
  3   2 0.36
  3   3 0.27
  3   4 0.20
  3   5 0.58
  3   6 0.42
  3   7 0.16
  3   8 0.31
  3   9 0.51
  3  10 0.63
  3  11 0.49
  3  12 0.40
  3  13 0.41
  3  14 0.59
  3  15 0.55
  3  16 0.40
  3  17 0.44
  3  18 0.46
  3  19 0.49
  3  20 0.38
  3  21 0.36
  3  22 0.35
  4   1 0.64
  4   2 0.47
  4   3 0.18
  4   4 0.10
  4   5 0.46
  4   6 0.54
  4   7 0.30
  4   8 0.35
  4   9 0.39
  4  10 0.50
  4  11 0.53
  4  12 0.53
  4  13 0.55
  4  14 0.44
  4  15 0.63
  4  16 0.44
  4  17 0.62
  4  18 0.57
  4  19 0.57
  4  20 0.37
  4  21 0.56
  4  22 0.58
  5   1 0.54
  5   2 0.50
  5   3 0.31
  5   4 0.22
  5   5 0.43
  5   6 0.63
  5   7 0.31
  5   8 0.47
  5   9 0.61
  5  10 0.54
  5  11 0.50
  5  12 0.63
  5  13 0.51
  5  14 0.62
  5  15 0.59
  5  16 0.62
  5  17 0.54
  5  18 0.54
  5  19 0.68
  5  20 0.53
  5  21 0.53
  5  22 0.47
  6   1 0.56
  6   2 0.52
  6   3 0.44
  6   4 0.27
  6   5 0.47
  6   6 0.57
  6   7 0.22
  6   8 0.45
  6   9 0.54
  6  10 0.58
  6  11 0.52
  6  12 0.58
  6  13 0.43
  6  14 0.56
  6  15 0.58
  6  16 0.65
  6  17 0.67
  6  18 0.47
  6  19 0.54
  6  20 0.40
  6  21 0.58
  6  22 0.40
  7   1 0.65
  7   2 0.58
  7   3 0.25
  7   4 0.10
  7   5 0.53
  7   6 0.71
  7   7 0.38
  7   8 0.43
  7   9 0.59
  7  10 0.59
  7  11 0.49
  7  12 0.62
  7  13 0.58
  7  14 0.61
  7  15 0.70
  7  16 0.50
  7  17 0.63
  7  18 0.62
  7  19 0.65
  7  20 0.45
  7  21 0.61
  7  22 0.54
  8   1 0.69
  8   2 0.60
  8   3 0.23
  8   4 0.06
  8   5 0.56
  8   6 0.61
  8   7 0.33
  8   8 0.42
  8   9 0.46
  8  10 0.52
  8  11 0.39
  8  12 0.57
  8  13 0.44
  8  14 0.54
  8  15 0.64
  8  16 0.46
  8  17 0.61
  8  18 0.58
  8  19 0.49
  8  20 0.40
  8  21 0.57
  8  22 0.54
  9   1 0.50
  9   2 0.36
  9   3 0.29
  9   4 0.18
  9   5 0.47
  9   6 0.46
  9   7 0.14
  9   8 0.32
  9   9 0.60
  9  10 0.68
  9  11 0.66
  9  12 0.45
  9  13 0.48
  9  14 0.63
  9  15 0.55
  9  16 0.56
  9  17 0.59
  9  18 0.39
  9  19 0.54
  9  20 0.36
  9  21 0.44
  9  22 0.31
 10   1 0.64
 10   2 0.48
 10   3 0.42
 10   4 0.20
 10   5 0.57
 10   6 0.58
 10   7 0.28
 10   8 0.45
 10   9 0.60
 10  10 0.61
 10  11 0.51
 10  12 0.61
 10  13 0.44
 10  14 0.66
 10  15 0.66
 10  16 0.64
 10  17 0.61
 10  18 0.47
 10  19 0.61
 10  20 0.50
 10  21 0.52
 10  22 0.42
 11   1 0.59
 11   2 0.57
 11   3 0.29
 11   4 0.12
 11   5 0.42
 11   6 0.60
 11   7 0.36
 11   8 0.51
 11   9 0.58
 11  10 0.55
 11  11 0.52
 11  12 0.64
 11  13 0.46
 11  14 0.52
 11  15 0.63
 11  16 0.66
 11  17 0.64
 11  18 0.53
 11  19 0.58
 11  20 0.48
 11  21 0.64
 11  22 0.45
 12   1 0.54
 12   2 0.59
 12   3 0.25
 12   4 0.15
 12   5 0.36
 12   6 0.61
 12   7 0.29
 12   8 0.57
 12   9 0.47
 12  10 0.42
 12  11 0.47
 12  12 0.61
 12  13 0.43
 12  14 0.42
 12  15 0.52
 12  16 0.58
 12  17 0.65
 12  18 0.53
 12  19 0.48
 12  20 0.37
 12  21 0.71
 12  22 0.39
 13   1 0.48
 13   2 0.37
 13   3 0.25
 13   4 0.15
 13   5 0.39
 13   6 0.44
 13   7 0.22
 13   8 0.26
 13   9 0.48
 13  10 0.56
 13  11 0.53
 13  12 0.35
 13  13 0.33
 13  14 0.51
 13  15 0.53
 13  16 0.40
 13  17 0.46
 13  18 0.42
 13  19 0.44
 13  20 0.34
 13  21 0.40
 13  22 0.30
 14   1 0.59
 14   2 0.34
 14   3 0.23
 14   4 0.11
 14   5 0.52
 14   6 0.46
 14   7 0.28
 14   8 0.26
 14   9 0.50
 14  10 0.57
 14  11 0.46
 14  12 0.34
 14  13 0.41
 14  14 0.64
 14  15 0.62
 14  16 0.29
 14  17 0.45
 14  18 0.44
 14  19 0.46
 14  20 0.43
 14  21 0.34
 14  22 0.35
 15   1 0.60
 15   2 0.63
 15   3 0.25
 15   4 0.13
 15   5 0.39
 15   6 0.67
 15   7 0.39
 15   8 0.53
 15   9 0.58
 15  10 0.44
 15  11 0.46
 15  12 0.66
 15  13 0.45
 15  14 0.48
 15  15 0.56
 15  16 0.60
 15  17 0.65
 15  18 0.50
 15  19 0.55
 15  20 0.39
 15  21 0.68
 15  22 0.38
 16   1 0.61
 16   2 0.58
 16   3 0.36
 16   4 0.16
 16   5 0.48
 16   6 0.60
 16   7 0.31
 16   8 0.55
 16   9 0.49
 16  10 0.52
 16  11 0.51
 16  12 0.62
 16  13 0.44
 16  14 0.54
 16  15 0.64
 16  16 0.59
 16  17 0.61
 16  18 0.63
 16  19 0.56
 16  20 0.49
 16  21 0.62
 16  22 0.53
 17   1 0.67
 17   2 0.62
 17   3 0.26
 17   4 0.07
 17   5 0.51
 17   6 0.61
 17   7 0.38
 17   8 0.44
 17   9 0.54
 17  10 0.55
 17  11 0.40
 17  12 0.56
 17  13 0.50
 17  14 0.55
 17  15 0.64
 17  16 0.46
 17  17 0.60
 17  18 0.60
 17  19 0.51
 17  20 0.42
 17  21 0.61
 17  22 0.48
 18   1 0.45
 18   2 0.44
 18   3 0.37
 18   4 0.27
 18   5 0.40
 18   6 0.53
 18   7 0.21
 18   8 0.38
 18   9 0.55
 18  10 0.50
 18  11 0.53
 18  12 0.57
 18  13 0.52
 18  14 0.55
 18  15 0.46
 18  16 0.63
 18  17 0.55
 18  18 0.42
 18  19 0.60
 18  20 0.38
 18  21 0.51
 18  22 0.34
 19   1 0.62
 19   2 0.61
 19   3 0.34
 19   4 0.19
 19   5 0.46
 19   6 0.64
 19   7 0.44
 19   8 0.56
 19   9 0.60
 19  10 0.49
 19  11 0.44
 19  12 0.66
 19  13 0.49
 19  14 0.52
 19  15 0.62
 19  16 0.59
 19  17 0.59
 19  18 0.62
 19  19 0.59
 19  20 0.54
 19  21 0.61
 19  22 0.49
 20   1 0.48
 20   2 0.45
 20   3 0.43
 20   4 0.46
 20   5 0.41
 20   6 0.49
 20   7 0.17
 20   8 0.54
 20   9 0.55
 20  10 0.55
 20  11 0.47
 20  12 0.55
 20  13 0.47
 20  14 0.57
 20  15 0.47
 20  16 0.60
 20  17 0.50
 20  18 0.47
 20  19 0.67
 20  20 0.50
 20  21 0.47
 20  22 0.44
 21   1 0.49
 21   2 0.51
 21   3 0.55
 21   4 0.37
 21   5 0.38
 21   6 0.52
 21   7 0.17
 21   8 0.51
 21   9 0.52
 21  10 0.55
 21  11 0.54
 21  12 0.63
 21  13 0.46
 21  14 0.49
 21  15 0.52
 21  16 0.66
 21  17 0.64
 21  18 0.48
 21  19 0.53
 21  20 0.40
 21  21 0.55
 21  22 0.41
 22   1 0.54
 22   2 0.41
 22   3 0.18
 22   4 0.09
 22   5 0.43
 22   6 0.55
 22   7 0.29
 22   8 0.35
 22   9 0.51
 22  10 0.50
 22  11 0.51
 22  12 0.55
 22  13 0.49
 22  14 0.53
 22  15 0.64
 22  16 0.50
 22  17 0.51
 22  18 0.58
 22  19 0.62
 22  20 0.46
 22  21 0.46
 22  22 0.52
