  1   1 1.00
  1   2 0.60
  1   3 0.59
  1   4 0.60
  1   5 0.22
  1   6 0.73
  1   7 0.61
  1   8 0.71
  1   9 0.54
  1  10 0.58
  1  11 0.68
  1  12 0.54
  1  13 0.44
  1  14 0.57
  1  15 0.48
  1  16 0.55
  1  17 0.47
  1  18 0.29
  1  19 0.33
  1  20 0.25
  1  21 0.38
  1  22 0.65
  2   1 0.60
  2   2 1.00
  2   3 0.69
  2   4 0.48
  2   5 0.43
  2   6 0.64
  2   7 0.43
  2   8 0.67
  2   9 0.39
  2  10 0.55
  2  11 0.74
  2  12 0.52
  2  13 0.45
  2  14 0.55
  2  15 0.66
  2  16 0.69
  2  17 0.37
  2  18 0.26
  2  19 0.58
  2  20 0.61
  2  21 0.55
  2  22 0.51
  3   1 0.59
  3   2 0.69
  3   3 1.00
  3   4 0.48
  3   5 0.35
  3   6 0.69
  3   7 0.46
  3   8 0.71
  3   9 0.40
  3  10 0.62
  3  11 0.67
  3  12 0.66
  3  13 0.46
  3  14 0.63
  3  15 0.54
  3  16 0.68
  3  17 0.37
  3  18 0.26
  3  19 0.52
  3  20 0.55
  3  21 0.70
  3  22 0.52
  4   1 0.60
  4   2 0.48
  4   3 0.48
  4   4 1.00
  4   5 0.18
  4   6 0.58
  4   7 0.51
  4   8 0.62
  4   9 0.52
  4  10 0.44
  4  11 0.52
  4  12 0.39
  4  13 0.43
  4  14 0.40
  4  15 0.44
  4  16 0.46
  4  17 0.42
  4  18 0.25
  4  19 0.31
  4  20 0.16
  4  21 0.29
  4  22 0.56
  5   1 0.22
  5   2 0.43
  5   3 0.35
  5   4 0.18
  5   5 1.00
  5   6 0.27
  5   7 0.28
  5   8 0.32
  5   9 0.17
  5  10 0.20
  5  11 0.41
  5  12 0.24
  5  13 0.14
  5  14 0.26
  5  15 0.44
  5  16 0.42
  5  17 0.14
  5  18 0.26
  5  19 0.44
  5  20 0.48
  5  21 0.39
  5  22 0.27
  6   1 0.73
  6   2 0.64
  6   3 0.69
  6   4 0.58
  6   5 0.27
  6   6 1.00
  6   7 0.51
  6   8 0.66
  6   9 0.53
  6  10 0.65
  6  11 0.66
  6  12 0.63
  6  13 0.56
  6  14 0.73
  6  15 0.53
  6  16 0.63
  6  17 0.48
  6  18 0.30
  6  19 0.41
  6  20 0.37
  6  21 0.49
  6  22 0.58
  7   1 0.61
  7   2 0.43
  7   3 0.46
  7   4 0.51
  7   5 0.28
  7   6 0.51
  7   7 1.00
  7   8 0.62
  7   9 0.44
  7  10 0.33
  7  11 0.62
  7  12 0.31
  7  13 0.27
  7  14 0.38
  7  15 0.43
  7  16 0.44
  7  17 0.34
  7  18 0.56
  7  19 0.33
  7  20 0.22
  7  21 0.28
  7  22 0.70
  8   1 0.71
  8   2 0.67
  8   3 0.71
  8   4 0.62
  8   5 0.32
  8   6 0.66
  8   7 0.62
  8   8 1.00
  8   9 0.55
  8  10 0.57
  8  11 0.77
  8  12 0.53
  8  13 0.42
  8  14 0.60
  8  15 0.59
  8  16 0.63
  8  17 0.47
  8  18 0.34
  8  19 0.48
  8  20 0.40
  8  21 0.50
  8  22 0.64
  9   1 0.54
  9   2 0.39
  9   3 0.40
  9   4 0.52
  9   5 0.17
  9   6 0.53
  9   7 0.44
  9   8 0.55
  9   9 1.00
  9  10 0.37
  9  11 0.53
  9  12 0.44
  9  13 0.51
  9  14 0.40
  9  15 0.40
  9  16 0.33
  9  17 0.81
  9  18 0.23
  9  19 0.26
  9  20 0.16
  9  21 0.21
  9  22 0.48
 10   1 0.58
 10   2 0.55
 10   3 0.62
 10   4 0.44
 10   5 0.20
 10   6 0.65
 10   7 0.33
 10   8 0.57
 10   9 0.37
 10  10 1.00
 10  11 0.50
 10  12 0.70
 10  13 0.42
 10  14 0.62
 10  15 0.44
 10  16 0.51
 10  17 0.34
 10  18 0.12
 10  19 0.37
 10  20 0.41
 10  21 0.51
 10  22 0.45
 11   1 0.68
 11   2 0.74
 11   3 0.67
 11   4 0.52
 11   5 0.41
 11   6 0.66
 11   7 0.62
 11   8 0.77
 11   9 0.53
 11  10 0.50
 11  11 1.00
 11  12 0.53
 11  13 0.43
 11  14 0.57
 11  15 0.65
 11  16 0.67
 11  17 0.47
 11  18 0.39
 11  19 0.50
 11  20 0.48
 11  21 0.51
 11  22 0.58
 12   1 0.54
 12   2 0.52
 12   3 0.66
 12   4 0.39
 12   5 0.24
 12   6 0.63
 12   7 0.31
 12   8 0.53
 12   9 0.44
 12  10 0.70
 12  11 0.53
 12  12 1.00
 12  13 0.46
 12  14 0.63
 12  15 0.44
 12  16 0.54
 12  17 0.45
 12  18 0.13
 12  19 0.31
 12  20 0.36
 12  21 0.48
 12  22 0.36
 13   1 0.44
 13   2 0.45
 13   3 0.46
 13   4 0.43
 13   5 0.14
 13   6 0.56
 13   7 0.27
 13   8 0.42
 13   9 0.51
 13  10 0.42
 13  11 0.43
 13  12 0.46
 13  13 1.00
 13  14 0.42
 13  15 0.37
 13  16 0.41
 13  17 0.58
 13  18 0.13
 13  19 0.28
 13  20 0.25
 13  21 0.29
 13  22 0.36
 14   1 0.57
 14   2 0.55
 14   3 0.63
 14   4 0.40
 14   5 0.26
 14   6 0.73
 14   7 0.38
 14   8 0.60
 14   9 0.40
 14  10 0.62
 14  11 0.57
 14  12 0.63
 14  13 0.42
 14  14 1.00
 14  15 0.49
 14  16 0.54
 14  17 0.37
 14  18 0.21
 14  19 0.36
 14  20 0.41
 14  21 0.52
 14  22 0.44
 15   1 0.48
 15   2 0.66
 15   3 0.54
 15   4 0.44
 15   5 0.44
 15   6 0.53
 15   7 0.43
 15   8 0.59
 15   9 0.40
 15  10 0.44
 15  11 0.65
 15  12 0.44
 15  13 0.37
 15  14 0.49
 15  15 1.00
 15  16 0.59
 15  17 0.38
 15  18 0.25
 15  19 0.62
 15  20 0.51
 15  21 0.41
 15  22 0.41
 16   1 0.55
 16   2 0.69
 16   3 0.68
 16   4 0.46
 16   5 0.42
 16   6 0.63
 16   7 0.44
 16   8 0.63
 16   9 0.33
 16  10 0.51
 16  11 0.67
 16  12 0.54
 16  13 0.41
 16  14 0.54
 16  15 0.59
 16  16 1.00
 16  17 0.33
 16  18 0.29
 16  19 0.58
 16  20 0.55
 16  21 0.62
 16  22 0.50
 17   1 0.47
 17   2 0.37
 17   3 0.37
 17   4 0.42
 17   5 0.14
 17   6 0.48
 17   7 0.34
 17   8 0.47
 17   9 0.81
 17  10 0.34
 17  11 0.47
 17  12 0.45
 17  13 0.58
 17  14 0.37
 17  15 0.38
 17  16 0.33
 17  17 1.00
 17  18 0.15
 17  19 0.25
 17  20 0.14
 17  21 0.19
 17  22 0.38
 18   1 0.29
 18   2 0.26
 18   3 0.26
 18   4 0.25
 18   5 0.26
 18   6 0.30
 18   7 0.56
 18   8 0.34
 18   9 0.23
 18  10 0.12
 18  11 0.39
 18  12 0.13
 18  13 0.13
 18  14 0.21
 18  15 0.25
 18  16 0.29
 18  17 0.15
 18  18 1.00
 18  19 0.26
 18  20 0.18
 18  21 0.21
 18  22 0.51
 19   1 0.33
 19   2 0.58
 19   3 0.52
 19   4 0.31
 19   5 0.44
 19   6 0.41
 19   7 0.33
 19   8 0.48
 19   9 0.26
 19  10 0.37
 19  11 0.50
 19  12 0.31
 19  13 0.28
 19  14 0.36
 19  15 0.62
 19  16 0.58
 19  17 0.25
 19  18 0.26
 19  19 1.00
 19  20 0.66
 19  21 0.58
 19  22 0.39
 20   1 0.25
 20   2 0.61
 20   3 0.55
 20   4 0.16
 20   5 0.48
 20   6 0.37
 20   7 0.22
 20   8 0.40
 20   9 0.16
 20  10 0.41
 20  11 0.48
 20  12 0.36
 20  13 0.25
 20  14 0.41
 20  15 0.51
 20  16 0.55
 20  17 0.14
 20  18 0.18
 20  19 0.66
 20  20 1.00
 20  21 0.72
 20  22 0.25
 21   1 0.38
 21   2 0.55
 21   3 0.70
 21   4 0.29
 21   5 0.39
 21   6 0.49
 21   7 0.28
 21   8 0.50
 21   9 0.21
 21  10 0.51
 21  11 0.51
 21  12 0.48
 21  13 0.29
 21  14 0.52
 21  15 0.41
 21  16 0.62
 21  17 0.19
 21  18 0.21
 21  19 0.58
 21  20 0.72
 21  21 1.00
 21  22 0.37
 22   1 0.65
 22   2 0.51
 22   3 0.52
 22   4 0.56
 22   5 0.27
 22   6 0.58
 22   7 0.70
 22   8 0.64
 22   9 0.48
 22  10 0.45
 22  11 0.58
 22  12 0.36
 22  13 0.36
 22  14 0.44
 22  15 0.41
 22  16 0.50
 22  17 0.38
 22  18 0.51
 22  19 0.39
 22  20 0.25
 22  21 0.37
 22  22 1.00
  1   1 1.00
  1   2 0.59
  1   3 0.59
  1   4 0.60
  1   5 0.22
  1   6 0.73
  1   7 0.60
  1   8 0.71
  1   9 0.54
  1  10 0.58
  1  11 0.67
  1  12 0.53
  1  13 0.43
  1  14 0.57
  1  15 0.47
  1  16 0.54
  1  17 0.47
  1  18 0.29
  1  19 0.33
  1  20 0.25
  1  21 0.37
  1  22 0.64
  2   1 0.59
  2   2 1.00
  2   3 0.69
  2   4 0.48
  2   5 0.43
  2   6 0.64
  2   7 0.43
  2   8 0.67
  2   9 0.39
  2  10 0.55
  2  11 0.74
  2  12 0.52
  2  13 0.45
  2  14 0.55
  2  15 0.66
  2  16 0.69
  2  17 0.37
  2  18 0.26
  2  19 0.58
  2  20 0.61
  2  21 0.55
  2  22 0.51
  3   1 0.59
  3   2 0.69
  3   3 1.00
  3   4 0.48
  3   5 0.35
  3   6 0.69
  3   7 0.46
  3   8 0.71
  3   9 0.40
  3  10 0.62
  3  11 0.67
  3  12 0.66
  3  13 0.46
  3  14 0.63
  3  15 0.54
  3  16 0.68
  3  17 0.37
  3  18 0.26
  3  19 0.52
  3  20 0.55
  3  21 0.69
  3  22 0.52
  4   1 0.60
  4   2 0.48
  4   3 0.48
  4   4 1.00
  4   5 0.18
  4   6 0.57
  4   7 0.51
  4   8 0.62
  4   9 0.52
  4  10 0.44
  4  11 0.52
  4  12 0.39
  4  13 0.43
  4  14 0.40
  4  15 0.44
  4  16 0.46
  4  17 0.42
  4  18 0.25
  4  19 0.31
  4  20 0.16
  4  21 0.29
  4  22 0.56
  5   1 0.22
  5   2 0.43
  5   3 0.35
  5   4 0.18
  5   5 1.00
  5   6 0.27
  5   7 0.28
  5   8 0.32
  5   9 0.16
  5  10 0.20
  5  11 0.41
  5  12 0.24
  5  13 0.14
  5  14 0.26
  5  15 0.43
  5  16 0.42
  5  17 0.14
  5  18 0.26
  5  19 0.44
  5  20 0.48
  5  21 0.39
  5  22 0.27
  6   1 0.73
  6   2 0.64
  6   3 0.69
  6   4 0.57
  6   5 0.27
  6   6 1.00
  6   7 0.51
  6   8 0.66
  6   9 0.52
  6  10 0.65
  6  11 0.66
  6  12 0.63
  6  13 0.56
  6  14 0.73
  6  15 0.53
  6  16 0.63
  6  17 0.48
  6  18 0.29
  6  19 0.40
  6  20 0.37
  6  21 0.49
  6  22 0.58
  7   1 0.60
  7   2 0.43
  7   3 0.46
  7   4 0.51
  7   5 0.28
  7   6 0.51
  7   7 1.00
  7   8 0.62
  7   9 0.44
  7  10 0.32
  7  11 0.61
  7  12 0.31
  7  13 0.27
  7  14 0.38
  7  15 0.43
  7  16 0.44
  7  17 0.33
  7  18 0.56
  7  19 0.33
  7  20 0.22
  7  21 0.28
  7  22 0.70
  8   1 0.71
  8   2 0.67
  8   3 0.71
  8   4 0.62
  8   5 0.32
  8   6 0.66
  8   7 0.62
  8   8 1.00
  8   9 0.55
  8  10 0.57
  8  11 0.77
  8  12 0.53
  8  13 0.42
  8  14 0.60
  8  15 0.59
  8  16 0.63
  8  17 0.46
  8  18 0.34
  8  19 0.48
  8  20 0.40
  8  21 0.50
  8  22 0.64
  9   1 0.54
  9   2 0.39
  9   3 0.40
  9   4 0.52
  9   5 0.16
  9   6 0.52
  9   7 0.44
  9   8 0.55
  9   9 1.00
  9  10 0.37
  9  11 0.53
  9  12 0.44
  9  13 0.51
  9  14 0.40
  9  15 0.40
  9  16 0.33
  9  17 0.81
  9  18 0.23
  9  19 0.26
  9  20 0.15
  9  21 0.21
  9  22 0.48
 10   1 0.58
 10   2 0.55
 10   3 0.62
 10   4 0.44
 10   5 0.20
 10   6 0.65
 10   7 0.32
 10   8 0.57
 10   9 0.37
 10  10 1.00
 10  11 0.50
 10  12 0.70
 10  13 0.42
 10  14 0.62
 10  15 0.43
 10  16 0.51
 10  17 0.34
 10  18 0.12
 10  19 0.37
 10  20 0.41
 10  21 0.51
 10  22 0.45
 11   1 0.67
 11   2 0.74
 11   3 0.67
 11   4 0.52
 11   5 0.41
 11   6 0.66
 11   7 0.61
 11   8 0.77
 11   9 0.53
 11  10 0.50
 11  11 1.00
 11  12 0.52
 11  13 0.43
 11  14 0.57
 11  15 0.64
 11  16 0.67
 11  17 0.46
 11  18 0.39
 11  19 0.50
 11  20 0.48
 11  21 0.51
 11  22 0.58
 12   1 0.53
 12   2 0.52
 12   3 0.66
 12   4 0.39
 12   5 0.24
 12   6 0.63
 12   7 0.31
 12   8 0.53
 12   9 0.44
 12  10 0.70
 12  11 0.52
 12  12 1.00
 12  13 0.46
 12  14 0.63
 12  15 0.44
 12  16 0.53
 12  17 0.45
 12  18 0.13
 12  19 0.31
 12  20 0.36
 12  21 0.47
 12  22 0.36
 13   1 0.43
 13   2 0.45
 13   3 0.46
 13   4 0.43
 13   5 0.14
 13   6 0.56
 13   7 0.27
 13   8 0.42
 13   9 0.51
 13  10 0.42
 13  11 0.43
 13  12 0.46
 13  13 1.00
 13  14 0.42
 13  15 0.37
 13  16 0.41
 13  17 0.57
 13  18 0.13
 13  19 0.28
 13  20 0.24
 13  21 0.29
 13  22 0.36
 14   1 0.57
 14   2 0.55
 14   3 0.63
 14   4 0.40
 14   5 0.26
 14   6 0.73
 14   7 0.38
 14   8 0.60
 14   9 0.40
 14  10 0.62
 14  11 0.57
 14  12 0.63
 14  13 0.42
 14  14 1.00
 14  15 0.48
 14  16 0.54
 14  17 0.37
 14  18 0.21
 14  19 0.35
 14  20 0.41
 14  21 0.52
 14  22 0.44
 15   1 0.47
 15   2 0.66
 15   3 0.54
 15   4 0.44
 15   5 0.43
 15   6 0.53
 15   7 0.43
 15   8 0.59
 15   9 0.40
 15  10 0.43
 15  11 0.64
 15  12 0.44
 15  13 0.37
 15  14 0.48
 15  15 1.00
 15  16 0.58
 15  17 0.38
 15  18 0.25
 15  19 0.62
 15  20 0.51
 15  21 0.41
 15  22 0.41
 16   1 0.54
 16   2 0.69
 16   3 0.68
 16   4 0.46
 16   5 0.42
 16   6 0.63
 16   7 0.44
 16   8 0.63
 16   9 0.33
 16  10 0.51
 16  11 0.67
 16  12 0.53
 16  13 0.41
 16  14 0.54
 16  15 0.58
 16  16 1.00
 16  17 0.33
 16  18 0.29
 16  19 0.58
 16  20 0.55
 16  21 0.62
 16  22 0.50
 17   1 0.47
 17   2 0.37
 17   3 0.37
 17   4 0.42
 17   5 0.14
 17   6 0.48
 17   7 0.33
 17   8 0.46
 17   9 0.81
 17  10 0.34
 17  11 0.46
 17  12 0.45
 17  13 0.57
 17  14 0.37
 17  15 0.38
 17  16 0.33
 17  17 1.00
 17  18 0.15
 17  19 0.24
 17  20 0.14
 17  21 0.18
 17  22 0.38
 18   1 0.29
 18   2 0.26
 18   3 0.26
 18   4 0.25
 18   5 0.26
 18   6 0.29
 18   7 0.56
 18   8 0.34
 18   9 0.23
 18  10 0.12
 18  11 0.39
 18  12 0.13
 18  13 0.13
 18  14 0.21
 18  15 0.25
 18  16 0.29
 18  17 0.15
 18  18 1.00
 18  19 0.26
 18  20 0.18
 18  21 0.21
 18  22 0.51
 19   1 0.33
 19   2 0.58
 19   3 0.52
 19   4 0.31
 19   5 0.44
 19   6 0.40
 19   7 0.33
 19   8 0.48
 19   9 0.26
 19  10 0.37
 19  11 0.50
 19  12 0.31
 19  13 0.28
 19  14 0.35
 19  15 0.62
 19  16 0.58
 19  17 0.24
 19  18 0.26
 19  19 1.00
 19  20 0.66
 19  21 0.57
 19  22 0.39
 20   1 0.25
 20   2 0.61
 20   3 0.55
 20   4 0.16
 20   5 0.48
 20   6 0.37
 20   7 0.22
 20   8 0.40
 20   9 0.15
 20  10 0.41
 20  11 0.48
 20  12 0.36
 20  13 0.24
 20  14 0.41
 20  15 0.51
 20  16 0.55
 20  17 0.14
 20  18 0.18
 20  19 0.66
 20  20 1.00
 20  21 0.72
 20  22 0.24
 21   1 0.37
 21   2 0.55
 21   3 0.69
 21   4 0.29
 21   5 0.39
 21   6 0.49
 21   7 0.28
 21   8 0.50
 21   9 0.21
 21  10 0.51
 21  11 0.51
 21  12 0.47
 21  13 0.29
 21  14 0.52
 21  15 0.41
 21  16 0.62
 21  17 0.18
 21  18 0.21
 21  19 0.57
 21  20 0.72
 21  21 1.00
 21  22 0.36
 22   1 0.64
 22   2 0.51
 22   3 0.52
 22   4 0.56
 22   5 0.27
 22   6 0.58
 22   7 0.70
 22   8 0.64
 22   9 0.48
 22  10 0.45
 22  11 0.58
 22  12 0.36
 22  13 0.36
 22  14 0.44
 22  15 0.41
 22  16 0.50
 22  17 0.38
 22  18 0.51
 22  19 0.39
 22  20 0.24
 22  21 0.36
 22  22 1.00
