  1   1 1.00
  1   2 0.43
  1   3 0.52
  1   4 0.37
  1   5 0.50
  1   6 0.52
  1   7 0.39
  1   8 0.36
  1   9 0.60
  1  10 0.52
  1  11 0.47
  1  12 0.37
  1  13 0.46
  1  14 0.41
  1  15 0.45
  1  16 0.46
  1  17 0.35
  1  18 0.54
  1  19 0.43
  1  20 0.53
  1  21 0.49
  1  22 0.37
  2   1 0.43
  2   2 1.00
  2   3 0.64
  2   4 0.60
  2   5 0.49
  2   6 0.55
  2   7 0.55
  2   8 0.53
  2   9 0.54
  2  10 0.58
  2  11 0.53
  2  12 0.48
  2  13 0.52
  2  14 0.62
  2  15 0.48
  2  16 0.59
  2  17 0.58
  2  18 0.47
  2  19 0.56
  2  20 0.54
  2  21 0.52
  2  22 0.45
  3   1 0.52
  3   2 0.64
  3   3 1.00
  3   4 0.47
  3   5 0.51
  3   6 0.55
  3   7 0.50
  3   8 0.48
  3   9 0.58
  3  10 0.61
  3  11 0.44
  3  12 0.37
  3  13 0.55
  3  14 0.70
  3  15 0.39
  3  16 0.51
  3  17 0.55
  3  18 0.47
  3  19 0.43
  3  20 0.53
  3  21 0.49
  3  22 0.49
  4   1 0.37
  4   2 0.60
  4   3 0.47
  4   4 1.00
  4   5 0.50
  4   6 0.49
  4   7 0.66
  4   8 0.56
  4   9 0.46
  4  10 0.51
  4  11 0.53
  4  12 0.48
  4  13 0.45
  4  14 0.50
  4  15 0.50
  4  16 0.62
  4  17 0.57
  4  18 0.46
  4  19 0.51
  4  20 0.45
  4  21 0.50
  4  22 0.61
  5   1 0.50
  5   2 0.49
  5   3 0.51
  5   4 0.50
  5   5 1.00
  5   6 0.60
  5   7 0.68
  5   8 0.55
  5   9 0.54
  5  10 0.64
  5  11 0.63
  5  12 0.56
  5  13 0.43
  5  14 0.48
  5  15 0.59
  5  16 0.61
  5  17 0.57
  5  18 0.58
  5  19 0.66
  5  20 0.64
  5  21 0.57
  5  22 0.68
  6   1 0.52
  6   2 0.55
  6   3 0.55
  6   4 0.49
  6   5 0.60
  6   6 1.00
  6   7 0.58
  6   8 0.59
  6   9 0.62
  6  10 0.72
  6  11 0.66
  6  12 0.58
  6  13 0.51
  6  14 0.53
  6  15 0.66
  6  16 0.64
  6  17 0.60
  6  18 0.65
  6  19 0.61
  6  20 0.59
  6  21 0.73
  6  22 0.51
  7   1 0.39
  7   2 0.55
  7   3 0.50
  7   4 0.66
  7   5 0.68
  7   6 0.58
  7   7 1.00
  7   8 0.70
  7   9 0.51
  7  10 0.64
  7  11 0.63
  7  12 0.61
  7  13 0.42
  7  14 0.53
  7  15 0.64
  7  16 0.60
  7  17 0.70
  7  18 0.53
  7  19 0.62
  7  20 0.51
  7  21 0.57
  7  22 0.62
  8   1 0.36
  8   2 0.53
  8   3 0.48
  8   4 0.56
  8   5 0.55
  8   6 0.59
  8   7 0.70
  8   8 1.00
  8   9 0.43
  8  10 0.65
  8  11 0.62
  8  12 0.62
  8  13 0.40
  8  14 0.51
  8  15 0.61
  8  16 0.66
  8  17 0.74
  8  18 0.42
  8  19 0.61
  8  20 0.44
  8  21 0.51
  8  22 0.55
  9   1 0.60
  9   2 0.54
  9   3 0.58
  9   4 0.46
  9   5 0.54
  9   6 0.62
  9   7 0.51
  9   8 0.43
  9   9 1.00
  9  10 0.63
  9  11 0.55
  9  12 0.45
  9  13 0.56
  9  14 0.63
  9  15 0.48
  9  16 0.49
  9  17 0.50
  9  18 0.53
  9  19 0.47
  9  20 0.55
  9  21 0.53
  9  22 0.47
 10   1 0.52
 10   2 0.58
 10   3 0.61
 10   4 0.51
 10   5 0.64
 10   6 0.72
 10   7 0.64
 10   8 0.65
 10   9 0.63
 10  10 1.00
 10  11 0.67
 10  12 0.50
 10  13 0.54
 10  14 0.59
 10  15 0.60
 10  16 0.66
 10  17 0.64
 10  18 0.55
 10  19 0.64
 10  20 0.58
 10  21 0.63
 10  22 0.62
 11   1 0.47
 11   2 0.53
 11   3 0.44
 11   4 0.53
 11   5 0.63
 11   6 0.66
 11   7 0.63
 11   8 0.62
 11   9 0.55
 11  10 0.67
 11  11 1.00
 11  12 0.61
 11  13 0.45
 11  14 0.44
 11  15 0.67
 11  16 0.66
 11  17 0.61
 11  18 0.54
 11  19 0.64
 11  20 0.50
 11  21 0.60
 11  22 0.61
 12   1 0.37
 12   2 0.48
 12   3 0.37
 12   4 0.48
 12   5 0.56
 12   6 0.58
 12   7 0.61
 12   8 0.62
 12   9 0.45
 12  10 0.50
 12  11 0.61
 12  12 1.00
 12  13 0.34
 12  14 0.32
 12  15 0.72
 12  16 0.58
 12  17 0.62
 12  18 0.48
 12  19 0.60
 12  20 0.46
 12  21 0.55
 12  22 0.45
 13   1 0.46
 13   2 0.52
 13   3 0.55
 13   4 0.45
 13   5 0.43
 13   6 0.51
 13   7 0.42
 13   8 0.40
 13   9 0.56
 13  10 0.54
 13  11 0.45
 13  12 0.34
 13  13 1.00
 13  14 0.59
 13  15 0.41
 13  16 0.50
 13  17 0.48
 13  18 0.39
 13  19 0.44
 13  20 0.42
 13  21 0.43
 13  22 0.43
 14   1 0.41
 14   2 0.62
 14   3 0.70
 14   4 0.50
 14   5 0.48
 14   6 0.53
 14   7 0.53
 14   8 0.51
 14   9 0.63
 14  10 0.59
 14  11 0.44
 14  12 0.32
 14  13 0.59
 14  14 1.00
 14  15 0.41
 14  16 0.51
 14  17 0.55
 14  18 0.38
 14  19 0.46
 14  20 0.43
 14  21 0.39
 14  22 0.51
 15   1 0.45
 15   2 0.48
 15   3 0.39
 15   4 0.50
 15   5 0.59
 15   6 0.66
 15   7 0.64
 15   8 0.61
 15   9 0.48
 15  10 0.60
 15  11 0.67
 15  12 0.72
 15  13 0.41
 15  14 0.41
 15  15 1.00
 15  16 0.61
 15  17 0.65
 15  18 0.56
 15  19 0.72
 15  20 0.48
 15  21 0.58
 15  22 0.47
 16   1 0.46
 16   2 0.59
 16   3 0.51
 16   4 0.62
 16   5 0.61
 16   6 0.64
 16   7 0.60
 16   8 0.66
 16   9 0.49
 16  10 0.66
 16  11 0.66
 16  12 0.58
 16  13 0.50
 16  14 0.51
 16  15 0.61
 16  16 1.00
 16  17 0.62
 16  18 0.53
 16  19 0.68
 16  20 0.57
 16  21 0.59
 16  22 0.58
 17   1 0.35
 17   2 0.58
 17   3 0.55
 17   4 0.57
 17   5 0.57
 17   6 0.60
 17   7 0.70
 17   8 0.74
 17   9 0.50
 17  10 0.64
 17  11 0.61
 17  12 0.62
 17  13 0.48
 17  14 0.55
 17  15 0.65
 17  16 0.62
 17  17 1.00
 17  18 0.51
 17  19 0.64
 17  20 0.47
 17  21 0.53
 17  22 0.56
 18   1 0.54
 18   2 0.47
 18   3 0.47
 18   4 0.46
 18   5 0.58
 18   6 0.65
 18   7 0.53
 18   8 0.42
 18   9 0.53
 18  10 0.55
 18  11 0.54
 18  12 0.48
 18  13 0.39
 18  14 0.38
 18  15 0.56
 18  16 0.53
 18  17 0.51
 18  18 1.00
 18  19 0.52
 18  20 0.61
 18  21 0.67
 18  22 0.44
 19   1 0.43
 19   2 0.56
 19   3 0.43
 19   4 0.51
 19   5 0.66
 19   6 0.61
 19   7 0.62
 19   8 0.61
 19   9 0.47
 19  10 0.64
 19  11 0.64
 19  12 0.60
 19  13 0.44
 19  14 0.46
 19  15 0.72
 19  16 0.68
 19  17 0.64
 19  18 0.52
 19  19 1.00
 19  20 0.63
 19  21 0.57
 19  22 0.58
 20   1 0.53
 20   2 0.54
 20   3 0.53
 20   4 0.45
 20   5 0.64
 20   6 0.59
 20   7 0.51
 20   8 0.44
 20   9 0.55
 20  10 0.58
 20  11 0.50
 20  12 0.46
 20  13 0.42
 20  14 0.43
 20  15 0.48
 20  16 0.57
 20  17 0.47
 20  18 0.61
 20  19 0.63
 20  20 1.00
 20  21 0.65
 20  22 0.49
 21   1 0.49
 21   2 0.52
 21   3 0.49
 21   4 0.50
 21   5 0.57
 21   6 0.73
 21   7 0.57
 21   8 0.51
 21   9 0.53
 21  10 0.63
 21  11 0.60
 21  12 0.55
 21  13 0.43
 21  14 0.39
 21  15 0.58
 21  16 0.59
 21  17 0.53
 21  18 0.67
 21  19 0.57
 21  20 0.65
 21  21 1.00
 21  22 0.46
 22   1 0.37
 22   2 0.45
 22   3 0.49
 22   4 0.61
 22   5 0.68
 22   6 0.51
 22   7 0.62
 22   8 0.55
 22   9 0.47
 22  10 0.62
 22  11 0.61
 22  12 0.45
 22  13 0.43
 22  14 0.51
 22  15 0.47
 22  16 0.58
 22  17 0.56
 22  18 0.44
 22  19 0.58
 22  20 0.49
 22  21 0.46
 22  22 1.00
  1   1 1.00
  1   2 0.42
  1   3 0.51
  1   4 0.36
  1   5 0.49
  1   6 0.51
  1   7 0.39
  1   8 0.35
  1   9 0.59
  1  10 0.52
  1  11 0.47
  1  12 0.37
  1  13 0.46
  1  14 0.40
  1  15 0.44
  1  16 0.46
  1  17 0.34
  1  18 0.54
  1  19 0.43
  1  20 0.53
  1  21 0.49
  1  22 0.37
  2   1 0.42
  2   2 1.00
  2   3 0.64
  2   4 0.60
  2   5 0.48
  2   6 0.55
  2   7 0.54
  2   8 0.52
  2   9 0.53
  2  10 0.57
  2  11 0.53
  2  12 0.47
  2  13 0.51
  2  14 0.61
  2  15 0.47
  2  16 0.58
  2  17 0.58
  2  18 0.47
  2  19 0.55
  2  20 0.54
  2  21 0.52
  2  22 0.45
  3   1 0.51
  3   2 0.64
  3   3 1.00
  3   4 0.47
  3   5 0.50
  3   6 0.55
  3   7 0.50
  3   8 0.48
  3   9 0.58
  3  10 0.61
  3  11 0.44
  3  12 0.36
  3  13 0.54
  3  14 0.69
  3  15 0.39
  3  16 0.51
  3  17 0.55
  3  18 0.47
  3  19 0.43
  3  20 0.52
  3  21 0.49
  3  22 0.49
  4   1 0.36
  4   2 0.60
  4   3 0.47
  4   4 1.00
  4   5 0.50
  4   6 0.49
  4   7 0.66
  4   8 0.56
  4   9 0.46
  4  10 0.51
  4  11 0.53
  4  12 0.47
  4  13 0.45
  4  14 0.49
  4  15 0.50
  4  16 0.61
  4  17 0.56
  4  18 0.45
  4  19 0.51
  4  20 0.45
  4  21 0.49
  4  22 0.61
  5   1 0.49
  5   2 0.48
  5   3 0.50
  5   4 0.50
  5   5 1.00
  5   6 0.59
  5   7 0.67
  5   8 0.55
  5   9 0.54
  5  10 0.64
  5  11 0.62
  5  12 0.55
  5  13 0.43
  5  14 0.48
  5  15 0.59
  5  16 0.60
  5  17 0.57
  5  18 0.58
  5  19 0.66
  5  20 0.64
  5  21 0.57
  5  22 0.68
  6   1 0.51
  6   2 0.55
  6   3 0.55
  6   4 0.49
  6   5 0.59
  6   6 1.00
  6   7 0.58
  6   8 0.59
  6   9 0.62
  6  10 0.72
  6  11 0.65
  6  12 0.57
  6  13 0.51
  6  14 0.52
  6  15 0.65
  6  16 0.63
  6  17 0.60
  6  18 0.65
  6  19 0.60
  6  20 0.58
  6  21 0.73
  6  22 0.51
  7   1 0.39
  7   2 0.54
  7   3 0.50
  7   4 0.66
  7   5 0.67
  7   6 0.58
  7   7 1.00
  7   8 0.69
  7   9 0.50
  7  10 0.63
  7  11 0.63
  7  12 0.61
  7  13 0.42
  7  14 0.53
  7  15 0.63
  7  16 0.60
  7  17 0.69
  7  18 0.53
  7  19 0.62
  7  20 0.50
  7  21 0.57
  7  22 0.61
  8   1 0.35
  8   2 0.52
  8   3 0.48
  8   4 0.56
  8   5 0.55
  8   6 0.59
  8   7 0.69
  8   8 1.00
  8   9 0.42
  8  10 0.65
  8  11 0.61
  8  12 0.62
  8  13 0.40
  8  14 0.50
  8  15 0.60
  8  16 0.66
  8  17 0.74
  8  18 0.42
  8  19 0.60
  8  20 0.44
  8  21 0.51
  8  22 0.55
  9   1 0.59
  9   2 0.53
  9   3 0.58
  9   4 0.46
  9   5 0.54
  9   6 0.62
  9   7 0.50
  9   8 0.42
  9   9 1.00
  9  10 0.62
  9  11 0.55
  9  12 0.45
  9  13 0.56
  9  14 0.63
  9  15 0.47
  9  16 0.49
  9  17 0.50
  9  18 0.53
  9  19 0.47
  9  20 0.54
  9  21 0.53
  9  22 0.47
 10   1 0.52
 10   2 0.57
 10   3 0.61
 10   4 0.51
 10   5 0.64
 10   6 0.72
 10   7 0.63
 10   8 0.65
 10   9 0.62
 10  10 1.00
 10  11 0.67
 10  12 0.50
 10  13 0.54
 10  14 0.59
 10  15 0.60
 10  16 0.66
 10  17 0.63
 10  18 0.55
 10  19 0.63
 10  20 0.58
 10  21 0.62
 10  22 0.61
 11   1 0.47
 11   2 0.53
 11   3 0.44
 11   4 0.53
 11   5 0.62
 11   6 0.65
 11   7 0.63
 11   8 0.61
 11   9 0.55
 11  10 0.67
 11  11 1.00
 11  12 0.61
 11  13 0.44
 11  14 0.44
 11  15 0.66
 11  16 0.66
 11  17 0.61
 11  18 0.53
 11  19 0.63
 11  20 0.50
 11  21 0.59
 11  22 0.60
 12   1 0.37
 12   2 0.47
 12   3 0.36
 12   4 0.47
 12   5 0.55
 12   6 0.57
 12   7 0.61
 12   8 0.62
 12   9 0.45
 12  10 0.50
 12  11 0.61
 12  12 1.00
 12  13 0.34
 12  14 0.32
 12  15 0.72
 12  16 0.58
 12  17 0.62
 12  18 0.48
 12  19 0.60
 12  20 0.46
 12  21 0.55
 12  22 0.45
 13   1 0.46
 13   2 0.51
 13   3 0.54
 13   4 0.45
 13   5 0.43
 13   6 0.51
 13   7 0.42
 13   8 0.40
 13   9 0.56
 13  10 0.54
 13  11 0.44
 13  12 0.34
 13  13 1.00
 13  14 0.58
 13  15 0.40
 13  16 0.50
 13  17 0.48
 13  18 0.39
 13  19 0.43
 13  20 0.42
 13  21 0.43
 13  22 0.43
 14   1 0.40
 14   2 0.61
 14   3 0.69
 14   4 0.49
 14   5 0.48
 14   6 0.52
 14   7 0.53
 14   8 0.50
 14   9 0.63
 14  10 0.59
 14  11 0.44
 14  12 0.32
 14  13 0.58
 14  14 1.00
 14  15 0.40
 14  16 0.51
 14  17 0.55
 14  18 0.37
 14  19 0.46
 14  20 0.43
 14  21 0.39
 14  22 0.51
 15   1 0.44
 15   2 0.47
 15   3 0.39
 15   4 0.50
 15   5 0.59
 15   6 0.65
 15   7 0.63
 15   8 0.60
 15   9 0.47
 15  10 0.60
 15  11 0.66
 15  12 0.72
 15  13 0.40
 15  14 0.40
 15  15 1.00
 15  16 0.60
 15  17 0.64
 15  18 0.55
 15  19 0.71
 15  20 0.47
 15  21 0.57
 15  22 0.47
 16   1 0.46
 16   2 0.58
 16   3 0.51
 16   4 0.61
 16   5 0.60
 16   6 0.63
 16   7 0.60
 16   8 0.66
 16   9 0.49
 16  10 0.66
 16  11 0.66
 16  12 0.58
 16  13 0.50
 16  14 0.51
 16  15 0.60
 16  16 1.00
 16  17 0.61
 16  18 0.53
 16  19 0.68
 16  20 0.57
 16  21 0.59
 16  22 0.58
 17   1 0.34
 17   2 0.58
 17   3 0.55
 17   4 0.56
 17   5 0.57
 17   6 0.60
 17   7 0.69
 17   8 0.74
 17   9 0.50
 17  10 0.63
 17  11 0.61
 17  12 0.62
 17  13 0.48
 17  14 0.55
 17  15 0.64
 17  16 0.61
 17  17 1.00
 17  18 0.50
 17  19 0.63
 17  20 0.47
 17  21 0.52
 17  22 0.55
 18   1 0.54
 18   2 0.47
 18   3 0.47
 18   4 0.45
 18   5 0.58
 18   6 0.65
 18   7 0.53
 18   8 0.42
 18   9 0.53
 18  10 0.55
 18  11 0.53
 18  12 0.48
 18  13 0.39
 18  14 0.37
 18  15 0.55
 18  16 0.53
 18  17 0.50
 18  18 1.00
 18  19 0.52
 18  20 0.60
 18  21 0.67
 18  22 0.43
 19   1 0.43
 19   2 0.55
 19   3 0.43
 19   4 0.51
 19   5 0.66
 19   6 0.60
 19   7 0.62
 19   8 0.60
 19   9 0.47
 19  10 0.63
 19  11 0.63
 19  12 0.60
 19  13 0.43
 19  14 0.46
 19  15 0.71
 19  16 0.68
 19  17 0.63
 19  18 0.52
 19  19 1.00
 19  20 0.62
 19  21 0.56
 19  22 0.58
 20   1 0.53
 20   2 0.54
 20   3 0.52
 20   4 0.45
 20   5 0.64
 20   6 0.58
 20   7 0.50
 20   8 0.44
 20   9 0.54
 20  10 0.58
 20  11 0.50
 20  12 0.46
 20  13 0.42
 20  14 0.43
 20  15 0.47
 20  16 0.57
 20  17 0.47
 20  18 0.60
 20  19 0.62
 20  20 1.00
 20  21 0.65
 20  22 0.49
 21   1 0.49
 21   2 0.52
 21   3 0.49
 21   4 0.49
 21   5 0.57
 21   6 0.73
 21   7 0.57
 21   8 0.51
 21   9 0.53
 21  10 0.62
 21  11 0.59
 21  12 0.55
 21  13 0.43
 21  14 0.39
 21  15 0.57
 21  16 0.59
 21  17 0.52
 21  18 0.67
 21  19 0.56
 21  20 0.65
 21  21 1.00
 21  22 0.46
 22   1 0.37
 22   2 0.45
 22   3 0.49
 22   4 0.61
 22   5 0.68
 22   6 0.51
 22   7 0.61
 22   8 0.55
 22   9 0.47
 22  10 0.61
 22  11 0.60
 22  12 0.45
 22  13 0.43
 22  14 0.51
 22  15 0.47
 22  16 0.58
 22  17 0.55
 22  18 0.43
 22  19 0.58
 22  20 0.49
 22  21 0.46
 22  22 1.00
