  1   1 1.00
  1   2 0.43
  1   3 0.50
  1   4 0.33
  1   5 0.62
  1   6 0.45
  1   7 0.45
  1   8 0.50
  1   9 0.48
  1  10 0.52
  1  11 0.51
  1  12 0.53
  1  13 0.60
  1  14 0.61
  1  15 0.52
  1  16 0.46
  1  17 0.47
  1  18 0.54
  1  19 0.52
  1  20 0.56
  1  21 0.51
  1  22 0.36
  2   1 0.43
  2   2 1.00
  2   3 0.39
  2   4 0.53
  2   5 0.61
  2   6 0.38
  2   7 0.38
  2   8 0.34
  2   9 0.51
  2  10 0.46
  2  11 0.33
  2  12 0.50
  2  13 0.42
  2  14 0.37
  2  15 0.49
  2  16 0.41
  2  17 0.49
  2  18 0.36
  2  19 0.38
  2  20 0.42
  2  21 0.45
  2  22 0.42
  3   1 0.50
  3   2 0.39
  3   3 1.00
  3   4 0.47
  3   5 0.55
  3   6 0.53
  3   7 0.64
  3   8 0.52
  3   9 0.45
  3  10 0.51
  3  11 0.38
  3  12 0.47
  3  13 0.43
  3  14 0.58
  3  15 0.38
  3  16 0.64
  3  17 0.39
  3  18 0.36
  3  19 0.67
  3  20 0.48
  3  21 0.64
  3  22 0.37
  4   1 0.33
  4   2 0.53
  4   3 0.47
  4   4 1.00
  4   5 0.51
  4   6 0.48
  4   7 0.53
  4   8 0.44
  4   9 0.51
  4  10 0.49
  4  11 0.35
  4  12 0.52
  4  13 0.40
  4  14 0.42
  4  15 0.39
  4  16 0.49
  4  17 0.49
  4  18 0.30
  4  19 0.46
  4  20 0.39
  4  21 0.50
  4  22 0.46
  5   1 0.62
  5   2 0.61
  5   3 0.55
  5   4 0.51
  5   5 1.00
  5   6 0.55
  5   7 0.50
  5   8 0.57
  5   9 0.57
  5  10 0.58
  5  11 0.51
  5  12 0.59
  5  13 0.54
  5  14 0.64
  5  15 0.51
  5  16 0.52
  5  17 0.46
  5  18 0.50
  5  19 0.60
  5  20 0.59
  5  21 0.59
  5  22 0.52
  6   1 0.45
  6   2 0.38
  6   3 0.53
  6   4 0.48
  6   5 0.55
  6   6 1.00
  6   7 0.48
  6   8 0.52
  6   9 0.40
  6  10 0.47
  6  11 0.35
  6  12 0.48
  6  13 0.35
  6  14 0.62
  6  15 0.40
  6  16 0.52
  6  17 0.34
  6  18 0.46
  6  19 0.45
  6  20 0.63
  6  21 0.59
  6  22 0.44
  7   1 0.45
  7   2 0.38
  7   3 0.64
  7   4 0.53
  7   5 0.50
  7   6 0.48
  7   7 1.00
  7   8 0.49
  7   9 0.50
  7  10 0.49
  7  11 0.38
  7  12 0.37
  7  13 0.41
  7  14 0.52
  7  15 0.41
  7  16 0.62
  7  17 0.42
  7  18 0.36
  7  19 0.64
  7  20 0.34
  7  21 0.57
  7  22 0.24
  8   1 0.50
  8   2 0.34
  8   3 0.52
  8   4 0.44
  8   5 0.57
  8   6 0.52
  8   7 0.49
  8   8 1.00
  8   9 0.53
  8  10 0.60
  8  11 0.51
  8  12 0.50
  8  13 0.47
  8  14 0.67
  8  15 0.53
  8  16 0.51
  8  17 0.44
  8  18 0.56
  8  19 0.53
  8  20 0.58
  8  21 0.52
  8  22 0.41
  9   1 0.48
  9   2 0.51
  9   3 0.45
  9   4 0.51
  9   5 0.57
  9   6 0.40
  9   7 0.50
  9   8 0.53
  9   9 1.00
  9  10 0.62
  9  11 0.54
  9  12 0.55
  9  13 0.56
  9  14 0.49
  9  15 0.58
  9  16 0.53
  9  17 0.65
  9  18 0.41
  9  19 0.62
  9  20 0.39
  9  21 0.46
  9  22 0.39
 10   1 0.52
 10   2 0.46
 10   3 0.51
 10   4 0.49
 10   5 0.58
 10   6 0.47
 10   7 0.49
 10   8 0.60
 10   9 0.62
 10  10 1.00
 10  11 0.62
 10  12 0.54
 10  13 0.64
 10  14 0.60
 10  15 0.69
 10  16 0.55
 10  17 0.61
 10  18 0.49
 10  19 0.62
 10  20 0.45
 10  21 0.56
 10  22 0.43
 11   1 0.51
 11   2 0.33
 11   3 0.38
 11   4 0.35
 11   5 0.51
 11   6 0.35
 11   7 0.38
 11   8 0.51
 11   9 0.54
 11  10 0.62
 11  11 1.00
 11  12 0.47
 11  13 0.61
 11  14 0.53
 11  15 0.54
 11  16 0.50
 11  17 0.52
 11  18 0.51
 11  19 0.56
 11  20 0.40
 11  21 0.45
 11  22 0.30
 12   1 0.53
 12   2 0.50
 12   3 0.47
 12   4 0.52
 12   5 0.59
 12   6 0.48
 12   7 0.37
 12   8 0.50
 12   9 0.55
 12  10 0.54
 12  11 0.47
 12  12 1.00
 12  13 0.54
 12  14 0.59
 12  15 0.41
 12  16 0.47
 12  17 0.48
 12  18 0.46
 12  19 0.58
 12  20 0.56
 12  21 0.58
 12  22 0.50
 13   1 0.60
 13   2 0.42
 13   3 0.43
 13   4 0.40
 13   5 0.54
 13   6 0.35
 13   7 0.41
 13   8 0.47
 13   9 0.56
 13  10 0.64
 13  11 0.61
 13  12 0.54
 13  13 1.00
 13  14 0.48
 13  15 0.52
 13  16 0.51
 13  17 0.62
 13  18 0.57
 13  19 0.63
 13  20 0.43
 13  21 0.44
 13  22 0.35
 14   1 0.61
 14   2 0.37
 14   3 0.58
 14   4 0.42
 14   5 0.64
 14   6 0.62
 14   7 0.52
 14   8 0.67
 14   9 0.49
 14  10 0.60
 14  11 0.53
 14  12 0.59
 14  13 0.48
 14  14 1.00
 14  15 0.45
 14  16 0.51
 14  17 0.40
 14  18 0.57
 14  19 0.57
 14  20 0.62
 14  21 0.69
 14  22 0.35
 15   1 0.52
 15   2 0.49
 15   3 0.38
 15   4 0.39
 15   5 0.51
 15   6 0.40
 15   7 0.41
 15   8 0.53
 15   9 0.58
 15  10 0.69
 15  11 0.54
 15  12 0.41
 15  13 0.52
 15  14 0.45
 15  15 1.00
 15  16 0.44
 15  17 0.53
 15  18 0.49
 15  19 0.52
 15  20 0.43
 15  21 0.47
 15  22 0.40
 16   1 0.46
 16   2 0.41
 16   3 0.64
 16   4 0.49
 16   5 0.52
 16   6 0.52
 16   7 0.62
 16   8 0.51
 16   9 0.53
 16  10 0.55
 16  11 0.50
 16  12 0.47
 16  13 0.51
 16  14 0.51
 16  15 0.44
 16  16 1.00
 16  17 0.48
 16  18 0.41
 16  19 0.59
 16  20 0.43
 16  21 0.61
 16  22 0.32
 17   1 0.47
 17   2 0.49
 17   3 0.39
 17   4 0.49
 17   5 0.46
 17   6 0.34
 17   7 0.42
 17   8 0.44
 17   9 0.65
 17  10 0.61
 17  11 0.52
 17  12 0.48
 17  13 0.62
 17  14 0.40
 17  15 0.53
 17  16 0.48
 17  17 1.00
 17  18 0.44
 17  19 0.53
 17  20 0.37
 17  21 0.41
 17  22 0.39
 18   1 0.54
 18   2 0.36
 18   3 0.36
 18   4 0.30
 18   5 0.50
 18   6 0.46
 18   7 0.36
 18   8 0.56
 18   9 0.41
 18  10 0.49
 18  11 0.51
 18  12 0.46
 18  13 0.57
 18  14 0.57
 18  15 0.49
 18  16 0.41
 18  17 0.44
 18  18 1.00
 18  19 0.46
 18  20 0.64
 18  21 0.54
 18  22 0.29
 19   1 0.52
 19   2 0.38
 19   3 0.67
 19   4 0.46
 19   5 0.60
 19   6 0.45
 19   7 0.64
 19   8 0.53
 19   9 0.62
 19  10 0.62
 19  11 0.56
 19  12 0.58
 19  13 0.63
 19  14 0.57
 19  15 0.52
 19  16 0.59
 19  17 0.53
 19  18 0.46
 19  19 1.00
 19  20 0.41
 19  21 0.56
 19  22 0.37
 20   1 0.56
 20   2 0.42
 20   3 0.48
 20   4 0.39
 20   5 0.59
 20   6 0.63
 20   7 0.34
 20   8 0.58
 20   9 0.39
 20  10 0.45
 20  11 0.40
 20  12 0.56
 20  13 0.43
 20  14 0.62
 20  15 0.43
 20  16 0.43
 20  17 0.37
 20  18 0.64
 20  19 0.41
 20  20 1.00
 20  21 0.55
 20  22 0.44
 21   1 0.51
 21   2 0.45
 21   3 0.64
 21   4 0.50
 21   5 0.59
 21   6 0.59
 21   7 0.57
 21   8 0.52
 21   9 0.46
 21  10 0.56
 21  11 0.45
 21  12 0.58
 21  13 0.44
 21  14 0.69
 21  15 0.47
 21  16 0.61
 21  17 0.41
 21  18 0.54
 21  19 0.56
 21  20 0.55
 21  21 1.00
 21  22 0.41
 22   1 0.36
 22   2 0.42
 22   3 0.37
 22   4 0.46
 22   5 0.52
 22   6 0.44
 22   7 0.24
 22   8 0.41
 22   9 0.39
 22  10 0.43
 22  11 0.30
 22  12 0.50
 22  13 0.35
 22  14 0.35
 22  15 0.40
 22  16 0.32
 22  17 0.39
 22  18 0.29
 22  19 0.37
 22  20 0.44
 22  21 0.41
 22  22 1.00
  1   1 1.00
  1   2 0.43
  1   3 0.49
  1   4 0.32
  1   5 0.61
  1   6 0.45
  1   7 0.44
  1   8 0.50
  1   9 0.47
  1  10 0.52
  1  11 0.51
  1  12 0.52
  1  13 0.59
  1  14 0.60
  1  15 0.51
  1  16 0.45
  1  17 0.46
  1  18 0.53
  1  19 0.51
  1  20 0.56
  1  21 0.51
  1  22 0.36
  2   1 0.43
  2   2 1.00
  2   3 0.38
  2   4 0.52
  2   5 0.61
  2   6 0.38
  2   7 0.37
  2   8 0.34
  2   9 0.50
  2  10 0.46
  2  11 0.33
  2  12 0.49
  2  13 0.42
  2  14 0.37
  2  15 0.49
  2  16 0.41
  2  17 0.48
  2  18 0.36
  2  19 0.38
  2  20 0.42
  2  21 0.44
  2  22 0.42
  3   1 0.49
  3   2 0.38
  3   3 1.00
  3   4 0.46
  3   5 0.55
  3   6 0.53
  3   7 0.64
  3   8 0.52
  3   9 0.45
  3  10 0.51
  3  11 0.38
  3  12 0.47
  3  13 0.43
  3  14 0.58
  3  15 0.38
  3  16 0.64
  3  17 0.38
  3  18 0.35
  3  19 0.66
  3  20 0.47
  3  21 0.64
  3  22 0.37
  4   1 0.32
  4   2 0.52
  4   3 0.46
  4   4 1.00
  4   5 0.51
  4   6 0.48
  4   7 0.53
  4   8 0.43
  4   9 0.51
  4  10 0.49
  4  11 0.34
  4  12 0.52
  4  13 0.40
  4  14 0.42
  4  15 0.38
  4  16 0.49
  4  17 0.48
  4  18 0.30
  4  19 0.46
  4  20 0.38
  4  21 0.50
  4  22 0.45
  5   1 0.61
  5   2 0.61
  5   3 0.55
  5   4 0.51
  5   5 1.00
  5   6 0.55
  5   7 0.50
  5   8 0.57
  5   9 0.57
  5  10 0.57
  5  11 0.50
  5  12 0.58
  5  13 0.53
  5  14 0.64
  5  15 0.51
  5  16 0.52
  5  17 0.45
  5  18 0.50
  5  19 0.59
  5  20 0.58
  5  21 0.58
  5  22 0.51
  6   1 0.45
  6   2 0.38
  6   3 0.53
  6   4 0.48
  6   5 0.55
  6   6 1.00
  6   7 0.47
  6   8 0.52
  6   9 0.39
  6  10 0.46
  6  11 0.35
  6  12 0.48
  6  13 0.35
  6  14 0.61
  6  15 0.40
  6  16 0.51
  6  17 0.33
  6  18 0.46
  6  19 0.45
  6  20 0.62
  6  21 0.58
  6  22 0.43
  7   1 0.44
  7   2 0.37
  7   3 0.64
  7   4 0.53
  7   5 0.50
  7   6 0.47
  7   7 1.00
  7   8 0.49
  7   9 0.49
  7  10 0.49
  7  11 0.37
  7  12 0.37
  7  13 0.41
  7  14 0.52
  7  15 0.40
  7  16 0.61
  7  17 0.42
  7  18 0.35
  7  19 0.64
  7  20 0.33
  7  21 0.56
  7  22 0.23
  8   1 0.50
  8   2 0.34
  8   3 0.52
  8   4 0.43
  8   5 0.57
  8   6 0.52
  8   7 0.49
  8   8 1.00
  8   9 0.52
  8  10 0.60
  8  11 0.50
  8  12 0.49
  8  13 0.47
  8  14 0.66
  8  15 0.53
  8  16 0.50
  8  17 0.44
  8  18 0.56
  8  19 0.53
  8  20 0.57
  8  21 0.52
  8  22 0.40
  9   1 0.47
  9   2 0.50
  9   3 0.45
  9   4 0.51
  9   5 0.57
  9   6 0.39
  9   7 0.49
  9   8 0.52
  9   9 1.00
  9  10 0.61
  9  11 0.53
  9  12 0.55
  9  13 0.55
  9  14 0.49
  9  15 0.57
  9  16 0.52
  9  17 0.64
  9  18 0.41
  9  19 0.61
  9  20 0.38
  9  21 0.46
  9  22 0.38
 10   1 0.52
 10   2 0.46
 10   3 0.51
 10   4 0.49
 10   5 0.57
 10   6 0.46
 10   7 0.49
 10   8 0.60
 10   9 0.61
 10  10 1.00
 10  11 0.61
 10  12 0.53
 10  13 0.64
 10  14 0.60
 10  15 0.69
 10  16 0.55
 10  17 0.61
 10  18 0.48
 10  19 0.62
 10  20 0.45
 10  21 0.56
 10  22 0.42
 11   1 0.51
 11   2 0.33
 11   3 0.38
 11   4 0.34
 11   5 0.50
 11   6 0.35
 11   7 0.37
 11   8 0.50
 11   9 0.53
 11  10 0.61
 11  11 1.00
 11  12 0.46
 11  13 0.60
 11  14 0.52
 11  15 0.53
 11  16 0.50
 11  17 0.51
 11  18 0.51
 11  19 0.55
 11  20 0.40
 11  21 0.45
 11  22 0.29
 12   1 0.52
 12   2 0.49
 12   3 0.47
 12   4 0.52
 12   5 0.58
 12   6 0.48
 12   7 0.37
 12   8 0.49
 12   9 0.55
 12  10 0.53
 12  11 0.46
 12  12 1.00
 12  13 0.53
 12  14 0.59
 12  15 0.41
 12  16 0.47
 12  17 0.48
 12  18 0.46
 12  19 0.58
 12  20 0.56
 12  21 0.58
 12  22 0.50
 13   1 0.59
 13   2 0.42
 13   3 0.43
 13   4 0.40
 13   5 0.53
 13   6 0.35
 13   7 0.41
 13   8 0.47
 13   9 0.55
 13  10 0.64
 13  11 0.60
 13  12 0.53
 13  13 1.00
 13  14 0.48
 13  15 0.52
 13  16 0.50
 13  17 0.62
 13  18 0.56
 13  19 0.62
 13  20 0.43
 13  21 0.44
 13  22 0.34
 14   1 0.60
 14   2 0.37
 14   3 0.58
 14   4 0.42
 14   5 0.64
 14   6 0.61
 14   7 0.52
 14   8 0.66
 14   9 0.49
 14  10 0.60
 14  11 0.52
 14  12 0.59
 14  13 0.48
 14  14 1.00
 14  15 0.45
 14  16 0.51
 14  17 0.39
 14  18 0.57
 14  19 0.56
 14  20 0.61
 14  21 0.69
 14  22 0.35
 15   1 0.51
 15   2 0.49
 15   3 0.38
 15   4 0.38
 15   5 0.51
 15   6 0.40
 15   7 0.40
 15   8 0.53
 15   9 0.57
 15  10 0.69
 15  11 0.53
 15  12 0.41
 15  13 0.52
 15  14 0.45
 15  15 1.00
 15  16 0.44
 15  17 0.53
 15  18 0.48
 15  19 0.51
 15  20 0.43
 15  21 0.47
 15  22 0.40
 16   1 0.45
 16   2 0.41
 16   3 0.64
 16   4 0.49
 16   5 0.52
 16   6 0.51
 16   7 0.61
 16   8 0.50
 16   9 0.52
 16  10 0.55
 16  11 0.50
 16  12 0.47
 16  13 0.50
 16  14 0.51
 16  15 0.44
 16  16 1.00
 16  17 0.47
 16  18 0.41
 16  19 0.59
 16  20 0.43
 16  21 0.61
 16  22 0.32
 17   1 0.46
 17   2 0.48
 17   3 0.38
 17   4 0.48
 17   5 0.45
 17   6 0.33
 17   7 0.42
 17   8 0.44
 17   9 0.64
 17  10 0.61
 17  11 0.51
 17  12 0.48
 17  13 0.62
 17  14 0.39
 17  15 0.53
 17  16 0.47
 17  17 1.00
 17  18 0.43
 17  19 0.52
 17  20 0.36
 17  21 0.41
 17  22 0.38
 18   1 0.53
 18   2 0.36
 18   3 0.35
 18   4 0.30
 18   5 0.50
 18   6 0.46
 18   7 0.35
 18   8 0.56
 18   9 0.41
 18  10 0.48
 18  11 0.51
 18  12 0.46
 18  13 0.56
 18  14 0.57
 18  15 0.48
 18  16 0.41
 18  17 0.43
 18  18 1.00
 18  19 0.45
 18  20 0.64
 18  21 0.53
 18  22 0.28
 19   1 0.51
 19   2 0.38
 19   3 0.66
 19   4 0.46
 19   5 0.59
 19   6 0.45
 19   7 0.64
 19   8 0.53
 19   9 0.61
 19  10 0.62
 19  11 0.55
 19  12 0.58
 19  13 0.62
 19  14 0.56
 19  15 0.51
 19  16 0.59
 19  17 0.52
 19  18 0.45
 19  19 1.00
 19  20 0.41
 19  21 0.56
 19  22 0.36
 20   1 0.56
 20   2 0.42
 20   3 0.47
 20   4 0.38
 20   5 0.58
 20   6 0.62
 20   7 0.33
 20   8 0.57
 20   9 0.38
 20  10 0.45
 20  11 0.40
 20  12 0.56
 20  13 0.43
 20  14 0.61
 20  15 0.43
 20  16 0.43
 20  17 0.36
 20  18 0.64
 20  19 0.41
 20  20 1.00
 20  21 0.55
 20  22 0.44
 21   1 0.51
 21   2 0.44
 21   3 0.64
 21   4 0.50
 21   5 0.58
 21   6 0.58
 21   7 0.56
 21   8 0.52
 21   9 0.46
 21  10 0.56
 21  11 0.45
 21  12 0.58
 21  13 0.44
 21  14 0.69
 21  15 0.47
 21  16 0.61
 21  17 0.41
 21  18 0.53
 21  19 0.56
 21  20 0.55
 21  21 1.00
 21  22 0.41
 22   1 0.36
 22   2 0.42
 22   3 0.37
 22   4 0.45
 22   5 0.51
 22   6 0.43
 22   7 0.23
 22   8 0.40
 22   9 0.38
 22  10 0.42
 22  11 0.29
 22  12 0.50
 22  13 0.34
 22  14 0.35
 22  15 0.40
 22  16 0.32
 22  17 0.38
 22  18 0.28
 22  19 0.36
 22  20 0.44
 22  21 0.41
 22  22 1.00
