  1   1 1.00
  1   2 0.44
  1   3 0.61
  1   4 0.52
  1   5 0.74
  1   6 0.39
  1   7 0.57
  1   8 0.42
  1   9 0.35
  1  10 0.35
  1  11 0.71
  1  12 0.35
  1  13 0.49
  1  14 0.49
  1  15 0.47
  1  16 0.51
  1  17 0.55
  1  18 0.76
  1  19 0.66
  1  20 0.44
  1  21 0.41
  1  22 0.53
  2   1 0.44
  2   2 1.00
  2   3 0.51
  2   4 0.54
  2   5 0.33
  2   6 0.47
  2   7 0.71
  2   8 0.57
  2   9 0.36
  2  10 0.70
  2  11 0.53
  2  12 0.74
  2  13 0.38
  2  14 0.72
  2  15 0.48
  2  16 0.42
  2  17 0.51
  2  18 0.40
  2  19 0.71
  2  20 0.47
  2  21 0.57
  2  22 0.56
  3   1 0.61
  3   2 0.51
  3   3 1.00
  3   4 0.69
  3   5 0.57
  3   6 0.64
  3   7 0.66
  3   8 0.71
  3   9 0.63
  3  10 0.60
  3  11 0.61
  3  12 0.49
  3  13 0.60
  3  14 0.66
  3  15 0.72
  3  16 0.87
  3  17 0.78
  3  18 0.46
  3  19 0.67
  3  20 0.70
  3  21 0.63
  3  22 0.81
  4   1 0.52
  4   2 0.54
  4   3 0.69
  4   4 1.00
  4   5 0.32
  4   6 0.53
  4   7 0.67
  4   8 0.55
  4   9 0.54
  4  10 0.51
  4  11 0.50
  4  12 0.49
  4  13 0.34
  4  14 0.61
  4  15 0.69
  4  16 0.61
  4  17 0.58
  4  18 0.37
  4  19 0.61
  4  20 0.48
  4  21 0.48
  4  22 0.62
  5   1 0.74
  5   2 0.33
  5   3 0.57
  5   4 0.32
  5   5 1.00
  5   6 0.28
  5   7 0.47
  5   8 0.35
  5   9 0.19
  5  10 0.28
  5  11 0.66
  5  12 0.25
  5  13 0.43
  5  14 0.36
  5  15 0.34
  5  16 0.44
  5  17 0.47
  5  18 0.73
  5  19 0.59
  5  20 0.39
  5  21 0.40
  5  22 0.49
  6   1 0.39
  6   2 0.47
  6   3 0.64
  6   4 0.53
  6   5 0.28
  6   6 1.00
  6   7 0.42
  6   8 0.77
  6   9 0.73
  6  10 0.63
  6  11 0.35
  6  12 0.44
  6  13 0.34
  6  14 0.82
  6  15 0.69
  6  16 0.58
  6  17 0.60
  6  18 0.25
  6  19 0.49
  6  20 0.79
  6  21 0.70
  6  22 0.68
  7   1 0.57
  7   2 0.71
  7   3 0.66
  7   4 0.67
  7   5 0.47
  7   6 0.42
  7   7 1.00
  7   8 0.56
  7   9 0.40
  7  10 0.66
  7  11 0.69
  7  12 0.60
  7  13 0.49
  7  14 0.61
  7  15 0.59
  7  16 0.62
  7  17 0.76
  7  18 0.53
  7  19 0.81
  7  20 0.46
  7  21 0.60
  7  22 0.71
  8   1 0.42
  8   2 0.57
  8   3 0.71
  8   4 0.55
  8   5 0.35
  8   6 0.77
  8   7 0.56
  8   8 1.00
  8   9 0.58
  8  10 0.75
  8  11 0.47
  8  12 0.62
  8  13 0.42
  8  14 0.82
  8  15 0.80
  8  16 0.66
  8  17 0.71
  8  18 0.27
  8  19 0.62
  8  20 0.78
  8  21 0.76
  8  22 0.82
  9   1 0.35
  9   2 0.36
  9   3 0.63
  9   4 0.54
  9   5 0.19
  9   6 0.73
  9   7 0.40
  9   8 0.58
  9   9 1.00
  9  10 0.51
  9  11 0.34
  9  12 0.30
  9  13 0.44
  9  14 0.61
  9  15 0.63
  9  16 0.65
  9  17 0.62
  9  18 0.22
  9  19 0.41
  9  20 0.70
  9  21 0.56
  9  22 0.58
 10   1 0.35
 10   2 0.70
 10   3 0.60
 10   4 0.51
 10   5 0.28
 10   6 0.63
 10   7 0.66
 10   8 0.75
 10   9 0.51
 10  10 1.00
 10  11 0.49
 10  12 0.77
 10  13 0.40
 10  14 0.74
 10  15 0.59
 10  16 0.56
 10  17 0.63
 10  18 0.23
 10  19 0.66
 10  20 0.61
 10  21 0.65
 10  22 0.69
 11   1 0.71
 11   2 0.53
 11   3 0.61
 11   4 0.50
 11   5 0.66
 11   6 0.35
 11   7 0.69
 11   8 0.47
 11   9 0.34
 11  10 0.49
 11  11 1.00
 11  12 0.47
 11  13 0.53
 11  14 0.47
 11  15 0.50
 11  16 0.54
 11  17 0.66
 11  18 0.72
 11  19 0.76
 11  20 0.42
 11  21 0.45
 11  22 0.61
 12   1 0.35
 12   2 0.74
 12   3 0.49
 12   4 0.49
 12   5 0.25
 12   6 0.44
 12   7 0.60
 12   8 0.62
 12   9 0.30
 12  10 0.77
 12  11 0.47
 12  12 1.00
 12  13 0.31
 12  14 0.64
 12  15 0.48
 12  16 0.41
 12  17 0.47
 12  18 0.25
 12  19 0.58
 12  20 0.42
 12  21 0.46
 12  22 0.55
 13   1 0.49
 13   2 0.38
 13   3 0.60
 13   4 0.34
 13   5 0.43
 13   6 0.34
 13   7 0.49
 13   8 0.42
 13   9 0.44
 13  10 0.40
 13  11 0.53
 13  12 0.31
 13  13 1.00
 13  14 0.37
 13  15 0.40
 13  16 0.63
 13  17 0.57
 13  18 0.40
 13  19 0.57
 13  20 0.43
 13  21 0.49
 13  22 0.53
 14   1 0.49
 14   2 0.72
 14   3 0.66
 14   4 0.61
 14   5 0.36
 14   6 0.82
 14   7 0.61
 14   8 0.82
 14   9 0.61
 14  10 0.74
 14  11 0.47
 14  12 0.64
 14  13 0.37
 14  14 1.00
 14  15 0.72
 14  16 0.57
 14  17 0.64
 14  18 0.36
 14  19 0.66
 14  20 0.79
 14  21 0.77
 14  22 0.74
 15   1 0.47
 15   2 0.48
 15   3 0.72
 15   4 0.69
 15   5 0.34
 15   6 0.69
 15   7 0.59
 15   8 0.80
 15   9 0.63
 15  10 0.59
 15  11 0.50
 15  12 0.48
 15  13 0.40
 15  14 0.72
 15  15 1.00
 15  16 0.73
 15  17 0.81
 15  18 0.31
 15  19 0.57
 15  20 0.79
 15  21 0.67
 15  22 0.84
 16   1 0.51
 16   2 0.42
 16   3 0.87
 16   4 0.61
 16   5 0.44
 16   6 0.58
 16   7 0.62
 16   8 0.66
 16   9 0.65
 16  10 0.56
 16  11 0.54
 16  12 0.41
 16  13 0.63
 16  14 0.57
 16  15 0.73
 16  16 1.00
 16  17 0.81
 16  18 0.33
 16  19 0.63
 16  20 0.72
 16  21 0.66
 16  22 0.80
 17   1 0.55
 17   2 0.51
 17   3 0.78
 17   4 0.58
 17   5 0.47
 17   6 0.60
 17   7 0.76
 17   8 0.71
 17   9 0.62
 17  10 0.63
 17  11 0.66
 17  12 0.47
 17  13 0.57
 17  14 0.64
 17  15 0.81
 17  16 0.81
 17  17 1.00
 17  18 0.46
 17  19 0.68
 17  20 0.76
 17  21 0.66
 17  22 0.85
 18   1 0.76
 18   2 0.40
 18   3 0.46
 18   4 0.37
 18   5 0.73
 18   6 0.25
 18   7 0.53
 18   8 0.27
 18   9 0.22
 18  10 0.23
 18  11 0.72
 18  12 0.25
 18  13 0.40
 18  14 0.36
 18  15 0.31
 18  16 0.33
 18  17 0.46
 18  18 1.00
 18  19 0.58
 18  20 0.28
 18  21 0.31
 18  22 0.37
 19   1 0.66
 19   2 0.71
 19   3 0.67
 19   4 0.61
 19   5 0.59
 19   6 0.49
 19   7 0.81
 19   8 0.62
 19   9 0.41
 19  10 0.66
 19  11 0.76
 19  12 0.58
 19  13 0.57
 19  14 0.66
 19  15 0.57
 19  16 0.63
 19  17 0.68
 19  18 0.58
 19  19 1.00
 19  20 0.54
 19  21 0.67
 19  22 0.72
 20   1 0.44
 20   2 0.47
 20   3 0.70
 20   4 0.48
 20   5 0.39
 20   6 0.79
 20   7 0.46
 20   8 0.78
 20   9 0.70
 20  10 0.61
 20  11 0.42
 20  12 0.42
 20  13 0.43
 20  14 0.79
 20  15 0.79
 20  16 0.72
 20  17 0.76
 20  18 0.28
 20  19 0.54
 20  20 1.00
 20  21 0.74
 20  22 0.80
 21   1 0.41
 21   2 0.57
 21   3 0.63
 21   4 0.48
 21   5 0.40
 21   6 0.70
 21   7 0.60
 21   8 0.76
 21   9 0.56
 21  10 0.65
 21  11 0.45
 21  12 0.46
 21  13 0.49
 21  14 0.77
 21  15 0.67
 21  16 0.66
 21  17 0.66
 21  18 0.31
 21  19 0.67
 21  20 0.74
 21  21 1.00
 21  22 0.73
 22   1 0.53
 22   2 0.56
 22   3 0.81
 22   4 0.62
 22   5 0.49
 22   6 0.68
 22   7 0.71
 22   8 0.82
 22   9 0.58
 22  10 0.69
 22  11 0.61
 22  12 0.55
 22  13 0.53
 22  14 0.74
 22  15 0.84
 22  16 0.80
 22  17 0.85
 22  18 0.37
 22  19 0.72
 22  20 0.80
 22  21 0.73
 22  22 1.00
  1   1 1.00
  1   2 0.44
  1   3 0.61
  1   4 0.52
  1   5 0.74
  1   6 0.39
  1   7 0.57
  1   8 0.42
  1   9 0.35
  1  10 0.35
  1  11 0.71
  1  12 0.35
  1  13 0.49
  1  14 0.49
  1  15 0.47
  1  16 0.51
  1  17 0.55
  1  18 0.76
  1  19 0.66
  1  20 0.44
  1  21 0.41
  1  22 0.53
  2   1 0.44
  2   2 1.00
  2   3 0.51
  2   4 0.54
  2   5 0.33
  2   6 0.47
  2   7 0.71
  2   8 0.57
  2   9 0.36
  2  10 0.70
  2  11 0.53
  2  12 0.74
  2  13 0.38
  2  14 0.72
  2  15 0.48
  2  16 0.42
  2  17 0.51
  2  18 0.40
  2  19 0.71
  2  20 0.46
  2  21 0.57
  2  22 0.56
  3   1 0.61
  3   2 0.51
  3   3 1.00
  3   4 0.69
  3   5 0.57
  3   6 0.63
  3   7 0.66
  3   8 0.71
  3   9 0.63
  3  10 0.60
  3  11 0.61
  3  12 0.49
  3  13 0.60
  3  14 0.66
  3  15 0.72
  3  16 0.87
  3  17 0.78
  3  18 0.46
  3  19 0.67
  3  20 0.70
  3  21 0.63
  3  22 0.81
  4   1 0.52
  4   2 0.54
  4   3 0.69
  4   4 1.00
  4   5 0.32
  4   6 0.53
  4   7 0.67
  4   8 0.54
  4   9 0.54
  4  10 0.51
  4  11 0.50
  4  12 0.49
  4  13 0.33
  4  14 0.61
  4  15 0.69
  4  16 0.61
  4  17 0.58
  4  18 0.37
  4  19 0.61
  4  20 0.48
  4  21 0.48
  4  22 0.62
  5   1 0.74
  5   2 0.33
  5   3 0.57
  5   4 0.32
  5   5 1.00
  5   6 0.28
  5   7 0.47
  5   8 0.35
  5   9 0.18
  5  10 0.28
  5  11 0.66
  5  12 0.24
  5  13 0.43
  5  14 0.36
  5  15 0.34
  5  16 0.44
  5  17 0.47
  5  18 0.73
  5  19 0.59
  5  20 0.39
  5  21 0.40
  5  22 0.49
  6   1 0.39
  6   2 0.47
  6   3 0.63
  6   4 0.53
  6   5 0.28
  6   6 1.00
  6   7 0.42
  6   8 0.77
  6   9 0.72
  6  10 0.63
  6  11 0.35
  6  12 0.44
  6  13 0.34
  6  14 0.82
  6  15 0.69
  6  16 0.58
  6  17 0.60
  6  18 0.25
  6  19 0.49
  6  20 0.79
  6  21 0.70
  6  22 0.68
  7   1 0.57
  7   2 0.71
  7   3 0.66
  7   4 0.67
  7   5 0.47
  7   6 0.42
  7   7 1.00
  7   8 0.56
  7   9 0.40
  7  10 0.66
  7  11 0.69
  7  12 0.60
  7  13 0.49
  7  14 0.61
  7  15 0.59
  7  16 0.62
  7  17 0.76
  7  18 0.53
  7  19 0.80
  7  20 0.46
  7  21 0.59
  7  22 0.71
  8   1 0.42
  8   2 0.57
  8   3 0.71
  8   4 0.54
  8   5 0.35
  8   6 0.77
  8   7 0.56
  8   8 1.00
  8   9 0.57
  8  10 0.75
  8  11 0.47
  8  12 0.62
  8  13 0.42
  8  14 0.82
  8  15 0.80
  8  16 0.65
  8  17 0.71
  8  18 0.27
  8  19 0.62
  8  20 0.78
  8  21 0.76
  8  22 0.82
  9   1 0.35
  9   2 0.36
  9   3 0.63
  9   4 0.54
  9   5 0.18
  9   6 0.72
  9   7 0.40
  9   8 0.57
  9   9 1.00
  9  10 0.51
  9  11 0.34
  9  12 0.30
  9  13 0.44
  9  14 0.61
  9  15 0.63
  9  16 0.64
  9  17 0.62
  9  18 0.22
  9  19 0.41
  9  20 0.70
  9  21 0.56
  9  22 0.57
 10   1 0.35
 10   2 0.70
 10   3 0.60
 10   4 0.51
 10   5 0.28
 10   6 0.63
 10   7 0.66
 10   8 0.75
 10   9 0.51
 10  10 1.00
 10  11 0.49
 10  12 0.77
 10  13 0.40
 10  14 0.74
 10  15 0.59
 10  16 0.56
 10  17 0.63
 10  18 0.23
 10  19 0.66
 10  20 0.61
 10  21 0.65
 10  22 0.69
 11   1 0.71
 11   2 0.53
 11   3 0.61
 11   4 0.50
 11   5 0.66
 11   6 0.35
 11   7 0.69
 11   8 0.47
 11   9 0.34
 11  10 0.49
 11  11 1.00
 11  12 0.47
 11  13 0.53
 11  14 0.47
 11  15 0.50
 11  16 0.54
 11  17 0.66
 11  18 0.72
 11  19 0.76
 11  20 0.42
 11  21 0.45
 11  22 0.61
 12   1 0.35
 12   2 0.74
 12   3 0.49
 12   4 0.49
 12   5 0.24
 12   6 0.44
 12   7 0.60
 12   8 0.62
 12   9 0.30
 12  10 0.77
 12  11 0.47
 12  12 1.00
 12  13 0.31
 12  14 0.64
 12  15 0.48
 12  16 0.41
 12  17 0.47
 12  18 0.25
 12  19 0.58
 12  20 0.42
 12  21 0.46
 12  22 0.54
 13   1 0.49
 13   2 0.38
 13   3 0.60
 13   4 0.33
 13   5 0.43
 13   6 0.34
 13   7 0.49
 13   8 0.42
 13   9 0.44
 13  10 0.40
 13  11 0.53
 13  12 0.31
 13  13 1.00
 13  14 0.37
 13  15 0.40
 13  16 0.63
 13  17 0.57
 13  18 0.40
 13  19 0.57
 13  20 0.43
 13  21 0.49
 13  22 0.53
 14   1 0.49
 14   2 0.72
 14   3 0.66
 14   4 0.61
 14   5 0.36
 14   6 0.82
 14   7 0.61
 14   8 0.82
 14   9 0.61
 14  10 0.74
 14  11 0.47
 14  12 0.64
 14  13 0.37
 14  14 1.00
 14  15 0.72
 14  16 0.57
 14  17 0.64
 14  18 0.35
 14  19 0.66
 14  20 0.79
 14  21 0.76
 14  22 0.74
 15   1 0.47
 15   2 0.48
 15   3 0.72
 15   4 0.69
 15   5 0.34
 15   6 0.69
 15   7 0.59
 15   8 0.80
 15   9 0.63
 15  10 0.59
 15  11 0.50
 15  12 0.48
 15  13 0.40
 15  14 0.72
 15  15 1.00
 15  16 0.73
 15  17 0.81
 15  18 0.31
 15  19 0.57
 15  20 0.79
 15  21 0.67
 15  22 0.84
 16   1 0.51
 16   2 0.42
 16   3 0.87
 16   4 0.61
 16   5 0.44
 16   6 0.58
 16   7 0.62
 16   8 0.65
 16   9 0.64
 16  10 0.56
 16  11 0.54
 16  12 0.41
 16  13 0.63
 16  14 0.57
 16  15 0.73
 16  16 1.00
 16  17 0.81
 16  18 0.33
 16  19 0.63
 16  20 0.71
 16  21 0.65
 16  22 0.80
 17   1 0.55
 17   2 0.51
 17   3 0.78
 17   4 0.58
 17   5 0.47
 17   6 0.60
 17   7 0.76
 17   8 0.71
 17   9 0.62
 17  10 0.63
 17  11 0.66
 17  12 0.47
 17  13 0.57
 17  14 0.64
 17  15 0.81
 17  16 0.81
 17  17 1.00
 17  18 0.46
 17  19 0.68
 17  20 0.76
 17  21 0.66
 17  22 0.85
 18   1 0.76
 18   2 0.40
 18   3 0.46
 18   4 0.37
 18   5 0.73
 18   6 0.25
 18   7 0.53
 18   8 0.27
 18   9 0.22
 18  10 0.23
 18  11 0.72
 18  12 0.25
 18  13 0.40
 18  14 0.35
 18  15 0.31
 18  16 0.33
 18  17 0.46
 18  18 1.00
 18  19 0.58
 18  20 0.28
 18  21 0.31
 18  22 0.37
 19   1 0.66
 19   2 0.71
 19   3 0.67
 19   4 0.61
 19   5 0.59
 19   6 0.49
 19   7 0.80
 19   8 0.62
 19   9 0.41
 19  10 0.66
 19  11 0.76
 19  12 0.58
 19  13 0.57
 19  14 0.66
 19  15 0.57
 19  16 0.63
 19  17 0.68
 19  18 0.58
 19  19 1.00
 19  20 0.54
 19  21 0.67
 19  22 0.72
 20   1 0.44
 20   2 0.46
 20   3 0.70
 20   4 0.48
 20   5 0.39
 20   6 0.79
 20   7 0.46
 20   8 0.78
 20   9 0.70
 20  10 0.61
 20  11 0.42
 20  12 0.42
 20  13 0.43
 20  14 0.79
 20  15 0.79
 20  16 0.71
 20  17 0.76
 20  18 0.28
 20  19 0.54
 20  20 1.00
 20  21 0.73
 20  22 0.80
 21   1 0.41
 21   2 0.57
 21   3 0.63
 21   4 0.48
 21   5 0.40
 21   6 0.70
 21   7 0.59
 21   8 0.76
 21   9 0.56
 21  10 0.65
 21  11 0.45
 21  12 0.46
 21  13 0.49
 21  14 0.76
 21  15 0.67
 21  16 0.65
 21  17 0.66
 21  18 0.31
 21  19 0.67
 21  20 0.73
 21  21 1.00
 21  22 0.73
 22   1 0.53
 22   2 0.56
 22   3 0.81
 22   4 0.62
 22   5 0.49
 22   6 0.68
 22   7 0.71
 22   8 0.82
 22   9 0.57
 22  10 0.69
 22  11 0.61
 22  12 0.54
 22  13 0.53
 22  14 0.74
 22  15 0.84
 22  16 0.80
 22  17 0.85
 22  18 0.37
 22  19 0.72
 22  20 0.80
 22  21 0.73
 22  22 1.00
