  1   1 0.45
  1   2 0.29
  1   3 0.54
  1   4 0.51
  1   5 0.42
  1   6 0.57
  1   7 0.23
  1   8 0.49
  1   9 0.54
  1  10 0.53
  1  11 0.65
  1  12 0.58
  1  13 0.51
  1  14 0.47
  1  15 0.43
  1  16 0.49
  1  17 0.55
  1  18 0.52
  1  19 0.34
  1  20 0.52
  1  21 0.47
  1  22 0.62
  2   1 0.67
  2   2 0.25
  2   3 0.66
  2   4 0.68
  2   5 0.54
  2   6 0.64
  2   7 0.37
  2   8 0.69
  2   9 0.54
  2  10 0.65
  2  11 0.70
  2  12 0.57
  2  13 0.69
  2  14 0.54
  2  15 0.71
  2  16 0.46
  2  17 0.63
  2  18 0.60
  2  19 0.63
  2  20 0.34
  2  21 0.48
  2  22 0.62
  3   1 0.24
  3   2 0.26
  3   3 0.32
  3   4 0.22
  3   5 0.25
  3   6 0.45
  3   7 0.29
  3   8 0.18
  3   9 0.32
  3  10 0.50
  3  11 0.36
  3  12 0.48
  3  13 0.46
  3  14 0.45
  3  15 0.21
  3  16 0.40
  3  17 0.46
  3  18 0.38
  3  19 0.23
  3  20 0.45
  3  21 0.49
  3  22 0.33
  4   1 0.65
  4   2 0.24
  4   3 0.50
  4   4 0.57
  4   5 0.56
  4   6 0.56
  4   7 0.34
  4   8 0.59
  4   9 0.51
  4  10 0.57
  4  11 0.56
  4  12 0.56
  4  13 0.57
  4  14 0.53
  4  15 0.68
  4  16 0.43
  4  17 0.51
  4  18 0.51
  4  19 0.57
  4  20 0.26
  4  21 0.50
  4  22 0.49
  5   1 0.44
  5   2 0.30
  5   3 0.41
  5   4 0.22
  5   5 0.38
  5   6 0.47
  5   7 0.19
  5   8 0.27
  5   9 0.41
  5  10 0.48
  5  11 0.36
  5  12 0.57
  5  13 0.57
  5  14 0.40
  5  15 0.37
  5  16 0.47
  5  17 0.49
  5  18 0.45
  5  19 0.42
  5  20 0.49
  5  21 0.52
  5  22 0.51
  6   1 0.51
  6   2 0.30
  6   3 0.63
  6   4 0.45
  6   5 0.45
  6   6 0.74
  6   7 0.29
  6   8 0.48
  6   9 0.69
  6  10 0.73
  6  11 0.66
  6  12 0.69
  6  13 0.67
  6  14 0.65
  6  15 0.51
  6  16 0.61
  6  17 0.66
  6  18 0.57
  6  19 0.46
  6  20 0.46
  6  21 0.58
  6  22 0.58
  7   1 0.65
  7   2 0.34
  7   3 0.62
  7   4 0.44
  7   5 0.57
  7   6 0.68
  7   7 0.30
  7   8 0.50
  7   9 0.60
  7  10 0.65
  7  11 0.60
  7  12 0.68
  7  13 0.72
  7  14 0.58
  7  15 0.57
  7  16 0.56
  7  17 0.69
  7  18 0.67
  7  19 0.62
  7  20 0.60
  7  21 0.63
  7  22 0.63
  8   1 0.52
  8   2 0.33
  8   3 0.49
  8   4 0.51
  8   5 0.45
  8   6 0.69
  8   7 0.43
  8   8 0.60
  8   9 0.48
  8  10 0.65
  8  11 0.65
  8  12 0.61
  8  13 0.50
  8  14 0.56
  8  15 0.49
  8  16 0.56
  8  17 0.59
  8  18 0.50
  8  19 0.48
  8  20 0.32
  8  21 0.46
  8  22 0.53
  9   1 0.51
  9   2 0.31
  9   3 0.46
  9   4 0.41
  9   5 0.43
  9   6 0.73
  9   7 0.27
  9   8 0.49
  9   9 0.50
  9  10 0.70
  9  11 0.63
  9  12 0.78
  9  13 0.58
  9  14 0.56
  9  15 0.51
  9  16 0.73
  9  17 0.64
  9  18 0.58
  9  19 0.50
  9  20 0.39
  9  21 0.61
  9  22 0.53
 10   1 0.68
 10   2 0.30
 10   3 0.67
 10   4 0.64
 10   5 0.69
 10   6 0.69
 10   7 0.34
 10   8 0.67
 10   9 0.61
 10  10 0.70
 10  11 0.69
 10  12 0.61
 10  13 0.67
 10  14 0.62
 10  15 0.68
 10  16 0.54
 10  17 0.65
 10  18 0.68
 10  19 0.55
 10  20 0.47
 10  21 0.50
 10  22 0.61
 11   1 0.47
 11   2 0.26
 11   3 0.32
 11   4 0.47
 11   5 0.32
 11   6 0.66
 11   7 0.37
 11   8 0.48
 11   9 0.37
 11  10 0.62
 11  11 0.61
 11  12 0.57
 11  13 0.44
 11  14 0.66
 11  15 0.44
 11  16 0.58
 11  17 0.61
 11  18 0.37
 11  19 0.41
 11  20 0.23
 11  21 0.45
 11  22 0.34
 12   1 0.56
 12   2 0.22
 12   3 0.50
 12   4 0.47
 12   5 0.58
 12   6 0.66
 12   7 0.32
 12   8 0.53
 12   9 0.51
 12  10 0.72
 12  11 0.65
 12  12 0.68
 12  13 0.61
 12  14 0.58
 12  15 0.54
 12  16 0.58
 12  17 0.68
 12  18 0.71
 12  19 0.49
 12  20 0.44
 12  21 0.64
 12  22 0.46
 13   1 0.47
 13   2 0.28
 13   3 0.45
 13   4 0.34
 13   5 0.37
 13   6 0.61
 13   7 0.19
 13   8 0.40
 13   9 0.48
 13  10 0.60
 13  11 0.52
 13  12 0.58
 13  13 0.53
 13  14 0.56
 13  15 0.44
 13  16 0.51
 13  17 0.59
 13  18 0.44
 13  19 0.43
 13  20 0.28
 13  21 0.47
 13  22 0.47
 14   1 0.55
 14   2 0.25
 14   3 0.67
 14   4 0.54
 14   5 0.58
 14   6 0.63
 14   7 0.24
 14   8 0.53
 14   9 0.65
 14  10 0.57
 14  11 0.68
 14  12 0.68
 14  13 0.69
 14  14 0.47
 14  15 0.56
 14  16 0.62
 14  17 0.63
 14  18 0.66
 14  19 0.45
 14  20 0.41
 14  21 0.53
 14  22 0.65
 15   1 0.45
 15   2 0.34
 15   3 0.56
 15   4 0.42
 15   5 0.40
 15   6 0.70
 15   7 0.24
 15   8 0.41
 15   9 0.59
 15  10 0.66
 15  11 0.61
 15  12 0.70
 15  13 0.63
 15  14 0.53
 15  15 0.45
 15  16 0.64
 15  17 0.63
 15  18 0.52
 15  19 0.39
 15  20 0.44
 15  21 0.54
 15  22 0.62
 16   1 0.55
 16   2 0.31
 16   3 0.61
 16   4 0.38
 16   5 0.54
 16   6 0.67
 16   7 0.38
 16   8 0.53
 16   9 0.59
 16  10 0.63
 16  11 0.55
 16  12 0.59
 16  13 0.62
 16  14 0.49
 16  15 0.50
 16  16 0.58
 16  17 0.61
 16  18 0.63
 16  19 0.51
 16  20 0.47
 16  21 0.48
 16  22 0.60
 17   1 0.69
 17   2 0.34
 17   3 0.52
 17   4 0.44
 17   5 0.51
 17   6 0.72
 17   7 0.30
 17   8 0.59
 17   9 0.49
 17  10 0.64
 17  11 0.64
 17  12 0.74
 17  13 0.64
 17  14 0.53
 17  15 0.65
 17  16 0.64
 17  17 0.65
 17  18 0.59
 17  19 0.65
 17  20 0.34
 17  21 0.51
 17  22 0.63
 18   1 0.39
 18   2 0.21
 18   3 0.33
 18   4 0.44
 18   5 0.29
 18   6 0.58
 18   7 0.38
 18   8 0.38
 18   9 0.39
 18  10 0.56
 18  11 0.51
 18  12 0.51
 18  13 0.42
 18  14 0.59
 18  15 0.39
 18  16 0.52
 18  17 0.45
 18  18 0.33
 18  19 0.35
 18  20 0.24
 18  21 0.46
 18  22 0.27
 19   1 0.58
 19   2 0.28
 19   3 0.59
 19   4 0.46
 19   5 0.62
 19   6 0.60
 19   7 0.27
 19   8 0.43
 19   9 0.59
 19  10 0.60
 19  11 0.54
 19  12 0.52
 19  13 0.61
 19  14 0.54
 19  15 0.55
 19  16 0.44
 19  17 0.63
 19  18 0.53
 19  19 0.44
 19  20 0.51
 19  21 0.49
 19  22 0.54
 20   1 0.49
 20   2 0.21
 20   3 0.65
 20   4 0.47
 20   5 0.69
 20   6 0.56
 20   7 0.28
 20   8 0.47
 20   9 0.61
 20  10 0.56
 20  11 0.59
 20  12 0.44
 20  13 0.53
 20  14 0.53
 20  15 0.47
 20  16 0.40
 20  17 0.62
 20  18 0.67
 20  19 0.35
 20  20 0.66
 20  21 0.40
 20  22 0.53
 21   1 0.48
 21   2 0.26
 21   3 0.47
 21   4 0.48
 21   5 0.36
 21   6 0.66
 21   7 0.37
 21   8 0.47
 21   9 0.48
 21  10 0.61
 21  11 0.62
 21  12 0.60
 21  13 0.49
 21  14 0.56
 21  15 0.45
 21  16 0.54
 21  17 0.54
 21  18 0.43
 21  19 0.43
 21  20 0.25
 21  21 0.41
 21  22 0.51
 22   1 0.19
 22   2 0.17
 22   3 0.22
 22   4 0.10
 22   5 0.21
 22   6 0.23
 22   7 0.13
 22   8 0.14
 22   9 0.22
 22  10 0.20
 22  11 0.13
 22  12 0.18
 22  13 0.23
 22  14 0.17
 22  15 0.13
 22  16 0.13
 22  17 0.18
 22  18 0.16
 22  19 0.12
 22  20 0.30
 22  21 0.14
 22  22 0.25
  1   1 0.44
  1   2 0.29
  1   3 0.54
  1   4 0.50
  1   5 0.42
  1   6 0.56
  1   7 0.22
  1   8 0.49
  1   9 0.53
  1  10 0.53
  1  11 0.65
  1  12 0.58
  1  13 0.51
  1  14 0.46
  1  15 0.43
  1  16 0.49
  1  17 0.55
  1  18 0.51
  1  19 0.34
  1  20 0.52
  1  21 0.47
  1  22 0.62
  2   1 0.67
  2   2 0.24
  2   3 0.65
  2   4 0.68
  2   5 0.54
  2   6 0.63
  2   7 0.36
  2   8 0.69
  2   9 0.54
  2  10 0.65
  2  11 0.70
  2  12 0.57
  2  13 0.69
  2  14 0.54
  2  15 0.71
  2  16 0.46
  2  17 0.63
  2  18 0.60
  2  19 0.63
  2  20 0.33
  2  21 0.47
  2  22 0.62
  3   1 0.23
  3   2 0.26
  3   3 0.32
  3   4 0.22
  3   5 0.24
  3   6 0.45
  3   7 0.29
  3   8 0.17
  3   9 0.32
  3  10 0.49
  3  11 0.36
  3  12 0.48
  3  13 0.46
  3  14 0.45
  3  15 0.21
  3  16 0.39
  3  17 0.45
  3  18 0.37
  3  19 0.22
  3  20 0.45
  3  21 0.49
  3  22 0.32
  4   1 0.65
  4   2 0.24
  4   3 0.50
  4   4 0.57
  4   5 0.55
  4   6 0.55
  4   7 0.34
  4   8 0.59
  4   9 0.51
  4  10 0.57
  4  11 0.56
  4  12 0.56
  4  13 0.57
  4  14 0.53
  4  15 0.68
  4  16 0.42
  4  17 0.51
  4  18 0.50
  4  19 0.56
  4  20 0.26
  4  21 0.50
  4  22 0.49
  5   1 0.44
  5   2 0.30
  5   3 0.41
  5   4 0.22
  5   5 0.38
  5   6 0.46
  5   7 0.18
  5   8 0.27
  5   9 0.40
  5  10 0.47
  5  11 0.35
  5  12 0.57
  5  13 0.56
  5  14 0.39
  5  15 0.36
  5  16 0.47
  5  17 0.49
  5  18 0.45
  5  19 0.41
  5  20 0.49
  5  21 0.51
  5  22 0.51
  6   1 0.51
  6   2 0.30
  6   3 0.63
  6   4 0.45
  6   5 0.45
  6   6 0.73
  6   7 0.29
  6   8 0.47
  6   9 0.69
  6  10 0.72
  6  11 0.66
  6  12 0.69
  6  13 0.66
  6  14 0.65
  6  15 0.51
  6  16 0.61
  6  17 0.66
  6  18 0.57
  6  19 0.45
  6  20 0.46
  6  21 0.58
  6  22 0.58
  7   1 0.65
  7   2 0.33
  7   3 0.62
  7   4 0.44
  7   5 0.57
  7   6 0.68
  7   7 0.30
  7   8 0.50
  7   9 0.60
  7  10 0.65
  7  11 0.59
  7  12 0.68
  7  13 0.72
  7  14 0.58
  7  15 0.57
  7  16 0.56
  7  17 0.68
  7  18 0.66
  7  19 0.61
  7  20 0.60
  7  21 0.63
  7  22 0.63
  8   1 0.52
  8   2 0.32
  8   3 0.49
  8   4 0.51
  8   5 0.45
  8   6 0.68
  8   7 0.43
  8   8 0.60
  8   9 0.48
  8  10 0.64
  8  11 0.65
  8  12 0.61
  8  13 0.50
  8  14 0.55
  8  15 0.49
  8  16 0.55
  8  17 0.59
  8  18 0.50
  8  19 0.48
  8  20 0.32
  8  21 0.45
  8  22 0.53
  9   1 0.51
  9   2 0.31
  9   3 0.46
  9   4 0.41
  9   5 0.43
  9   6 0.72
  9   7 0.27
  9   8 0.49
  9   9 0.50
  9  10 0.70
  9  11 0.63
  9  12 0.78
  9  13 0.57
  9  14 0.55
  9  15 0.51
  9  16 0.73
  9  17 0.63
  9  18 0.58
  9  19 0.50
  9  20 0.39
  9  21 0.60
  9  22 0.53
 10   1 0.68
 10   2 0.29
 10   3 0.67
 10   4 0.63
 10   5 0.69
 10   6 0.69
 10   7 0.34
 10   8 0.67
 10   9 0.61
 10  10 0.70
 10  11 0.69
 10  12 0.60
 10  13 0.66
 10  14 0.62
 10  15 0.68
 10  16 0.53
 10  17 0.65
 10  18 0.68
 10  19 0.55
 10  20 0.47
 10  21 0.50
 10  22 0.61
 11   1 0.46
 11   2 0.26
 11   3 0.32
 11   4 0.47
 11   5 0.32
 11   6 0.65
 11   7 0.37
 11   8 0.48
 11   9 0.37
 11  10 0.62
 11  11 0.61
 11  12 0.57
 11  13 0.44
 11  14 0.65
 11  15 0.44
 11  16 0.57
 11  17 0.60
 11  18 0.37
 11  19 0.41
 11  20 0.23
 11  21 0.45
 11  22 0.34
 12   1 0.55
 12   2 0.21
 12   3 0.50
 12   4 0.46
 12   5 0.58
 12   6 0.66
 12   7 0.32
 12   8 0.53
 12   9 0.51
 12  10 0.72
 12  11 0.65
 12  12 0.68
 12  13 0.61
 12  14 0.58
 12  15 0.54
 12  16 0.58
 12  17 0.68
 12  18 0.70
 12  19 0.49
 12  20 0.44
 12  21 0.64
 12  22 0.45
 13   1 0.47
 13   2 0.27
 13   3 0.45
 13   4 0.34
 13   5 0.37
 13   6 0.61
 13   7 0.19
 13   8 0.39
 13   9 0.47
 13  10 0.60
 13  11 0.52
 13  12 0.58
 13  13 0.53
 13  14 0.55
 13  15 0.43
 13  16 0.50
 13  17 0.58
 13  18 0.43
 13  19 0.42
 13  20 0.28
 13  21 0.47
 13  22 0.47
 14   1 0.55
 14   2 0.25
 14   3 0.67
 14   4 0.54
 14   5 0.58
 14   6 0.63
 14   7 0.24
 14   8 0.53
 14   9 0.65
 14  10 0.57
 14  11 0.68
 14  12 0.68
 14  13 0.69
 14  14 0.47
 14  15 0.56
 14  16 0.62
 14  17 0.63
 14  18 0.66
 14  19 0.45
 14  20 0.41
 14  21 0.53
 14  22 0.65
 15   1 0.45
 15   2 0.33
 15   3 0.56
 15   4 0.42
 15   5 0.40
 15   6 0.70
 15   7 0.24
 15   8 0.40
 15   9 0.58
 15  10 0.66
 15  11 0.61
 15  12 0.70
 15  13 0.63
 15  14 0.53
 15  15 0.44
 15  16 0.64
 15  17 0.62
 15  18 0.52
 15  19 0.39
 15  20 0.44
 15  21 0.54
 15  22 0.62
 16   1 0.55
 16   2 0.31
 16   3 0.61
 16   4 0.38
 16   5 0.53
 16   6 0.67
 16   7 0.38
 16   8 0.52
 16   9 0.59
 16  10 0.63
 16  11 0.54
 16  12 0.59
 16  13 0.62
 16  14 0.48
 16  15 0.50
 16  16 0.58
 16  17 0.60
 16  18 0.63
 16  19 0.51
 16  20 0.47
 16  21 0.47
 16  22 0.60
 17   1 0.69
 17   2 0.33
 17   3 0.52
 17   4 0.44
 17   5 0.51
 17   6 0.71
 17   7 0.30
 17   8 0.58
 17   9 0.48
 17  10 0.63
 17  11 0.64
 17  12 0.74
 17  13 0.63
 17  14 0.53
 17  15 0.65
 17  16 0.63
 17  17 0.65
 17  18 0.59
 17  19 0.65
 17  20 0.34
 17  21 0.51
 17  22 0.63
 18   1 0.39
 18   2 0.20
 18   3 0.32
 18   4 0.44
 18   5 0.29
 18   6 0.57
 18   7 0.38
 18   8 0.37
 18   9 0.39
 18  10 0.55
 18  11 0.51
 18  12 0.51
 18  13 0.41
 18  14 0.59
 18  15 0.39
 18  16 0.52
 18  17 0.45
 18  18 0.33
 18  19 0.34
 18  20 0.23
 18  21 0.45
 18  22 0.26
 19   1 0.57
 19   2 0.28
 19   3 0.59
 19   4 0.46
 19   5 0.61
 19   6 0.60
 19   7 0.27
 19   8 0.43
 19   9 0.58
 19  10 0.59
 19  11 0.54
 19  12 0.51
 19  13 0.61
 19  14 0.54
 19  15 0.55
 19  16 0.43
 19  17 0.62
 19  18 0.53
 19  19 0.44
 19  20 0.51
 19  21 0.49
 19  22 0.53
 20   1 0.49
 20   2 0.21
 20   3 0.65
 20   4 0.46
 20   5 0.69
 20   6 0.56
 20   7 0.27
 20   8 0.46
 20   9 0.61
 20  10 0.56
 20  11 0.59
 20  12 0.43
 20  13 0.53
 20  14 0.53
 20  15 0.47
 20  16 0.40
 20  17 0.62
 20  18 0.67
 20  19 0.35
 20  20 0.66
 20  21 0.40
 20  22 0.52
 21   1 0.48
 21   2 0.26
 21   3 0.47
 21   4 0.47
 21   5 0.36
 21   6 0.66
 21   7 0.36
 21   8 0.47
 21   9 0.48
 21  10 0.61
 21  11 0.61
 21  12 0.60
 21  13 0.49
 21  14 0.56
 21  15 0.44
 21  16 0.54
 21  17 0.53
 21  18 0.43
 21  19 0.43
 21  20 0.25
 21  21 0.41
 21  22 0.50
 22   1 0.19
 22   2 0.17
 22   3 0.22
 22   4 0.10
 22   5 0.21
 22   6 0.23
 22   7 0.12
 22   8 0.13
 22   9 0.21
 22  10 0.20
 22  11 0.13
 22  12 0.18
 22  13 0.22
 22  14 0.16
 22  15 0.12
 22  16 0.12
 22  17 0.17
 22  18 0.16
 22  19 0.11
 22  20 0.30
 22  21 0.14
 22  22 0.24
  1   1 0.44
  1   2 0.29
  1   3 0.54
  1   4 0.50
  1   5 0.42
  1   6 0.56
  1   7 0.22
  1   8 0.49
  1   9 0.53
  1  10 0.53
  1  11 0.65
  1  12 0.58
  1  13 0.51
  1  14 0.46
  1  15 0.43
  1  16 0.49
  1  17 0.55
  1  18 0.51
  1  19 0.34
  1  20 0.52
  1  21 0.47
  1  22 0.62
  2   1 0.67
  2   2 0.24
  2   3 0.65
  2   4 0.68
  2   5 0.54
  2   6 0.63
  2   7 0.36
  2   8 0.69
  2   9 0.54
  2  10 0.65
  2  11 0.70
  2  12 0.57
  2  13 0.69
  2  14 0.54
  2  15 0.71
  2  16 0.46
  2  17 0.63
  2  18 0.60
  2  19 0.63
  2  20 0.33
  2  21 0.47
  2  22 0.62
  3   1 0.23
  3   2 0.26
  3   3 0.32
  3   4 0.22
  3   5 0.24
  3   6 0.45
  3   7 0.29
  3   8 0.17
  3   9 0.32
  3  10 0.49
  3  11 0.36
  3  12 0.48
  3  13 0.46
  3  14 0.45
  3  15 0.21
  3  16 0.39
  3  17 0.45
  3  18 0.37
  3  19 0.22
  3  20 0.45
  3  21 0.49
  3  22 0.32
  4   1 0.65
  4   2 0.24
  4   3 0.50
  4   4 0.57
  4   5 0.55
  4   6 0.55
  4   7 0.34
  4   8 0.59
  4   9 0.51
  4  10 0.57
  4  11 0.56
  4  12 0.56
  4  13 0.57
  4  14 0.53
  4  15 0.68
  4  16 0.42
  4  17 0.51
  4  18 0.50
  4  19 0.56
  4  20 0.26
  4  21 0.50
  4  22 0.49
  5   1 0.44
  5   2 0.30
  5   3 0.41
  5   4 0.22
  5   5 0.38
  5   6 0.46
  5   7 0.18
  5   8 0.27
  5   9 0.40
  5  10 0.47
  5  11 0.35
  5  12 0.57
  5  13 0.56
  5  14 0.39
  5  15 0.36
  5  16 0.47
  5  17 0.49
  5  18 0.45
  5  19 0.41
  5  20 0.49
  5  21 0.51
  5  22 0.51
  6   1 0.51
  6   2 0.30
  6   3 0.63
  6   4 0.45
  6   5 0.45
  6   6 0.73
  6   7 0.29
  6   8 0.47
  6   9 0.69
  6  10 0.72
  6  11 0.66
  6  12 0.69
  6  13 0.66
  6  14 0.65
  6  15 0.51
  6  16 0.61
  6  17 0.66
  6  18 0.57
  6  19 0.45
  6  20 0.46
  6  21 0.58
  6  22 0.58
  7   1 0.65
  7   2 0.33
  7   3 0.62
  7   4 0.44
  7   5 0.57
  7   6 0.68
  7   7 0.30
  7   8 0.50
  7   9 0.60
  7  10 0.65
  7  11 0.59
  7  12 0.68
  7  13 0.72
  7  14 0.58
  7  15 0.57
  7  16 0.56
  7  17 0.68
  7  18 0.66
  7  19 0.61
  7  20 0.60
  7  21 0.63
  7  22 0.63
  8   1 0.52
  8   2 0.32
  8   3 0.49
  8   4 0.51
  8   5 0.45
  8   6 0.68
  8   7 0.43
  8   8 0.60
  8   9 0.48
  8  10 0.64
  8  11 0.65
  8  12 0.61
  8  13 0.50
  8  14 0.55
  8  15 0.49
  8  16 0.55
  8  17 0.59
  8  18 0.50
  8  19 0.48
  8  20 0.32
  8  21 0.45
  8  22 0.53
  9   1 0.51
  9   2 0.31
  9   3 0.46
  9   4 0.41
  9   5 0.43
  9   6 0.72
  9   7 0.27
  9   8 0.49
  9   9 0.50
  9  10 0.70
  9  11 0.63
  9  12 0.78
  9  13 0.57
  9  14 0.55
  9  15 0.51
  9  16 0.73
  9  17 0.63
  9  18 0.58
  9  19 0.50
  9  20 0.39
  9  21 0.60
  9  22 0.53
 10   1 0.68
 10   2 0.29
 10   3 0.67
 10   4 0.63
 10   5 0.69
 10   6 0.69
 10   7 0.34
 10   8 0.67
 10   9 0.61
 10  10 0.70
 10  11 0.69
 10  12 0.60
 10  13 0.66
 10  14 0.62
 10  15 0.68
 10  16 0.53
 10  17 0.65
 10  18 0.68
 10  19 0.55
 10  20 0.47
 10  21 0.50
 10  22 0.61
 11   1 0.46
 11   2 0.26
 11   3 0.32
 11   4 0.47
 11   5 0.32
 11   6 0.65
 11   7 0.37
 11   8 0.48
 11   9 0.37
 11  10 0.62
 11  11 0.61
 11  12 0.57
 11  13 0.44
 11  14 0.65
 11  15 0.44
 11  16 0.57
 11  17 0.60
 11  18 0.37
 11  19 0.41
 11  20 0.23
 11  21 0.45
 11  22 0.34
 12   1 0.55
 12   2 0.21
 12   3 0.50
 12   4 0.46
 12   5 0.58
 12   6 0.66
 12   7 0.32
 12   8 0.53
 12   9 0.51
 12  10 0.72
 12  11 0.65
 12  12 0.68
 12  13 0.61
 12  14 0.58
 12  15 0.54
 12  16 0.58
 12  17 0.68
 12  18 0.70
 12  19 0.49
 12  20 0.44
 12  21 0.64
 12  22 0.45
 13   1 0.47
 13   2 0.27
 13   3 0.45
 13   4 0.34
 13   5 0.37
 13   6 0.61
 13   7 0.19
 13   8 0.39
 13   9 0.47
 13  10 0.60
 13  11 0.52
 13  12 0.58
 13  13 0.53
 13  14 0.55
 13  15 0.43
 13  16 0.50
 13  17 0.58
 13  18 0.43
 13  19 0.42
 13  20 0.28
 13  21 0.47
 13  22 0.47
 14   1 0.55
 14   2 0.25
 14   3 0.67
 14   4 0.54
 14   5 0.58
 14   6 0.63
 14   7 0.24
 14   8 0.53
 14   9 0.65
 14  10 0.57
 14  11 0.68
 14  12 0.68
 14  13 0.69
 14  14 0.47
 14  15 0.56
 14  16 0.62
 14  17 0.63
 14  18 0.66
 14  19 0.45
 14  20 0.41
 14  21 0.53
 14  22 0.65
 15   1 0.45
 15   2 0.33
 15   3 0.56
 15   4 0.42
 15   5 0.40
 15   6 0.70
 15   7 0.24
 15   8 0.40
 15   9 0.58
 15  10 0.66
 15  11 0.61
 15  12 0.70
 15  13 0.63
 15  14 0.53
 15  15 0.44
 15  16 0.64
 15  17 0.62
 15  18 0.52
 15  19 0.39
 15  20 0.44
 15  21 0.54
 15  22 0.62
 16   1 0.55
 16   2 0.31
 16   3 0.61
 16   4 0.38
 16   5 0.53
 16   6 0.67
 16   7 0.38
 16   8 0.52
 16   9 0.59
 16  10 0.63
 16  11 0.54
 16  12 0.59
 16  13 0.62
 16  14 0.48
 16  15 0.50
 16  16 0.58
 16  17 0.60
 16  18 0.63
 16  19 0.51
 16  20 0.47
 16  21 0.47
 16  22 0.60
 17   1 0.69
 17   2 0.33
 17   3 0.52
 17   4 0.44
 17   5 0.51
 17   6 0.71
 17   7 0.30
 17   8 0.58
 17   9 0.48
 17  10 0.63
 17  11 0.64
 17  12 0.74
 17  13 0.63
 17  14 0.53
 17  15 0.65
 17  16 0.63
 17  17 0.65
 17  18 0.59
 17  19 0.65
 17  20 0.34
 17  21 0.51
 17  22 0.63
 18   1 0.39
 18   2 0.20
 18   3 0.32
 18   4 0.44
 18   5 0.29
 18   6 0.57
 18   7 0.38
 18   8 0.37
 18   9 0.39
 18  10 0.55
 18  11 0.51
 18  12 0.51
 18  13 0.41
 18  14 0.59
 18  15 0.39
 18  16 0.52
 18  17 0.45
 18  18 0.33
 18  19 0.34
 18  20 0.23
 18  21 0.45
 18  22 0.26
 19   1 0.57
 19   2 0.28
 19   3 0.59
 19   4 0.46
 19   5 0.61
 19   6 0.60
 19   7 0.27
 19   8 0.43
 19   9 0.58
 19  10 0.59
 19  11 0.54
 19  12 0.51
 19  13 0.61
 19  14 0.54
 19  15 0.55
 19  16 0.43
 19  17 0.62
 19  18 0.53
 19  19 0.44
 19  20 0.51
 19  21 0.49
 19  22 0.53
 20   1 0.49
 20   2 0.21
 20   3 0.65
 20   4 0.46
 20   5 0.69
 20   6 0.56
 20   7 0.27
 20   8 0.46
 20   9 0.61
 20  10 0.56
 20  11 0.59
 20  12 0.43
 20  13 0.53
 20  14 0.53
 20  15 0.47
 20  16 0.40
 20  17 0.62
 20  18 0.67
 20  19 0.35
 20  20 0.66
 20  21 0.40
 20  22 0.52
 21   1 0.48
 21   2 0.26
 21   3 0.47
 21   4 0.47
 21   5 0.36
 21   6 0.66
 21   7 0.36
 21   8 0.47
 21   9 0.48
 21  10 0.61
 21  11 0.61
 21  12 0.60
 21  13 0.49
 21  14 0.56
 21  15 0.44
 21  16 0.54
 21  17 0.53
 21  18 0.43
 21  19 0.43
 21  20 0.25
 21  21 0.41
 21  22 0.50
 22   1 0.19
 22   2 0.17
 22   3 0.22
 22   4 0.10
 22   5 0.21
 22   6 0.23
 22   7 0.12
 22   8 0.13
 22   9 0.21
 22  10 0.20
 22  11 0.13
 22  12 0.18
 22  13 0.22
 22  14 0.16
 22  15 0.12
 22  16 0.12
 22  17 0.17
 22  18 0.16
 22  19 0.11
 22  20 0.30
 22  21 0.14
 22  22 0.24
