  1   1 0.59
  1   2 0.58
  1   3 0.65
  1   4 0.44
  1   5 0.53
  1   6 0.67
  1   7 0.53
  1   8 0.64
  1   9 0.49
  1  10 0.45
  1  11 0.68
  1  12 0.55
  1  13 0.65
  1  14 0.52
  1  15 0.46
  1  16 0.53
  1  17 0.69
  1  18 0.60
  1  19 0.76
  1  20 0.66
  1  21 0.45
  1  22 0.53
  2   1 0.50
  2   2 0.68
  2   3 0.59
  2   4 0.41
  2   5 0.63
  2   6 0.52
  2   7 0.29
  2   8 0.53
  2   9 0.83
  2  10 0.51
  2  11 0.72
  2  12 0.64
  2  13 0.70
  2  14 0.64
  2  15 0.74
  2  16 0.69
  2  17 0.52
  2  18 0.41
  2  19 0.50
  2  20 0.33
  2  21 0.17
  2  22 0.51
  3   1 0.60
  3   2 0.57
  3   3 0.43
  3   4 0.40
  3   5 0.69
  3   6 0.72
  3   7 0.35
  3   8 0.62
  3   9 0.58
  3  10 0.36
  3  11 0.53
  3  12 0.57
  3  13 0.68
  3  14 0.67
  3  15 0.64
  3  16 0.68
  3  17 0.44
  3  18 0.66
  3  19 0.63
  3  20 0.37
  3  21 0.23
  3  22 0.36
  4   1 0.59
  4   2 0.57
  4   3 0.44
  4   4 0.62
  4   5 0.49
  4   6 0.72
  4   7 0.58
  4   8 0.77
  4   9 0.47
  4  10 0.38
  4  11 0.57
  4  12 0.46
  4  13 0.57
  4  14 0.60
  4  15 0.48
  4  16 0.52
  4  17 0.68
  4  18 0.67
  4  19 0.72
  4  20 0.48
  4  21 0.35
  4  22 0.41
  5   1 0.50
  5   2 0.56
  5   3 0.46
  5   4 0.43
  5   5 0.76
  5   6 0.68
  5   7 0.34
  5   8 0.71
  5   9 0.61
  5  10 0.30
  5  11 0.62
  5  12 0.66
  5  13 0.90
  5  14 0.71
  5  15 0.80
  5  16 0.68
  5  17 0.57
  5  18 0.73
  5  19 0.63
  5  20 0.43
  5  21 0.24
  5  22 0.42
  6   1 0.59
  6   2 0.68
  6   3 0.68
  6   4 0.57
  6   5 0.64
  6   6 0.68
  6   7 0.46
  6   8 0.74
  6   9 0.72
  6  10 0.50
  6  11 0.74
  6  12 0.61
  6  13 0.71
  6  14 0.70
  6  15 0.68
  6  16 0.74
  6  17 0.62
  6  18 0.57
  6  19 0.67
  6  20 0.44
  6  21 0.19
  6  22 0.52
  7   1 0.44
  7   2 0.45
  7   3 0.49
  7   4 0.56
  7   5 0.67
  7   6 0.60
  7   7 0.39
  7   8 0.76
  7   9 0.52
  7  10 0.33
  7  11 0.72
  7  12 0.72
  7  13 0.71
  7  14 0.60
  7  15 0.59
  7  16 0.63
  7  17 0.65
  7  18 0.61
  7  19 0.62
  7  20 0.52
  7  21 0.21
  7  22 0.48
  8   1 0.72
  8   2 0.75
  8   3 0.58
  8   4 0.63
  8   5 0.56
  8   6 0.74
  8   7 0.55
  8   8 0.70
  8   9 0.69
  8  10 0.58
  8  11 0.68
  8  12 0.57
  8  13 0.56
  8  14 0.72
  8  15 0.54
  8  16 0.66
  8  17 0.68
  8  18 0.53
  8  19 0.74
  8  20 0.54
  8  21 0.39
  8  22 0.58
  9   1 0.60
  9   2 0.61
  9   3 0.61
  9   4 0.32
  9   5 0.38
  9   6 0.57
  9   7 0.44
  9   8 0.44
  9   9 0.54
  9  10 0.56
  9  11 0.65
  9  12 0.43
  9  13 0.44
  9  14 0.42
  9  15 0.32
  9  16 0.48
  9  17 0.62
  9  18 0.36
  9  19 0.62
  9  20 0.66
  9  21 0.38
  9  22 0.61
 10   1 0.65
 10   2 0.63
 10   3 0.71
 10   4 0.49
 10   5 0.72
 10   6 0.74
 10   7 0.49
 10   8 0.76
 10   9 0.59
 10  10 0.46
 10  11 0.73
 10  12 0.60
 10  13 0.78
 10  14 0.67
 10  15 0.64
 10  16 0.66
 10  17 0.69
 10  18 0.66
 10  19 0.79
 10  20 0.63
 10  21 0.37
 10  22 0.52
 11   1 0.57
 11   2 0.66
 11   3 0.56
 11   4 0.49
 11   5 0.71
 11   6 0.67
 11   7 0.36
 11   8 0.78
 11   9 0.62
 11  10 0.44
 11  11 0.72
 11  12 0.69
 11  13 0.77
 11  14 0.74
 11  15 0.73
 11  16 0.69
 11  17 0.64
 11  18 0.64
 11  19 0.63
 11  20 0.52
 11  21 0.24
 11  22 0.53
 12   1 0.39
 12   2 0.48
 12   3 0.37
 12   4 0.50
 12   5 0.47
 12   6 0.42
 12   7 0.33
 12   8 0.43
 12   9 0.60
 12  10 0.36
 12  11 0.50
 12  12 0.53
 12  13 0.43
 12  14 0.60
 12  15 0.47
 12  16 0.62
 12  17 0.44
 12  18 0.39
 12  19 0.40
 12  20 0.24
 12  21 0.22
 12  22 0.52
 13   1 0.35
 13   2 0.46
 13   3 0.58
 13   4 0.26
 13   5 0.17
 13   6 0.33
 13   7 0.36
 13   8 0.26
 13   9 0.31
 13  10 0.44
 13  11 0.47
 13  12 0.28
 13  13 0.25
 13  14 0.23
 13  15 0.17
 13  16 0.23
 13  17 0.41
 13  18 0.22
 13  19 0.50
 13  20 0.46
 13  21 0.58
 13  22 0.39
 14   1 0.58
 14   2 0.52
 14   3 0.55
 14   4 0.47
 14   5 0.49
 14   6 0.63
 14   7 0.63
 14   8 0.61
 14   9 0.46
 14  10 0.42
 14  11 0.58
 14  12 0.45
 14  13 0.55
 14  14 0.48
 14  15 0.39
 14  16 0.45
 14  17 0.63
 14  18 0.51
 14  19 0.74
 14  20 0.67
 14  21 0.39
 14  22 0.53
 15   1 0.58
 15   2 0.61
 15   3 0.68
 15   4 0.45
 15   5 0.44
 15   6 0.62
 15   7 0.49
 15   8 0.60
 15   9 0.63
 15  10 0.60
 15  11 0.77
 15  12 0.54
 15  13 0.57
 15  14 0.53
 15  15 0.44
 15  16 0.57
 15  17 0.74
 15  18 0.50
 15  19 0.67
 15  20 0.56
 15  21 0.33
 15  22 0.58
 16   1 0.61
 16   2 0.64
 16   3 0.55
 16   4 0.40
 16   5 0.48
 16   6 0.64
 16   7 0.49
 16   8 0.53
 16   9 0.54
 16  10 0.48
 16  11 0.65
 16  12 0.47
 16  13 0.60
 16  14 0.46
 16  15 0.45
 16  16 0.50
 16  17 0.59
 16  18 0.61
 16  19 0.69
 16  20 0.63
 16  21 0.34
 16  22 0.44
 17   1 0.56
 17   2 0.72
 17   3 0.71
 17   4 0.32
 17   5 0.44
 17   6 0.48
 17   7 0.28
 17   8 0.45
 17   9 0.75
 17  10 0.65
 17  11 0.66
 17  12 0.51
 17  13 0.45
 17  14 0.49
 17  15 0.45
 17  16 0.58
 17  17 0.50
 17  18 0.33
 17  19 0.50
 17  20 0.33
 17  21 0.27
 17  22 0.56
 18   1 0.47
 18   2 0.53
 18   3 0.48
 18   4 0.53
 18   5 0.67
 18   6 0.60
 18   7 0.39
 18   8 0.72
 18   9 0.50
 18  10 0.30
 18  11 0.67
 18  12 0.71
 18  13 0.72
 18  14 0.62
 18  15 0.62
 18  16 0.67
 18  17 0.66
 18  18 0.69
 18  19 0.60
 18  20 0.40
 18  21 0.22
 18  22 0.45
 19   1 0.52
 19   2 0.56
 19   3 0.49
 19   4 0.54
 19   5 0.83
 19   6 0.65
 19   7 0.37
 19   8 0.80
 19   9 0.59
 19  10 0.33
 19  11 0.66
 19  12 0.73
 19  13 0.80
 19  14 0.74
 19  15 0.73
 19  16 0.75
 19  17 0.57
 19  18 0.70
 19  19 0.61
 19  20 0.32
 19  21 0.15
 19  22 0.45
 20   1 0.59
 20   2 0.60
 20   3 0.51
 20   4 0.29
 20   5 0.32
 20   6 0.48
 20   7 0.31
 20   8 0.36
 20   9 0.57
 20  10 0.67
 20  11 0.52
 20  12 0.45
 20  13 0.34
 20  14 0.39
 20  15 0.29
 20  16 0.50
 20  17 0.55
 20  18 0.36
 20  19 0.55
 20  20 0.32
 20  21 0.36
 20  22 0.54
 21   1 0.70
 21   2 0.72
 21   3 0.68
 21   4 0.45
 21   5 0.48
 21   6 0.65
 21   7 0.43
 21   8 0.49
 21   9 0.63
 21  10 0.61
 21  11 0.68
 21  12 0.46
 21  13 0.47
 21  14 0.46
 21  15 0.36
 21  16 0.60
 21  17 0.53
 21  18 0.43
 21  19 0.69
 21  20 0.50
 21  21 0.36
 21  22 0.53
 22   1 0.68
 22   2 0.71
 22   3 0.53
 22   4 0.40
 22   5 0.52
 22   6 0.72
 22   7 0.34
 22   8 0.52
 22   9 0.75
 22  10 0.62
 22  11 0.63
 22  12 0.52
 22  13 0.48
 22  14 0.60
 22  15 0.48
 22  16 0.65
 22  17 0.52
 22  18 0.42
 22  19 0.64
 22  20 0.50
 22  21 0.32
 22  22 0.59
  1   1 0.59
  1   2 0.58
  1   3 0.64
  1   4 0.44
  1   5 0.53
  1   6 0.66
  1   7 0.52
  1   8 0.64
  1   9 0.48
  1  10 0.45
  1  11 0.68
  1  12 0.55
  1  13 0.65
  1  14 0.52
  1  15 0.46
  1  16 0.53
  1  17 0.69
  1  18 0.60
  1  19 0.76
  1  20 0.66
  1  21 0.45
  1  22 0.53
  2   1 0.50
  2   2 0.68
  2   3 0.59
  2   4 0.41
  2   5 0.63
  2   6 0.52
  2   7 0.29
  2   8 0.52
  2   9 0.83
  2  10 0.51
  2  11 0.72
  2  12 0.64
  2  13 0.70
  2  14 0.64
  2  15 0.74
  2  16 0.69
  2  17 0.51
  2  18 0.41
  2  19 0.50
  2  20 0.33
  2  21 0.17
  2  22 0.51
  3   1 0.60
  3   2 0.57
  3   3 0.43
  3   4 0.40
  3   5 0.69
  3   6 0.72
  3   7 0.34
  3   8 0.62
  3   9 0.58
  3  10 0.36
  3  11 0.53
  3  12 0.57
  3  13 0.68
  3  14 0.67
  3  15 0.64
  3  16 0.68
  3  17 0.44
  3  18 0.66
  3  19 0.63
  3  20 0.37
  3  21 0.23
  3  22 0.36
  4   1 0.59
  4   2 0.57
  4   3 0.44
  4   4 0.62
  4   5 0.49
  4   6 0.72
  4   7 0.58
  4   8 0.77
  4   9 0.47
  4  10 0.38
  4  11 0.57
  4  12 0.46
  4  13 0.57
  4  14 0.59
  4  15 0.48
  4  16 0.52
  4  17 0.68
  4  18 0.67
  4  19 0.72
  4  20 0.48
  4  21 0.34
  4  22 0.41
  5   1 0.50
  5   2 0.56
  5   3 0.46
  5   4 0.43
  5   5 0.76
  5   6 0.68
  5   7 0.34
  5   8 0.71
  5   9 0.61
  5  10 0.30
  5  11 0.62
  5  12 0.66
  5  13 0.90
  5  14 0.70
  5  15 0.80
  5  16 0.68
  5  17 0.57
  5  18 0.73
  5  19 0.63
  5  20 0.42
  5  21 0.24
  5  22 0.42
  6   1 0.59
  6   2 0.68
  6   3 0.68
  6   4 0.57
  6   5 0.64
  6   6 0.68
  6   7 0.46
  6   8 0.74
  6   9 0.72
  6  10 0.50
  6  11 0.74
  6  12 0.61
  6  13 0.71
  6  14 0.70
  6  15 0.68
  6  16 0.74
  6  17 0.61
  6  18 0.57
  6  19 0.67
  6  20 0.44
  6  21 0.19
  6  22 0.52
  7   1 0.44
  7   2 0.45
  7   3 0.49
  7   4 0.56
  7   5 0.67
  7   6 0.60
  7   7 0.39
  7   8 0.76
  7   9 0.52
  7  10 0.33
  7  11 0.71
  7  12 0.72
  7  13 0.71
  7  14 0.60
  7  15 0.59
  7  16 0.63
  7  17 0.65
  7  18 0.61
  7  19 0.61
  7  20 0.52
  7  21 0.21
  7  22 0.47
  8   1 0.72
  8   2 0.75
  8   3 0.58
  8   4 0.63
  8   5 0.56
  8   6 0.74
  8   7 0.55
  8   8 0.70
  8   9 0.69
  8  10 0.58
  8  11 0.68
  8  12 0.56
  8  13 0.56
  8  14 0.72
  8  15 0.54
  8  16 0.66
  8  17 0.68
  8  18 0.53
  8  19 0.74
  8  20 0.54
  8  21 0.39
  8  22 0.58
  9   1 0.60
  9   2 0.60
  9   3 0.61
  9   4 0.32
  9   5 0.38
  9   6 0.57
  9   7 0.44
  9   8 0.44
  9   9 0.54
  9  10 0.56
  9  11 0.64
  9  12 0.42
  9  13 0.44
  9  14 0.42
  9  15 0.32
  9  16 0.48
  9  17 0.62
  9  18 0.36
  9  19 0.61
  9  20 0.66
  9  21 0.38
  9  22 0.61
 10   1 0.65
 10   2 0.63
 10   3 0.71
 10   4 0.49
 10   5 0.72
 10   6 0.74
 10   7 0.49
 10   8 0.76
 10   9 0.59
 10  10 0.46
 10  11 0.73
 10  12 0.60
 10  13 0.78
 10  14 0.67
 10  15 0.64
 10  16 0.66
 10  17 0.69
 10  18 0.66
 10  19 0.79
 10  20 0.63
 10  21 0.37
 10  22 0.52
 11   1 0.57
 11   2 0.66
 11   3 0.56
 11   4 0.49
 11   5 0.71
 11   6 0.67
 11   7 0.36
 11   8 0.78
 11   9 0.62
 11  10 0.44
 11  11 0.72
 11  12 0.69
 11  13 0.77
 11  14 0.74
 11  15 0.73
 11  16 0.69
 11  17 0.63
 11  18 0.64
 11  19 0.63
 11  20 0.52
 11  21 0.24
 11  22 0.53
 12   1 0.39
 12   2 0.48
 12   3 0.37
 12   4 0.50
 12   5 0.47
 12   6 0.42
 12   7 0.33
 12   8 0.43
 12   9 0.60
 12  10 0.36
 12  11 0.50
 12  12 0.53
 12  13 0.43
 12  14 0.60
 12  15 0.47
 12  16 0.62
 12  17 0.44
 12  18 0.39
 12  19 0.40
 12  20 0.24
 12  21 0.22
 12  22 0.52
 13   1 0.35
 13   2 0.46
 13   3 0.58
 13   4 0.26
 13   5 0.17
 13   6 0.33
 13   7 0.35
 13   8 0.26
 13   9 0.31
 13  10 0.44
 13  11 0.47
 13  12 0.27
 13  13 0.24
 13  14 0.23
 13  15 0.16
 13  16 0.23
 13  17 0.40
 13  18 0.22
 13  19 0.50
 13  20 0.46
 13  21 0.58
 13  22 0.39
 14   1 0.58
 14   2 0.52
 14   3 0.55
 14   4 0.47
 14   5 0.49
 14   6 0.63
 14   7 0.63
 14   8 0.61
 14   9 0.46
 14  10 0.41
 14  11 0.58
 14  12 0.45
 14  13 0.55
 14  14 0.48
 14  15 0.39
 14  16 0.45
 14  17 0.63
 14  18 0.51
 14  19 0.74
 14  20 0.67
 14  21 0.39
 14  22 0.52
 15   1 0.58
 15   2 0.61
 15   3 0.68
 15   4 0.45
 15   5 0.43
 15   6 0.62
 15   7 0.49
 15   8 0.60
 15   9 0.63
 15  10 0.60
 15  11 0.77
 15  12 0.54
 15  13 0.57
 15  14 0.53
 15  15 0.44
 15  16 0.57
 15  17 0.74
 15  18 0.49
 15  19 0.67
 15  20 0.56
 15  21 0.32
 15  22 0.58
 16   1 0.61
 16   2 0.64
 16   3 0.54
 16   4 0.40
 16   5 0.48
 16   6 0.64
 16   7 0.49
 16   8 0.53
 16   9 0.54
 16  10 0.48
 16  11 0.65
 16  12 0.47
 16  13 0.60
 16  14 0.46
 16  15 0.45
 16  16 0.50
 16  17 0.58
 16  18 0.61
 16  19 0.68
 16  20 0.63
 16  21 0.34
 16  22 0.44
 17   1 0.56
 17   2 0.72
 17   3 0.71
 17   4 0.32
 17   5 0.44
 17   6 0.48
 17   7 0.28
 17   8 0.45
 17   9 0.75
 17  10 0.65
 17  11 0.66
 17  12 0.51
 17  13 0.45
 17  14 0.49
 17  15 0.45
 17  16 0.58
 17  17 0.49
 17  18 0.33
 17  19 0.50
 17  20 0.33
 17  21 0.26
 17  22 0.55
 18   1 0.47
 18   2 0.53
 18   3 0.48
 18   4 0.53
 18   5 0.67
 18   6 0.60
 18   7 0.39
 18   8 0.72
 18   9 0.49
 18  10 0.30
 18  11 0.67
 18  12 0.71
 18  13 0.72
 18  14 0.62
 18  15 0.62
 18  16 0.66
 18  17 0.66
 18  18 0.69
 18  19 0.60
 18  20 0.40
 18  21 0.22
 18  22 0.45
 19   1 0.52
 19   2 0.56
 19   3 0.49
 19   4 0.54
 19   5 0.83
 19   6 0.65
 19   7 0.37
 19   8 0.80
 19   9 0.59
 19  10 0.32
 19  11 0.66
 19  12 0.73
 19  13 0.80
 19  14 0.74
 19  15 0.73
 19  16 0.75
 19  17 0.57
 19  18 0.70
 19  19 0.60
 19  20 0.32
 19  21 0.15
 19  22 0.45
 20   1 0.59
 20   2 0.60
 20   3 0.51
 20   4 0.29
 20   5 0.32
 20   6 0.48
 20   7 0.31
 20   8 0.35
 20   9 0.57
 20  10 0.67
 20  11 0.52
 20  12 0.45
 20  13 0.34
 20  14 0.39
 20  15 0.29
 20  16 0.49
 20  17 0.54
 20  18 0.35
 20  19 0.55
 20  20 0.32
 20  21 0.36
 20  22 0.54
 21   1 0.70
 21   2 0.72
 21   3 0.68
 21   4 0.45
 21   5 0.47
 21   6 0.65
 21   7 0.43
 21   8 0.49
 21   9 0.63
 21  10 0.61
 21  11 0.68
 21  12 0.46
 21  13 0.47
 21  14 0.46
 21  15 0.36
 21  16 0.60
 21  17 0.53
 21  18 0.43
 21  19 0.69
 21  20 0.50
 21  21 0.35
 21  22 0.52
 22   1 0.68
 22   2 0.71
 22   3 0.53
 22   4 0.40
 22   5 0.51
 22   6 0.72
 22   7 0.34
 22   8 0.51
 22   9 0.75
 22  10 0.62
 22  11 0.62
 22  12 0.52
 22  13 0.48
 22  14 0.59
 22  15 0.48
 22  16 0.65
 22  17 0.52
 22  18 0.42
 22  19 0.64
 22  20 0.50
 22  21 0.32
 22  22 0.59
