  1   1 0.52
  1   2 0.38
  1   3 0.23
  1   4 0.05
  1   5 0.50
  1   6 0.62
  1   7 0.44
  1   8 0.40
  1   9 0.53
  1  10 0.56
  1  11 0.56
  1  12 0.53
  1  13 0.58
  1  14 0.60
  1  15 0.60
  1  16 0.55
  1  17 0.45
  1  18 0.58
  1  19 0.66
  1  20 0.47
  1  21 0.64
  1  22 0.53
  2   1 0.57
  2   2 0.40
  2   3 0.33
  2   4 0.07
  2   5 0.52
  2   6 0.67
  2   7 0.36
  2   8 0.25
  2   9 0.60
  2  10 0.54
  2  11 0.62
  2  12 0.32
  2  13 0.63
  2  14 0.40
  2  15 0.52
  2  16 0.62
  2  17 0.45
  2  18 0.51
  2  19 0.51
  2  20 0.66
  2  21 0.59
  2  22 0.39
  3   1 0.52
  3   2 0.32
  3   3 0.26
  3   4 0.05
  3   5 0.48
  3   6 0.60
  3   7 0.49
  3   8 0.40
  3   9 0.47
  3  10 0.56
  3  11 0.55
  3  12 0.55
  3  13 0.55
  3  14 0.56
  3  15 0.60
  3  16 0.57
  3  17 0.47
  3  18 0.61
  3  19 0.71
  3  20 0.51
  3  21 0.64
  3  22 0.47
  4   1 0.40
  4   2 0.30
  4   3 0.24
  4   4 0.05
  4   5 0.38
  4   6 0.46
  4   7 0.40
  4   8 0.25
  4   9 0.39
  4  10 0.42
  4  11 0.47
  4  12 0.29
  4  13 0.44
  4  14 0.33
  4  15 0.43
  4  16 0.46
  4  17 0.31
  4  18 0.45
  4  19 0.46
  4  20 0.43
  4  21 0.43
  4  22 0.28
  5   1 0.47
  5   2 0.30
  5   3 0.28
  5   4 0.06
  5   5 0.46
  5   6 0.51
  5   7 0.52
  5   8 0.27
  5   9 0.46
  5  10 0.50
  5  11 0.53
  5  12 0.31
  5  13 0.50
  5  14 0.39
  5  15 0.48
  5  16 0.55
  5  17 0.40
  5  18 0.57
  5  19 0.47
  5  20 0.53
  5  21 0.53
  5  22 0.31
  6   1 0.52
  6   2 0.39
  6   3 0.26
  6   4 0.06
  6   5 0.51
  6   6 0.66
  6   7 0.41
  6   8 0.37
  6   9 0.55
  6  10 0.59
  6  11 0.63
  6  12 0.50
  6  13 0.65
  6  14 0.61
  6  15 0.60
  6  16 0.54
  6  17 0.40
  6  18 0.54
  6  19 0.61
  6  20 0.54
  6  21 0.66
  6  22 0.51
  7   1 0.45
  7   2 0.37
  7   3 0.25
  7   4 0.04
  7   5 0.45
  7   6 0.52
  7   7 0.26
  7   8 0.23
  7   9 0.44
  7  10 0.46
  7  11 0.48
  7  12 0.32
  7  13 0.48
  7  14 0.34
  7  15 0.47
  7  16 0.50
  7  17 0.40
  7  18 0.49
  7  19 0.41
  7  20 0.47
  7  21 0.47
  7  22 0.31
  8   1 0.51
  8   2 0.49
  8   3 0.11
  8   4 0.01
  8   5 0.34
  8   6 0.50
  8   7 0.13
  8   8 0.30
  8   9 0.43
  8  10 0.41
  8  11 0.36
  8  12 0.41
  8  13 0.43
  8  14 0.44
  8  15 0.57
  8  16 0.38
  8  17 0.41
  8  18 0.42
  8  19 0.39
  8  20 0.32
  8  21 0.49
  8  22 0.45
  9   1 0.62
  9   2 0.51
  9   3 0.22
  9   4 0.04
  9   5 0.50
  9   6 0.67
  9   7 0.36
  9   8 0.33
  9   9 0.58
  9  10 0.60
  9  11 0.62
  9  12 0.48
  9  13 0.65
  9  14 0.56
  9  15 0.66
  9  16 0.54
  9  17 0.44
  9  18 0.58
  9  19 0.56
  9  20 0.51
  9  21 0.67
  9  22 0.52
 10   1 0.49
 10   2 0.32
 10   3 0.29
 10   4 0.06
 10   5 0.50
 10   6 0.51
 10   7 0.59
 10   8 0.31
 10   9 0.51
 10  10 0.57
 10  11 0.56
 10  12 0.39
 10  13 0.56
 10  14 0.43
 10  15 0.58
 10  16 0.61
 10  17 0.43
 10  18 0.61
 10  19 0.60
 10  20 0.51
 10  21 0.57
 10  22 0.33
 11   1 0.46
 11   2 0.41
 11   3 0.28
 11   4 0.05
 11   5 0.53
 11   6 0.58
 11   7 0.49
 11   8 0.35
 11   9 0.48
 11  10 0.53
 11  11 0.57
 11  12 0.44
 11  13 0.57
 11  14 0.49
 11  15 0.52
 11  16 0.58
 11  17 0.40
 11  18 0.55
 11  19 0.55
 11  20 0.47
 11  21 0.60
 11  22 0.41
 12   1 0.45
 12   2 0.29
 12   3 0.19
 12   4 0.03
 12   5 0.46
 12   6 0.49
 12   7 0.45
 12   8 0.29
 12   9 0.39
 12  10 0.50
 12  11 0.51
 12  12 0.38
 12  13 0.51
 12  14 0.42
 12  15 0.46
 12  16 0.49
 12  17 0.37
 12  18 0.62
 12  19 0.51
 12  20 0.47
 12  21 0.49
 12  22 0.33
 13   1 0.53
 13   2 0.29
 13   3 0.15
 13   4 0.03
 13   5 0.45
 13   6 0.55
 13   7 0.36
 13   8 0.30
 13   9 0.48
 13  10 0.47
 13  11 0.49
 13  12 0.55
 13  13 0.52
 13  14 0.50
 13  15 0.63
 13  16 0.48
 13  17 0.42
 13  18 0.53
 13  19 0.71
 13  20 0.44
 13  21 0.59
 13  22 0.45
 14   1 0.34
 14   2 0.18
 14   3 0.20
 14   4 0.05
 14   5 0.39
 14   6 0.38
 14   7 0.42
 14   8 0.31
 14   9 0.38
 14  10 0.37
 14  11 0.41
 14  12 0.27
 14  13 0.37
 14  14 0.28
 14  15 0.44
 14  16 0.45
 14  17 0.39
 14  18 0.39
 14  19 0.47
 14  20 0.36
 14  21 0.38
 14  22 0.19
 15   1 0.49
 15   2 0.44
 15   3 0.23
 15   4 0.04
 15   5 0.54
 15   6 0.62
 15   7 0.33
 15   8 0.45
 15   9 0.50
 15  10 0.50
 15  11 0.55
 15  12 0.48
 15  13 0.51
 15  14 0.47
 15  15 0.53
 15  16 0.55
 15  17 0.50
 15  18 0.49
 15  19 0.56
 15  20 0.48
 15  21 0.49
 15  22 0.52
 16   1 0.52
 16   2 0.42
 16   3 0.15
 16   4 0.03
 16   5 0.38
 16   6 0.63
 16   7 0.28
 16   8 0.37
 16   9 0.52
 16  10 0.41
 16  11 0.45
 16  12 0.58
 16  13 0.56
 16  14 0.60
 16  15 0.59
 16  16 0.48
 16  17 0.42
 16  18 0.51
 16  19 0.59
 16  20 0.39
 16  21 0.56
 16  22 0.63
 17   1 0.50
 17   2 0.56
 17   3 0.23
 17   4 0.05
 17   5 0.49
 17   6 0.54
 17   7 0.20
 17   8 0.14
 17   9 0.47
 17  10 0.49
 17  11 0.52
 17  12 0.36
 17  13 0.52
 17  14 0.32
 17  15 0.44
 17  16 0.55
 17  17 0.34
 17  18 0.40
 17  19 0.37
 17  20 0.47
 17  21 0.50
 17  22 0.32
 18   1 0.43
 18   2 0.37
 18   3 0.10
 18   4 0.02
 18   5 0.30
 18   6 0.58
 18   7 0.14
 18   8 0.37
 18   9 0.50
 18  10 0.34
 18  11 0.34
 18  12 0.52
 18  13 0.47
 18  14 0.58
 18  15 0.52
 18  16 0.40
 18  17 0.37
 18  18 0.43
 18  19 0.53
 18  20 0.30
 18  21 0.47
 18  22 0.65
 19   1 0.59
 19   2 0.39
 19   3 0.20
 19   4 0.03
 19   5 0.54
 19   6 0.67
 19   7 0.33
 19   8 0.38
 19   9 0.58
 19  10 0.60
 19  11 0.59
 19  12 0.47
 19  13 0.58
 19  14 0.60
 19  15 0.63
 19  16 0.53
 19  17 0.48
 19  18 0.53
 19  19 0.65
 19  20 0.49
 19  21 0.60
 19  22 0.51
 20   1 0.27
 20   2 0.19
 20   3 0.30
 20   4 0.07
 20   5 0.25
 20   6 0.26
 20   7 0.23
 20   8 0.20
 20   9 0.22
 20  10 0.23
 20  11 0.27
 20  12 0.18
 20  13 0.27
 20  14 0.21
 20  15 0.28
 20  16 0.31
 20  17 0.22
 20  18 0.28
 20  19 0.23
 20  20 0.30
 20  21 0.27
 20  22 0.18
 21   1 0.42
 21   2 0.24
 21   3 0.32
 21   4 0.07
 21   5 0.48
 21   6 0.53
 21   7 0.55
 21   8 0.25
 21   9 0.46
 21  10 0.51
 21  11 0.54
 21  12 0.26
 21  13 0.49
 21  14 0.37
 21  15 0.48
 21  16 0.55
 21  17 0.33
 21  18 0.62
 21  19 0.51
 21  20 0.60
 21  21 0.54
 21  22 0.28
 22   1 0.56
 22   2 0.37
 22   3 0.31
 22   4 0.04
 22   5 0.51
 22   6 0.59
 22   7 0.55
 22   8 0.47
 22   9 0.52
 22  10 0.53
 22  11 0.59
 22  12 0.43
 22  13 0.63
 22  14 0.57
 22  15 0.62
 22  16 0.55
 22  17 0.53
 22  18 0.58
 22  19 0.64
 22  20 0.53
 22  21 0.62
 22  22 0.49
  1   1 0.51
  1   2 0.37
  1   3 0.23
  1   4 0.05
  1   5 0.50
  1   6 0.61
  1   7 0.44
  1   8 0.39
  1   9 0.53
  1  10 0.56
  1  11 0.56
  1  12 0.53
  1  13 0.58
  1  14 0.60
  1  15 0.60
  1  16 0.55
  1  17 0.44
  1  18 0.57
  1  19 0.65
  1  20 0.46
  1  21 0.63
  1  22 0.53
  2   1 0.56
  2   2 0.40
  2   3 0.33
  2   4 0.07
  2   5 0.52
  2   6 0.67
  2   7 0.36
  2   8 0.24
  2   9 0.60
  2  10 0.54
  2  11 0.62
  2  12 0.32
  2  13 0.63
  2  14 0.39
  2  15 0.51
  2  16 0.62
  2  17 0.45
  2  18 0.51
  2  19 0.51
  2  20 0.66
  2  21 0.59
  2  22 0.39
  3   1 0.51
  3   2 0.32
  3   3 0.26
  3   4 0.05
  3   5 0.48
  3   6 0.60
  3   7 0.49
  3   8 0.40
  3   9 0.46
  3  10 0.56
  3  11 0.55
  3  12 0.54
  3  13 0.55
  3  14 0.56
  3  15 0.60
  3  16 0.57
  3  17 0.46
  3  18 0.61
  3  19 0.70
  3  20 0.51
  3  21 0.64
  3  22 0.46
  4   1 0.39
  4   2 0.30
  4   3 0.24
  4   4 0.05
  4   5 0.37
  4   6 0.46
  4   7 0.40
  4   8 0.25
  4   9 0.38
  4  10 0.42
  4  11 0.47
  4  12 0.29
  4  13 0.44
  4  14 0.33
  4  15 0.43
  4  16 0.46
  4  17 0.30
  4  18 0.45
  4  19 0.46
  4  20 0.43
  4  21 0.43
  4  22 0.28
  5   1 0.47
  5   2 0.29
  5   3 0.28
  5   4 0.06
  5   5 0.46
  5   6 0.51
  5   7 0.52
  5   8 0.27
  5   9 0.46
  5  10 0.50
  5  11 0.53
  5  12 0.31
  5  13 0.50
  5  14 0.39
  5  15 0.48
  5  16 0.55
  5  17 0.39
  5  18 0.57
  5  19 0.47
  5  20 0.52
  5  21 0.53
  5  22 0.31
  6   1 0.52
  6   2 0.39
  6   3 0.26
  6   4 0.06
  6   5 0.51
  6   6 0.66
  6   7 0.41
  6   8 0.37
  6   9 0.55
  6  10 0.59
  6  11 0.63
  6  12 0.50
  6  13 0.65
  6  14 0.61
  6  15 0.60
  6  16 0.54
  6  17 0.40
  6  18 0.54
  6  19 0.61
  6  20 0.54
  6  21 0.66
  6  22 0.51
  7   1 0.45
  7   2 0.37
  7   3 0.25
  7   4 0.04
  7   5 0.45
  7   6 0.51
  7   7 0.26
  7   8 0.23
  7   9 0.43
  7  10 0.46
  7  11 0.48
  7  12 0.32
  7  13 0.48
  7  14 0.34
  7  15 0.47
  7  16 0.50
  7  17 0.39
  7  18 0.49
  7  19 0.40
  7  20 0.47
  7  21 0.47
  7  22 0.30
  8   1 0.51
  8   2 0.49
  8   3 0.11
  8   4 0.01
  8   5 0.33
  8   6 0.50
  8   7 0.13
  8   8 0.30
  8   9 0.43
  8  10 0.41
  8  11 0.36
  8  12 0.41
  8  13 0.43
  8  14 0.44
  8  15 0.57
  8  16 0.37
  8  17 0.40
  8  18 0.42
  8  19 0.38
  8  20 0.32
  8  21 0.49
  8  22 0.45
  9   1 0.62
  9   2 0.51
  9   3 0.22
  9   4 0.04
  9   5 0.49
  9   6 0.67
  9   7 0.36
  9   8 0.32
  9   9 0.58
  9  10 0.60
  9  11 0.62
  9  12 0.48
  9  13 0.65
  9  14 0.56
  9  15 0.66
  9  16 0.54
  9  17 0.44
  9  18 0.57
  9  19 0.55
  9  20 0.51
  9  21 0.67
  9  22 0.51
 10   1 0.48
 10   2 0.31
 10   3 0.29
 10   4 0.06
 10   5 0.50
 10   6 0.51
 10   7 0.59
 10   8 0.31
 10   9 0.51
 10  10 0.57
 10  11 0.56
 10  12 0.39
 10  13 0.56
 10  14 0.43
 10  15 0.58
 10  16 0.61
 10  17 0.43
 10  18 0.61
 10  19 0.60
 10  20 0.51
 10  21 0.56
 10  22 0.33
 11   1 0.46
 11   2 0.41
 11   3 0.28
 11   4 0.05
 11   5 0.53
 11   6 0.58
 11   7 0.49
 11   8 0.35
 11   9 0.48
 11  10 0.52
 11  11 0.56
 11  12 0.44
 11  13 0.57
 11  14 0.48
 11  15 0.52
 11  16 0.58
 11  17 0.39
 11  18 0.55
 11  19 0.55
 11  20 0.46
 11  21 0.60
 11  22 0.41
 12   1 0.44
 12   2 0.28
 12   3 0.19
 12   4 0.03
 12   5 0.45
 12   6 0.49
 12   7 0.45
 12   8 0.28
 12   9 0.39
 12  10 0.50
 12  11 0.51
 12  12 0.38
 12  13 0.51
 12  14 0.42
 12  15 0.46
 12  16 0.49
 12  17 0.37
 12  18 0.61
 12  19 0.51
 12  20 0.47
 12  21 0.49
 12  22 0.33
 13   1 0.53
 13   2 0.29
 13   3 0.15
 13   4 0.03
 13   5 0.44
 13   6 0.55
 13   7 0.36
 13   8 0.30
 13   9 0.48
 13  10 0.46
 13  11 0.49
 13  12 0.55
 13  13 0.52
 13  14 0.50
 13  15 0.63
 13  16 0.48
 13  17 0.42
 13  18 0.53
 13  19 0.70
 13  20 0.44
 13  21 0.59
 13  22 0.45
 14   1 0.34
 14   2 0.18
 14   3 0.20
 14   4 0.05
 14   5 0.39
 14   6 0.38
 14   7 0.42
 14   8 0.30
 14   9 0.38
 14  10 0.37
 14  11 0.41
 14  12 0.27
 14  13 0.37
 14  14 0.28
 14  15 0.44
 14  16 0.45
 14  17 0.39
 14  18 0.39
 14  19 0.46
 14  20 0.36
 14  21 0.38
 14  22 0.18
 15   1 0.48
 15   2 0.44
 15   3 0.22
 15   4 0.04
 15   5 0.53
 15   6 0.61
 15   7 0.32
 15   8 0.45
 15   9 0.49
 15  10 0.50
 15  11 0.55
 15  12 0.48
 15  13 0.51
 15  14 0.47
 15  15 0.52
 15  16 0.55
 15  17 0.50
 15  18 0.49
 15  19 0.56
 15  20 0.47
 15  21 0.49
 15  22 0.52
 16   1 0.52
 16   2 0.42
 16   3 0.15
 16   4 0.03
 16   5 0.38
 16   6 0.63
 16   7 0.27
 16   8 0.37
 16   9 0.52
 16  10 0.41
 16  11 0.45
 16  12 0.58
 16  13 0.56
 16  14 0.60
 16  15 0.59
 16  16 0.48
 16  17 0.42
 16  18 0.51
 16  19 0.59
 16  20 0.39
 16  21 0.55
 16  22 0.63
 17   1 0.49
 17   2 0.56
 17   3 0.23
 17   4 0.05
 17   5 0.49
 17   6 0.54
 17   7 0.20
 17   8 0.14
 17   9 0.47
 17  10 0.49
 17  11 0.52
 17  12 0.36
 17  13 0.52
 17  14 0.32
 17  15 0.44
 17  16 0.55
 17  17 0.33
 17  18 0.40
 17  19 0.37
 17  20 0.47
 17  21 0.50
 17  22 0.32
 18   1 0.43
 18   2 0.36
 18   3 0.10
 18   4 0.02
 18   5 0.30
 18   6 0.58
 18   7 0.14
 18   8 0.37
 18   9 0.50
 18  10 0.34
 18  11 0.34
 18  12 0.52
 18  13 0.46
 18  14 0.57
 18  15 0.51
 18  16 0.40
 18  17 0.36
 18  18 0.43
 18  19 0.53
 18  20 0.30
 18  21 0.47
 18  22 0.64
 19   1 0.58
 19   2 0.39
 19   3 0.20
 19   4 0.03
 19   5 0.53
 19   6 0.67
 19   7 0.32
 19   8 0.38
 19   9 0.58
 19  10 0.60
 19  11 0.59
 19  12 0.46
 19  13 0.58
 19  14 0.60
 19  15 0.62
 19  16 0.53
 19  17 0.47
 19  18 0.53
 19  19 0.65
 19  20 0.49
 19  21 0.60
 19  22 0.51
 20   1 0.27
 20   2 0.19
 20   3 0.30
 20   4 0.07
 20   5 0.25
 20   6 0.25
 20   7 0.23
 20   8 0.20
 20   9 0.22
 20  10 0.23
 20  11 0.26
 20  12 0.18
 20  13 0.27
 20  14 0.21
 20  15 0.28
 20  16 0.31
 20  17 0.22
 20  18 0.28
 20  19 0.22
 20  20 0.30
 20  21 0.27
 20  22 0.18
 21   1 0.42
 21   2 0.24
 21   3 0.32
 21   4 0.07
 21   5 0.48
 21   6 0.52
 21   7 0.54
 21   8 0.25
 21   9 0.46
 21  10 0.50
 21  11 0.54
 21  12 0.25
 21  13 0.48
 21  14 0.37
 21  15 0.48
 21  16 0.55
 21  17 0.32
 21  18 0.62
 21  19 0.51
 21  20 0.60
 21  21 0.54
 21  22 0.28
 22   1 0.56
 22   2 0.36
 22   3 0.30
 22   4 0.04
 22   5 0.50
 22   6 0.59
 22   7 0.55
 22   8 0.47
 22   9 0.52
 22  10 0.52
 22  11 0.59
 22  12 0.42
 22  13 0.62
 22  14 0.56
 22  15 0.61
 22  16 0.54
 22  17 0.53
 22  18 0.58
 22  19 0.64
 22  20 0.53
 22  21 0.61
 22  22 0.49
