  1   1 0.64
  1   2 0.62
  1   3 0.74
  1   4 0.58
  1   5 0.71
  1   6 0.63
  1   7 0.51
  1   8 0.81
  1   9 0.70
  1  10 0.66
  1  11 0.75
  1  12 0.78
  1  13 0.61
  1  14 0.50
  1  15 0.57
  1  16 0.72
  1  17 0.71
  1  18 0.66
  1  19 0.64
  1  20 0.72
  1  21 0.69
  1  22 0.74
  2   1 0.60
  2   2 0.63
  2   3 0.73
  2   4 0.59
  2   5 0.62
  2   6 0.48
  2   7 0.58
  2   8 0.69
  2   9 0.67
  2  10 0.59
  2  11 0.68
  2  12 0.68
  2  13 0.66
  2  14 0.35
  2  15 0.64
  2  16 0.66
  2  17 0.59
  2  18 0.76
  2  19 0.50
  2  20 0.60
  2  21 0.69
  2  22 0.67
  3   1 0.58
  3   2 0.54
  3   3 0.68
  3   4 0.50
  3   5 0.67
  3   6 0.62
  3   7 0.47
  3   8 0.74
  3   9 0.65
  3  10 0.68
  3  11 0.76
  3  12 0.73
  3  13 0.57
  3  14 0.49
  3  15 0.58
  3  16 0.63
  3  17 0.72
  3  18 0.67
  3  19 0.65
  3  20 0.70
  3  21 0.69
  3  22 0.75
  4   1 0.72
  4   2 0.71
  4   3 0.72
  4   4 0.61
  4   5 0.72
  4   6 0.69
  4   7 0.53
  4   8 0.80
  4   9 0.80
  4  10 0.72
  4  11 0.79
  4  12 0.83
  4  13 0.65
  4  14 0.56
  4  15 0.64
  4  16 0.71
  4  17 0.74
  4  18 0.71
  4  19 0.69
  4  20 0.75
  4  21 0.72
  4  22 0.74
  5   1 0.73
  5   2 0.64
  5   3 0.66
  5   4 0.47
  5   5 0.75
  5   6 0.67
  5   7 0.40
  5   8 0.81
  5   9 0.69
  5  10 0.65
  5  11 0.72
  5  12 0.79
  5  13 0.56
  5  14 0.59
  5  15 0.52
  5  16 0.66
  5  17 0.74
  5  18 0.63
  5  19 0.72
  5  20 0.67
  5  21 0.69
  5  22 0.69
  6   1 0.65
  6   2 0.75
  6   3 0.77
  6   4 0.57
  6   5 0.70
  6   6 0.65
  6   7 0.68
  6   8 0.83
  6   9 0.80
  6  10 0.76
  6  11 0.83
  6  12 0.77
  6  13 0.80
  6  14 0.47
  6  15 0.78
  6  16 0.75
  6  17 0.71
  6  18 0.79
  6  19 0.61
  6  20 0.75
  6  21 0.81
  6  22 0.81
  7   1 0.72
  7   2 0.53
  7   3 0.60
  7   4 0.39
  7   5 0.64
  7   6 0.64
  7   7 0.24
  7   8 0.60
  7   9 0.56
  7  10 0.55
  7  11 0.52
  7  12 0.67
  7  13 0.47
  7  14 0.57
  7  15 0.35
  7  16 0.61
  7  17 0.66
  7  18 0.41
  7  19 0.68
  7  20 0.53
  7  21 0.51
  7  22 0.54
  8   1 0.69
  8   2 0.76
  8   3 0.68
  8   4 0.55
  8   5 0.63
  8   6 0.62
  8   7 0.66
  8   8 0.73
  8   9 0.79
  8  10 0.71
  8  11 0.72
  8  12 0.68
  8  13 0.73
  8  14 0.44
  8  15 0.75
  8  16 0.68
  8  17 0.63
  8  18 0.76
  8  19 0.61
  8  20 0.68
  8  21 0.75
  8  22 0.69
  9   1 0.60
  9   2 0.64
  9   3 0.66
  9   4 0.48
  9   5 0.66
  9   6 0.52
  9   7 0.68
  9   8 0.78
  9   9 0.68
  9  10 0.61
  9  11 0.76
  9  12 0.69
  9  13 0.68
  9  14 0.36
  9  15 0.69
  9  16 0.66
  9  17 0.60
  9  18 0.80
  9  19 0.56
  9  20 0.62
  9  21 0.71
  9  22 0.74
 10   1 0.77
 10   2 0.79
 10   3 0.76
 10   4 0.59
 10   5 0.71
 10   6 0.79
 10   7 0.53
 10   8 0.77
 10   9 0.82
 10  10 0.80
 10  11 0.74
 10  12 0.80
 10  13 0.72
 10  14 0.59
 10  15 0.67
 10  16 0.74
 10  17 0.76
 10  18 0.67
 10  19 0.71
 10  20 0.75
 10  21 0.77
 10  22 0.75
 11   1 0.78
 11   2 0.77
 11   3 0.68
 11   4 0.49
 11   5 0.70
 11   6 0.77
 11   7 0.58
 11   8 0.76
 11   9 0.77
 11  10 0.72
 11  11 0.72
 11  12 0.77
 11  13 0.70
 11  14 0.60
 11  15 0.70
 11  16 0.71
 11  17 0.73
 11  18 0.65
 11  19 0.75
 11  20 0.71
 11  21 0.73
 11  22 0.74
 12   1 0.72
 12   2 0.68
 12   3 0.70
 12   4 0.60
 12   5 0.67
 12   6 0.67
 12   7 0.56
 12   8 0.72
 12   9 0.77
 12  10 0.69
 12  11 0.71
 12  12 0.72
 12  13 0.68
 12  14 0.47
 12  15 0.70
 12  16 0.72
 12  17 0.68
 12  18 0.74
 12  19 0.68
 12  20 0.72
 12  21 0.71
 12  22 0.68
 13   1 0.70
 13   2 0.63
 13   3 0.70
 13   4 0.61
 13   5 0.74
 13   6 0.73
 13   7 0.43
 13   8 0.76
 13   9 0.74
 13  10 0.70
 13  11 0.72
 13  12 0.80
 13  13 0.58
 13  14 0.65
 13  15 0.55
 13  16 0.70
 13  17 0.79
 13  18 0.62
 13  19 0.70
 13  20 0.79
 13  21 0.67
 13  22 0.70
 14   1 0.65
 14   2 0.72
 14   3 0.78
 14   4 0.56
 14   5 0.70
 14   6 0.67
 14   7 0.62
 14   8 0.78
 14   9 0.78
 14  10 0.76
 14  11 0.78
 14  12 0.75
 14  13 0.79
 14  14 0.46
 14  15 0.71
 14  16 0.67
 14  17 0.74
 14  18 0.73
 14  19 0.63
 14  20 0.71
 14  21 0.78
 14  22 0.77
 15   1 0.61
 15   2 0.60
 15   3 0.61
 15   4 0.55
 15   5 0.68
 15   6 0.49
 15   7 0.63
 15   8 0.72
 15   9 0.68
 15  10 0.55
 15  11 0.75
 15  12 0.66
 15  13 0.58
 15  14 0.37
 15  15 0.67
 15  16 0.69
 15  17 0.56
 15  18 0.79
 15  19 0.50
 15  20 0.63
 15  21 0.67
 15  22 0.72
 16   1 0.71
 16   2 0.68
 16   3 0.75
 16   4 0.57
 16   5 0.67
 16   6 0.72
 16   7 0.45
 16   8 0.73
 16   9 0.73
 16  10 0.76
 16  11 0.72
 16  12 0.78
 16  13 0.69
 16  14 0.52
 16  15 0.60
 16  16 0.72
 16  17 0.77
 16  18 0.68
 16  19 0.70
 16  20 0.72
 16  21 0.73
 16  22 0.67
 17   1 0.72
 17   2 0.72
 17   3 0.67
 17   4 0.58
 17   5 0.61
 17   6 0.68
 17   7 0.65
 17   8 0.69
 17   9 0.79
 17  10 0.66
 17  11 0.66
 17  12 0.65
 17  13 0.71
 17  14 0.48
 17  15 0.72
 17  16 0.64
 17  17 0.63
 17  18 0.68
 17  19 0.64
 17  20 0.70
 17  21 0.68
 17  22 0.72
 18   1 0.68
 18   2 0.66
 18   3 0.71
 18   4 0.51
 18   5 0.74
 18   6 0.68
 18   7 0.58
 18   8 0.79
 18   9 0.75
 18  10 0.75
 18  11 0.81
 18  12 0.77
 18  13 0.69
 18  14 0.52
 18  15 0.66
 18  16 0.71
 18  17 0.75
 18  18 0.73
 18  19 0.68
 18  20 0.72
 18  21 0.74
 18  22 0.75
 19   1 0.72
 19   2 0.76
 19   3 0.76
 19   4 0.56
 19   5 0.71
 19   6 0.62
 19   7 0.61
 19   8 0.78
 19   9 0.81
 19  10 0.71
 19  11 0.79
 19  12 0.81
 19  13 0.72
 19  14 0.49
 19  15 0.69
 19  16 0.70
 19  17 0.69
 19  18 0.76
 19  19 0.63
 19  20 0.69
 19  21 0.80
 19  22 0.75
 20   1 0.58
 20   2 0.59
 20   3 0.77
 20   4 0.68
 20   5 0.61
 20   6 0.57
 20   7 0.59
 20   8 0.70
 20   9 0.73
 20  10 0.66
 20  11 0.71
 20  12 0.70
 20  13 0.68
 20  14 0.32
 20  15 0.66
 20  16 0.65
 20  17 0.61
 20  18 0.74
 20  19 0.56
 20  20 0.66
 20  21 0.67
 20  22 0.72
 21   1 0.56
 21   2 0.58
 21   3 0.61
 21   4 0.62
 21   5 0.60
 21   6 0.62
 21   7 0.72
 21   8 0.73
 21   9 0.76
 21  10 0.63
 21  11 0.71
 21  12 0.62
 21  13 0.63
 21  14 0.37
 21  15 0.74
 21  16 0.63
 21  17 0.62
 21  18 0.75
 21  19 0.55
 21  20 0.74
 21  21 0.63
 21  22 0.74
 22   1 0.67
 22   2 0.65
 22   3 0.78
 22   4 0.65
 22   5 0.68
 22   6 0.62
 22   7 0.59
 22   8 0.77
 22   9 0.80
 22  10 0.72
 22  11 0.76
 22  12 0.76
 22  13 0.67
 22  14 0.42
 22  15 0.68
 22  16 0.72
 22  17 0.71
 22  18 0.78
 22  19 0.63
 22  20 0.74
 22  21 0.71
 22  22 0.74
  1   1 0.64
  1   2 0.62
  1   3 0.74
  1   4 0.58
  1   5 0.71
  1   6 0.63
  1   7 0.50
  1   8 0.81
  1   9 0.69
  1  10 0.66
  1  11 0.75
  1  12 0.77
  1  13 0.61
  1  14 0.50
  1  15 0.57
  1  16 0.71
  1  17 0.70
  1  18 0.66
  1  19 0.64
  1  20 0.72
  1  21 0.69
  1  22 0.74
  2   1 0.60
  2   2 0.63
  2   3 0.73
  2   4 0.59
  2   5 0.62
  2   6 0.48
  2   7 0.58
  2   8 0.68
  2   9 0.67
  2  10 0.59
  2  11 0.68
  2  12 0.68
  2  13 0.66
  2  14 0.34
  2  15 0.63
  2  16 0.66
  2  17 0.58
  2  18 0.76
  2  19 0.50
  2  20 0.60
  2  21 0.68
  2  22 0.67
  3   1 0.58
  3   2 0.54
  3   3 0.68
  3   4 0.50
  3   5 0.66
  3   6 0.61
  3   7 0.47
  3   8 0.74
  3   9 0.65
  3  10 0.67
  3  11 0.76
  3  12 0.73
  3  13 0.57
  3  14 0.48
  3  15 0.57
  3  16 0.63
  3  17 0.71
  3  18 0.66
  3  19 0.65
  3  20 0.69
  3  21 0.69
  3  22 0.75
  4   1 0.72
  4   2 0.70
  4   3 0.72
  4   4 0.61
  4   5 0.72
  4   6 0.69
  4   7 0.52
  4   8 0.80
  4   9 0.80
  4  10 0.72
  4  11 0.79
  4  12 0.83
  4  13 0.65
  4  14 0.56
  4  15 0.64
  4  16 0.71
  4  17 0.74
  4  18 0.71
  4  19 0.69
  4  20 0.75
  4  21 0.72
  4  22 0.74
  5   1 0.73
  5   2 0.64
  5   3 0.66
  5   4 0.47
  5   5 0.75
  5   6 0.67
  5   7 0.40
  5   8 0.81
  5   9 0.68
  5  10 0.65
  5  11 0.72
  5  12 0.79
  5  13 0.56
  5  14 0.59
  5  15 0.51
  5  16 0.65
  5  17 0.74
  5  18 0.63
  5  19 0.72
  5  20 0.66
  5  21 0.69
  5  22 0.69
  6   1 0.64
  6   2 0.75
  6   3 0.77
  6   4 0.56
  6   5 0.70
  6   6 0.65
  6   7 0.68
  6   8 0.82
  6   9 0.80
  6  10 0.76
  6  11 0.82
  6  12 0.77
  6  13 0.80
  6  14 0.47
  6  15 0.78
  6  16 0.75
  6  17 0.71
  6  18 0.79
  6  19 0.60
  6  20 0.75
  6  21 0.80
  6  22 0.81
  7   1 0.72
  7   2 0.53
  7   3 0.60
  7   4 0.39
  7   5 0.64
  7   6 0.64
  7   7 0.23
  7   8 0.59
  7   9 0.56
  7  10 0.55
  7  11 0.52
  7  12 0.67
  7  13 0.47
  7  14 0.57
  7  15 0.34
  7  16 0.61
  7  17 0.65
  7  18 0.40
  7  19 0.68
  7  20 0.52
  7  21 0.50
  7  22 0.54
  8   1 0.68
  8   2 0.76
  8   3 0.68
  8   4 0.54
  8   5 0.62
  8   6 0.61
  8   7 0.66
  8   8 0.72
  8   9 0.79
  8  10 0.71
  8  11 0.71
  8  12 0.68
  8  13 0.73
  8  14 0.43
  8  15 0.75
  8  16 0.68
  8  17 0.63
  8  18 0.76
  8  19 0.60
  8  20 0.68
  8  21 0.75
  8  22 0.69
  9   1 0.59
  9   2 0.64
  9   3 0.66
  9   4 0.48
  9   5 0.66
  9   6 0.52
  9   7 0.68
  9   8 0.78
  9   9 0.68
  9  10 0.61
  9  11 0.75
  9  12 0.69
  9  13 0.68
  9  14 0.36
  9  15 0.69
  9  16 0.66
  9  17 0.60
  9  18 0.80
  9  19 0.55
  9  20 0.62
  9  21 0.71
  9  22 0.74
 10   1 0.76
 10   2 0.79
 10   3 0.76
 10   4 0.59
 10   5 0.70
 10   6 0.78
 10   7 0.53
 10   8 0.77
 10   9 0.82
 10  10 0.80
 10  11 0.74
 10  12 0.80
 10  13 0.71
 10  14 0.59
 10  15 0.67
 10  16 0.73
 10  17 0.76
 10  18 0.67
 10  19 0.71
 10  20 0.74
 10  21 0.76
 10  22 0.75
 11   1 0.78
 11   2 0.76
 11   3 0.68
 11   4 0.49
 11   5 0.70
 11   6 0.77
 11   7 0.58
 11   8 0.76
 11   9 0.77
 11  10 0.72
 11  11 0.72
 11  12 0.76
 11  13 0.69
 11  14 0.60
 11  15 0.70
 11  16 0.71
 11  17 0.72
 11  18 0.64
 11  19 0.75
 11  20 0.71
 11  21 0.73
 11  22 0.74
 12   1 0.71
 12   2 0.68
 12   3 0.70
 12   4 0.60
 12   5 0.66
 12   6 0.66
 12   7 0.56
 12   8 0.72
 12   9 0.77
 12  10 0.69
 12  11 0.71
 12  12 0.72
 12  13 0.68
 12  14 0.47
 12  15 0.70
 12  16 0.71
 12  17 0.68
 12  18 0.74
 12  19 0.67
 12  20 0.71
 12  21 0.71
 12  22 0.68
 13   1 0.70
 13   2 0.63
 13   3 0.70
 13   4 0.61
 13   5 0.74
 13   6 0.73
 13   7 0.43
 13   8 0.76
 13   9 0.74
 13  10 0.70
 13  11 0.72
 13  12 0.79
 13  13 0.58
 13  14 0.64
 13  15 0.55
 13  16 0.70
 13  17 0.79
 13  18 0.62
 13  19 0.69
 13  20 0.79
 13  21 0.66
 13  22 0.70
 14   1 0.65
 14   2 0.71
 14   3 0.78
 14   4 0.55
 14   5 0.70
 14   6 0.67
 14   7 0.62
 14   8 0.78
 14   9 0.78
 14  10 0.76
 14  11 0.78
 14  12 0.75
 14  13 0.78
 14  14 0.46
 14  15 0.71
 14  16 0.67
 14  17 0.74
 14  18 0.72
 14  19 0.63
 14  20 0.71
 14  21 0.77
 14  22 0.77
 15   1 0.61
 15   2 0.59
 15   3 0.61
 15   4 0.54
 15   5 0.68
 15   6 0.49
 15   7 0.62
 15   8 0.72
 15   9 0.67
 15  10 0.55
 15  11 0.75
 15  12 0.66
 15  13 0.57
 15  14 0.36
 15  15 0.67
 15  16 0.68
 15  17 0.56
 15  18 0.79
 15  19 0.50
 15  20 0.62
 15  21 0.67
 15  22 0.72
 16   1 0.71
 16   2 0.67
 16   3 0.75
 16   4 0.56
 16   5 0.67
 16   6 0.71
 16   7 0.45
 16   8 0.72
 16   9 0.73
 16  10 0.76
 16  11 0.72
 16  12 0.78
 16  13 0.69
 16  14 0.52
 16  15 0.60
 16  16 0.71
 16  17 0.77
 16  18 0.68
 16  19 0.69
 16  20 0.71
 16  21 0.72
 16  22 0.67
 17   1 0.71
 17   2 0.72
 17   3 0.66
 17   4 0.58
 17   5 0.61
 17   6 0.68
 17   7 0.64
 17   8 0.68
 17   9 0.79
 17  10 0.66
 17  11 0.66
 17  12 0.65
 17  13 0.71
 17  14 0.48
 17  15 0.71
 17  16 0.64
 17  17 0.63
 17  18 0.67
 17  19 0.64
 17  20 0.70
 17  21 0.67
 17  22 0.72
 18   1 0.68
 18   2 0.66
 18   3 0.71
 18   4 0.51
 18   5 0.74
 18   6 0.67
 18   7 0.58
 18   8 0.78
 18   9 0.75
 18  10 0.75
 18  11 0.81
 18  12 0.77
 18  13 0.69
 18  14 0.51
 18  15 0.66
 18  16 0.71
 18  17 0.75
 18  18 0.73
 18  19 0.68
 18  20 0.72
 18  21 0.74
 18  22 0.75
 19   1 0.72
 19   2 0.76
 19   3 0.76
 19   4 0.55
 19   5 0.71
 19   6 0.62
 19   7 0.60
 19   8 0.78
 19   9 0.80
 19  10 0.70
 19  11 0.79
 19  12 0.81
 19  13 0.72
 19  14 0.48
 19  15 0.69
 19  16 0.70
 19  17 0.69
 19  18 0.76
 19  19 0.63
 19  20 0.68
 19  21 0.80
 19  22 0.75
 20   1 0.57
 20   2 0.59
 20   3 0.77
 20   4 0.67
 20   5 0.61
 20   6 0.56
 20   7 0.59
 20   8 0.70
 20   9 0.72
 20  10 0.66
 20  11 0.71
 20  12 0.70
 20  13 0.68
 20  14 0.31
 20  15 0.66
 20  16 0.64
 20  17 0.61
 20  18 0.73
 20  19 0.56
 20  20 0.66
 20  21 0.66
 20  22 0.72
 21   1 0.56
 21   2 0.57
 21   3 0.61
 21   4 0.62
 21   5 0.60
 21   6 0.61
 21   7 0.72
 21   8 0.72
 21   9 0.76
 21  10 0.63
 21  11 0.71
 21  12 0.62
 21  13 0.63
 21  14 0.37
 21  15 0.74
 21  16 0.62
 21  17 0.61
 21  18 0.74
 21  19 0.55
 21  20 0.74
 21  21 0.62
 21  22 0.74
 22   1 0.67
 22   2 0.65
 22   3 0.78
 22   4 0.65
 22   5 0.68
 22   6 0.62
 22   7 0.59
 22   8 0.77
 22   9 0.80
 22  10 0.72
 22  11 0.76
 22  12 0.76
 22  13 0.67
 22  14 0.41
 22  15 0.68
 22  16 0.72
 22  17 0.71
 22  18 0.78
 22  19 0.63
 22  20 0.74
 22  21 0.71
 22  22 0.74
