  1   1 0.33
  1   2 0.23
  1   3 0.35
  1   4 0.36
  1   5 0.17
  1   6 0.55
  1   7 0.41
  1   8 0.34
  1   9 0.32
  1  10 0.20
  1  11 0.28
  1  12 0.40
  1  13 0.39
  1  14 0.46
  1  15 0.33
  1  16 0.57
  1  17 0.48
  1  18 0.34
  1  19 0.45
  1  20 0.23
  1  21 0.30
  1  22 0.42
  2   1 0.52
  2   2 0.34
  2   3 0.58
  2   4 0.14
  2   5 0.25
  2   6 0.52
  2   7 0.30
  2   8 0.29
  2   9 0.55
  2  10 0.15
  2  11 0.35
  2  12 0.46
  2  13 0.53
  2  14 0.56
  2  15 0.31
  2  16 0.61
  2  17 0.64
  2  18 0.22
  2  19 0.61
  2  20 0.29
  2  21 0.47
  2  22 0.55
  3   1 0.36
  3   2 0.27
  3   3 0.40
  3   4 0.30
  3   5 0.33
  3   6 0.61
  3   7 0.47
  3   8 0.46
  3   9 0.35
  3  10 0.40
  3  11 0.32
  3  12 0.47
  3  13 0.31
  3  14 0.43
  3  15 0.46
  3  16 0.42
  3  17 0.41
  3  18 0.53
  3  19 0.42
  3  20 0.31
  3  21 0.28
  3  22 0.44
  4   1 0.44
  4   2 0.19
  4   3 0.63
  4   4 0.09
  4   5 0.37
  4   6 0.56
  4   7 0.53
  4   8 0.33
  4   9 0.64
  4  10 0.26
  4  11 0.40
  4  12 0.48
  4  13 0.43
  4  14 0.55
  4  15 0.33
  4  16 0.52
  4  17 0.43
  4  18 0.44
  4  19 0.69
  4  20 0.30
  4  21 0.37
  4  22 0.56
  5   1 0.46
  5   2 0.31
  5   3 0.62
  5   4 0.11
  5   5 0.38
  5   6 0.57
  5   7 0.49
  5   8 0.34
  5   9 0.72
  5  10 0.23
  5  11 0.39
  5  12 0.52
  5  13 0.50
  5  14 0.50
  5  15 0.29
  5  16 0.53
  5  17 0.54
  5  18 0.36
  5  19 0.59
  5  20 0.37
  5  21 0.49
  5  22 0.55
  6   1 0.35
  6   2 0.15
  6   3 0.38
  6   4 0.22
  6   5 0.39
  6   6 0.64
  6   7 0.63
  6   8 0.55
  6   9 0.41
  6  10 0.34
  6  11 0.38
  6  12 0.44
  6  13 0.30
  6  14 0.49
  6  15 0.44
  6  16 0.51
  6  17 0.40
  6  18 0.57
  6  19 0.46
  6  20 0.25
  6  21 0.24
  6  22 0.47
  7   1 0.37
  7   2 0.37
  7   3 0.52
  7   4 0.12
  7   5 0.32
  7   6 0.41
  7   7 0.30
  7   8 0.31
  7   9 0.46
  7  10 0.26
  7  11 0.27
  7  12 0.49
  7  13 0.42
  7  14 0.44
  7  15 0.33
  7  16 0.52
  7  17 0.50
  7  18 0.31
  7  19 0.52
  7  20 0.23
  7  21 0.48
  7  22 0.55
  8   1 0.42
  8   2 0.11
  8   3 0.43
  8   4 0.03
  8   5 0.33
  8   6 0.56
  8   7 0.50
  8   8 0.24
  8   9 0.60
  8  10 0.21
  8  11 0.45
  8  12 0.47
  8  13 0.43
  8  14 0.44
  8  15 0.21
  8  16 0.39
  8  17 0.37
  8  18 0.34
  8  19 0.53
  8  20 0.37
  8  21 0.29
  8  22 0.37
  9   1 0.43
  9   2 0.20
  9   3 0.52
  9   4 0.17
  9   5 0.32
  9   6 0.72
  9   7 0.58
  9   8 0.35
  9   9 0.56
  9  10 0.26
  9  11 0.48
  9  12 0.56
  9  13 0.39
  9  14 0.62
  9  15 0.38
  9  16 0.68
  9  17 0.52
  9  18 0.47
  9  19 0.61
  9  20 0.35
  9  21 0.30
  9  22 0.47
 10   1 0.45
 10   2 0.21
 10   3 0.43
 10   4 0.41
 10   5 0.33
 10   6 0.61
 10   7 0.50
 10   8 0.45
 10   9 0.39
 10  10 0.23
 10  11 0.40
 10  12 0.45
 10  13 0.32
 10  14 0.42
 10  15 0.46
 10  16 0.48
 10  17 0.54
 10  18 0.40
 10  19 0.52
 10  20 0.27
 10  21 0.30
 10  22 0.45
 11   1 0.45
 11   2 0.40
 11   3 0.54
 11   4 0.15
 11   5 0.29
 11   6 0.48
 11   7 0.39
 11   8 0.31
 11   9 0.58
 11  10 0.14
 11  11 0.39
 11  12 0.52
 11  13 0.50
 11  14 0.41
 11  15 0.27
 11  16 0.56
 11  17 0.52
 11  18 0.27
 11  19 0.49
 11  20 0.26
 11  21 0.58
 11  22 0.52
 12   1 0.35
 12   2 0.25
 12   3 0.52
 12   4 0.12
 12   5 0.39
 12   6 0.63
 12   7 0.40
 12   8 0.39
 12   9 0.41
 12  10 0.30
 12  11 0.34
 12  12 0.37
 12  13 0.30
 12  14 0.58
 12  15 0.39
 12  16 0.46
 12  17 0.43
 12  18 0.43
 12  19 0.59
 12  20 0.28
 12  21 0.27
 12  22 0.47
 13   1 0.38
 13   2 0.33
 13   3 0.47
 13   4 0.22
 13   5 0.38
 13   6 0.59
 13   7 0.56
 13   8 0.40
 13   9 0.34
 13  10 0.36
 13  11 0.35
 13  12 0.56
 13  13 0.34
 13  14 0.38
 13  15 0.51
 13  16 0.37
 13  17 0.42
 13  18 0.48
 13  19 0.45
 13  20 0.20
 13  21 0.37
 13  22 0.56
 14   1 0.51
 14   2 0.29
 14   3 0.43
 14   4 0.06
 14   5 0.28
 14   6 0.49
 14   7 0.45
 14   8 0.23
 14   9 0.56
 14  10 0.19
 14  11 0.43
 14  12 0.54
 14  13 0.53
 14  14 0.34
 14  15 0.19
 14  16 0.35
 14  17 0.35
 14  18 0.29
 14  19 0.38
 14  20 0.42
 14  21 0.50
 14  22 0.34
 15   1 0.39
 15   2 0.05
 15   3 0.39
 15   4 0.02
 15   5 0.27
 15   6 0.57
 15   7 0.49
 15   8 0.20
 15   9 0.48
 15  10 0.22
 15  11 0.45
 15  12 0.43
 15  13 0.27
 15  14 0.34
 15  15 0.25
 15  16 0.33
 15  17 0.28
 15  18 0.37
 15  19 0.51
 15  20 0.46
 15  21 0.19
 15  22 0.30
 16   1 0.46
 16   2 0.39
 16   3 0.50
 16   4 0.16
 16   5 0.24
 16   6 0.42
 16   7 0.30
 16   8 0.33
 16   9 0.47
 16  10 0.13
 16  11 0.28
 16  12 0.38
 16  13 0.54
 16  14 0.42
 16  15 0.29
 16  16 0.56
 16  17 0.54
 16  18 0.23
 16  19 0.41
 16  20 0.20
 16  21 0.50
 16  22 0.55
 17   1 0.41
 17   2 0.50
 17   3 0.53
 17   4 0.28
 17   5 0.33
 17   6 0.57
 17   7 0.38
 17   8 0.42
 17   9 0.37
 17  10 0.17
 17  11 0.30
 17  12 0.49
 17  13 0.45
 17  14 0.42
 17  15 0.39
 17  16 0.57
 17  17 0.53
 17  18 0.29
 17  19 0.42
 17  20 0.18
 17  21 0.46
 17  22 0.58
 18   1 0.38
 18   2 0.16
 18   3 0.54
 18   4 0.08
 18   5 0.39
 18   6 0.69
 18   7 0.57
 18   8 0.23
 18   9 0.53
 18  10 0.25
 18  11 0.57
 18  12 0.56
 18  13 0.35
 18  14 0.49
 18  15 0.32
 18  16 0.55
 18  17 0.46
 18  18 0.46
 18  19 0.65
 18  20 0.35
 18  21 0.29
 18  22 0.45
 19   1 0.38
 19   2 0.16
 19   3 0.42
 19   4 0.03
 19   5 0.31
 19   6 0.49
 19   7 0.43
 19   8 0.17
 19   9 0.47
 19  10 0.21
 19  11 0.44
 19  12 0.44
 19  13 0.34
 19  14 0.35
 19  15 0.23
 19  16 0.41
 19  17 0.38
 19  18 0.36
 19  19 0.52
 19  20 0.40
 19  21 0.28
 19  22 0.35
 20   1 0.54
 20   2 0.43
 20   3 0.52
 20   4 0.12
 20   5 0.33
 20   6 0.51
 20   7 0.39
 20   8 0.32
 20   9 0.50
 20  10 0.11
 20  11 0.39
 20  12 0.56
 20  13 0.52
 20  14 0.39
 20  15 0.26
 20  16 0.43
 20  17 0.52
 20  18 0.23
 20  19 0.42
 20  20 0.35
 20  21 0.59
 20  22 0.55
 21   1 0.48
 21   2 0.33
 21   3 0.57
 21   4 0.16
 21   5 0.33
 21   6 0.50
 21   7 0.36
 21   8 0.32
 21   9 0.52
 21  10 0.15
 21  11 0.44
 21  12 0.55
 21  13 0.53
 21  14 0.33
 21  15 0.28
 21  16 0.43
 21  17 0.48
 21  18 0.23
 21  19 0.47
 21  20 0.26
 21  21 0.56
 21  22 0.51
 22   1 0.43
 22   2 0.35
 22   3 0.42
 22   4 0.23
 22   5 0.30
 22   6 0.48
 22   7 0.55
 22   8 0.29
 22   9 0.37
 22  10 0.26
 22  11 0.39
 22  12 0.57
 22  13 0.43
 22  14 0.31
 22  15 0.31
 22  16 0.31
 22  17 0.41
 22  18 0.27
 22  19 0.40
 22  20 0.28
 22  21 0.51
 22  22 0.44
  1   1 0.32
  1   2 0.22
  1   3 0.35
  1   4 0.36
  1   5 0.17
  1   6 0.55
  1   7 0.41
  1   8 0.33
  1   9 0.31
  1  10 0.20
  1  11 0.27
  1  12 0.40
  1  13 0.38
  1  14 0.45
  1  15 0.33
  1  16 0.56
  1  17 0.47
  1  18 0.34
  1  19 0.44
  1  20 0.22
  1  21 0.30
  1  22 0.42
  2   1 0.52
  2   2 0.33
  2   3 0.58
  2   4 0.13
  2   5 0.24
  2   6 0.51
  2   7 0.30
  2   8 0.28
  2   9 0.55
  2  10 0.15
  2  11 0.34
  2  12 0.46
  2  13 0.53
  2  14 0.56
  2  15 0.30
  2  16 0.60
  2  17 0.63
  2  18 0.21
  2  19 0.61
  2  20 0.29
  2  21 0.46
  2  22 0.55
  3   1 0.35
  3   2 0.26
  3   3 0.39
  3   4 0.30
  3   5 0.33
  3   6 0.61
  3   7 0.46
  3   8 0.46
  3   9 0.35
  3  10 0.40
  3  11 0.31
  3  12 0.47
  3  13 0.31
  3  14 0.43
  3  15 0.46
  3  16 0.42
  3  17 0.41
  3  18 0.53
  3  19 0.41
  3  20 0.30
  3  21 0.27
  3  22 0.44
  4   1 0.44
  4   2 0.19
  4   3 0.63
  4   4 0.09
  4   5 0.37
  4   6 0.56
  4   7 0.52
  4   8 0.32
  4   9 0.63
  4  10 0.26
  4  11 0.40
  4  12 0.48
  4  13 0.43
  4  14 0.54
  4  15 0.32
  4  16 0.52
  4  17 0.42
  4  18 0.44
  4  19 0.69
  4  20 0.30
  4  21 0.37
  4  22 0.55
  5   1 0.46
  5   2 0.30
  5   3 0.61
  5   4 0.10
  5   5 0.37
  5   6 0.56
  5   7 0.49
  5   8 0.33
  5   9 0.72
  5  10 0.22
  5  11 0.38
  5  12 0.52
  5  13 0.50
  5  14 0.50
  5  15 0.29
  5  16 0.52
  5  17 0.53
  5  18 0.36
  5  19 0.58
  5  20 0.36
  5  21 0.48
  5  22 0.54
  6   1 0.34
  6   2 0.14
  6   3 0.38
  6   4 0.22
  6   5 0.39
  6   6 0.64
  6   7 0.62
  6   8 0.55
  6   9 0.40
  6  10 0.34
  6  11 0.37
  6  12 0.44
  6  13 0.30
  6  14 0.49
  6  15 0.44
  6  16 0.50
  6  17 0.39
  6  18 0.57
  6  19 0.46
  6  20 0.25
  6  21 0.23
  6  22 0.46
  7   1 0.36
  7   2 0.36
  7   3 0.52
  7   4 0.11
  7   5 0.31
  7   6 0.40
  7   7 0.29
  7   8 0.31
  7   9 0.46
  7  10 0.25
  7  11 0.26
  7  12 0.48
  7  13 0.41
  7  14 0.43
  7  15 0.32
  7  16 0.51
  7  17 0.50
  7  18 0.30
  7  19 0.52
  7  20 0.23
  7  21 0.48
  7  22 0.54
  8   1 0.41
  8   2 0.11
  8   3 0.43
  8   4 0.03
  8   5 0.32
  8   6 0.56
  8   7 0.49
  8   8 0.24
  8   9 0.59
  8  10 0.21
  8  11 0.45
  8  12 0.46
  8  13 0.43
  8  14 0.44
  8  15 0.21
  8  16 0.38
  8  17 0.36
  8  18 0.34
  8  19 0.53
  8  20 0.37
  8  21 0.28
  8  22 0.37
  9   1 0.42
  9   2 0.19
  9   3 0.51
  9   4 0.17
  9   5 0.32
  9   6 0.71
  9   7 0.57
  9   8 0.35
  9   9 0.56
  9  10 0.25
  9  11 0.47
  9  12 0.55
  9  13 0.39
  9  14 0.61
  9  15 0.38
  9  16 0.67
  9  17 0.51
  9  18 0.47
  9  19 0.61
  9  20 0.35
  9  21 0.29
  9  22 0.47
 10   1 0.44
 10   2 0.20
 10   3 0.42
 10   4 0.40
 10   5 0.32
 10   6 0.60
 10   7 0.49
 10   8 0.44
 10   9 0.39
 10  10 0.23
 10  11 0.40
 10  12 0.44
 10  13 0.31
 10  14 0.42
 10  15 0.45
 10  16 0.47
 10  17 0.53
 10  18 0.39
 10  19 0.52
 10  20 0.26
 10  21 0.30
 10  22 0.44
 11   1 0.44
 11   2 0.39
 11   3 0.53
 11   4 0.15
 11   5 0.28
 11   6 0.47
 11   7 0.38
 11   8 0.30
 11   9 0.58
 11  10 0.13
 11  11 0.38
 11  12 0.52
 11  13 0.49
 11  14 0.41
 11  15 0.26
 11  16 0.56
 11  17 0.51
 11  18 0.27
 11  19 0.49
 11  20 0.25
 11  21 0.58
 11  22 0.51
 12   1 0.35
 12   2 0.24
 12   3 0.52
 12   4 0.11
 12   5 0.39
 12   6 0.62
 12   7 0.40
 12   8 0.39
 12   9 0.41
 12  10 0.29
 12  11 0.34
 12  12 0.37
 12  13 0.30
 12  14 0.57
 12  15 0.39
 12  16 0.46
 12  17 0.42
 12  18 0.43
 12  19 0.59
 12  20 0.28
 12  21 0.27
 12  22 0.47
 13   1 0.37
 13   2 0.33
 13   3 0.46
 13   4 0.21
 13   5 0.38
 13   6 0.58
 13   7 0.55
 13   8 0.40
 13   9 0.34
 13  10 0.35
 13  11 0.35
 13  12 0.56
 13  13 0.33
 13  14 0.37
 13  15 0.50
 13  16 0.36
 13  17 0.41
 13  18 0.47
 13  19 0.45
 13  20 0.19
 13  21 0.36
 13  22 0.55
 14   1 0.51
 14   2 0.29
 14   3 0.42
 14   4 0.05
 14   5 0.28
 14   6 0.48
 14   7 0.44
 14   8 0.23
 14   9 0.56
 14  10 0.18
 14  11 0.43
 14  12 0.53
 14  13 0.52
 14  14 0.34
 14  15 0.18
 14  16 0.34
 14  17 0.34
 14  18 0.28
 14  19 0.38
 14  20 0.42
 14  21 0.50
 14  22 0.34
 15   1 0.39
 15   2 0.05
 15   3 0.39
 15   4 0.02
 15   5 0.27
 15   6 0.56
 15   7 0.49
 15   8 0.19
 15   9 0.47
 15  10 0.22
 15  11 0.45
 15  12 0.42
 15  13 0.26
 15  14 0.33
 15  15 0.24
 15  16 0.32
 15  17 0.27
 15  18 0.37
 15  19 0.50
 15  20 0.46
 15  21 0.18
 15  22 0.29
 16   1 0.46
 16   2 0.39
 16   3 0.50
 16   4 0.16
 16   5 0.23
 16   6 0.41
 16   7 0.29
 16   8 0.33
 16   9 0.47
 16  10 0.12
 16  11 0.27
 16  12 0.37
 16  13 0.53
 16  14 0.41
 16  15 0.29
 16  16 0.55
 16  17 0.54
 16  18 0.22
 16  19 0.41
 16  20 0.19
 16  21 0.50
 16  22 0.55
 17   1 0.40
 17   2 0.50
 17   3 0.52
 17   4 0.27
 17   5 0.32
 17   6 0.56
 17   7 0.38
 17   8 0.42
 17   9 0.36
 17  10 0.16
 17  11 0.30
 17  12 0.49
 17  13 0.44
 17  14 0.42
 17  15 0.38
 17  16 0.57
 17  17 0.52
 17  18 0.28
 17  19 0.41
 17  20 0.18
 17  21 0.45
 17  22 0.58
 18   1 0.38
 18   2 0.15
 18   3 0.54
 18   4 0.07
 18   5 0.38
 18   6 0.68
 18   7 0.57
 18   8 0.23
 18   9 0.53
 18  10 0.25
 18  11 0.56
 18  12 0.55
 18  13 0.34
 18  14 0.48
 18  15 0.31
 18  16 0.54
 18  17 0.45
 18  18 0.46
 18  19 0.65
 18  20 0.35
 18  21 0.28
 18  22 0.45
 19   1 0.38
 19   2 0.16
 19   3 0.41
 19   4 0.03
 19   5 0.30
 19   6 0.48
 19   7 0.42
 19   8 0.17
 19   9 0.47
 19  10 0.20
 19  11 0.44
 19  12 0.43
 19  13 0.34
 19  14 0.34
 19  15 0.22
 19  16 0.41
 19  17 0.37
 19  18 0.35
 19  19 0.52
 19  20 0.40
 19  21 0.28
 19  22 0.35
 20   1 0.53
 20   2 0.43
 20   3 0.52
 20   4 0.12
 20   5 0.32
 20   6 0.50
 20   7 0.38
 20   8 0.32
 20   9 0.50
 20  10 0.10
 20  11 0.39
 20  12 0.55
 20  13 0.51
 20  14 0.38
 20  15 0.25
 20  16 0.42
 20  17 0.52
 20  18 0.22
 20  19 0.41
 20  20 0.34
 20  21 0.59
 20  22 0.55
 21   1 0.47
 21   2 0.32
 21   3 0.57
 21   4 0.15
 21   5 0.32
 21   6 0.49
 21   7 0.35
 21   8 0.31
 21   9 0.51
 21  10 0.14
 21  11 0.43
 21  12 0.54
 21  13 0.53
 21  14 0.32
 21  15 0.27
 21  16 0.43
 21  17 0.47
 21  18 0.23
 21  19 0.46
 21  20 0.26
 21  21 0.56
 21  22 0.50
 22   1 0.42
 22   2 0.34
 22   3 0.41
 22   4 0.22
 22   5 0.29
 22   6 0.47
 22   7 0.55
 22   8 0.28
 22   9 0.36
 22  10 0.25
 22  11 0.39
 22  12 0.56
 22  13 0.42
 22  14 0.30
 22  15 0.30
 22  16 0.30
 22  17 0.40
 22  18 0.27
 22  19 0.39
 22  20 0.27
 22  21 0.50
 22  22 0.43
  1   1 0.32
  1   2 0.22
  1   3 0.35
  1   4 0.36
  1   5 0.17
  1   6 0.55
  1   7 0.41
  1   8 0.33
  1   9 0.31
  1  10 0.20
  1  11 0.27
  1  12 0.40
  1  13 0.38
  1  14 0.45
  1  15 0.33
  1  16 0.56
  1  17 0.47
  1  18 0.34
  1  19 0.44
  1  20 0.22
  1  21 0.30
  1  22 0.42
  2   1 0.52
  2   2 0.33
  2   3 0.58
  2   4 0.13
  2   5 0.24
  2   6 0.51
  2   7 0.30
  2   8 0.28
  2   9 0.55
  2  10 0.15
  2  11 0.34
  2  12 0.46
  2  13 0.53
  2  14 0.56
  2  15 0.30
  2  16 0.60
  2  17 0.63
  2  18 0.21
  2  19 0.61
  2  20 0.29
  2  21 0.46
  2  22 0.55
  3   1 0.35
  3   2 0.26
  3   3 0.39
  3   4 0.30
  3   5 0.33
  3   6 0.61
  3   7 0.46
  3   8 0.46
  3   9 0.35
  3  10 0.40
  3  11 0.31
  3  12 0.47
  3  13 0.31
  3  14 0.43
  3  15 0.46
  3  16 0.42
  3  17 0.41
  3  18 0.53
  3  19 0.41
  3  20 0.30
  3  21 0.27
  3  22 0.44
  4   1 0.44
  4   2 0.19
  4   3 0.63
  4   4 0.09
  4   5 0.37
  4   6 0.56
  4   7 0.52
  4   8 0.32
  4   9 0.63
  4  10 0.26
  4  11 0.40
  4  12 0.48
  4  13 0.43
  4  14 0.54
  4  15 0.32
  4  16 0.52
  4  17 0.42
  4  18 0.44
  4  19 0.69
  4  20 0.30
  4  21 0.37
  4  22 0.55
  5   1 0.46
  5   2 0.30
  5   3 0.61
  5   4 0.10
  5   5 0.37
  5   6 0.56
  5   7 0.49
  5   8 0.33
  5   9 0.72
  5  10 0.22
  5  11 0.38
  5  12 0.52
  5  13 0.50
  5  14 0.50
  5  15 0.29
  5  16 0.52
  5  17 0.53
  5  18 0.36
  5  19 0.58
  5  20 0.36
  5  21 0.48
  5  22 0.54
  6   1 0.34
  6   2 0.14
  6   3 0.38
  6   4 0.22
  6   5 0.39
  6   6 0.64
  6   7 0.62
  6   8 0.55
  6   9 0.40
  6  10 0.34
  6  11 0.37
  6  12 0.44
  6  13 0.30
  6  14 0.49
  6  15 0.44
  6  16 0.50
  6  17 0.39
  6  18 0.57
  6  19 0.46
  6  20 0.25
  6  21 0.23
  6  22 0.46
  7   1 0.36
  7   2 0.36
  7   3 0.52
  7   4 0.11
  7   5 0.31
  7   6 0.40
  7   7 0.29
  7   8 0.31
  7   9 0.46
  7  10 0.25
  7  11 0.26
  7  12 0.48
  7  13 0.41
  7  14 0.43
  7  15 0.32
  7  16 0.51
  7  17 0.50
  7  18 0.30
  7  19 0.52
  7  20 0.23
  7  21 0.48
  7  22 0.54
  8   1 0.41
  8   2 0.11
  8   3 0.43
  8   4 0.03
  8   5 0.32
  8   6 0.56
  8   7 0.49
  8   8 0.24
  8   9 0.59
  8  10 0.21
  8  11 0.45
  8  12 0.46
  8  13 0.43
  8  14 0.44
  8  15 0.21
  8  16 0.38
  8  17 0.36
  8  18 0.34
  8  19 0.53
  8  20 0.37
  8  21 0.28
  8  22 0.37
  9   1 0.42
  9   2 0.19
  9   3 0.51
  9   4 0.17
  9   5 0.32
  9   6 0.71
  9   7 0.57
  9   8 0.35
  9   9 0.56
  9  10 0.25
  9  11 0.47
  9  12 0.55
  9  13 0.39
  9  14 0.61
  9  15 0.38
  9  16 0.67
  9  17 0.51
  9  18 0.47
  9  19 0.61
  9  20 0.35
  9  21 0.29
  9  22 0.47
 10   1 0.44
 10   2 0.20
 10   3 0.42
 10   4 0.40
 10   5 0.32
 10   6 0.60
 10   7 0.49
 10   8 0.44
 10   9 0.39
 10  10 0.23
 10  11 0.40
 10  12 0.44
 10  13 0.31
 10  14 0.42
 10  15 0.45
 10  16 0.47
 10  17 0.53
 10  18 0.39
 10  19 0.52
 10  20 0.26
 10  21 0.30
 10  22 0.44
 11   1 0.44
 11   2 0.39
 11   3 0.53
 11   4 0.15
 11   5 0.28
 11   6 0.47
 11   7 0.38
 11   8 0.30
 11   9 0.58
 11  10 0.13
 11  11 0.38
 11  12 0.52
 11  13 0.49
 11  14 0.41
 11  15 0.26
 11  16 0.56
 11  17 0.51
 11  18 0.27
 11  19 0.49
 11  20 0.25
 11  21 0.58
 11  22 0.51
 12   1 0.35
 12   2 0.24
 12   3 0.52
 12   4 0.11
 12   5 0.39
 12   6 0.62
 12   7 0.40
 12   8 0.39
 12   9 0.41
 12  10 0.29
 12  11 0.34
 12  12 0.37
 12  13 0.30
 12  14 0.57
 12  15 0.39
 12  16 0.46
 12  17 0.42
 12  18 0.43
 12  19 0.59
 12  20 0.28
 12  21 0.27
 12  22 0.47
 13   1 0.37
 13   2 0.33
 13   3 0.46
 13   4 0.21
 13   5 0.38
 13   6 0.58
 13   7 0.55
 13   8 0.40
 13   9 0.34
 13  10 0.35
 13  11 0.35
 13  12 0.56
 13  13 0.33
 13  14 0.37
 13  15 0.50
 13  16 0.36
 13  17 0.41
 13  18 0.47
 13  19 0.45
 13  20 0.19
 13  21 0.36
 13  22 0.55
 14   1 0.51
 14   2 0.29
 14   3 0.42
 14   4 0.05
 14   5 0.28
 14   6 0.48
 14   7 0.44
 14   8 0.23
 14   9 0.56
 14  10 0.18
 14  11 0.43
 14  12 0.53
 14  13 0.52
 14  14 0.34
 14  15 0.18
 14  16 0.34
 14  17 0.34
 14  18 0.28
 14  19 0.38
 14  20 0.42
 14  21 0.50
 14  22 0.34
 15   1 0.39
 15   2 0.05
 15   3 0.39
 15   4 0.02
 15   5 0.27
 15   6 0.56
 15   7 0.49
 15   8 0.19
 15   9 0.47
 15  10 0.22
 15  11 0.45
 15  12 0.42
 15  13 0.26
 15  14 0.33
 15  15 0.24
 15  16 0.32
 15  17 0.27
 15  18 0.37
 15  19 0.50
 15  20 0.46
 15  21 0.18
 15  22 0.29
 16   1 0.46
 16   2 0.39
 16   3 0.50
 16   4 0.16
 16   5 0.23
 16   6 0.41
 16   7 0.29
 16   8 0.33
 16   9 0.47
 16  10 0.12
 16  11 0.27
 16  12 0.37
 16  13 0.53
 16  14 0.41
 16  15 0.29
 16  16 0.55
 16  17 0.54
 16  18 0.22
 16  19 0.41
 16  20 0.19
 16  21 0.50
 16  22 0.55
 17   1 0.40
 17   2 0.50
 17   3 0.52
 17   4 0.27
 17   5 0.32
 17   6 0.56
 17   7 0.38
 17   8 0.42
 17   9 0.36
 17  10 0.16
 17  11 0.30
 17  12 0.49
 17  13 0.44
 17  14 0.42
 17  15 0.38
 17  16 0.57
 17  17 0.52
 17  18 0.28
 17  19 0.41
 17  20 0.18
 17  21 0.45
 17  22 0.58
 18   1 0.38
 18   2 0.15
 18   3 0.54
 18   4 0.07
 18   5 0.38
 18   6 0.68
 18   7 0.57
 18   8 0.23
 18   9 0.53
 18  10 0.25
 18  11 0.56
 18  12 0.55
 18  13 0.34
 18  14 0.48
 18  15 0.31
 18  16 0.54
 18  17 0.45
 18  18 0.46
 18  19 0.65
 18  20 0.35
 18  21 0.28
 18  22 0.45
 19   1 0.38
 19   2 0.16
 19   3 0.41
 19   4 0.03
 19   5 0.30
 19   6 0.48
 19   7 0.42
 19   8 0.17
 19   9 0.47
 19  10 0.20
 19  11 0.44
 19  12 0.43
 19  13 0.34
 19  14 0.34
 19  15 0.22
 19  16 0.41
 19  17 0.37
 19  18 0.35
 19  19 0.52
 19  20 0.40
 19  21 0.28
 19  22 0.35
 20   1 0.53
 20   2 0.43
 20   3 0.52
 20   4 0.12
 20   5 0.32
 20   6 0.50
 20   7 0.38
 20   8 0.32
 20   9 0.50
 20  10 0.10
 20  11 0.39
 20  12 0.55
 20  13 0.51
 20  14 0.38
 20  15 0.25
 20  16 0.42
 20  17 0.52
 20  18 0.22
 20  19 0.41
 20  20 0.34
 20  21 0.59
 20  22 0.55
 21   1 0.47
 21   2 0.32
 21   3 0.57
 21   4 0.15
 21   5 0.32
 21   6 0.49
 21   7 0.35
 21   8 0.31
 21   9 0.51
 21  10 0.14
 21  11 0.43
 21  12 0.54
 21  13 0.53
 21  14 0.32
 21  15 0.27
 21  16 0.43
 21  17 0.47
 21  18 0.23
 21  19 0.46
 21  20 0.26
 21  21 0.56
 21  22 0.50
 22   1 0.42
 22   2 0.34
 22   3 0.41
 22   4 0.22
 22   5 0.29
 22   6 0.47
 22   7 0.55
 22   8 0.28
 22   9 0.36
 22  10 0.25
 22  11 0.39
 22  12 0.56
 22  13 0.42
 22  14 0.30
 22  15 0.30
 22  16 0.30
 22  17 0.40
 22  18 0.27
 22  19 0.39
 22  20 0.27
 22  21 0.50
 22  22 0.43
