  1   1 1.00
  1   2 0.20
  1   3 0.54
  1   4 0.50
  1   5 0.58
  1   6 0.59
  1   7 0.59
  1   8 0.55
  1   9 0.64
  1  10 0.56
  1  11 0.62
  1  12 0.73
  1  13 0.29
  1  14 0.62
  1  15 0.58
  1  16 0.64
  1  17 0.73
  1  18 0.49
  1  19 0.64
  1  20 0.61
  1  21 0.18
  1  22 0.74
  2   1 0.20
  2   2 1.00
  2   3 0.17
  2   4 0.16
  2   5 0.25
  2   6 0.20
  2   7 0.24
  2   8 0.16
  2   9 0.23
  2  10 0.17
  2  11 0.24
  2  12 0.18
  2  13 0.35
  2  14 0.14
  2  15 0.17
  2  16 0.33
  2  17 0.20
  2  18 0.30
  2  19 0.36
  2  20 0.39
  2  21 0.21
  2  22 0.28
  3   1 0.54
  3   2 0.17
  3   3 1.00
  3   4 0.34
  3   5 0.71
  3   6 0.74
  3   7 0.57
  3   8 0.73
  3   9 0.71
  3  10 0.60
  3  11 0.62
  3  12 0.73
  3  13 0.33
  3  14 0.76
  3  15 0.78
  3  16 0.58
  3  17 0.71
  3  18 0.47
  3  19 0.67
  3  20 0.72
  3  21 0.21
  3  22 0.71
  4   1 0.50
  4   2 0.16
  4   3 0.34
  4   4 1.00
  4   5 0.38
  4   6 0.36
  4   7 0.50
  4   8 0.30
  4   9 0.42
  4  10 0.46
  4  11 0.47
  4  12 0.40
  4  13 0.25
  4  14 0.37
  4  15 0.32
  4  16 0.41
  4  17 0.37
  4  18 0.42
  4  19 0.49
  4  20 0.35
  4  21 0.14
  4  22 0.47
  5   1 0.58
  5   2 0.25
  5   3 0.71
  5   4 0.38
  5   5 1.00
  5   6 0.71
  5   7 0.73
  5   8 0.76
  5   9 0.81
  5  10 0.74
  5  11 0.80
  5  12 0.62
  5  13 0.40
  5  14 0.64
  5  15 0.78
  5  16 0.70
  5  17 0.77
  5  18 0.61
  5  19 0.77
  5  20 0.76
  5  21 0.36
  5  22 0.70
  6   1 0.59
  6   2 0.20
  6   3 0.74
  6   4 0.36
  6   5 0.71
  6   6 1.00
  6   7 0.55
  6   8 0.70
  6   9 0.73
  6  10 0.68
  6  11 0.70
  6  12 0.66
  6  13 0.33
  6  14 0.68
  6  15 0.74
  6  16 0.56
  6  17 0.74
  6  18 0.55
  6  19 0.74
  6  20 0.72
  6  21 0.30
  6  22 0.66
  7   1 0.59
  7   2 0.24
  7   3 0.57
  7   4 0.50
  7   5 0.73
  7   6 0.55
  7   7 1.00
  7   8 0.53
  7   9 0.62
  7  10 0.65
  7  11 0.70
  7  12 0.61
  7  13 0.29
  7  14 0.52
  7  15 0.56
  7  16 0.61
  7  17 0.71
  7  18 0.56
  7  19 0.65
  7  20 0.60
  7  21 0.26
  7  22 0.61
  8   1 0.55
  8   2 0.16
  8   3 0.73
  8   4 0.30
  8   5 0.76
  8   6 0.70
  8   7 0.53
  8   8 1.00
  8   9 0.78
  8  10 0.66
  8  11 0.69
  8  12 0.61
  8  13 0.39
  8  14 0.64
  8  15 0.78
  8  16 0.61
  8  17 0.71
  8  18 0.52
  8  19 0.70
  8  20 0.74
  8  21 0.27
  8  22 0.64
  9   1 0.64
  9   2 0.23
  9   3 0.71
  9   4 0.42
  9   5 0.81
  9   6 0.73
  9   7 0.62
  9   8 0.78
  9   9 1.00
  9  10 0.74
  9  11 0.79
  9  12 0.62
  9  13 0.42
  9  14 0.62
  9  15 0.73
  9  16 0.64
  9  17 0.73
  9  18 0.57
  9  19 0.77
  9  20 0.73
  9  21 0.22
  9  22 0.69
 10   1 0.56
 10   2 0.17
 10   3 0.60
 10   4 0.46
 10   5 0.74
 10   6 0.68
 10   7 0.65
 10   8 0.66
 10   9 0.74
 10  10 1.00
 10  11 0.75
 10  12 0.62
 10  13 0.30
 10  14 0.56
 10  15 0.68
 10  16 0.53
 10  17 0.70
 10  18 0.54
 10  19 0.68
 10  20 0.64
 10  21 0.29
 10  22 0.63
 11   1 0.62
 11   2 0.24
 11   3 0.62
 11   4 0.47
 11   5 0.80
 11   6 0.70
 11   7 0.70
 11   8 0.69
 11   9 0.79
 11  10 0.75
 11  11 1.00
 11  12 0.57
 11  13 0.43
 11  14 0.60
 11  15 0.69
 11  16 0.65
 11  17 0.77
 11  18 0.67
 11  19 0.79
 11  20 0.73
 11  21 0.35
 11  22 0.68
 12   1 0.73
 12   2 0.18
 12   3 0.73
 12   4 0.40
 12   5 0.62
 12   6 0.66
 12   7 0.61
 12   8 0.61
 12   9 0.62
 12  10 0.62
 12  11 0.57
 12  12 1.00
 12  13 0.21
 12  14 0.73
 12  15 0.68
 12  16 0.53
 12  17 0.74
 12  18 0.44
 12  19 0.60
 12  20 0.64
 12  21 0.13
 12  22 0.74
 13   1 0.29
 13   2 0.35
 13   3 0.33
 13   4 0.25
 13   5 0.40
 13   6 0.33
 13   7 0.29
 13   8 0.39
 13   9 0.42
 13  10 0.30
 13  11 0.43
 13  12 0.21
 13  13 1.00
 13  14 0.40
 13  15 0.40
 13  16 0.37
 13  17 0.38
 13  18 0.57
 13  19 0.51
 13  20 0.44
 13  21 0.29
 13  22 0.39
 14   1 0.62
 14   2 0.14
 14   3 0.76
 14   4 0.37
 14   5 0.64
 14   6 0.68
 14   7 0.52
 14   8 0.64
 14   9 0.62
 14  10 0.56
 14  11 0.60
 14  12 0.73
 14  13 0.40
 14  14 1.00
 14  15 0.76
 14  16 0.53
 14  17 0.73
 14  18 0.51
 14  19 0.66
 14  20 0.72
 14  21 0.21
 14  22 0.77
 15   1 0.58
 15   2 0.17
 15   3 0.78
 15   4 0.32
 15   5 0.78
 15   6 0.74
 15   7 0.56
 15   8 0.78
 15   9 0.73
 15  10 0.68
 15  11 0.69
 15  12 0.68
 15  13 0.40
 15  14 0.76
 15  15 1.00
 15  16 0.57
 15  17 0.78
 15  18 0.51
 15  19 0.71
 15  20 0.74
 15  21 0.29
 15  22 0.70
 16   1 0.64
 16   2 0.33
 16   3 0.58
 16   4 0.41
 16   5 0.70
 16   6 0.56
 16   7 0.61
 16   8 0.61
 16   9 0.64
 16  10 0.53
 16  11 0.65
 16  12 0.53
 16  13 0.37
 16  14 0.53
 16  15 0.57
 16  16 1.00
 16  17 0.62
 16  18 0.54
 16  19 0.65
 16  20 0.69
 16  21 0.21
 16  22 0.70
 17   1 0.73
 17   2 0.20
 17   3 0.71
 17   4 0.37
 17   5 0.77
 17   6 0.74
 17   7 0.71
 17   8 0.71
 17   9 0.73
 17  10 0.70
 17  11 0.77
 17  12 0.74
 17  13 0.38
 17  14 0.73
 17  15 0.78
 17  16 0.62
 17  17 1.00
 17  18 0.64
 17  19 0.77
 17  20 0.76
 17  21 0.29
 17  22 0.73
 18   1 0.49
 18   2 0.30
 18   3 0.47
 18   4 0.42
 18   5 0.61
 18   6 0.55
 18   7 0.56
 18   8 0.52
 18   9 0.57
 18  10 0.54
 18  11 0.67
 18  12 0.44
 18  13 0.57
 18  14 0.51
 18  15 0.51
 18  16 0.54
 18  17 0.64
 18  18 1.00
 18  19 0.75
 18  20 0.66
 18  21 0.50
 18  22 0.55
 19   1 0.64
 19   2 0.36
 19   3 0.67
 19   4 0.49
 19   5 0.77
 19   6 0.74
 19   7 0.65
 19   8 0.70
 19   9 0.77
 19  10 0.68
 19  11 0.79
 19  12 0.60
 19  13 0.51
 19  14 0.66
 19  15 0.71
 19  16 0.65
 19  17 0.77
 19  18 0.75
 19  19 1.00
 19  20 0.84
 19  21 0.44
 19  22 0.75
 20   1 0.61
 20   2 0.39
 20   3 0.72
 20   4 0.35
 20   5 0.76
 20   6 0.72
 20   7 0.60
 20   8 0.74
 20   9 0.73
 20  10 0.64
 20  11 0.73
 20  12 0.64
 20  13 0.44
 20  14 0.72
 20  15 0.74
 20  16 0.69
 20  17 0.76
 20  18 0.66
 20  19 0.84
 20  20 1.00
 20  21 0.38
 20  22 0.75
 21   1 0.18
 21   2 0.21
 21   3 0.21
 21   4 0.14
 21   5 0.36
 21   6 0.30
 21   7 0.26
 21   8 0.27
 21   9 0.22
 21  10 0.29
 21  11 0.35
 21  12 0.13
 21  13 0.29
 21  14 0.21
 21  15 0.29
 21  16 0.21
 21  17 0.29
 21  18 0.50
 21  19 0.44
 21  20 0.38
 21  21 1.00
 21  22 0.25
 22   1 0.74
 22   2 0.28
 22   3 0.71
 22   4 0.47
 22   5 0.70
 22   6 0.66
 22   7 0.61
 22   8 0.64
 22   9 0.69
 22  10 0.63
 22  11 0.68
 22  12 0.74
 22  13 0.39
 22  14 0.77
 22  15 0.70
 22  16 0.70
 22  17 0.73
 22  18 0.55
 22  19 0.75
 22  20 0.75
 22  21 0.25
 22  22 1.00
  1   1 1.00
  1   2 0.20
  1   3 0.54
  1   4 0.50
  1   5 0.58
  1   6 0.59
  1   7 0.59
  1   8 0.54
  1   9 0.63
  1  10 0.56
  1  11 0.62
  1  12 0.73
  1  13 0.29
  1  14 0.62
  1  15 0.58
  1  16 0.64
  1  17 0.73
  1  18 0.49
  1  19 0.64
  1  20 0.61
  1  21 0.18
  1  22 0.74
  2   1 0.20
  2   2 1.00
  2   3 0.17
  2   4 0.16
  2   5 0.25
  2   6 0.19
  2   7 0.24
  2   8 0.16
  2   9 0.23
  2  10 0.17
  2  11 0.24
  2  12 0.18
  2  13 0.35
  2  14 0.14
  2  15 0.17
  2  16 0.33
  2  17 0.20
  2  18 0.30
  2  19 0.35
  2  20 0.38
  2  21 0.21
  2  22 0.28
  3   1 0.54
  3   2 0.17
  3   3 1.00
  3   4 0.33
  3   5 0.71
  3   6 0.74
  3   7 0.57
  3   8 0.73
  3   9 0.71
  3  10 0.60
  3  11 0.61
  3  12 0.73
  3  13 0.32
  3  14 0.76
  3  15 0.78
  3  16 0.58
  3  17 0.70
  3  18 0.46
  3  19 0.67
  3  20 0.72
  3  21 0.21
  3  22 0.70
  4   1 0.50
  4   2 0.16
  4   3 0.33
  4   4 1.00
  4   5 0.38
  4   6 0.36
  4   7 0.50
  4   8 0.30
  4   9 0.42
  4  10 0.46
  4  11 0.47
  4  12 0.40
  4  13 0.25
  4  14 0.37
  4  15 0.32
  4  16 0.41
  4  17 0.37
  4  18 0.42
  4  19 0.49
  4  20 0.35
  4  21 0.14
  4  22 0.47
  5   1 0.58
  5   2 0.25
  5   3 0.71
  5   4 0.38
  5   5 1.00
  5   6 0.71
  5   7 0.73
  5   8 0.76
  5   9 0.81
  5  10 0.74
  5  11 0.80
  5  12 0.62
  5  13 0.40
  5  14 0.64
  5  15 0.77
  5  16 0.70
  5  17 0.77
  5  18 0.61
  5  19 0.77
  5  20 0.76
  5  21 0.35
  5  22 0.70
  6   1 0.59
  6   2 0.19
  6   3 0.74
  6   4 0.36
  6   5 0.71
  6   6 1.00
  6   7 0.55
  6   8 0.70
  6   9 0.73
  6  10 0.68
  6  11 0.69
  6  12 0.66
  6  13 0.33
  6  14 0.67
  6  15 0.74
  6  16 0.56
  6  17 0.74
  6  18 0.54
  6  19 0.73
  6  20 0.72
  6  21 0.30
  6  22 0.66
  7   1 0.59
  7   2 0.24
  7   3 0.57
  7   4 0.50
  7   5 0.73
  7   6 0.55
  7   7 1.00
  7   8 0.53
  7   9 0.61
  7  10 0.65
  7  11 0.70
  7  12 0.61
  7  13 0.28
  7  14 0.52
  7  15 0.56
  7  16 0.61
  7  17 0.70
  7  18 0.56
  7  19 0.65
  7  20 0.60
  7  21 0.26
  7  22 0.61
  8   1 0.54
  8   2 0.16
  8   3 0.73
  8   4 0.30
  8   5 0.76
  8   6 0.70
  8   7 0.53
  8   8 1.00
  8   9 0.78
  8  10 0.66
  8  11 0.69
  8  12 0.61
  8  13 0.38
  8  14 0.64
  8  15 0.78
  8  16 0.61
  8  17 0.71
  8  18 0.52
  8  19 0.70
  8  20 0.74
  8  21 0.26
  8  22 0.63
  9   1 0.63
  9   2 0.23
  9   3 0.71
  9   4 0.42
  9   5 0.81
  9   6 0.73
  9   7 0.61
  9   8 0.78
  9   9 1.00
  9  10 0.74
  9  11 0.79
  9  12 0.62
  9  13 0.42
  9  14 0.62
  9  15 0.73
  9  16 0.64
  9  17 0.73
  9  18 0.56
  9  19 0.77
  9  20 0.73
  9  21 0.22
  9  22 0.69
 10   1 0.56
 10   2 0.17
 10   3 0.60
 10   4 0.46
 10   5 0.74
 10   6 0.68
 10   7 0.65
 10   8 0.66
 10   9 0.74
 10  10 1.00
 10  11 0.75
 10  12 0.62
 10  13 0.30
 10  14 0.55
 10  15 0.67
 10  16 0.53
 10  17 0.69
 10  18 0.54
 10  19 0.68
 10  20 0.64
 10  21 0.29
 10  22 0.62
 11   1 0.62
 11   2 0.24
 11   3 0.61
 11   4 0.47
 11   5 0.80
 11   6 0.69
 11   7 0.70
 11   8 0.69
 11   9 0.79
 11  10 0.75
 11  11 1.00
 11  12 0.57
 11  13 0.43
 11  14 0.60
 11  15 0.69
 11  16 0.65
 11  17 0.77
 11  18 0.66
 11  19 0.78
 11  20 0.73
 11  21 0.35
 11  22 0.67
 12   1 0.73
 12   2 0.18
 12   3 0.73
 12   4 0.40
 12   5 0.62
 12   6 0.66
 12   7 0.61
 12   8 0.61
 12   9 0.62
 12  10 0.62
 12  11 0.57
 12  12 1.00
 12  13 0.21
 12  14 0.72
 12  15 0.68
 12  16 0.53
 12  17 0.74
 12  18 0.44
 12  19 0.60
 12  20 0.64
 12  21 0.12
 12  22 0.74
 13   1 0.29
 13   2 0.35
 13   3 0.32
 13   4 0.25
 13   5 0.40
 13   6 0.33
 13   7 0.28
 13   8 0.38
 13   9 0.42
 13  10 0.30
 13  11 0.43
 13  12 0.21
 13  13 1.00
 13  14 0.40
 13  15 0.40
 13  16 0.37
 13  17 0.37
 13  18 0.57
 13  19 0.51
 13  20 0.44
 13  21 0.29
 13  22 0.39
 14   1 0.62
 14   2 0.14
 14   3 0.76
 14   4 0.37
 14   5 0.64
 14   6 0.67
 14   7 0.52
 14   8 0.64
 14   9 0.62
 14  10 0.55
 14  11 0.60
 14  12 0.72
 14  13 0.40
 14  14 1.00
 14  15 0.75
 14  16 0.53
 14  17 0.72
 14  18 0.51
 14  19 0.66
 14  20 0.72
 14  21 0.21
 14  22 0.76
 15   1 0.58
 15   2 0.17
 15   3 0.78
 15   4 0.32
 15   5 0.77
 15   6 0.74
 15   7 0.56
 15   8 0.78
 15   9 0.73
 15  10 0.67
 15  11 0.69
 15  12 0.68
 15  13 0.40
 15  14 0.75
 15  15 1.00
 15  16 0.57
 15  17 0.78
 15  18 0.51
 15  19 0.71
 15  20 0.74
 15  21 0.29
 15  22 0.70
 16   1 0.64
 16   2 0.33
 16   3 0.58
 16   4 0.41
 16   5 0.70
 16   6 0.56
 16   7 0.61
 16   8 0.61
 16   9 0.64
 16  10 0.53
 16  11 0.65
 16  12 0.53
 16  13 0.37
 16  14 0.53
 16  15 0.57
 16  16 1.00
 16  17 0.61
 16  18 0.54
 16  19 0.65
 16  20 0.69
 16  21 0.21
 16  22 0.70
 17   1 0.73
 17   2 0.20
 17   3 0.70
 17   4 0.37
 17   5 0.77
 17   6 0.74
 17   7 0.70
 17   8 0.71
 17   9 0.73
 17  10 0.69
 17  11 0.77
 17  12 0.74
 17  13 0.37
 17  14 0.72
 17  15 0.78
 17  16 0.61
 17  17 1.00
 17  18 0.64
 17  19 0.77
 17  20 0.76
 17  21 0.29
 17  22 0.72
 18   1 0.49
 18   2 0.30
 18   3 0.46
 18   4 0.42
 18   5 0.61
 18   6 0.54
 18   7 0.56
 18   8 0.52
 18   9 0.56
 18  10 0.54
 18  11 0.66
 18  12 0.44
 18  13 0.57
 18  14 0.51
 18  15 0.51
 18  16 0.54
 18  17 0.64
 18  18 1.00
 18  19 0.75
 18  20 0.66
 18  21 0.50
 18  22 0.55
 19   1 0.64
 19   2 0.35
 19   3 0.67
 19   4 0.49
 19   5 0.77
 19   6 0.73
 19   7 0.65
 19   8 0.70
 19   9 0.77
 19  10 0.68
 19  11 0.78
 19  12 0.60
 19  13 0.51
 19  14 0.66
 19  15 0.71
 19  16 0.65
 19  17 0.77
 19  18 0.75
 19  19 1.00
 19  20 0.83
 19  21 0.44
 19  22 0.75
 20   1 0.61
 20   2 0.38
 20   3 0.72
 20   4 0.35
 20   5 0.76
 20   6 0.72
 20   7 0.60
 20   8 0.74
 20   9 0.73
 20  10 0.64
 20  11 0.73
 20  12 0.64
 20  13 0.44
 20  14 0.72
 20  15 0.74
 20  16 0.69
 20  17 0.76
 20  18 0.66
 20  19 0.83
 20  20 1.00
 20  21 0.38
 20  22 0.75
 21   1 0.18
 21   2 0.21
 21   3 0.21
 21   4 0.14
 21   5 0.35
 21   6 0.30
 21   7 0.26
 21   8 0.26
 21   9 0.22
 21  10 0.29
 21  11 0.35
 21  12 0.12
 21  13 0.29
 21  14 0.21
 21  15 0.29
 21  16 0.21
 21  17 0.29
 21  18 0.50
 21  19 0.44
 21  20 0.38
 21  21 1.00
 21  22 0.25
 22   1 0.74
 22   2 0.28
 22   3 0.70
 22   4 0.47
 22   5 0.70
 22   6 0.66
 22   7 0.61
 22   8 0.63
 22   9 0.69
 22  10 0.62
 22  11 0.67
 22  12 0.74
 22  13 0.39
 22  14 0.76
 22  15 0.70
 22  16 0.70
 22  17 0.72
 22  18 0.55
 22  19 0.75
 22  20 0.75
 22  21 0.25
 22  22 1.00
