  1   1 0.62
  1   2 0.26
  1   3 0.39
  1   4 0.35
  1   5 0.41
  1   6 0.30
  1   7 0.34
  1   8 0.39
  1   9 0.28
  1  10 0.31
  1  11 0.30
  1  12 0.38
  1  13 0.40
  1  14 0.47
  1  15 0.41
  1  16 0.41
  1  17 0.30
  1  18 0.28
  1  19 0.34
  1  20 0.36
  1  21 0.27
  1  22 0.32
  2   1 0.27
  2   2 0.31
  2   3 0.31
  2   4 0.32
  2   5 0.31
  2   6 0.37
  2   7 0.28
  2   8 0.24
  2   9 0.19
  2  10 0.35
  2  11 0.46
  2  12 0.44
  2  13 0.48
  2  14 0.30
  2  15 0.41
  2  16 0.25
  2  17 0.21
  2  18 0.45
  2  19 0.50
  2  20 0.44
  2  21 0.40
  2  22 0.38
  3   1 0.50
  3   2 0.49
  3   3 0.46
  3   4 0.57
  3   5 0.64
  3   6 0.60
  3   7 0.64
  3   8 0.58
  3   9 0.41
  3  10 0.57
  3  11 0.54
  3  12 0.66
  3  13 0.64
  3  14 0.57
  3  15 0.65
  3  16 0.66
  3  17 0.57
  3  18 0.45
  3  19 0.61
  3  20 0.58
  3  21 0.51
  3  22 0.57
  4   1 0.38
  4   2 0.50
  4   3 0.43
  4   4 0.39
  4   5 0.55
  4   6 0.50
  4   7 0.49
  4   8 0.53
  4   9 0.29
  4  10 0.41
  4  11 0.47
  4  12 0.59
  4  13 0.58
  4  14 0.47
  4  15 0.47
  4  16 0.48
  4  17 0.43
  4  18 0.39
  4  19 0.56
  4  20 0.48
  4  21 0.50
  4  22 0.45
  5   1 0.38
  5   2 0.31
  5   3 0.45
  5   4 0.54
  5   5 0.48
  5   6 0.51
  5   7 0.43
  5   8 0.40
  5   9 0.28
  5  10 0.51
  5  11 0.54
  5  12 0.57
  5  13 0.56
  5  14 0.45
  5  15 0.54
  5  16 0.48
  5  17 0.38
  5  18 0.38
  5  19 0.53
  5  20 0.50
  5  21 0.50
  5  22 0.50
  6   1 0.39
  6   2 0.39
  6   3 0.50
  6   4 0.40
  6   5 0.47
  6   6 0.52
  6   7 0.40
  6   8 0.43
  6   9 0.25
  6  10 0.45
  6  11 0.60
  6  12 0.58
  6  13 0.50
  6  14 0.43
  6  15 0.53
  6  16 0.39
  6  17 0.38
  6  18 0.44
  6  19 0.58
  6  20 0.62
  6  21 0.42
  6  22 0.45
  7   1 0.43
  7   2 0.43
  7   3 0.48
  7   4 0.49
  7   5 0.59
  7   6 0.56
  7   7 0.48
  7   8 0.51
  7   9 0.33
  7  10 0.48
  7  11 0.56
  7  12 0.59
  7  13 0.59
  7  14 0.50
  7  15 0.57
  7  16 0.47
  7  17 0.44
  7  18 0.39
  7  19 0.54
  7  20 0.56
  7  21 0.48
  7  22 0.49
  8   1 0.40
  8   2 0.54
  8   3 0.50
  8   4 0.53
  8   5 0.51
  8   6 0.50
  8   7 0.44
  8   8 0.50
  8   9 0.28
  8  10 0.47
  8  11 0.57
  8  12 0.55
  8  13 0.65
  8  14 0.52
  8  15 0.58
  8  16 0.40
  8  17 0.41
  8  18 0.53
  8  19 0.57
  8  20 0.59
  8  21 0.42
  8  22 0.52
  9   1 0.55
  9   2 0.47
  9   3 0.52
  9   4 0.45
  9   5 0.61
  9   6 0.51
  9   7 0.51
  9   8 0.63
  9   9 0.34
  9  10 0.60
  9  11 0.43
  9  12 0.57
  9  13 0.62
  9  14 0.60
  9  15 0.56
  9  16 0.42
  9  17 0.45
  9  18 0.35
  9  19 0.52
  9  20 0.63
  9  21 0.38
  9  22 0.44
 10   1 0.47
 10   2 0.59
 10   3 0.51
 10   4 0.47
 10   5 0.64
 10   6 0.62
 10   7 0.63
 10   8 0.53
 10   9 0.34
 10  10 0.44
 10  11 0.49
 10  12 0.64
 10  13 0.59
 10  14 0.60
 10  15 0.59
 10  16 0.51
 10  17 0.51
 10  18 0.39
 10  19 0.45
 10  20 0.51
 10  21 0.40
 10  22 0.39
 11   1 0.33
 11   2 0.37
 11   3 0.30
 11   4 0.52
 11   5 0.57
 11   6 0.53
 11   7 0.54
 11   8 0.55
 11   9 0.37
 11  10 0.37
 11  11 0.34
 11  12 0.55
 11  13 0.41
 11  14 0.48
 11  15 0.60
 11  16 0.57
 11  17 0.56
 11  18 0.35
 11  19 0.53
 11  20 0.53
 11  21 0.70
 11  22 0.62
 12   1 0.27
 12   2 0.50
 12   3 0.37
 12   4 0.29
 12   5 0.42
 12   6 0.53
 12   7 0.38
 12   8 0.42
 12   9 0.21
 12  10 0.34
 12  11 0.55
 12  12 0.51
 12  13 0.47
 12  14 0.37
 12  15 0.39
 12  16 0.34
 12  17 0.35
 12  18 0.44
 12  19 0.39
 12  20 0.59
 12  21 0.37
 12  22 0.27
 13   1 0.61
 13   2 0.40
 13   3 0.34
 13   4 0.57
 13   5 0.62
 13   6 0.48
 13   7 0.51
 13   8 0.61
 13   9 0.42
 13  10 0.48
 13  11 0.30
 13  12 0.57
 13  13 0.48
 13  14 0.64
 13  15 0.64
 13  16 0.47
 13  17 0.58
 13  18 0.35
 13  19 0.53
 13  20 0.58
 13  21 0.50
 13  22 0.67
 14   1 0.59
 14   2 0.47
 14   3 0.45
 14   4 0.46
 14   5 0.64
 14   6 0.49
 14   7 0.38
 14   8 0.57
 14   9 0.33
 14  10 0.41
 14  11 0.40
 14  12 0.64
 14  13 0.51
 14  14 0.59
 14  15 0.56
 14  16 0.42
 14  17 0.42
 14  18 0.37
 14  19 0.58
 14  20 0.59
 14  21 0.53
 14  22 0.64
 15   1 0.30
 15   2 0.32
 15   3 0.48
 15   4 0.32
 15   5 0.39
 15   6 0.42
 15   7 0.32
 15   8 0.35
 15   9 0.23
 15  10 0.39
 15  11 0.54
 15  12 0.53
 15  13 0.46
 15  14 0.33
 15  15 0.42
 15  16 0.36
 15  17 0.30
 15  18 0.29
 15  19 0.46
 15  20 0.54
 15  21 0.44
 15  22 0.34
 16   1 0.30
 16   2 0.25
 16   3 0.22
 16   4 0.44
 16   5 0.50
 16   6 0.55
 16   7 0.45
 16   8 0.36
 16   9 0.26
 16  10 0.50
 16  11 0.29
 16  12 0.46
 16  13 0.35
 16  14 0.43
 16  15 0.54
 16  16 0.42
 16  17 0.47
 16  18 0.30
 16  19 0.48
 16  20 0.43
 16  21 0.51
 16  22 0.57
 17   1 0.30
 17   2 0.56
 17   3 0.39
 17   4 0.29
 17   5 0.46
 17   6 0.49
 17   7 0.53
 17   8 0.43
 17   9 0.17
 17  10 0.40
 17  11 0.40
 17  12 0.48
 17  13 0.60
 17  14 0.39
 17  15 0.41
 17  16 0.34
 17  17 0.33
 17  18 0.40
 17  19 0.38
 17  20 0.41
 17  21 0.31
 17  22 0.24
 18   1 0.39
 18   2 0.40
 18   3 0.47
 18   4 0.51
 18   5 0.59
 18   6 0.68
 18   7 0.67
 18   8 0.49
 18   9 0.29
 18  10 0.55
 18  11 0.50
 18  12 0.68
 18  13 0.58
 18  14 0.53
 18  15 0.63
 18  16 0.69
 18  17 0.58
 18  18 0.45
 18  19 0.56
 18  20 0.57
 18  21 0.49
 18  22 0.53
 19   1 0.54
 19   2 0.42
 19   3 0.54
 19   4 0.48
 19   5 0.67
 19   6 0.56
 19   7 0.46
 19   8 0.60
 19   9 0.38
 19  10 0.51
 19  11 0.44
 19  12 0.61
 19  13 0.51
 19  14 0.58
 19  15 0.62
 19  16 0.52
 19  17 0.49
 19  18 0.37
 19  19 0.57
 19  20 0.68
 19  21 0.44
 19  22 0.61
 20   1 0.49
 20   2 0.34
 20   3 0.49
 20   4 0.44
 20   5 0.47
 20   6 0.52
 20   7 0.38
 20   8 0.44
 20   9 0.27
 20  10 0.51
 20  11 0.56
 20  12 0.57
 20  13 0.55
 20  14 0.49
 20  15 0.51
 20  16 0.40
 20  17 0.36
 20  18 0.41
 20  19 0.52
 20  20 0.60
 20  21 0.44
 20  22 0.49
 21   1 0.43
 21   2 0.48
 21   3 0.43
 21   4 0.53
 21   5 0.65
 21   6 0.66
 21   7 0.58
 21   8 0.54
 21   9 0.35
 21  10 0.50
 21  11 0.55
 21  12 0.70
 21  13 0.56
 21  14 0.59
 21  15 0.66
 21  16 0.62
 21  17 0.57
 21  18 0.48
 21  19 0.63
 21  20 0.57
 21  21 0.51
 21  22 0.58
 22   1 0.43
 22   2 0.32
 22   3 0.37
 22   4 0.32
 22   5 0.45
 22   6 0.38
 22   7 0.31
 22   8 0.34
 22   9 0.27
 22  10 0.34
 22  11 0.40
 22  12 0.51
 22  13 0.46
 22  14 0.41
 22  15 0.44
 22  16 0.29
 22  17 0.29
 22  18 0.31
 22  19 0.43
 22  20 0.47
 22  21 0.31
 22  22 0.40
  1   1 0.62
  1   2 0.26
  1   3 0.38
  1   4 0.35
  1   5 0.41
  1   6 0.29
  1   7 0.34
  1   8 0.39
  1   9 0.28
  1  10 0.31
  1  11 0.29
  1  12 0.38
  1  13 0.40
  1  14 0.47
  1  15 0.40
  1  16 0.41
  1  17 0.30
  1  18 0.28
  1  19 0.34
  1  20 0.36
  1  21 0.26
  1  22 0.32
  2   1 0.26
  2   2 0.31
  2   3 0.31
  2   4 0.32
  2   5 0.30
  2   6 0.37
  2   7 0.28
  2   8 0.23
  2   9 0.19
  2  10 0.35
  2  11 0.46
  2  12 0.43
  2  13 0.48
  2  14 0.29
  2  15 0.41
  2  16 0.24
  2  17 0.20
  2  18 0.44
  2  19 0.49
  2  20 0.44
  2  21 0.39
  2  22 0.38
  3   1 0.50
  3   2 0.48
  3   3 0.46
  3   4 0.57
  3   5 0.63
  3   6 0.59
  3   7 0.63
  3   8 0.58
  3   9 0.41
  3  10 0.57
  3  11 0.54
  3  12 0.65
  3  13 0.64
  3  14 0.57
  3  15 0.64
  3  16 0.66
  3  17 0.57
  3  18 0.45
  3  19 0.60
  3  20 0.58
  3  21 0.51
  3  22 0.57
  4   1 0.37
  4   2 0.50
  4   3 0.43
  4   4 0.39
  4   5 0.55
  4   6 0.50
  4   7 0.48
  4   8 0.52
  4   9 0.29
  4  10 0.41
  4  11 0.47
  4  12 0.58
  4  13 0.58
  4  14 0.47
  4  15 0.46
  4  16 0.48
  4  17 0.43
  4  18 0.38
  4  19 0.56
  4  20 0.48
  4  21 0.50
  4  22 0.45
  5   1 0.37
  5   2 0.31
  5   3 0.45
  5   4 0.54
  5   5 0.48
  5   6 0.51
  5   7 0.43
  5   8 0.40
  5   9 0.27
  5  10 0.51
  5  11 0.54
  5  12 0.57
  5  13 0.56
  5  14 0.45
  5  15 0.54
  5  16 0.48
  5  17 0.37
  5  18 0.38
  5  19 0.52
  5  20 0.50
  5  21 0.50
  5  22 0.50
  6   1 0.39
  6   2 0.38
  6   3 0.50
  6   4 0.40
  6   5 0.47
  6   6 0.52
  6   7 0.40
  6   8 0.42
  6   9 0.25
  6  10 0.45
  6  11 0.59
  6  12 0.58
  6  13 0.50
  6  14 0.43
  6  15 0.52
  6  16 0.39
  6  17 0.38
  6  18 0.43
  6  19 0.58
  6  20 0.62
  6  21 0.42
  6  22 0.44
  7   1 0.42
  7   2 0.42
  7   3 0.48
  7   4 0.49
  7   5 0.58
  7   6 0.55
  7   7 0.48
  7   8 0.50
  7   9 0.33
  7  10 0.48
  7  11 0.56
  7  12 0.59
  7  13 0.59
  7  14 0.50
  7  15 0.56
  7  16 0.47
  7  17 0.44
  7  18 0.39
  7  19 0.54
  7  20 0.56
  7  21 0.48
  7  22 0.49
  8   1 0.40
  8   2 0.54
  8   3 0.50
  8   4 0.53
  8   5 0.50
  8   6 0.50
  8   7 0.44
  8   8 0.50
  8   9 0.28
  8  10 0.46
  8  11 0.57
  8  12 0.55
  8  13 0.65
  8  14 0.52
  8  15 0.58
  8  16 0.40
  8  17 0.40
  8  18 0.52
  8  19 0.56
  8  20 0.59
  8  21 0.42
  8  22 0.52
  9   1 0.55
  9   2 0.46
  9   3 0.51
  9   4 0.45
  9   5 0.61
  9   6 0.51
  9   7 0.51
  9   8 0.63
  9   9 0.34
  9  10 0.60
  9  11 0.43
  9  12 0.57
  9  13 0.61
  9  14 0.60
  9  15 0.56
  9  16 0.42
  9  17 0.45
  9  18 0.34
  9  19 0.52
  9  20 0.63
  9  21 0.37
  9  22 0.44
 10   1 0.46
 10   2 0.59
 10   3 0.51
 10   4 0.47
 10   5 0.64
 10   6 0.62
 10   7 0.63
 10   8 0.52
 10   9 0.34
 10  10 0.43
 10  11 0.48
 10  12 0.64
 10  13 0.59
 10  14 0.59
 10  15 0.58
 10  16 0.51
 10  17 0.51
 10  18 0.39
 10  19 0.45
 10  20 0.51
 10  21 0.40
 10  22 0.39
 11   1 0.33
 11   2 0.37
 11   3 0.29
 11   4 0.52
 11   5 0.57
 11   6 0.53
 11   7 0.53
 11   8 0.55
 11   9 0.37
 11  10 0.37
 11  11 0.33
 11  12 0.55
 11  13 0.40
 11  14 0.48
 11  15 0.60
 11  16 0.57
 11  17 0.56
 11  18 0.34
 11  19 0.53
 11  20 0.52
 11  21 0.69
 11  22 0.62
 12   1 0.27
 12   2 0.50
 12   3 0.37
 12   4 0.29
 12   5 0.42
 12   6 0.53
 12   7 0.38
 12   8 0.41
 12   9 0.21
 12  10 0.34
 12  11 0.55
 12  12 0.50
 12  13 0.46
 12  14 0.36
 12  15 0.38
 12  16 0.34
 12  17 0.34
 12  18 0.44
 12  19 0.39
 12  20 0.58
 12  21 0.37
 12  22 0.27
 13   1 0.61
 13   2 0.39
 13   3 0.34
 13   4 0.57
 13   5 0.62
 13   6 0.47
 13   7 0.50
 13   8 0.61
 13   9 0.42
 13  10 0.47
 13  11 0.30
 13  12 0.57
 13  13 0.47
 13  14 0.63
 13  15 0.63
 13  16 0.46
 13  17 0.58
 13  18 0.35
 13  19 0.53
 13  20 0.58
 13  21 0.50
 13  22 0.67
 14   1 0.59
 14   2 0.46
 14   3 0.45
 14   4 0.46
 14   5 0.63
 14   6 0.49
 14   7 0.38
 14   8 0.57
 14   9 0.32
 14  10 0.41
 14  11 0.39
 14  12 0.64
 14  13 0.51
 14  14 0.59
 14  15 0.56
 14  16 0.42
 14  17 0.42
 14  18 0.37
 14  19 0.58
 14  20 0.58
 14  21 0.52
 14  22 0.63
 15   1 0.30
 15   2 0.32
 15   3 0.47
 15   4 0.32
 15   5 0.39
 15   6 0.42
 15   7 0.32
 15   8 0.35
 15   9 0.23
 15  10 0.39
 15  11 0.54
 15  12 0.52
 15  13 0.45
 15  14 0.33
 15  15 0.41
 15  16 0.35
 15  17 0.29
 15  18 0.28
 15  19 0.46
 15  20 0.54
 15  21 0.44
 15  22 0.34
 16   1 0.29
 16   2 0.25
 16   3 0.22
 16   4 0.44
 16   5 0.50
 16   6 0.54
 16   7 0.44
 16   8 0.35
 16   9 0.25
 16  10 0.49
 16  11 0.29
 16  12 0.45
 16  13 0.34
 16  14 0.43
 16  15 0.53
 16  16 0.42
 16  17 0.47
 16  18 0.30
 16  19 0.48
 16  20 0.43
 16  21 0.50
 16  22 0.57
 17   1 0.30
 17   2 0.56
 17   3 0.39
 17   4 0.29
 17   5 0.46
 17   6 0.48
 17   7 0.53
 17   8 0.43
 17   9 0.17
 17  10 0.40
 17  11 0.40
 17  12 0.48
 17  13 0.59
 17  14 0.39
 17  15 0.41
 17  16 0.34
 17  17 0.33
 17  18 0.40
 17  19 0.38
 17  20 0.41
 17  21 0.31
 17  22 0.23
 18   1 0.39
 18   2 0.40
 18   3 0.46
 18   4 0.51
 18   5 0.59
 18   6 0.68
 18   7 0.66
 18   8 0.48
 18   9 0.28
 18  10 0.55
 18  11 0.50
 18  12 0.67
 18  13 0.58
 18  14 0.53
 18  15 0.62
 18  16 0.69
 18  17 0.58
 18  18 0.45
 18  19 0.56
 18  20 0.57
 18  21 0.48
 18  22 0.53
 19   1 0.53
 19   2 0.41
 19   3 0.54
 19   4 0.48
 19   5 0.67
 19   6 0.56
 19   7 0.45
 19   8 0.60
 19   9 0.38
 19  10 0.50
 19  11 0.43
 19  12 0.60
 19  13 0.51
 19  14 0.58
 19  15 0.61
 19  16 0.52
 19  17 0.49
 19  18 0.37
 19  19 0.57
 19  20 0.67
 19  21 0.43
 19  22 0.61
 20   1 0.49
 20   2 0.34
 20   3 0.49
 20   4 0.44
 20   5 0.47
 20   6 0.52
 20   7 0.38
 20   8 0.43
 20   9 0.27
 20  10 0.51
 20  11 0.56
 20  12 0.57
 20  13 0.55
 20  14 0.49
 20  15 0.51
 20  16 0.40
 20  17 0.35
 20  18 0.41
 20  19 0.52
 20  20 0.60
 20  21 0.44
 20  22 0.49
 21   1 0.42
 21   2 0.48
 21   3 0.43
 21   4 0.53
 21   5 0.65
 21   6 0.65
 21   7 0.58
 21   8 0.54
 21   9 0.34
 21  10 0.50
 21  11 0.54
 21  12 0.70
 21  13 0.56
 21  14 0.58
 21  15 0.65
 21  16 0.61
 21  17 0.57
 21  18 0.48
 21  19 0.63
 21  20 0.56
 21  21 0.51
 21  22 0.57
 22   1 0.42
 22   2 0.31
 22   3 0.37
 22   4 0.32
 22   5 0.45
 22   6 0.38
 22   7 0.30
 22   8 0.34
 22   9 0.27
 22  10 0.34
 22  11 0.40
 22  12 0.50
 22  13 0.45
 22  14 0.40
 22  15 0.44
 22  16 0.29
 22  17 0.28
 22  18 0.30
 22  19 0.43
 22  20 0.47
 22  21 0.31
 22  22 0.40
  1   1 0.62
  1   2 0.26
  1   3 0.38
  1   4 0.35
  1   5 0.41
  1   6 0.29
  1   7 0.34
  1   8 0.39
  1   9 0.28
  1  10 0.31
  1  11 0.29
  1  12 0.38
  1  13 0.40
  1  14 0.47
  1  15 0.40
  1  16 0.41
  1  17 0.30
  1  18 0.28
  1  19 0.34
  1  20 0.36
  1  21 0.26
  1  22 0.32
  2   1 0.26
  2   2 0.31
  2   3 0.31
  2   4 0.32
  2   5 0.30
  2   6 0.37
  2   7 0.28
  2   8 0.23
  2   9 0.19
  2  10 0.35
  2  11 0.46
  2  12 0.43
  2  13 0.48
  2  14 0.29
  2  15 0.41
  2  16 0.24
  2  17 0.20
  2  18 0.44
  2  19 0.49
  2  20 0.44
  2  21 0.39
  2  22 0.38
  3   1 0.50
  3   2 0.48
  3   3 0.46
  3   4 0.57
  3   5 0.63
  3   6 0.59
  3   7 0.63
  3   8 0.58
  3   9 0.41
  3  10 0.57
  3  11 0.54
  3  12 0.65
  3  13 0.64
  3  14 0.57
  3  15 0.64
  3  16 0.66
  3  17 0.57
  3  18 0.45
  3  19 0.60
  3  20 0.58
  3  21 0.51
  3  22 0.57
  4   1 0.37
  4   2 0.50
  4   3 0.43
  4   4 0.39
  4   5 0.55
  4   6 0.50
  4   7 0.48
  4   8 0.52
  4   9 0.29
  4  10 0.41
  4  11 0.47
  4  12 0.58
  4  13 0.58
  4  14 0.47
  4  15 0.46
  4  16 0.48
  4  17 0.43
  4  18 0.38
  4  19 0.56
  4  20 0.48
  4  21 0.50
  4  22 0.45
  5   1 0.37
  5   2 0.31
  5   3 0.45
  5   4 0.54
  5   5 0.48
  5   6 0.51
  5   7 0.43
  5   8 0.40
  5   9 0.27
  5  10 0.51
  5  11 0.54
  5  12 0.57
  5  13 0.56
  5  14 0.45
  5  15 0.54
  5  16 0.48
  5  17 0.37
  5  18 0.38
  5  19 0.52
  5  20 0.50
  5  21 0.50
  5  22 0.50
  6   1 0.39
  6   2 0.38
  6   3 0.50
  6   4 0.40
  6   5 0.47
  6   6 0.52
  6   7 0.40
  6   8 0.42
  6   9 0.25
  6  10 0.45
  6  11 0.59
  6  12 0.58
  6  13 0.50
  6  14 0.43
  6  15 0.52
  6  16 0.39
  6  17 0.38
  6  18 0.43
  6  19 0.58
  6  20 0.62
  6  21 0.42
  6  22 0.44
  7   1 0.42
  7   2 0.42
  7   3 0.48
  7   4 0.49
  7   5 0.58
  7   6 0.55
  7   7 0.48
  7   8 0.50
  7   9 0.33
  7  10 0.48
  7  11 0.56
  7  12 0.59
  7  13 0.59
  7  14 0.50
  7  15 0.56
  7  16 0.47
  7  17 0.44
  7  18 0.39
  7  19 0.54
  7  20 0.56
  7  21 0.48
  7  22 0.49
  8   1 0.40
  8   2 0.54
  8   3 0.50
  8   4 0.53
  8   5 0.50
  8   6 0.50
  8   7 0.44
  8   8 0.50
  8   9 0.28
  8  10 0.46
  8  11 0.57
  8  12 0.55
  8  13 0.65
  8  14 0.52
  8  15 0.58
  8  16 0.40
  8  17 0.40
  8  18 0.52
  8  19 0.56
  8  20 0.59
  8  21 0.42
  8  22 0.52
  9   1 0.55
  9   2 0.46
  9   3 0.51
  9   4 0.45
  9   5 0.61
  9   6 0.51
  9   7 0.51
  9   8 0.63
  9   9 0.34
  9  10 0.60
  9  11 0.43
  9  12 0.57
  9  13 0.61
  9  14 0.60
  9  15 0.56
  9  16 0.42
  9  17 0.45
  9  18 0.34
  9  19 0.52
  9  20 0.63
  9  21 0.37
  9  22 0.44
 10   1 0.46
 10   2 0.59
 10   3 0.51
 10   4 0.47
 10   5 0.64
 10   6 0.62
 10   7 0.63
 10   8 0.52
 10   9 0.34
 10  10 0.43
 10  11 0.48
 10  12 0.64
 10  13 0.59
 10  14 0.59
 10  15 0.58
 10  16 0.51
 10  17 0.51
 10  18 0.39
 10  19 0.45
 10  20 0.51
 10  21 0.40
 10  22 0.39
 11   1 0.33
 11   2 0.37
 11   3 0.29
 11   4 0.52
 11   5 0.57
 11   6 0.53
 11   7 0.53
 11   8 0.55
 11   9 0.37
 11  10 0.37
 11  11 0.33
 11  12 0.55
 11  13 0.40
 11  14 0.48
 11  15 0.60
 11  16 0.57
 11  17 0.56
 11  18 0.34
 11  19 0.53
 11  20 0.52
 11  21 0.69
 11  22 0.62
 12   1 0.27
 12   2 0.50
 12   3 0.37
 12   4 0.29
 12   5 0.42
 12   6 0.53
 12   7 0.38
 12   8 0.41
 12   9 0.21
 12  10 0.34
 12  11 0.55
 12  12 0.50
 12  13 0.46
 12  14 0.36
 12  15 0.38
 12  16 0.34
 12  17 0.34
 12  18 0.44
 12  19 0.39
 12  20 0.58
 12  21 0.37
 12  22 0.27
 13   1 0.61
 13   2 0.39
 13   3 0.34
 13   4 0.57
 13   5 0.62
 13   6 0.47
 13   7 0.50
 13   8 0.61
 13   9 0.42
 13  10 0.47
 13  11 0.30
 13  12 0.57
 13  13 0.47
 13  14 0.63
 13  15 0.63
 13  16 0.46
 13  17 0.58
 13  18 0.35
 13  19 0.53
 13  20 0.58
 13  21 0.50
 13  22 0.67
 14   1 0.59
 14   2 0.46
 14   3 0.45
 14   4 0.46
 14   5 0.63
 14   6 0.49
 14   7 0.38
 14   8 0.57
 14   9 0.32
 14  10 0.41
 14  11 0.39
 14  12 0.64
 14  13 0.51
 14  14 0.59
 14  15 0.56
 14  16 0.42
 14  17 0.42
 14  18 0.37
 14  19 0.58
 14  20 0.58
 14  21 0.52
 14  22 0.63
 15   1 0.30
 15   2 0.32
 15   3 0.47
 15   4 0.32
 15   5 0.39
 15   6 0.42
 15   7 0.32
 15   8 0.35
 15   9 0.23
 15  10 0.39
 15  11 0.54
 15  12 0.52
 15  13 0.45
 15  14 0.33
 15  15 0.41
 15  16 0.35
 15  17 0.29
 15  18 0.28
 15  19 0.46
 15  20 0.54
 15  21 0.44
 15  22 0.34
 16   1 0.29
 16   2 0.25
 16   3 0.22
 16   4 0.44
 16   5 0.50
 16   6 0.54
 16   7 0.44
 16   8 0.35
 16   9 0.25
 16  10 0.49
 16  11 0.29
 16  12 0.45
 16  13 0.34
 16  14 0.43
 16  15 0.53
 16  16 0.42
 16  17 0.47
 16  18 0.30
 16  19 0.48
 16  20 0.43
 16  21 0.50
 16  22 0.57
 17   1 0.30
 17   2 0.56
 17   3 0.39
 17   4 0.29
 17   5 0.46
 17   6 0.48
 17   7 0.53
 17   8 0.43
 17   9 0.17
 17  10 0.40
 17  11 0.40
 17  12 0.48
 17  13 0.59
 17  14 0.39
 17  15 0.41
 17  16 0.34
 17  17 0.33
 17  18 0.40
 17  19 0.38
 17  20 0.41
 17  21 0.31
 17  22 0.23
 18   1 0.39
 18   2 0.40
 18   3 0.46
 18   4 0.51
 18   5 0.59
 18   6 0.68
 18   7 0.66
 18   8 0.48
 18   9 0.28
 18  10 0.55
 18  11 0.50
 18  12 0.67
 18  13 0.58
 18  14 0.53
 18  15 0.62
 18  16 0.69
 18  17 0.58
 18  18 0.45
 18  19 0.56
 18  20 0.57
 18  21 0.48
 18  22 0.53
 19   1 0.53
 19   2 0.41
 19   3 0.54
 19   4 0.48
 19   5 0.67
 19   6 0.56
 19   7 0.45
 19   8 0.60
 19   9 0.38
 19  10 0.50
 19  11 0.43
 19  12 0.60
 19  13 0.51
 19  14 0.58
 19  15 0.61
 19  16 0.52
 19  17 0.49
 19  18 0.37
 19  19 0.57
 19  20 0.67
 19  21 0.43
 19  22 0.61
 20   1 0.49
 20   2 0.34
 20   3 0.49
 20   4 0.44
 20   5 0.47
 20   6 0.52
 20   7 0.38
 20   8 0.43
 20   9 0.27
 20  10 0.51
 20  11 0.56
 20  12 0.57
 20  13 0.55
 20  14 0.49
 20  15 0.51
 20  16 0.40
 20  17 0.35
 20  18 0.41
 20  19 0.52
 20  20 0.60
 20  21 0.44
 20  22 0.49
 21   1 0.42
 21   2 0.48
 21   3 0.43
 21   4 0.53
 21   5 0.65
 21   6 0.65
 21   7 0.58
 21   8 0.54
 21   9 0.34
 21  10 0.50
 21  11 0.54
 21  12 0.70
 21  13 0.56
 21  14 0.58
 21  15 0.65
 21  16 0.61
 21  17 0.57
 21  18 0.48
 21  19 0.63
 21  20 0.56
 21  21 0.51
 21  22 0.57
 22   1 0.42
 22   2 0.31
 22   3 0.37
 22   4 0.32
 22   5 0.45
 22   6 0.38
 22   7 0.30
 22   8 0.34
 22   9 0.27
 22  10 0.34
 22  11 0.40
 22  12 0.50
 22  13 0.45
 22  14 0.40
 22  15 0.44
 22  16 0.29
 22  17 0.28
 22  18 0.30
 22  19 0.43
 22  20 0.47
 22  21 0.31
 22  22 0.40
