  1   1 0.40
  1   2 0.22
  1   3 0.27
  1   4 0.28
  1   5 0.39
  1   6 0.29
  1   7 0.15
  1   8 0.40
  1   9 0.41
  1  10 0.37
  1  11 0.23
  1  12 0.39
  1  13 0.21
  1  14 0.29
  1  15 0.18
  1  16 0.46
  1  17 0.26
  1  18 0.42
  1  19 0.54
  1  20 0.41
  1  21 0.25
  1  22 0.48
  2   1 0.57
  2   2 0.63
  2   3 0.50
  2   4 0.23
  2   5 0.49
  2   6 0.51
  2   7 0.08
  2   8 0.38
  2   9 0.41
  2  10 0.47
  2  11 0.58
  2  12 0.70
  2  13 0.69
  2  14 0.71
  2  15 0.52
  2  16 0.49
  2  17 0.69
  2  18 0.44
  2  19 0.64
  2  20 0.32
  2  21 0.14
  2  22 0.48
  3   1 0.62
  3   2 0.34
  3   3 0.38
  3   4 0.25
  3   5 0.62
  3   6 0.45
  3   7 0.17
  3   8 0.51
  3   9 0.57
  3  10 0.54
  3  11 0.47
  3  12 0.53
  3  13 0.49
  3  14 0.45
  3  15 0.27
  3  16 0.55
  3  17 0.50
  3  18 0.47
  3  19 0.73
  3  20 0.33
  3  21 0.20
  3  22 0.47
  4   1 0.39
  4   2 0.31
  4   3 0.61
  4   4 0.31
  4   5 0.44
  4   6 0.37
  4   7 0.18
  4   8 0.39
  4   9 0.29
  4  10 0.35
  4  11 0.29
  4  12 0.48
  4  13 0.36
  4  14 0.60
  4  15 0.31
  4  16 0.42
  4  17 0.60
  4  18 0.32
  4  19 0.46
  4  20 0.34
  4  21 0.25
  4  22 0.42
  5   1 0.55
  5   2 0.40
  5   3 0.30
  5   4 0.17
  5   5 0.50
  5   6 0.55
  5   7 0.06
  5   8 0.44
  5   9 0.39
  5  10 0.47
  5  11 0.43
  5  12 0.39
  5  13 0.46
  5  14 0.35
  5  15 0.36
  5  16 0.61
  5  17 0.33
  5  18 0.53
  5  19 0.69
  5  20 0.54
  5  21 0.09
  5  22 0.50
  6   1 0.22
  6   2 0.19
  6   3 0.18
  6   4 0.26
  6   5 0.18
  6   6 0.15
  6   7 0.09
  6   8 0.16
  6   9 0.20
  6  10 0.24
  6  11 0.15
  6  12 0.27
  6  13 0.19
  6  14 0.24
  6  15 0.16
  6  16 0.18
  6  17 0.25
  6  18 0.16
  6  19 0.23
  6  20 0.11
  6  21 0.24
  6  22 0.18
  7   1 0.46
  7   2 0.36
  7   3 0.20
  7   4 0.18
  7   5 0.37
  7   6 0.41
  7   7 0.06
  7   8 0.29
  7   9 0.30
  7  10 0.36
  7  11 0.35
  7  12 0.48
  7  13 0.38
  7  14 0.31
  7  15 0.40
  7  16 0.50
  7  17 0.32
  7  18 0.55
  7  19 0.52
  7  20 0.46
  7  21 0.11
  7  22 0.47
  8   1 0.49
  8   2 0.53
  8   3 0.51
  8   4 0.29
  8   5 0.49
  8   6 0.42
  8   7 0.19
  8   8 0.33
  8   9 0.38
  8  10 0.45
  8  11 0.42
  8  12 0.71
  8  13 0.54
  8  14 0.68
  8  15 0.47
  8  16 0.46
  8  17 0.74
  8  18 0.41
  8  19 0.56
  8  20 0.36
  8  21 0.25
  8  22 0.41
  9   1 0.65
  9   2 0.57
  9   3 0.45
  9   4 0.25
  9   5 0.58
  9   6 0.35
  9   7 0.18
  9   8 0.35
  9   9 0.68
  9  10 0.62
  9  11 0.55
  9  12 0.55
  9  13 0.59
  9  14 0.62
  9  15 0.45
  9  16 0.50
  9  17 0.63
  9  18 0.37
  9  19 0.60
  9  20 0.28
  9  21 0.24
  9  22 0.44
 10   1 0.47
 10   2 0.56
 10   3 0.52
 10   4 0.30
 10   5 0.45
 10   6 0.39
 10   7 0.07
 10   8 0.24
 10   9 0.39
 10  10 0.43
 10  11 0.54
 10  12 0.60
 10  13 0.62
 10  14 0.66
 10  15 0.57
 10  16 0.37
 10  17 0.73
 10  18 0.30
 10  19 0.44
 10  20 0.27
 10  21 0.11
 10  22 0.32
 11   1 0.45
 11   2 0.37
 11   3 0.52
 11   4 0.22
 11   5 0.47
 11   6 0.62
 11   7 0.11
 11   8 0.39
 11   9 0.35
 11  10 0.37
 11  11 0.32
 11  12 0.48
 11  13 0.38
 11  14 0.67
 11  15 0.45
 11  16 0.62
 11  17 0.54
 11  18 0.58
 11  19 0.64
 11  20 0.41
 11  21 0.18
 11  22 0.58
 12   1 0.37
 12   2 0.25
 12   3 0.25
 12   4 0.32
 12   5 0.32
 12   6 0.44
 12   7 0.06
 12   8 0.26
 12   9 0.31
 12  10 0.34
 12  11 0.35
 12  12 0.67
 12  13 0.44
 12  14 0.42
 12  15 0.25
 12  16 0.47
 12  17 0.45
 12  18 0.54
 12  19 0.58
 12  20 0.30
 12  21 0.11
 12  22 0.34
 13   1 0.10
 13   2 0.13
 13   3 0.14
 13   4 0.10
 13   5 0.13
 13   6 0.09
 13   7 0.21
 13   8 0.07
 13   9 0.13
 13  10 0.18
 13  11 0.12
 13  12 0.09
 13  13 0.09
 13  14 0.14
 13  15 0.18
 13  16 0.15
 13  17 0.12
 13  18 0.09
 13  19 0.11
 13  20 0.10
 13  21 0.25
 13  22 0.11
 14   1 0.58
 14   2 0.56
 14   3 0.51
 14   4 0.29
 14   5 0.55
 14   6 0.40
 14   7 0.18
 14   8 0.46
 14   9 0.49
 14  10 0.53
 14  11 0.45
 14  12 0.59
 14  13 0.50
 14  14 0.67
 14  15 0.41
 14  16 0.47
 14  17 0.60
 14  18 0.48
 14  19 0.61
 14  20 0.36
 14  21 0.30
 14  22 0.51
 15   1 0.49
 15   2 0.44
 15   3 0.66
 15   4 0.28
 15   5 0.57
 15   6 0.49
 15   7 0.21
 15   8 0.43
 15   9 0.45
 15  10 0.42
 15  11 0.52
 15  12 0.47
 15  13 0.55
 15  14 0.68
 15  15 0.39
 15  16 0.42
 15  17 0.67
 15  18 0.32
 15  19 0.51
 15  20 0.37
 15  21 0.16
 15  22 0.45
 16   1 0.52
 16   2 0.42
 16   3 0.27
 16   4 0.20
 16   5 0.48
 16   6 0.41
 16   7 0.12
 16   8 0.36
 16   9 0.40
 16  10 0.52
 16  11 0.38
 16  12 0.59
 16  13 0.48
 16  14 0.37
 16  15 0.39
 16  16 0.59
 16  17 0.37
 16  18 0.64
 16  19 0.70
 16  20 0.56
 16  21 0.18
 16  22 0.52
 17   1 0.21
 17   2 0.22
 17   3 0.30
 17   4 0.13
 17   5 0.36
 17   6 0.17
 17   7 0.43
 17   8 0.22
 17   9 0.30
 17  10 0.43
 17  11 0.19
 17  12 0.19
 17  13 0.18
 17  14 0.22
 17  15 0.24
 17  16 0.22
 17  17 0.20
 17  18 0.18
 17  19 0.26
 17  20 0.24
 17  21 0.50
 17  22 0.28
 18   1 0.45
 18   2 0.37
 18   3 0.36
 18   4 0.28
 18   5 0.44
 18   6 0.32
 18   7 0.17
 18   8 0.37
 18   9 0.35
 18  10 0.41
 18  11 0.35
 18  12 0.62
 18  13 0.45
 18  14 0.39
 18  15 0.33
 18  16 0.42
 18  17 0.40
 18  18 0.40
 18  19 0.57
 18  20 0.47
 18  21 0.21
 18  22 0.47
 19   1 0.43
 19   2 0.36
 19   3 0.42
 19   4 0.24
 19   5 0.50
 19   6 0.46
 19   7 0.17
 19   8 0.43
 19   9 0.42
 19  10 0.47
 19  11 0.34
 19  12 0.52
 19  13 0.38
 19  14 0.47
 19  15 0.42
 19  16 0.57
 19  17 0.40
 19  18 0.65
 19  19 0.69
 19  20 0.55
 19  21 0.21
 19  22 0.56
 20   1 0.58
 20   2 0.61
 20   3 0.53
 20   4 0.36
 20   5 0.54
 20   6 0.53
 20   7 0.11
 20   8 0.37
 20   9 0.60
 20  10 0.53
 20  11 0.69
 20  12 0.59
 20  13 0.75
 20  14 0.66
 20  15 0.56
 20  16 0.47
 20  17 0.73
 20  18 0.42
 20  19 0.58
 20  20 0.27
 20  21 0.16
 20  22 0.40
 21   1 0.44
 21   2 0.59
 21   3 0.43
 21   4 0.20
 21   5 0.52
 21   6 0.38
 21   7 0.13
 21   8 0.33
 21   9 0.47
 21  10 0.55
 21  11 0.52
 21  12 0.39
 21  13 0.51
 21  14 0.50
 21  15 0.61
 21  16 0.38
 21  17 0.46
 21  18 0.43
 21  19 0.42
 21  20 0.25
 21  21 0.22
 21  22 0.41
 22   1 0.48
 22   2 0.37
 22   3 0.30
 22   4 0.23
 22   5 0.49
 22   6 0.50
 22   7 0.08
 22   8 0.44
 22   9 0.47
 22  10 0.50
 22  11 0.48
 22  12 0.50
 22  13 0.48
 22  14 0.38
 22  15 0.28
 22  16 0.54
 22  17 0.44
 22  18 0.51
 22  19 0.66
 22  20 0.39
 22  21 0.13
 22  22 0.42
  1   1 0.40
  1   2 0.22
  1   3 0.27
  1   4 0.28
  1   5 0.39
  1   6 0.29
  1   7 0.15
  1   8 0.40
  1   9 0.41
  1  10 0.37
  1  11 0.23
  1  12 0.39
  1  13 0.21
  1  14 0.29
  1  15 0.18
  1  16 0.46
  1  17 0.26
  1  18 0.42
  1  19 0.54
  1  20 0.41
  1  21 0.25
  1  22 0.48
  2   1 0.57
  2   2 0.63
  2   3 0.50
  2   4 0.23
  2   5 0.49
  2   6 0.51
  2   7 0.08
  2   8 0.38
  2   9 0.41
  2  10 0.47
  2  11 0.58
  2  12 0.70
  2  13 0.69
  2  14 0.71
  2  15 0.52
  2  16 0.49
  2  17 0.69
  2  18 0.44
  2  19 0.64
  2  20 0.32
  2  21 0.14
  2  22 0.48
  3   1 0.62
  3   2 0.34
  3   3 0.38
  3   4 0.25
  3   5 0.62
  3   6 0.45
  3   7 0.17
  3   8 0.51
  3   9 0.57
  3  10 0.54
  3  11 0.47
  3  12 0.53
  3  13 0.49
  3  14 0.45
  3  15 0.27
  3  16 0.55
  3  17 0.50
  3  18 0.47
  3  19 0.73
  3  20 0.33
  3  21 0.20
  3  22 0.47
  4   1 0.39
  4   2 0.31
  4   3 0.61
  4   4 0.31
  4   5 0.44
  4   6 0.37
  4   7 0.18
  4   8 0.39
  4   9 0.29
  4  10 0.35
  4  11 0.29
  4  12 0.48
  4  13 0.36
  4  14 0.60
  4  15 0.31
  4  16 0.41
  4  17 0.60
  4  18 0.32
  4  19 0.46
  4  20 0.34
  4  21 0.25
  4  22 0.42
  5   1 0.55
  5   2 0.40
  5   3 0.30
  5   4 0.17
  5   5 0.50
  5   6 0.55
  5   7 0.06
  5   8 0.44
  5   9 0.39
  5  10 0.47
  5  11 0.43
  5  12 0.39
  5  13 0.46
  5  14 0.35
  5  15 0.36
  5  16 0.61
  5  17 0.33
  5  18 0.53
  5  19 0.69
  5  20 0.54
  5  21 0.09
  5  22 0.50
  6   1 0.22
  6   2 0.19
  6   3 0.18
  6   4 0.26
  6   5 0.18
  6   6 0.15
  6   7 0.09
  6   8 0.16
  6   9 0.19
  6  10 0.24
  6  11 0.15
  6  12 0.27
  6  13 0.19
  6  14 0.24
  6  15 0.16
  6  16 0.18
  6  17 0.25
  6  18 0.16
  6  19 0.23
  6  20 0.11
  6  21 0.24
  6  22 0.18
  7   1 0.46
  7   2 0.36
  7   3 0.20
  7   4 0.18
  7   5 0.37
  7   6 0.41
  7   7 0.06
  7   8 0.29
  7   9 0.30
  7  10 0.36
  7  11 0.35
  7  12 0.48
  7  13 0.38
  7  14 0.31
  7  15 0.40
  7  16 0.50
  7  17 0.32
  7  18 0.55
  7  19 0.52
  7  20 0.46
  7  21 0.11
  7  22 0.47
  8   1 0.49
  8   2 0.53
  8   3 0.51
  8   4 0.29
  8   5 0.49
  8   6 0.42
  8   7 0.19
  8   8 0.33
  8   9 0.38
  8  10 0.45
  8  11 0.42
  8  12 0.70
  8  13 0.54
  8  14 0.68
  8  15 0.47
  8  16 0.46
  8  17 0.74
  8  18 0.41
  8  19 0.56
  8  20 0.36
  8  21 0.25
  8  22 0.41
  9   1 0.65
  9   2 0.57
  9   3 0.45
  9   4 0.25
  9   5 0.58
  9   6 0.35
  9   7 0.18
  9   8 0.35
  9   9 0.67
  9  10 0.62
  9  11 0.55
  9  12 0.55
  9  13 0.59
  9  14 0.62
  9  15 0.45
  9  16 0.50
  9  17 0.63
  9  18 0.37
  9  19 0.59
  9  20 0.28
  9  21 0.24
  9  22 0.44
 10   1 0.47
 10   2 0.56
 10   3 0.52
 10   4 0.30
 10   5 0.45
 10   6 0.39
 10   7 0.07
 10   8 0.24
 10   9 0.39
 10  10 0.43
 10  11 0.54
 10  12 0.60
 10  13 0.62
 10  14 0.66
 10  15 0.57
 10  16 0.37
 10  17 0.73
 10  18 0.30
 10  19 0.44
 10  20 0.27
 10  21 0.10
 10  22 0.32
 11   1 0.45
 11   2 0.37
 11   3 0.52
 11   4 0.22
 11   5 0.47
 11   6 0.62
 11   7 0.11
 11   8 0.38
 11   9 0.35
 11  10 0.37
 11  11 0.32
 11  12 0.48
 11  13 0.38
 11  14 0.67
 11  15 0.45
 11  16 0.62
 11  17 0.54
 11  18 0.58
 11  19 0.64
 11  20 0.41
 11  21 0.18
 11  22 0.57
 12   1 0.37
 12   2 0.25
 12   3 0.25
 12   4 0.32
 12   5 0.32
 12   6 0.44
 12   7 0.05
 12   8 0.26
 12   9 0.31
 12  10 0.34
 12  11 0.35
 12  12 0.67
 12  13 0.44
 12  14 0.42
 12  15 0.25
 12  16 0.47
 12  17 0.45
 12  18 0.54
 12  19 0.58
 12  20 0.30
 12  21 0.11
 12  22 0.34
 13   1 0.10
 13   2 0.13
 13   3 0.14
 13   4 0.10
 13   5 0.13
 13   6 0.09
 13   7 0.21
 13   8 0.07
 13   9 0.13
 13  10 0.18
 13  11 0.12
 13  12 0.09
 13  13 0.09
 13  14 0.14
 13  15 0.17
 13  16 0.15
 13  17 0.12
 13  18 0.09
 13  19 0.11
 13  20 0.10
 13  21 0.25
 13  22 0.11
 14   1 0.58
 14   2 0.56
 14   3 0.51
 14   4 0.29
 14   5 0.55
 14   6 0.40
 14   7 0.18
 14   8 0.46
 14   9 0.49
 14  10 0.53
 14  11 0.45
 14  12 0.59
 14  13 0.50
 14  14 0.67
 14  15 0.41
 14  16 0.47
 14  17 0.59
 14  18 0.48
 14  19 0.61
 14  20 0.36
 14  21 0.30
 14  22 0.51
 15   1 0.49
 15   2 0.44
 15   3 0.66
 15   4 0.28
 15   5 0.57
 15   6 0.49
 15   7 0.21
 15   8 0.43
 15   9 0.45
 15  10 0.42
 15  11 0.52
 15  12 0.47
 15  13 0.55
 15  14 0.68
 15  15 0.39
 15  16 0.42
 15  17 0.67
 15  18 0.32
 15  19 0.51
 15  20 0.37
 15  21 0.16
 15  22 0.45
 16   1 0.52
 16   2 0.41
 16   3 0.27
 16   4 0.20
 16   5 0.48
 16   6 0.41
 16   7 0.12
 16   8 0.36
 16   9 0.40
 16  10 0.52
 16  11 0.38
 16  12 0.59
 16  13 0.48
 16  14 0.37
 16  15 0.39
 16  16 0.59
 16  17 0.37
 16  18 0.64
 16  19 0.70
 16  20 0.56
 16  21 0.18
 16  22 0.52
 17   1 0.21
 17   2 0.22
 17   3 0.30
 17   4 0.13
 17   5 0.36
 17   6 0.17
 17   7 0.43
 17   8 0.22
 17   9 0.30
 17  10 0.43
 17  11 0.19
 17  12 0.19
 17  13 0.18
 17  14 0.22
 17  15 0.24
 17  16 0.22
 17  17 0.20
 17  18 0.18
 17  19 0.26
 17  20 0.24
 17  21 0.50
 17  22 0.28
 18   1 0.45
 18   2 0.37
 18   3 0.36
 18   4 0.28
 18   5 0.44
 18   6 0.32
 18   7 0.17
 18   8 0.37
 18   9 0.35
 18  10 0.41
 18  11 0.35
 18  12 0.62
 18  13 0.45
 18  14 0.39
 18  15 0.33
 18  16 0.42
 18  17 0.40
 18  18 0.40
 18  19 0.57
 18  20 0.47
 18  21 0.21
 18  22 0.47
 19   1 0.43
 19   2 0.36
 19   3 0.42
 19   4 0.24
 19   5 0.50
 19   6 0.46
 19   7 0.17
 19   8 0.43
 19   9 0.42
 19  10 0.47
 19  11 0.34
 19  12 0.52
 19  13 0.38
 19  14 0.47
 19  15 0.42
 19  16 0.57
 19  17 0.40
 19  18 0.65
 19  19 0.69
 19  20 0.55
 19  21 0.21
 19  22 0.56
 20   1 0.58
 20   2 0.61
 20   3 0.53
 20   4 0.35
 20   5 0.54
 20   6 0.53
 20   7 0.11
 20   8 0.37
 20   9 0.60
 20  10 0.53
 20  11 0.69
 20  12 0.59
 20  13 0.75
 20  14 0.66
 20  15 0.56
 20  16 0.47
 20  17 0.73
 20  18 0.42
 20  19 0.58
 20  20 0.26
 20  21 0.16
 20  22 0.40
 21   1 0.44
 21   2 0.59
 21   3 0.43
 21   4 0.20
 21   5 0.52
 21   6 0.38
 21   7 0.13
 21   8 0.33
 21   9 0.46
 21  10 0.55
 21  11 0.52
 21  12 0.39
 21  13 0.51
 21  14 0.50
 21  15 0.61
 21  16 0.38
 21  17 0.46
 21  18 0.43
 21  19 0.42
 21  20 0.25
 21  21 0.22
 21  22 0.41
 22   1 0.48
 22   2 0.37
 22   3 0.30
 22   4 0.23
 22   5 0.49
 22   6 0.50
 22   7 0.08
 22   8 0.44
 22   9 0.47
 22  10 0.50
 22  11 0.48
 22  12 0.50
 22  13 0.48
 22  14 0.38
 22  15 0.28
 22  16 0.54
 22  17 0.44
 22  18 0.51
 22  19 0.66
 22  20 0.39
 22  21 0.13
 22  22 0.42
  1   1 0.40
  1   2 0.22
  1   3 0.27
  1   4 0.28
  1   5 0.39
  1   6 0.29
  1   7 0.15
  1   8 0.40
  1   9 0.41
  1  10 0.37
  1  11 0.23
  1  12 0.39
  1  13 0.21
  1  14 0.29
  1  15 0.18
  1  16 0.46
  1  17 0.26
  1  18 0.42
  1  19 0.54
  1  20 0.41
  1  21 0.25
  1  22 0.48
  2   1 0.57
  2   2 0.63
  2   3 0.50
  2   4 0.23
  2   5 0.49
  2   6 0.51
  2   7 0.08
  2   8 0.38
  2   9 0.41
  2  10 0.47
  2  11 0.58
  2  12 0.70
  2  13 0.69
  2  14 0.71
  2  15 0.52
  2  16 0.49
  2  17 0.69
  2  18 0.44
  2  19 0.64
  2  20 0.32
  2  21 0.14
  2  22 0.48
  3   1 0.62
  3   2 0.34
  3   3 0.38
  3   4 0.25
  3   5 0.62
  3   6 0.45
  3   7 0.17
  3   8 0.51
  3   9 0.57
  3  10 0.54
  3  11 0.47
  3  12 0.53
  3  13 0.49
  3  14 0.45
  3  15 0.27
  3  16 0.55
  3  17 0.50
  3  18 0.47
  3  19 0.73
  3  20 0.33
  3  21 0.20
  3  22 0.47
  4   1 0.39
  4   2 0.31
  4   3 0.61
  4   4 0.31
  4   5 0.44
  4   6 0.37
  4   7 0.18
  4   8 0.39
  4   9 0.29
  4  10 0.35
  4  11 0.29
  4  12 0.48
  4  13 0.36
  4  14 0.60
  4  15 0.31
  4  16 0.41
  4  17 0.60
  4  18 0.32
  4  19 0.46
  4  20 0.34
  4  21 0.25
  4  22 0.42
  5   1 0.55
  5   2 0.40
  5   3 0.30
  5   4 0.17
  5   5 0.50
  5   6 0.55
  5   7 0.06
  5   8 0.44
  5   9 0.39
  5  10 0.47
  5  11 0.43
  5  12 0.39
  5  13 0.46
  5  14 0.35
  5  15 0.36
  5  16 0.61
  5  17 0.33
  5  18 0.53
  5  19 0.69
  5  20 0.54
  5  21 0.09
  5  22 0.50
  6   1 0.22
  6   2 0.19
  6   3 0.18
  6   4 0.26
  6   5 0.18
  6   6 0.15
  6   7 0.09
  6   8 0.16
  6   9 0.19
  6  10 0.24
  6  11 0.15
  6  12 0.27
  6  13 0.19
  6  14 0.24
  6  15 0.16
  6  16 0.18
  6  17 0.25
  6  18 0.16
  6  19 0.23
  6  20 0.11
  6  21 0.24
  6  22 0.18
  7   1 0.46
  7   2 0.36
  7   3 0.20
  7   4 0.18
  7   5 0.37
  7   6 0.41
  7   7 0.06
  7   8 0.29
  7   9 0.30
  7  10 0.36
  7  11 0.35
  7  12 0.48
  7  13 0.38
  7  14 0.31
  7  15 0.40
  7  16 0.50
  7  17 0.32
  7  18 0.55
  7  19 0.52
  7  20 0.46
  7  21 0.11
  7  22 0.47
  8   1 0.49
  8   2 0.53
  8   3 0.51
  8   4 0.29
  8   5 0.49
  8   6 0.42
  8   7 0.19
  8   8 0.33
  8   9 0.38
  8  10 0.45
  8  11 0.42
  8  12 0.70
  8  13 0.54
  8  14 0.68
  8  15 0.47
  8  16 0.46
  8  17 0.74
  8  18 0.41
  8  19 0.56
  8  20 0.36
  8  21 0.25
  8  22 0.41
  9   1 0.65
  9   2 0.57
  9   3 0.45
  9   4 0.25
  9   5 0.58
  9   6 0.35
  9   7 0.18
  9   8 0.35
  9   9 0.67
  9  10 0.62
  9  11 0.55
  9  12 0.55
  9  13 0.59
  9  14 0.62
  9  15 0.45
  9  16 0.50
  9  17 0.63
  9  18 0.37
  9  19 0.59
  9  20 0.28
  9  21 0.24
  9  22 0.44
 10   1 0.47
 10   2 0.56
 10   3 0.52
 10   4 0.30
 10   5 0.45
 10   6 0.39
 10   7 0.07
 10   8 0.24
 10   9 0.39
 10  10 0.43
 10  11 0.54
 10  12 0.60
 10  13 0.62
 10  14 0.66
 10  15 0.57
 10  16 0.37
 10  17 0.73
 10  18 0.30
 10  19 0.44
 10  20 0.27
 10  21 0.10
 10  22 0.32
 11   1 0.45
 11   2 0.37
 11   3 0.52
 11   4 0.22
 11   5 0.47
 11   6 0.62
 11   7 0.11
 11   8 0.38
 11   9 0.35
 11  10 0.37
 11  11 0.32
 11  12 0.48
 11  13 0.38
 11  14 0.67
 11  15 0.45
 11  16 0.62
 11  17 0.54
 11  18 0.58
 11  19 0.64
 11  20 0.41
 11  21 0.18
 11  22 0.57
 12   1 0.37
 12   2 0.25
 12   3 0.25
 12   4 0.32
 12   5 0.32
 12   6 0.44
 12   7 0.05
 12   8 0.26
 12   9 0.31
 12  10 0.34
 12  11 0.35
 12  12 0.67
 12  13 0.44
 12  14 0.42
 12  15 0.25
 12  16 0.47
 12  17 0.45
 12  18 0.54
 12  19 0.58
 12  20 0.30
 12  21 0.11
 12  22 0.34
 13   1 0.10
 13   2 0.13
 13   3 0.14
 13   4 0.10
 13   5 0.13
 13   6 0.09
 13   7 0.21
 13   8 0.07
 13   9 0.13
 13  10 0.18
 13  11 0.12
 13  12 0.09
 13  13 0.09
 13  14 0.14
 13  15 0.17
 13  16 0.15
 13  17 0.12
 13  18 0.09
 13  19 0.11
 13  20 0.10
 13  21 0.25
 13  22 0.11
 14   1 0.58
 14   2 0.56
 14   3 0.51
 14   4 0.29
 14   5 0.55
 14   6 0.40
 14   7 0.18
 14   8 0.46
 14   9 0.49
 14  10 0.53
 14  11 0.45
 14  12 0.59
 14  13 0.50
 14  14 0.67
 14  15 0.41
 14  16 0.47
 14  17 0.59
 14  18 0.48
 14  19 0.61
 14  20 0.36
 14  21 0.30
 14  22 0.51
 15   1 0.49
 15   2 0.44
 15   3 0.66
 15   4 0.28
 15   5 0.57
 15   6 0.49
 15   7 0.21
 15   8 0.43
 15   9 0.45
 15  10 0.42
 15  11 0.52
 15  12 0.47
 15  13 0.55
 15  14 0.68
 15  15 0.39
 15  16 0.42
 15  17 0.67
 15  18 0.32
 15  19 0.51
 15  20 0.37
 15  21 0.16
 15  22 0.45
 16   1 0.52
 16   2 0.41
 16   3 0.27
 16   4 0.20
 16   5 0.48
 16   6 0.41
 16   7 0.12
 16   8 0.36
 16   9 0.40
 16  10 0.52
 16  11 0.38
 16  12 0.59
 16  13 0.48
 16  14 0.37
 16  15 0.39
 16  16 0.59
 16  17 0.37
 16  18 0.64
 16  19 0.70
 16  20 0.56
 16  21 0.18
 16  22 0.52
 17   1 0.21
 17   2 0.22
 17   3 0.30
 17   4 0.13
 17   5 0.36
 17   6 0.17
 17   7 0.43
 17   8 0.22
 17   9 0.30
 17  10 0.43
 17  11 0.19
 17  12 0.19
 17  13 0.18
 17  14 0.22
 17  15 0.24
 17  16 0.22
 17  17 0.20
 17  18 0.18
 17  19 0.26
 17  20 0.24
 17  21 0.50
 17  22 0.28
 18   1 0.45
 18   2 0.37
 18   3 0.36
 18   4 0.28
 18   5 0.44
 18   6 0.32
 18   7 0.17
 18   8 0.37
 18   9 0.35
 18  10 0.41
 18  11 0.35
 18  12 0.62
 18  13 0.45
 18  14 0.39
 18  15 0.33
 18  16 0.42
 18  17 0.40
 18  18 0.40
 18  19 0.57
 18  20 0.47
 18  21 0.21
 18  22 0.47
 19   1 0.43
 19   2 0.36
 19   3 0.42
 19   4 0.24
 19   5 0.50
 19   6 0.46
 19   7 0.17
 19   8 0.43
 19   9 0.42
 19  10 0.47
 19  11 0.34
 19  12 0.52
 19  13 0.38
 19  14 0.47
 19  15 0.42
 19  16 0.57
 19  17 0.40
 19  18 0.65
 19  19 0.69
 19  20 0.55
 19  21 0.21
 19  22 0.56
 20   1 0.58
 20   2 0.61
 20   3 0.53
 20   4 0.35
 20   5 0.54
 20   6 0.53
 20   7 0.11
 20   8 0.37
 20   9 0.60
 20  10 0.53
 20  11 0.69
 20  12 0.59
 20  13 0.75
 20  14 0.66
 20  15 0.56
 20  16 0.47
 20  17 0.73
 20  18 0.42
 20  19 0.58
 20  20 0.26
 20  21 0.16
 20  22 0.40
 21   1 0.44
 21   2 0.59
 21   3 0.43
 21   4 0.20
 21   5 0.52
 21   6 0.38
 21   7 0.13
 21   8 0.33
 21   9 0.46
 21  10 0.55
 21  11 0.52
 21  12 0.39
 21  13 0.51
 21  14 0.50
 21  15 0.61
 21  16 0.38
 21  17 0.46
 21  18 0.43
 21  19 0.42
 21  20 0.25
 21  21 0.22
 21  22 0.41
 22   1 0.48
 22   2 0.37
 22   3 0.30
 22   4 0.23
 22   5 0.49
 22   6 0.50
 22   7 0.08
 22   8 0.44
 22   9 0.47
 22  10 0.50
 22  11 0.48
 22  12 0.50
 22  13 0.48
 22  14 0.38
 22  15 0.28
 22  16 0.54
 22  17 0.44
 22  18 0.51
 22  19 0.66
 22  20 0.39
 22  21 0.13
 22  22 0.42
