  1   1 0.33
  1   2 0.29
  1   3 0.43
  1   4 0.26
  1   5 0.26
  1   6 0.27
  1   7 0.17
  1   8 0.19
  1   9 0.19
  1  10 0.35
  1  11 0.24
  1  12 0.24
  1  13 0.43
  1  14 0.50
  1  15 0.29
  1  16 0.27
  1  17 0.23
  1  18 0.20
  1  19 0.15
  1  20 0.41
  1  21 0.17
  1  22 0.23
  2   1 0.52
  2   2 0.51
  2   3 0.44
  2   4 0.41
  2   5 0.48
  2   6 0.46
  2   7 0.36
  2   8 0.36
  2   9 0.45
  2  10 0.31
  2  11 0.58
  2  12 0.43
  2  13 0.40
  2  14 0.43
  2  15 0.49
  2  16 0.49
  2  17 0.56
  2  18 0.47
  2  19 0.43
  2  20 0.59
  2  21 0.41
  2  22 0.27
  3   1 0.55
  3   2 0.39
  3   3 0.49
  3   4 0.31
  3   5 0.44
  3   6 0.38
  3   7 0.28
  3   8 0.32
  3   9 0.48
  3  10 0.38
  3  11 0.45
  3  12 0.45
  3  13 0.53
  3  14 0.50
  3  15 0.50
  3  16 0.42
  3  17 0.57
  3  18 0.44
  3  19 0.38
  3  20 0.66
  3  21 0.30
  3  22 0.26
  4   1 0.37
  4   2 0.59
  4   3 0.36
  4   4 0.28
  4   5 0.27
  4   6 0.43
  4   7 0.30
  4   8 0.35
  4   9 0.28
  4  10 0.37
  4  11 0.36
  4  12 0.48
  4  13 0.35
  4  14 0.38
  4  15 0.48
  4  16 0.48
  4  17 0.41
  4  18 0.45
  4  19 0.41
  4  20 0.46
  4  21 0.43
  4  22 0.36
  5   1 0.57
  5   2 0.49
  5   3 0.48
  5   4 0.39
  5   5 0.60
  5   6 0.52
  5   7 0.40
  5   8 0.35
  5   9 0.52
  5  10 0.38
  5  11 0.47
  5  12 0.55
  5  13 0.50
  5  14 0.53
  5  15 0.60
  5  16 0.61
  5  17 0.65
  5  18 0.58
  5  19 0.53
  5  20 0.62
  5  21 0.46
  5  22 0.32
  6   1 0.47
  6   2 0.56
  6   3 0.39
  6   4 0.41
  6   5 0.47
  6   6 0.59
  6   7 0.41
  6   8 0.36
  6   9 0.38
  6  10 0.41
  6  11 0.40
  6  12 0.56
  6  13 0.42
  6  14 0.43
  6  15 0.54
  6  16 0.51
  6  17 0.58
  6  18 0.52
  6  19 0.51
  6  20 0.50
  6  21 0.46
  6  22 0.32
  7   1 0.46
  7   2 0.64
  7   3 0.50
  7   4 0.28
  7   5 0.44
  7   6 0.44
  7   7 0.28
  7   8 0.38
  7   9 0.41
  7  10 0.41
  7  11 0.43
  7  12 0.56
  7  13 0.46
  7  14 0.49
  7  15 0.54
  7  16 0.46
  7  17 0.51
  7  18 0.53
  7  19 0.47
  7  20 0.60
  7  21 0.43
  7  22 0.37
  8   1 0.49
  8   2 0.55
  8   3 0.31
  8   4 0.49
  8   5 0.54
  8   6 0.51
  8   7 0.31
  8   8 0.22
  8   9 0.55
  8  10 0.28
  8  11 0.48
  8  12 0.49
  8  13 0.27
  8  14 0.43
  8  15 0.50
  8  16 0.50
  8  17 0.52
  8  18 0.41
  8  19 0.43
  8  20 0.46
  8  21 0.40
  8  22 0.25
  9   1 0.50
  9   2 0.53
  9   3 0.40
  9   4 0.37
  9   5 0.50
  9   6 0.63
  9   7 0.42
  9   8 0.38
  9   9 0.42
  9  10 0.31
  9  11 0.58
  9  12 0.44
  9  13 0.34
  9  14 0.33
  9  15 0.56
  9  16 0.56
  9  17 0.59
  9  18 0.62
  9  19 0.55
  9  20 0.58
  9  21 0.49
  9  22 0.38
 10   1 0.60
 10   2 0.61
 10   3 0.49
 10   4 0.35
 10   5 0.50
 10   6 0.52
 10   7 0.33
 10   8 0.36
 10   9 0.49
 10  10 0.37
 10  11 0.50
 10  12 0.50
 10  13 0.45
 10  14 0.55
 10  15 0.56
 10  16 0.54
 10  17 0.59
 10  18 0.51
 10  19 0.44
 10  20 0.59
 10  21 0.40
 10  22 0.37
 11   1 0.38
 11   2 0.48
 11   3 0.37
 11   4 0.46
 11   5 0.44
 11   6 0.49
 11   7 0.47
 11   8 0.36
 11   9 0.35
 11  10 0.26
 11  11 0.50
 11  12 0.44
 11  13 0.34
 11  14 0.36
 11  15 0.45
 11  16 0.51
 11  17 0.48
 11  18 0.58
 11  19 0.41
 11  20 0.51
 11  21 0.54
 11  22 0.35
 12   1 0.44
 12   2 0.55
 12   3 0.39
 12   4 0.25
 12   5 0.39
 12   6 0.51
 12   7 0.43
 12   8 0.43
 12   9 0.32
 12  10 0.37
 12  11 0.39
 12  12 0.51
 12  13 0.45
 12  14 0.37
 12  15 0.57
 12  16 0.62
 12  17 0.64
 12  18 0.59
 12  19 0.59
 12  20 0.51
 12  21 0.63
 12  22 0.28
 13   1 0.48
 13   2 0.55
 13   3 0.39
 13   4 0.31
 13   5 0.38
 13   6 0.48
 13   7 0.42
 13   8 0.42
 13   9 0.31
 13  10 0.43
 13  11 0.41
 13  12 0.55
 13  13 0.47
 13  14 0.37
 13  15 0.59
 13  16 0.63
 13  17 0.61
 13  18 0.57
 13  19 0.66
 13  20 0.53
 13  21 0.64
 13  22 0.29
 14   1 0.52
 14   2 0.28
 14   3 0.28
 14   4 0.35
 14   5 0.48
 14   6 0.44
 14   7 0.16
 14   8 0.15
 14   9 0.51
 14  10 0.27
 14  11 0.52
 14  12 0.27
 14  13 0.25
 14  14 0.44
 14  15 0.37
 14  16 0.32
 14  17 0.39
 14  18 0.24
 14  19 0.30
 14  20 0.34
 14  21 0.19
 14  22 0.21
 15   1 0.38
 15   2 0.39
 15   3 0.28
 15   4 0.30
 15   5 0.53
 15   6 0.50
 15   7 0.41
 15   8 0.22
 15   9 0.45
 15  10 0.21
 15  11 0.49
 15  12 0.43
 15  13 0.21
 15  14 0.24
 15  15 0.52
 15  16 0.55
 15  17 0.51
 15  18 0.51
 15  19 0.51
 15  20 0.48
 15  21 0.44
 15  22 0.25
 16   1 0.48
 16   2 0.49
 16   3 0.34
 16   4 0.33
 16   5 0.51
 16   6 0.47
 16   7 0.29
 16   8 0.23
 16   9 0.48
 16  10 0.32
 16  11 0.41
 16  12 0.51
 16  13 0.35
 16  14 0.49
 16  15 0.49
 16  16 0.52
 16  17 0.57
 16  18 0.40
 16  19 0.48
 16  20 0.46
 16  21 0.47
 16  22 0.20
 17   1 0.42
 17   2 0.61
 17   3 0.41
 17   4 0.24
 17   5 0.32
 17   6 0.51
 17   7 0.39
 17   8 0.40
 17   9 0.28
 17  10 0.35
 17  11 0.42
 17  12 0.51
 17  13 0.41
 17  14 0.38
 17  15 0.53
 17  16 0.54
 17  17 0.58
 17  18 0.51
 17  19 0.58
 17  20 0.50
 17  21 0.54
 17  22 0.26
 18   1 0.45
 18   2 0.46
 18   3 0.46
 18   4 0.48
 18   5 0.66
 18   6 0.53
 18   7 0.31
 18   8 0.35
 18   9 0.66
 18  10 0.38
 18  11 0.59
 18  12 0.66
 18  13 0.46
 18  14 0.37
 18  15 0.62
 18  16 0.55
 18  17 0.63
 18  18 0.62
 18  19 0.61
 18  20 0.65
 18  21 0.46
 18  22 0.36
 19   1 0.49
 19   2 0.53
 19   3 0.52
 19   4 0.36
 19   5 0.48
 19   6 0.39
 19   7 0.34
 19   8 0.38
 19   9 0.48
 19  10 0.29
 19  11 0.55
 19  12 0.47
 19  13 0.42
 19  14 0.47
 19  15 0.48
 19  16 0.46
 19  17 0.52
 19  18 0.47
 19  19 0.37
 19  20 0.62
 19  21 0.38
 19  22 0.31
 20   1 0.41
 20   2 0.43
 20   3 0.49
 20   4 0.41
 20   5 0.51
 20   6 0.43
 20   7 0.23
 20   8 0.30
 20   9 0.50
 20  10 0.32
 20  11 0.58
 20  12 0.34
 20  13 0.38
 20  14 0.34
 20  15 0.45
 20  16 0.37
 20  17 0.45
 20  18 0.44
 20  19 0.44
 20  20 0.57
 20  21 0.28
 20  22 0.29
 21   1 0.50
 21   2 0.47
 21   3 0.48
 21   4 0.24
 21   5 0.36
 21   6 0.44
 21   7 0.31
 21   8 0.30
 21   9 0.32
 21  10 0.46
 21  11 0.33
 21  12 0.48
 21  13 0.59
 21  14 0.41
 21  15 0.53
 21  16 0.47
 21  17 0.58
 21  18 0.36
 21  19 0.42
 21  20 0.53
 21  21 0.38
 21  22 0.20
 22   1 0.62
 22   2 0.50
 22   3 0.42
 22   4 0.39
 22   5 0.56
 22   6 0.59
 22   7 0.31
 22   8 0.33
 22   9 0.52
 22  10 0.39
 22  11 0.52
 22  12 0.44
 22  13 0.37
 22  14 0.48
 22  15 0.61
 22  16 0.53
 22  17 0.61
 22  18 0.43
 22  19 0.48
 22  20 0.55
 22  21 0.38
 22  22 0.31
  1   1 0.33
  1   2 0.29
  1   3 0.42
  1   4 0.26
  1   5 0.26
  1   6 0.27
  1   7 0.17
  1   8 0.19
  1   9 0.19
  1  10 0.35
  1  11 0.24
  1  12 0.24
  1  13 0.42
  1  14 0.50
  1  15 0.29
  1  16 0.26
  1  17 0.23
  1  18 0.19
  1  19 0.15
  1  20 0.41
  1  21 0.16
  1  22 0.23
  2   1 0.51
  2   2 0.51
  2   3 0.44
  2   4 0.41
  2   5 0.48
  2   6 0.46
  2   7 0.36
  2   8 0.35
  2   9 0.45
  2  10 0.30
  2  11 0.58
  2  12 0.42
  2  13 0.40
  2  14 0.43
  2  15 0.49
  2  16 0.49
  2  17 0.56
  2  18 0.47
  2  19 0.43
  2  20 0.59
  2  21 0.40
  2  22 0.27
  3   1 0.55
  3   2 0.39
  3   3 0.49
  3   4 0.31
  3   5 0.44
  3   6 0.38
  3   7 0.28
  3   8 0.32
  3   9 0.47
  3  10 0.37
  3  11 0.44
  3  12 0.44
  3  13 0.53
  3  14 0.50
  3  15 0.49
  3  16 0.42
  3  17 0.57
  3  18 0.44
  3  19 0.37
  3  20 0.66
  3  21 0.30
  3  22 0.26
  4   1 0.37
  4   2 0.59
  4   3 0.36
  4   4 0.28
  4   5 0.27
  4   6 0.43
  4   7 0.29
  4   8 0.35
  4   9 0.28
  4  10 0.37
  4  11 0.36
  4  12 0.48
  4  13 0.34
  4  14 0.38
  4  15 0.48
  4  16 0.48
  4  17 0.41
  4  18 0.45
  4  19 0.40
  4  20 0.46
  4  21 0.43
  4  22 0.36
  5   1 0.57
  5   2 0.49
  5   3 0.48
  5   4 0.39
  5   5 0.60
  5   6 0.52
  5   7 0.39
  5   8 0.35
  5   9 0.52
  5  10 0.37
  5  11 0.47
  5  12 0.55
  5  13 0.49
  5  14 0.53
  5  15 0.60
  5  16 0.61
  5  17 0.65
  5  18 0.58
  5  19 0.53
  5  20 0.62
  5  21 0.45
  5  22 0.31
  6   1 0.47
  6   2 0.56
  6   3 0.39
  6   4 0.41
  6   5 0.47
  6   6 0.59
  6   7 0.41
  6   8 0.36
  6   9 0.37
  6  10 0.41
  6  11 0.40
  6  12 0.55
  6  13 0.42
  6  14 0.43
  6  15 0.54
  6  16 0.51
  6  17 0.57
  6  18 0.52
  6  19 0.51
  6  20 0.50
  6  21 0.46
  6  22 0.32
  7   1 0.45
  7   2 0.64
  7   3 0.49
  7   4 0.28
  7   5 0.44
  7   6 0.44
  7   7 0.28
  7   8 0.38
  7   9 0.41
  7  10 0.41
  7  11 0.42
  7  12 0.55
  7  13 0.46
  7  14 0.49
  7  15 0.54
  7  16 0.46
  7  17 0.51
  7  18 0.53
  7  19 0.47
  7  20 0.60
  7  21 0.43
  7  22 0.37
  8   1 0.49
  8   2 0.54
  8   3 0.30
  8   4 0.49
  8   5 0.54
  8   6 0.51
  8   7 0.31
  8   8 0.22
  8   9 0.55
  8  10 0.28
  8  11 0.48
  8  12 0.49
  8  13 0.26
  8  14 0.43
  8  15 0.49
  8  16 0.49
  8  17 0.52
  8  18 0.41
  8  19 0.43
  8  20 0.46
  8  21 0.40
  8  22 0.25
  9   1 0.50
  9   2 0.52
  9   3 0.40
  9   4 0.37
  9   5 0.50
  9   6 0.63
  9   7 0.42
  9   8 0.38
  9   9 0.42
  9  10 0.31
  9  11 0.58
  9  12 0.44
  9  13 0.34
  9  14 0.33
  9  15 0.56
  9  16 0.55
  9  17 0.58
  9  18 0.62
  9  19 0.54
  9  20 0.58
  9  21 0.48
  9  22 0.38
 10   1 0.60
 10   2 0.61
 10   3 0.49
 10   4 0.35
 10   5 0.50
 10   6 0.52
 10   7 0.32
 10   8 0.36
 10   9 0.49
 10  10 0.37
 10  11 0.50
 10  12 0.50
 10  13 0.45
 10  14 0.55
 10  15 0.56
 10  16 0.54
 10  17 0.59
 10  18 0.51
 10  19 0.44
 10  20 0.59
 10  21 0.40
 10  22 0.36
 11   1 0.37
 11   2 0.48
 11   3 0.37
 11   4 0.46
 11   5 0.44
 11   6 0.49
 11   7 0.47
 11   8 0.35
 11   9 0.35
 11  10 0.26
 11  11 0.50
 11  12 0.44
 11  13 0.33
 11  14 0.36
 11  15 0.44
 11  16 0.51
 11  17 0.47
 11  18 0.57
 11  19 0.40
 11  20 0.51
 11  21 0.53
 11  22 0.35
 12   1 0.44
 12   2 0.55
 12   3 0.39
 12   4 0.25
 12   5 0.38
 12   6 0.51
 12   7 0.43
 12   8 0.43
 12   9 0.31
 12  10 0.37
 12  11 0.39
 12  12 0.51
 12  13 0.44
 12  14 0.37
 12  15 0.57
 12  16 0.62
 12  17 0.64
 12  18 0.58
 12  19 0.59
 12  20 0.51
 12  21 0.62
 12  22 0.28
 13   1 0.48
 13   2 0.54
 13   3 0.38
 13   4 0.31
 13   5 0.38
 13   6 0.48
 13   7 0.42
 13   8 0.42
 13   9 0.31
 13  10 0.42
 13  11 0.41
 13  12 0.55
 13  13 0.46
 13  14 0.37
 13  15 0.58
 13  16 0.63
 13  17 0.61
 13  18 0.57
 13  19 0.66
 13  20 0.53
 13  21 0.64
 13  22 0.29
 14   1 0.52
 14   2 0.28
 14   3 0.28
 14   4 0.35
 14   5 0.48
 14   6 0.44
 14   7 0.15
 14   8 0.14
 14   9 0.51
 14  10 0.26
 14  11 0.52
 14  12 0.27
 14  13 0.24
 14  14 0.44
 14  15 0.36
 14  16 0.31
 14  17 0.38
 14  18 0.23
 14  19 0.29
 14  20 0.34
 14  21 0.19
 14  22 0.20
 15   1 0.37
 15   2 0.38
 15   3 0.27
 15   4 0.30
 15   5 0.53
 15   6 0.50
 15   7 0.41
 15   8 0.21
 15   9 0.44
 15  10 0.21
 15  11 0.49
 15  12 0.43
 15  13 0.21
 15  14 0.24
 15  15 0.52
 15  16 0.55
 15  17 0.51
 15  18 0.51
 15  19 0.51
 15  20 0.47
 15  21 0.44
 15  22 0.24
 16   1 0.48
 16   2 0.49
 16   3 0.33
 16   4 0.33
 16   5 0.51
 16   6 0.47
 16   7 0.29
 16   8 0.23
 16   9 0.48
 16  10 0.32
 16  11 0.41
 16  12 0.50
 16  13 0.34
 16  14 0.49
 16  15 0.48
 16  16 0.52
 16  17 0.56
 16  18 0.40
 16  19 0.48
 16  20 0.46
 16  21 0.47
 16  22 0.20
 17   1 0.42
 17   2 0.61
 17   3 0.41
 17   4 0.24
 17   5 0.32
 17   6 0.50
 17   7 0.39
 17   8 0.40
 17   9 0.28
 17  10 0.35
 17  11 0.42
 17  12 0.50
 17  13 0.41
 17  14 0.37
 17  15 0.52
 17  16 0.54
 17  17 0.58
 17  18 0.51
 17  19 0.58
 17  20 0.49
 17  21 0.54
 17  22 0.26
 18   1 0.45
 18   2 0.45
 18   3 0.46
 18   4 0.48
 18   5 0.66
 18   6 0.53
 18   7 0.31
 18   8 0.35
 18   9 0.66
 18  10 0.37
 18  11 0.59
 18  12 0.66
 18  13 0.46
 18  14 0.36
 18  15 0.62
 18  16 0.55
 18  17 0.63
 18  18 0.62
 18  19 0.61
 18  20 0.65
 18  21 0.46
 18  22 0.36
 19   1 0.49
 19   2 0.52
 19   3 0.52
 19   4 0.36
 19   5 0.48
 19   6 0.39
 19   7 0.33
 19   8 0.38
 19   9 0.48
 19  10 0.29
 19  11 0.55
 19  12 0.46
 19  13 0.42
 19  14 0.47
 19  15 0.47
 19  16 0.46
 19  17 0.52
 19  18 0.47
 19  19 0.37
 19  20 0.62
 19  21 0.38
 19  22 0.31
 20   1 0.41
 20   2 0.43
 20   3 0.49
 20   4 0.41
 20   5 0.51
 20   6 0.43
 20   7 0.22
 20   8 0.30
 20   9 0.50
 20  10 0.32
 20  11 0.58
 20  12 0.34
 20  13 0.38
 20  14 0.34
 20  15 0.45
 20  16 0.37
 20  17 0.45
 20  18 0.44
 20  19 0.44
 20  20 0.57
 20  21 0.28
 20  22 0.28
 21   1 0.50
 21   2 0.47
 21   3 0.48
 21   4 0.24
 21   5 0.36
 21   6 0.44
 21   7 0.31
 21   8 0.30
 21   9 0.32
 21  10 0.46
 21  11 0.33
 21  12 0.48
 21  13 0.59
 21  14 0.41
 21  15 0.53
 21  16 0.47
 21  17 0.57
 21  18 0.36
 21  19 0.42
 21  20 0.53
 21  21 0.38
 21  22 0.20
 22   1 0.62
 22   2 0.50
 22   3 0.42
 22   4 0.39
 22   5 0.56
 22   6 0.59
 22   7 0.31
 22   8 0.33
 22   9 0.52
 22  10 0.39
 22  11 0.52
 22  12 0.44
 22  13 0.37
 22  14 0.47
 22  15 0.60
 22  16 0.53
 22  17 0.61
 22  18 0.43
 22  19 0.47
 22  20 0.54
 22  21 0.37
 22  22 0.31
