  1   1 1.00
  1   2 0.51
  1   3 0.63
  1   4 0.43
  1   5 0.36
  1   6 0.49
  1   7 0.50
  1   8 0.50
  1   9 0.35
  1  10 0.57
  1  11 0.55
  1  12 0.28
  1  13 0.27
  1  14 0.54
  1  15 0.46
  1  16 0.60
  1  17 0.40
  1  18 0.29
  1  19 0.61
  1  20 0.64
  1  21 0.50
  1  22 0.38
  2   1 0.51
  2   2 1.00
  2   3 0.66
  2   4 0.47
  2   5 0.56
  2   6 0.56
  2   7 0.56
  2   8 0.55
  2   9 0.48
  2  10 0.65
  2  11 0.62
  2  12 0.34
  2  13 0.34
  2  14 0.44
  2  15 0.59
  2  16 0.53
  2  17 0.44
  2  18 0.32
  2  19 0.62
  2  20 0.61
  2  21 0.55
  2  22 0.42
  3   1 0.63
  3   2 0.66
  3   3 1.00
  3   4 0.50
  3   5 0.50
  3   6 0.62
  3   7 0.65
  3   8 0.67
  3   9 0.57
  3  10 0.73
  3  11 0.67
  3  12 0.39
  3  13 0.41
  3  14 0.54
  3  15 0.59
  3  16 0.62
  3  17 0.56
  3  18 0.30
  3  19 0.63
  3  20 0.59
  3  21 0.64
  3  22 0.47
  4   1 0.43
  4   2 0.47
  4   3 0.50
  4   4 1.00
  4   5 0.46
  4   6 0.52
  4   7 0.49
  4   8 0.61
  4   9 0.54
  4  10 0.58
  4  11 0.40
  4  12 0.43
  4  13 0.45
  4  14 0.44
  4  15 0.47
  4  16 0.56
  4  17 0.45
  4  18 0.30
  4  19 0.44
  4  20 0.38
  4  21 0.42
  4  22 0.49
  5   1 0.36
  5   2 0.56
  5   3 0.50
  5   4 0.46
  5   5 1.00
  5   6 0.50
  5   7 0.50
  5   8 0.56
  5   9 0.59
  5  10 0.55
  5  11 0.54
  5  12 0.50
  5  13 0.40
  5  14 0.33
  5  15 0.52
  5  16 0.49
  5  17 0.46
  5  18 0.28
  5  19 0.50
  5  20 0.38
  5  21 0.44
  5  22 0.50
  6   1 0.49
  6   2 0.56
  6   3 0.62
  6   4 0.52
  6   5 0.50
  6   6 1.00
  6   7 0.51
  6   8 0.63
  6   9 0.58
  6  10 0.71
  6  11 0.54
  6  12 0.52
  6  13 0.50
  6  14 0.45
  6  15 0.62
  6  16 0.59
  6  17 0.52
  6  18 0.41
  6  19 0.50
  6  20 0.50
  6  21 0.57
  6  22 0.51
  7   1 0.50
  7   2 0.56
  7   3 0.65
  7   4 0.49
  7   5 0.50
  7   6 0.51
  7   7 1.00
  7   8 0.60
  7   9 0.49
  7  10 0.65
  7  11 0.56
  7  12 0.35
  7  13 0.31
  7  14 0.40
  7  15 0.50
  7  16 0.51
  7  17 0.46
  7  18 0.24
  7  19 0.55
  7  20 0.48
  7  21 0.54
  7  22 0.43
  8   1 0.50
  8   2 0.55
  8   3 0.67
  8   4 0.61
  8   5 0.56
  8   6 0.63
  8   7 0.60
  8   8 1.00
  8   9 0.68
  8  10 0.69
  8  11 0.61
  8  12 0.48
  8  13 0.47
  8  14 0.42
  8  15 0.61
  8  16 0.59
  8  17 0.53
  8  18 0.32
  8  19 0.51
  8  20 0.47
  8  21 0.57
  8  22 0.59
  9   1 0.35
  9   2 0.48
  9   3 0.57
  9   4 0.54
  9   5 0.59
  9   6 0.58
  9   7 0.49
  9   8 0.68
  9   9 1.00
  9  10 0.60
  9  11 0.57
  9  12 0.55
  9  13 0.64
  9  14 0.41
  9  15 0.56
  9  16 0.51
  9  17 0.58
  9  18 0.32
  9  19 0.41
  9  20 0.33
  9  21 0.48
  9  22 0.59
 10   1 0.57
 10   2 0.65
 10   3 0.73
 10   4 0.58
 10   5 0.55
 10   6 0.71
 10   7 0.65
 10   8 0.69
 10   9 0.60
 10  10 1.00
 10  11 0.60
 10  12 0.53
 10  13 0.50
 10  14 0.50
 10  15 0.63
 10  16 0.69
 10  17 0.59
 10  18 0.36
 10  19 0.63
 10  20 0.56
 10  21 0.64
 10  22 0.50
 11   1 0.55
 11   2 0.62
 11   3 0.67
 11   4 0.40
 11   5 0.54
 11   6 0.54
 11   7 0.56
 11   8 0.61
 11   9 0.57
 11  10 0.60
 11  11 1.00
 11  12 0.37
 11  13 0.36
 11  14 0.38
 11  15 0.59
 11  16 0.54
 11  17 0.47
 11  18 0.31
 11  19 0.58
 11  20 0.56
 11  21 0.57
 11  22 0.39
 12   1 0.28
 12   2 0.34
 12   3 0.39
 12   4 0.43
 12   5 0.50
 12   6 0.52
 12   7 0.35
 12   8 0.48
 12   9 0.55
 12  10 0.53
 12  11 0.37
 12  12 1.00
 12  13 0.57
 12  14 0.25
 12  15 0.55
 12  16 0.58
 12  17 0.42
 12  18 0.32
 12  19 0.28
 12  20 0.22
 12  21 0.45
 12  22 0.47
 13   1 0.27
 13   2 0.34
 13   3 0.41
 13   4 0.45
 13   5 0.40
 13   6 0.50
 13   7 0.31
 13   8 0.47
 13   9 0.64
 13  10 0.50
 13  11 0.36
 13  12 0.57
 13  13 1.00
 13  14 0.33
 13  15 0.46
 13  16 0.50
 13  17 0.48
 13  18 0.34
 13  19 0.28
 13  20 0.24
 13  21 0.36
 13  22 0.49
 14   1 0.54
 14   2 0.44
 14   3 0.54
 14   4 0.44
 14   5 0.33
 14   6 0.45
 14   7 0.40
 14   8 0.42
 14   9 0.41
 14  10 0.50
 14  11 0.38
 14  12 0.25
 14  13 0.33
 14  14 1.00
 14  15 0.45
 14  16 0.51
 14  17 0.48
 14  18 0.35
 14  19 0.45
 14  20 0.49
 14  21 0.41
 14  22 0.49
 15   1 0.46
 15   2 0.59
 15   3 0.59
 15   4 0.47
 15   5 0.52
 15   6 0.62
 15   7 0.50
 15   8 0.61
 15   9 0.56
 15  10 0.63
 15  11 0.59
 15  12 0.55
 15  13 0.46
 15  14 0.45
 15  15 1.00
 15  16 0.64
 15  17 0.46
 15  18 0.37
 15  19 0.54
 15  20 0.53
 15  21 0.57
 15  22 0.64
 16   1 0.60
 16   2 0.53
 16   3 0.62
 16   4 0.56
 16   5 0.49
 16   6 0.59
 16   7 0.51
 16   8 0.59
 16   9 0.51
 16  10 0.69
 16  11 0.54
 16  12 0.58
 16  13 0.50
 16  14 0.51
 16  15 0.64
 16  16 1.00
 16  17 0.53
 16  18 0.40
 16  19 0.62
 16  20 0.56
 16  21 0.60
 16  22 0.55
 17   1 0.40
 17   2 0.44
 17   3 0.56
 17   4 0.45
 17   5 0.46
 17   6 0.52
 17   7 0.46
 17   8 0.53
 17   9 0.58
 17  10 0.59
 17  11 0.47
 17  12 0.42
 17  13 0.48
 17  14 0.48
 17  15 0.46
 17  16 0.53
 17  17 1.00
 17  18 0.44
 17  19 0.41
 17  20 0.44
 17  21 0.56
 17  22 0.46
 18   1 0.29
 18   2 0.32
 18   3 0.30
 18   4 0.30
 18   5 0.28
 18   6 0.41
 18   7 0.24
 18   8 0.32
 18   9 0.32
 18  10 0.36
 18  11 0.31
 18  12 0.32
 18  13 0.34
 18  14 0.35
 18  15 0.37
 18  16 0.40
 18  17 0.44
 18  18 1.00
 18  19 0.26
 18  20 0.31
 18  21 0.37
 18  22 0.37
 19   1 0.61
 19   2 0.62
 19   3 0.63
 19   4 0.44
 19   5 0.50
 19   6 0.50
 19   7 0.55
 19   8 0.51
 19   9 0.41
 19  10 0.63
 19  11 0.58
 19  12 0.28
 19  13 0.28
 19  14 0.45
 19  15 0.54
 19  16 0.62
 19  17 0.41
 19  18 0.26
 19  19 1.00
 19  20 0.66
 19  21 0.50
 19  22 0.35
 20   1 0.64
 20   2 0.61
 20   3 0.59
 20   4 0.38
 20   5 0.38
 20   6 0.50
 20   7 0.48
 20   8 0.47
 20   9 0.33
 20  10 0.56
 20  11 0.56
 20  12 0.22
 20  13 0.24
 20  14 0.49
 20  15 0.53
 20  16 0.56
 20  17 0.44
 20  18 0.31
 20  19 0.66
 20  20 1.00
 20  21 0.52
 20  22 0.43
 21   1 0.50
 21   2 0.55
 21   3 0.64
 21   4 0.42
 21   5 0.44
 21   6 0.57
 21   7 0.54
 21   8 0.57
 21   9 0.48
 21  10 0.64
 21  11 0.57
 21  12 0.45
 21  13 0.36
 21  14 0.41
 21  15 0.57
 21  16 0.60
 21  17 0.56
 21  18 0.37
 21  19 0.50
 21  20 0.52
 21  21 1.00
 21  22 0.43
 22   1 0.38
 22   2 0.42
 22   3 0.47
 22   4 0.49
 22   5 0.50
 22   6 0.51
 22   7 0.43
 22   8 0.59
 22   9 0.59
 22  10 0.50
 22  11 0.39
 22  12 0.47
 22  13 0.49
 22  14 0.49
 22  15 0.64
 22  16 0.55
 22  17 0.46
 22  18 0.37
 22  19 0.35
 22  20 0.43
 22  21 0.43
 22  22 1.00
  1   1 1.00
  1   2 0.51
  1   3 0.63
  1   4 0.43
  1   5 0.36
  1   6 0.49
  1   7 0.50
  1   8 0.50
  1   9 0.35
  1  10 0.57
  1  11 0.55
  1  12 0.28
  1  13 0.27
  1  14 0.53
  1  15 0.46
  1  16 0.60
  1  17 0.40
  1  18 0.28
  1  19 0.61
  1  20 0.64
  1  21 0.50
  1  22 0.38
  2   1 0.51
  2   2 1.00
  2   3 0.66
  2   4 0.47
  2   5 0.56
  2   6 0.56
  2   7 0.56
  2   8 0.55
  2   9 0.48
  2  10 0.65
  2  11 0.62
  2  12 0.34
  2  13 0.33
  2  14 0.44
  2  15 0.59
  2  16 0.53
  2  17 0.44
  2  18 0.32
  2  19 0.62
  2  20 0.61
  2  21 0.54
  2  22 0.41
  3   1 0.63
  3   2 0.66
  3   3 1.00
  3   4 0.50
  3   5 0.50
  3   6 0.62
  3   7 0.65
  3   8 0.67
  3   9 0.57
  3  10 0.73
  3  11 0.67
  3  12 0.38
  3  13 0.41
  3  14 0.54
  3  15 0.59
  3  16 0.62
  3  17 0.56
  3  18 0.30
  3  19 0.63
  3  20 0.59
  3  21 0.64
  3  22 0.47
  4   1 0.43
  4   2 0.47
  4   3 0.50
  4   4 1.00
  4   5 0.46
  4   6 0.52
  4   7 0.49
  4   8 0.61
  4   9 0.54
  4  10 0.58
  4  11 0.39
  4  12 0.43
  4  13 0.45
  4  14 0.44
  4  15 0.47
  4  16 0.56
  4  17 0.44
  4  18 0.30
  4  19 0.43
  4  20 0.37
  4  21 0.42
  4  22 0.49
  5   1 0.36
  5   2 0.56
  5   3 0.50
  5   4 0.46
  5   5 1.00
  5   6 0.50
  5   7 0.50
  5   8 0.56
  5   9 0.59
  5  10 0.55
  5  11 0.54
  5  12 0.50
  5  13 0.40
  5  14 0.33
  5  15 0.52
  5  16 0.49
  5  17 0.45
  5  18 0.28
  5  19 0.50
  5  20 0.38
  5  21 0.44
  5  22 0.50
  6   1 0.49
  6   2 0.56
  6   3 0.62
  6   4 0.52
  6   5 0.50
  6   6 1.00
  6   7 0.51
  6   8 0.63
  6   9 0.57
  6  10 0.71
  6  11 0.54
  6  12 0.52
  6  13 0.50
  6  14 0.45
  6  15 0.62
  6  16 0.59
  6  17 0.52
  6  18 0.41
  6  19 0.50
  6  20 0.50
  6  21 0.56
  6  22 0.51
  7   1 0.50
  7   2 0.56
  7   3 0.65
  7   4 0.49
  7   5 0.50
  7   6 0.51
  7   7 1.00
  7   8 0.60
  7   9 0.48
  7  10 0.65
  7  11 0.56
  7  12 0.34
  7  13 0.31
  7  14 0.40
  7  15 0.50
  7  16 0.51
  7  17 0.46
  7  18 0.24
  7  19 0.55
  7  20 0.48
  7  21 0.54
  7  22 0.43
  8   1 0.50
  8   2 0.55
  8   3 0.67
  8   4 0.61
  8   5 0.56
  8   6 0.63
  8   7 0.60
  8   8 1.00
  8   9 0.68
  8  10 0.69
  8  11 0.61
  8  12 0.48
  8  13 0.47
  8  14 0.42
  8  15 0.60
  8  16 0.59
  8  17 0.52
  8  18 0.31
  8  19 0.51
  8  20 0.47
  8  21 0.57
  8  22 0.59
  9   1 0.35
  9   2 0.48
  9   3 0.57
  9   4 0.54
  9   5 0.59
  9   6 0.57
  9   7 0.48
  9   8 0.68
  9   9 1.00
  9  10 0.60
  9  11 0.57
  9  12 0.55
  9  13 0.63
  9  14 0.41
  9  15 0.56
  9  16 0.51
  9  17 0.58
  9  18 0.31
  9  19 0.40
  9  20 0.33
  9  21 0.48
  9  22 0.59
 10   1 0.57
 10   2 0.65
 10   3 0.73
 10   4 0.58
 10   5 0.55
 10   6 0.71
 10   7 0.65
 10   8 0.69
 10   9 0.60
 10  10 1.00
 10  11 0.60
 10  12 0.53
 10  13 0.50
 10  14 0.50
 10  15 0.63
 10  16 0.69
 10  17 0.59
 10  18 0.35
 10  19 0.62
 10  20 0.56
 10  21 0.64
 10  22 0.50
 11   1 0.55
 11   2 0.62
 11   3 0.67
 11   4 0.39
 11   5 0.54
 11   6 0.54
 11   7 0.56
 11   8 0.61
 11   9 0.57
 11  10 0.60
 11  11 1.00
 11  12 0.37
 11  13 0.36
 11  14 0.37
 11  15 0.59
 11  16 0.54
 11  17 0.46
 11  18 0.31
 11  19 0.57
 11  20 0.56
 11  21 0.57
 11  22 0.39
 12   1 0.28
 12   2 0.34
 12   3 0.38
 12   4 0.43
 12   5 0.50
 12   6 0.52
 12   7 0.34
 12   8 0.48
 12   9 0.55
 12  10 0.53
 12  11 0.37
 12  12 1.00
 12  13 0.57
 12  14 0.25
 12  15 0.54
 12  16 0.58
 12  17 0.42
 12  18 0.32
 12  19 0.28
 12  20 0.21
 12  21 0.45
 12  22 0.46
 13   1 0.27
 13   2 0.33
 13   3 0.41
 13   4 0.45
 13   5 0.40
 13   6 0.50
 13   7 0.31
 13   8 0.47
 13   9 0.63
 13  10 0.50
 13  11 0.36
 13  12 0.57
 13  13 1.00
 13  14 0.32
 13  15 0.46
 13  16 0.50
 13  17 0.47
 13  18 0.34
 13  19 0.27
 13  20 0.24
 13  21 0.36
 13  22 0.48
 14   1 0.53
 14   2 0.44
 14   3 0.54
 14   4 0.44
 14   5 0.33
 14   6 0.45
 14   7 0.40
 14   8 0.42
 14   9 0.41
 14  10 0.50
 14  11 0.37
 14  12 0.25
 14  13 0.32
 14  14 1.00
 14  15 0.45
 14  16 0.51
 14  17 0.48
 14  18 0.35
 14  19 0.45
 14  20 0.49
 14  21 0.41
 14  22 0.48
 15   1 0.46
 15   2 0.59
 15   3 0.59
 15   4 0.47
 15   5 0.52
 15   6 0.62
 15   7 0.50
 15   8 0.60
 15   9 0.56
 15  10 0.63
 15  11 0.59
 15  12 0.54
 15  13 0.46
 15  14 0.45
 15  15 1.00
 15  16 0.64
 15  17 0.46
 15  18 0.37
 15  19 0.54
 15  20 0.53
 15  21 0.57
 15  22 0.63
 16   1 0.60
 16   2 0.53
 16   3 0.62
 16   4 0.56
 16   5 0.49
 16   6 0.59
 16   7 0.51
 16   8 0.59
 16   9 0.51
 16  10 0.69
 16  11 0.54
 16  12 0.58
 16  13 0.50
 16  14 0.51
 16  15 0.64
 16  16 1.00
 16  17 0.53
 16  18 0.40
 16  19 0.62
 16  20 0.56
 16  21 0.60
 16  22 0.55
 17   1 0.40
 17   2 0.44
 17   3 0.56
 17   4 0.44
 17   5 0.45
 17   6 0.52
 17   7 0.46
 17   8 0.52
 17   9 0.58
 17  10 0.59
 17  11 0.46
 17  12 0.42
 17  13 0.47
 17  14 0.48
 17  15 0.46
 17  16 0.53
 17  17 1.00
 17  18 0.43
 17  19 0.41
 17  20 0.44
 17  21 0.55
 17  22 0.46
 18   1 0.28
 18   2 0.32
 18   3 0.30
 18   4 0.30
 18   5 0.28
 18   6 0.41
 18   7 0.24
 18   8 0.31
 18   9 0.31
 18  10 0.35
 18  11 0.31
 18  12 0.32
 18  13 0.34
 18  14 0.35
 18  15 0.37
 18  16 0.40
 18  17 0.43
 18  18 1.00
 18  19 0.26
 18  20 0.31
 18  21 0.36
 18  22 0.37
 19   1 0.61
 19   2 0.62
 19   3 0.63
 19   4 0.43
 19   5 0.50
 19   6 0.50
 19   7 0.55
 19   8 0.51
 19   9 0.40
 19  10 0.62
 19  11 0.57
 19  12 0.28
 19  13 0.27
 19  14 0.45
 19  15 0.54
 19  16 0.62
 19  17 0.41
 19  18 0.26
 19  19 1.00
 19  20 0.66
 19  21 0.50
 19  22 0.35
 20   1 0.64
 20   2 0.61
 20   3 0.59
 20   4 0.37
 20   5 0.38
 20   6 0.50
 20   7 0.48
 20   8 0.47
 20   9 0.33
 20  10 0.56
 20  11 0.56
 20  12 0.21
 20  13 0.24
 20  14 0.49
 20  15 0.53
 20  16 0.56
 20  17 0.44
 20  18 0.31
 20  19 0.66
 20  20 1.00
 20  21 0.52
 20  22 0.43
 21   1 0.50
 21   2 0.54
 21   3 0.64
 21   4 0.42
 21   5 0.44
 21   6 0.56
 21   7 0.54
 21   8 0.57
 21   9 0.48
 21  10 0.64
 21  11 0.57
 21  12 0.45
 21  13 0.36
 21  14 0.41
 21  15 0.57
 21  16 0.60
 21  17 0.55
 21  18 0.36
 21  19 0.50
 21  20 0.52
 21  21 1.00
 21  22 0.43
 22   1 0.38
 22   2 0.41
 22   3 0.47
 22   4 0.49
 22   5 0.50
 22   6 0.51
 22   7 0.43
 22   8 0.59
 22   9 0.59
 22  10 0.50
 22  11 0.39
 22  12 0.46
 22  13 0.48
 22  14 0.48
 22  15 0.63
 22  16 0.55
 22  17 0.46
 22  18 0.37
 22  19 0.35
 22  20 0.43
 22  21 0.43
 22  22 1.00
