  1   1 0.26
  1   2 0.43
  1   3 0.48
  1   4 0.17
  1   5 0.48
  1   6 0.51
  1   7 0.39
  1   8 0.47
  1   9 0.47
  1  10 0.29
  1  11 0.42
  1  12 0.39
  1  13 0.45
  1  14 0.59
  1  15 0.42
  1  16 0.23
  1  17 0.39
  1  18 0.51
  1  19 0.55
  1  20 0.53
  1  21 0.41
  1  22 0.23
  2   1 0.67
  2   2 0.52
  2   3 0.43
  2   4 0.49
  2   5 0.49
  2   6 0.71
  2   7 0.67
  2   8 0.73
  2   9 0.28
  2  10 0.74
  2  11 0.54
  2  12 0.72
  2  13 0.74
  2  14 0.55
  2  15 0.61
  2  16 0.71
  2  17 0.70
  2  18 0.70
  2  19 0.75
  2  20 0.67
  2  21 0.66
  2  22 0.22
  3   1 0.59
  3   2 0.45
  3   3 0.41
  3   4 0.37
  3   5 0.55
  3   6 0.67
  3   7 0.67
  3   8 0.73
  3   9 0.22
  3  10 0.65
  3  11 0.64
  3  12 0.75
  3  13 0.77
  3  14 0.55
  3  15 0.60
  3  16 0.65
  3  17 0.62
  3  18 0.66
  3  19 0.71
  3  20 0.66
  3  21 0.54
  3  22 0.19
  4   1 0.26
  4   2 0.61
  4   3 0.66
  4   4 0.20
  4   5 0.72
  4   6 0.74
  4   7 0.48
  4   8 0.62
  4   9 0.70
  4  10 0.35
  4  11 0.55
  4  12 0.42
  4  13 0.61
  4  14 0.79
  4  15 0.57
  4  16 0.20
  4  17 0.47
  4  18 0.67
  4  19 0.75
  4  20 0.77
  4  21 0.43
  4  22 0.28
  5   1 0.52
  5   2 0.57
  5   3 0.33
  5   4 0.46
  5   5 0.63
  5   6 0.82
  5   7 0.71
  5   8 0.89
  5   9 0.33
  5  10 0.57
  5  11 0.56
  5  12 0.72
  5  13 0.75
  5  14 0.59
  5  15 0.57
  5  16 0.45
  5  17 0.68
  5  18 0.57
  5  19 0.77
  5  20 0.72
  5  21 0.52
  5  22 0.25
  6   1 0.40
  6   2 0.40
  6   3 0.42
  6   4 0.43
  6   5 0.60
  6   6 0.79
  6   7 0.76
  6   8 0.83
  6   9 0.33
  6  10 0.65
  6  11 0.64
  6  12 0.77
  6  13 0.80
  6  14 0.66
  6  15 0.65
  6  16 0.48
  6  17 0.68
  6  18 0.60
  6  19 0.74
  6  20 0.67
  6  21 0.53
  6  22 0.26
  7   1 0.31
  7   2 0.40
  7   3 0.51
  7   4 0.54
  7   5 0.60
  7   6 0.80
  7   7 0.43
  7   8 0.64
  7   9 0.43
  7  10 0.59
  7  11 0.66
  7  12 0.65
  7  13 0.81
  7  14 0.63
  7  15 0.71
  7  16 0.45
  7  17 0.77
  7  18 0.63
  7  19 0.68
  7  20 0.62
  7  21 0.54
  7  22 0.19
  8   1 0.54
  8   2 0.72
  8   3 0.64
  8   4 0.38
  8   5 0.64
  8   6 0.83
  8   7 0.62
  8   8 0.66
  8   9 0.51
  8  10 0.60
  8  11 0.55
  8  12 0.68
  8  13 0.67
  8  14 0.75
  8  15 0.54
  8  16 0.51
  8  17 0.67
  8  18 0.75
  8  19 0.90
  8  20 0.88
  8  21 0.43
  8  22 0.23
  9   1 0.23
  9   2 0.26
  9   3 0.24
  9   4 0.08
  9   5 0.50
  9   6 0.32
  9   7 0.26
  9   8 0.45
  9   9 0.45
  9  10 0.18
  9  11 0.43
  9  12 0.18
  9  13 0.42
  9  14 0.26
  9  15 0.50
  9  16 0.15
  9  17 0.23
  9  18 0.26
  9  19 0.31
  9  20 0.30
  9  21 0.17
  9  22 0.11
 10   1 0.84
 10   2 0.62
 10   3 0.26
 10   4 0.33
 10   5 0.36
 10   6 0.56
 10   7 0.49
 10   8 0.59
 10   9 0.26
 10  10 0.71
 10  11 0.31
 10  12 0.51
 10  13 0.56
 10  14 0.39
 10  15 0.34
 10  16 0.72
 10  17 0.56
 10  18 0.58
 10  19 0.63
 10  20 0.63
 10  21 0.45
 10  22 0.11
 11   1 0.49
 11   2 0.38
 11   3 0.35
 11   4 0.41
 11   5 0.66
 11   6 0.66
 11   7 0.51
 11   8 0.70
 11   9 0.34
 11  10 0.59
 11  11 0.62
 11  12 0.68
 11  13 0.82
 11  14 0.56
 11  15 0.75
 11  16 0.52
 11  17 0.65
 11  18 0.58
 11  19 0.62
 11  20 0.57
 11  21 0.68
 11  22 0.22
 12   1 0.72
 12   2 0.65
 12   3 0.33
 12   4 0.32
 12   5 0.52
 12   6 0.67
 12   7 0.66
 12   8 0.75
 12   9 0.29
 12  10 0.57
 12  11 0.45
 12  12 0.59
 12  13 0.62
 12  14 0.51
 12  15 0.42
 12  16 0.56
 12  17 0.56
 12  18 0.63
 12  19 0.71
 12  20 0.69
 12  21 0.57
 12  22 0.21
 13   1 0.31
 13   2 0.49
 13   3 0.52
 13   4 0.33
 13   5 0.73
 13   6 0.81
 13   7 0.47
 13   8 0.62
 13   9 0.56
 13  10 0.48
 13  11 0.63
 13  12 0.55
 13  13 0.71
 13  14 0.71
 13  15 0.72
 13  16 0.31
 13  17 0.64
 13  18 0.55
 13  19 0.71
 13  20 0.69
 13  21 0.47
 13  22 0.24
 14   1 0.57
 14   2 0.33
 14   3 0.33
 14   4 0.42
 14   5 0.27
 14   6 0.49
 14   7 0.48
 14   8 0.63
 14   9 0.24
 14  10 0.68
 14  11 0.42
 14  12 0.56
 14  13 0.61
 14  14 0.31
 14  15 0.45
 14  16 0.70
 14  17 0.56
 14  18 0.51
 14  19 0.54
 14  20 0.44
 14  21 0.33
 14  22 0.07
 15   1 0.45
 15   2 0.56
 15   3 0.53
 15   4 0.48
 15   5 0.64
 15   6 0.82
 15   7 0.74
 15   8 0.75
 15   9 0.37
 15  10 0.57
 15  11 0.66
 15  12 0.83
 15  13 0.73
 15  14 0.74
 15  15 0.65
 15  16 0.50
 15  17 0.72
 15  18 0.65
 15  19 0.87
 15  20 0.79
 15  21 0.54
 15  22 0.28
 16   1 0.47
 16   2 0.54
 16   3 0.59
 16   4 0.47
 16   5 0.55
 16   6 0.75
 16   7 0.66
 16   8 0.61
 16   9 0.28
 16  10 0.55
 16  11 0.68
 16  12 0.75
 16  13 0.66
 16  14 0.69
 16  15 0.62
 16  16 0.53
 16  17 0.71
 16  18 0.71
 16  19 0.84
 16  20 0.72
 16  21 0.56
 16  22 0.22
 17   1 0.73
 17   2 0.60
 17   3 0.32
 17   4 0.26
 17   5 0.46
 17   6 0.62
 17   7 0.63
 17   8 0.64
 17   9 0.27
 17  10 0.68
 17  11 0.41
 17  12 0.59
 17  13 0.60
 17  14 0.45
 17  15 0.37
 17  16 0.70
 17  17 0.54
 17  18 0.60
 17  19 0.68
 17  20 0.71
 17  21 0.36
 17  22 0.17
 18   1 0.33
 18   2 0.50
 18   3 0.48
 18   4 0.41
 18   5 0.65
 18   6 0.77
 18   7 0.57
 18   8 0.66
 18   9 0.54
 18  10 0.45
 18  11 0.67
 18  12 0.65
 18  13 0.72
 18  14 0.72
 18  15 0.69
 18  16 0.35
 18  17 0.71
 18  18 0.52
 18  19 0.78
 18  20 0.71
 18  21 0.48
 18  22 0.26
 19   1 0.35
 19   2 0.35
 19   3 0.40
 19   4 0.44
 19   5 0.64
 19   6 0.74
 19   7 0.58
 19   8 0.74
 19   9 0.35
 19  10 0.50
 19  11 0.71
 19  12 0.71
 19  13 0.79
 19  14 0.56
 19  15 0.78
 19  16 0.43
 19  17 0.70
 19  18 0.56
 19  19 0.66
 19  20 0.57
 19  21 0.56
 19  22 0.25
 20   1 0.59
 20   2 0.49
 20   3 0.41
 20   4 0.50
 20   5 0.55
 20   6 0.77
 20   7 0.60
 20   8 0.79
 20   9 0.30
 20  10 0.72
 20  11 0.62
 20  12 0.72
 20  13 0.79
 20  14 0.59
 20  15 0.61
 20  16 0.62
 20  17 0.73
 20  18 0.71
 20  19 0.72
 20  20 0.68
 20  21 0.66
 20  22 0.24
 21   1 0.33
 21   2 0.56
 21   3 0.50
 21   4 0.26
 21   5 0.87
 21   6 0.79
 21   7 0.58
 21   8 0.73
 21   9 0.49
 21  10 0.43
 21  11 0.59
 21  12 0.56
 21  13 0.69
 21  14 0.68
 21  15 0.67
 21  16 0.28
 21  17 0.49
 21  18 0.60
 21  19 0.70
 21  20 0.71
 21  21 0.54
 21  22 0.33
 22   1 0.34
 22   2 0.58
 22   3 0.51
 22   4 0.21
 22   5 0.71
 22   6 0.83
 22   7 0.71
 22   8 0.73
 22   9 0.46
 22  10 0.37
 22  11 0.53
 22  12 0.52
 22  13 0.61
 22  14 0.69
 22  15 0.57
 22  16 0.25
 22  17 0.47
 22  18 0.63
 22  19 0.81
 22  20 0.80
 22  21 0.48
 22  22 0.36
  1   1 0.26
  1   2 0.43
  1   3 0.48
  1   4 0.17
  1   5 0.48
  1   6 0.51
  1   7 0.39
  1   8 0.47
  1   9 0.47
  1  10 0.29
  1  11 0.42
  1  12 0.39
  1  13 0.45
  1  14 0.59
  1  15 0.42
  1  16 0.23
  1  17 0.39
  1  18 0.51
  1  19 0.55
  1  20 0.53
  1  21 0.41
  1  22 0.23
  2   1 0.67
  2   2 0.52
  2   3 0.43
  2   4 0.49
  2   5 0.49
  2   6 0.71
  2   7 0.67
  2   8 0.73
  2   9 0.28
  2  10 0.74
  2  11 0.54
  2  12 0.72
  2  13 0.74
  2  14 0.55
  2  15 0.61
  2  16 0.71
  2  17 0.70
  2  18 0.70
  2  19 0.75
  2  20 0.67
  2  21 0.66
  2  22 0.22
  3   1 0.59
  3   2 0.45
  3   3 0.41
  3   4 0.37
  3   5 0.55
  3   6 0.67
  3   7 0.67
  3   8 0.73
  3   9 0.22
  3  10 0.65
  3  11 0.64
  3  12 0.75
  3  13 0.77
  3  14 0.55
  3  15 0.60
  3  16 0.65
  3  17 0.62
  3  18 0.66
  3  19 0.71
  3  20 0.66
  3  21 0.54
  3  22 0.19
  4   1 0.26
  4   2 0.61
  4   3 0.66
  4   4 0.20
  4   5 0.71
  4   6 0.74
  4   7 0.48
  4   8 0.62
  4   9 0.70
  4  10 0.35
  4  11 0.55
  4  12 0.42
  4  13 0.61
  4  14 0.79
  4  15 0.57
  4  16 0.20
  4  17 0.47
  4  18 0.67
  4  19 0.75
  4  20 0.77
  4  21 0.43
  4  22 0.28
  5   1 0.52
  5   2 0.57
  5   3 0.33
  5   4 0.46
  5   5 0.63
  5   6 0.82
  5   7 0.71
  5   8 0.89
  5   9 0.32
  5  10 0.57
  5  11 0.56
  5  12 0.71
  5  13 0.75
  5  14 0.59
  5  15 0.57
  5  16 0.45
  5  17 0.68
  5  18 0.57
  5  19 0.77
  5  20 0.72
  5  21 0.52
  5  22 0.25
  6   1 0.40
  6   2 0.40
  6   3 0.42
  6   4 0.43
  6   5 0.59
  6   6 0.79
  6   7 0.76
  6   8 0.83
  6   9 0.33
  6  10 0.65
  6  11 0.64
  6  12 0.77
  6  13 0.80
  6  14 0.66
  6  15 0.65
  6  16 0.48
  6  17 0.68
  6  18 0.60
  6  19 0.74
  6  20 0.67
  6  21 0.53
  6  22 0.26
  7   1 0.31
  7   2 0.39
  7   3 0.51
  7   4 0.54
  7   5 0.59
  7   6 0.80
  7   7 0.43
  7   8 0.64
  7   9 0.43
  7  10 0.59
  7  11 0.66
  7  12 0.65
  7  13 0.81
  7  14 0.63
  7  15 0.71
  7  16 0.45
  7  17 0.77
  7  18 0.63
  7  19 0.68
  7  20 0.62
  7  21 0.54
  7  22 0.19
  8   1 0.54
  8   2 0.72
  8   3 0.64
  8   4 0.38
  8   5 0.64
  8   6 0.83
  8   7 0.62
  8   8 0.66
  8   9 0.51
  8  10 0.60
  8  11 0.55
  8  12 0.68
  8  13 0.67
  8  14 0.75
  8  15 0.54
  8  16 0.51
  8  17 0.67
  8  18 0.75
  8  19 0.90
  8  20 0.88
  8  21 0.43
  8  22 0.23
  9   1 0.23
  9   2 0.26
  9   3 0.24
  9   4 0.08
  9   5 0.50
  9   6 0.31
  9   7 0.26
  9   8 0.45
  9   9 0.45
  9  10 0.18
  9  11 0.43
  9  12 0.18
  9  13 0.42
  9  14 0.26
  9  15 0.50
  9  16 0.15
  9  17 0.23
  9  18 0.26
  9  19 0.31
  9  20 0.30
  9  21 0.17
  9  22 0.11
 10   1 0.84
 10   2 0.62
 10   3 0.26
 10   4 0.33
 10   5 0.36
 10   6 0.56
 10   7 0.49
 10   8 0.59
 10   9 0.26
 10  10 0.71
 10  11 0.31
 10  12 0.50
 10  13 0.56
 10  14 0.39
 10  15 0.34
 10  16 0.72
 10  17 0.56
 10  18 0.58
 10  19 0.63
 10  20 0.63
 10  21 0.45
 10  22 0.11
 11   1 0.49
 11   2 0.38
 11   3 0.35
 11   4 0.41
 11   5 0.66
 11   6 0.66
 11   7 0.51
 11   8 0.70
 11   9 0.34
 11  10 0.59
 11  11 0.61
 11  12 0.68
 11  13 0.82
 11  14 0.56
 11  15 0.75
 11  16 0.52
 11  17 0.65
 11  18 0.58
 11  19 0.62
 11  20 0.57
 11  21 0.68
 11  22 0.22
 12   1 0.71
 12   2 0.65
 12   3 0.33
 12   4 0.32
 12   5 0.52
 12   6 0.67
 12   7 0.66
 12   8 0.75
 12   9 0.29
 12  10 0.57
 12  11 0.45
 12  12 0.59
 12  13 0.62
 12  14 0.51
 12  15 0.42
 12  16 0.56
 12  17 0.56
 12  18 0.63
 12  19 0.71
 12  20 0.69
 12  21 0.57
 12  22 0.21
 13   1 0.31
 13   2 0.49
 13   3 0.52
 13   4 0.33
 13   5 0.73
 13   6 0.81
 13   7 0.47
 13   8 0.62
 13   9 0.56
 13  10 0.48
 13  11 0.63
 13  12 0.55
 13  13 0.71
 13  14 0.70
 13  15 0.72
 13  16 0.31
 13  17 0.64
 13  18 0.55
 13  19 0.71
 13  20 0.69
 13  21 0.47
 13  22 0.24
 14   1 0.57
 14   2 0.33
 14   3 0.33
 14   4 0.42
 14   5 0.27
 14   6 0.49
 14   7 0.48
 14   8 0.63
 14   9 0.24
 14  10 0.68
 14  11 0.42
 14  12 0.56
 14  13 0.61
 14  14 0.31
 14  15 0.45
 14  16 0.70
 14  17 0.56
 14  18 0.51
 14  19 0.54
 14  20 0.44
 14  21 0.33
 14  22 0.07
 15   1 0.45
 15   2 0.56
 15   3 0.53
 15   4 0.48
 15   5 0.64
 15   6 0.82
 15   7 0.74
 15   8 0.75
 15   9 0.37
 15  10 0.57
 15  11 0.66
 15  12 0.83
 15  13 0.73
 15  14 0.74
 15  15 0.65
 15  16 0.50
 15  17 0.72
 15  18 0.65
 15  19 0.87
 15  20 0.79
 15  21 0.54
 15  22 0.28
 16   1 0.47
 16   2 0.54
 16   3 0.59
 16   4 0.47
 16   5 0.55
 16   6 0.75
 16   7 0.66
 16   8 0.61
 16   9 0.28
 16  10 0.55
 16  11 0.68
 16  12 0.75
 16  13 0.66
 16  14 0.69
 16  15 0.62
 16  16 0.53
 16  17 0.71
 16  18 0.71
 16  19 0.84
 16  20 0.72
 16  21 0.56
 16  22 0.22
 17   1 0.73
 17   2 0.60
 17   3 0.32
 17   4 0.26
 17   5 0.46
 17   6 0.62
 17   7 0.63
 17   8 0.64
 17   9 0.27
 17  10 0.68
 17  11 0.41
 17  12 0.59
 17  13 0.60
 17  14 0.45
 17  15 0.36
 17  16 0.70
 17  17 0.54
 17  18 0.60
 17  19 0.68
 17  20 0.71
 17  21 0.36
 17  22 0.17
 18   1 0.33
 18   2 0.50
 18   3 0.48
 18   4 0.41
 18   5 0.65
 18   6 0.77
 18   7 0.57
 18   8 0.66
 18   9 0.54
 18  10 0.45
 18  11 0.67
 18  12 0.65
 18  13 0.72
 18  14 0.72
 18  15 0.68
 18  16 0.35
 18  17 0.71
 18  18 0.52
 18  19 0.78
 18  20 0.71
 18  21 0.48
 18  22 0.26
 19   1 0.35
 19   2 0.34
 19   3 0.40
 19   4 0.44
 19   5 0.64
 19   6 0.74
 19   7 0.58
 19   8 0.74
 19   9 0.35
 19  10 0.50
 19  11 0.71
 19  12 0.71
 19  13 0.79
 19  14 0.56
 19  15 0.78
 19  16 0.43
 19  17 0.70
 19  18 0.56
 19  19 0.66
 19  20 0.57
 19  21 0.56
 19  22 0.25
 20   1 0.59
 20   2 0.49
 20   3 0.41
 20   4 0.50
 20   5 0.55
 20   6 0.77
 20   7 0.60
 20   8 0.79
 20   9 0.30
 20  10 0.72
 20  11 0.62
 20  12 0.72
 20  13 0.79
 20  14 0.59
 20  15 0.61
 20  16 0.62
 20  17 0.73
 20  18 0.71
 20  19 0.72
 20  20 0.68
 20  21 0.66
 20  22 0.24
 21   1 0.32
 21   2 0.56
 21   3 0.50
 21   4 0.26
 21   5 0.87
 21   6 0.79
 21   7 0.58
 21   8 0.73
 21   9 0.49
 21  10 0.43
 21  11 0.59
 21  12 0.56
 21  13 0.69
 21  14 0.68
 21  15 0.67
 21  16 0.28
 21  17 0.49
 21  18 0.60
 21  19 0.70
 21  20 0.71
 21  21 0.54
 21  22 0.33
 22   1 0.34
 22   2 0.58
 22   3 0.51
 22   4 0.21
 22   5 0.71
 22   6 0.83
 22   7 0.71
 22   8 0.73
 22   9 0.46
 22  10 0.37
 22  11 0.53
 22  12 0.52
 22  13 0.61
 22  14 0.69
 22  15 0.57
 22  16 0.24
 22  17 0.47
 22  18 0.63
 22  19 0.81
 22  20 0.80
 22  21 0.48
 22  22 0.36
