  1   1 0.32
  1   2 0.17
  1   3 0.27
  1   4 0.12
  1   5 0.40
  1   6 0.43
  1   7 0.17
  1   8 0.32
  1   9 0.31
  1  10 0.43
  1  11 0.17
  1  12 0.41
  1  13 0.34
  1  14 0.41
  1  15 0.29
  1  16 0.41
  1  17 0.68
  1  18 0.27
  1  19 0.31
  1  20 0.44
  1  21 0.45
  1  22 0.13
  2   1 0.40
  2   2 0.18
  2   3 0.37
  2   4 0.12
  2   5 0.35
  2   6 0.64
  2   7 0.29
  2   8 0.50
  2   9 0.36
  2  10 0.62
  2  11 0.29
  2  12 0.55
  2  13 0.47
  2  14 0.59
  2  15 0.31
  2  16 0.53
  2  17 0.54
  2  18 0.37
  2  19 0.44
  2  20 0.64
  2  21 0.54
  2  22 0.22
  3   1 0.41
  3   2 0.38
  3   3 0.51
  3   4 0.21
  3   5 0.39
  3   6 0.42
  3   7 0.21
  3   8 0.34
  3   9 0.34
  3  10 0.44
  3  11 0.13
  3  12 0.47
  3  13 0.27
  3  14 0.42
  3  15 0.34
  3  16 0.45
  3  17 0.27
  3  18 0.49
  3  19 0.36
  3  20 0.41
  3  21 0.43
  3  22 0.26
  4   1 0.42
  4   2 0.23
  4   3 0.42
  4   4 0.18
  4   5 0.27
  4   6 0.66
  4   7 0.27
  4   8 0.53
  4   9 0.34
  4  10 0.56
  4  11 0.14
  4  12 0.51
  4  13 0.37
  4  14 0.50
  4  15 0.31
  4  16 0.50
  4  17 0.55
  4  18 0.37
  4  19 0.45
  4  20 0.63
  4  21 0.50
  4  22 0.30
  5   1 0.60
  5   2 0.27
  5   3 0.39
  5   4 0.17
  5   5 0.50
  5   6 0.49
  5   7 0.46
  5   8 0.49
  5   9 0.46
  5  10 0.62
  5  11 0.43
  5  12 0.50
  5  13 0.72
  5  14 0.76
  5  15 0.40
  5  16 0.50
  5  17 0.40
  5  18 0.43
  5  19 0.47
  5  20 0.52
  5  21 0.64
  5  22 0.44
  6   1 0.34
  6   2 0.17
  6   3 0.41
  6   4 0.13
  6   5 0.27
  6   6 0.63
  6   7 0.24
  6   8 0.54
  6   9 0.32
  6  10 0.57
  6  11 0.36
  6  12 0.48
  6  13 0.44
  6  14 0.63
  6  15 0.30
  6  16 0.51
  6  17 0.66
  6  18 0.37
  6  19 0.50
  6  20 0.61
  6  21 0.55
  6  22 0.17
  7   1 0.39
  7   2 0.18
  7   3 0.45
  7   4 0.14
  7   5 0.32
  7   6 0.67
  7   7 0.26
  7   8 0.57
  7   9 0.38
  7  10 0.61
  7  11 0.27
  7  12 0.58
  7  13 0.45
  7  14 0.65
  7  15 0.32
  7  16 0.53
  7  17 0.74
  7  18 0.44
  7  19 0.52
  7  20 0.63
  7  21 0.59
  7  22 0.21
  8   1 0.47
  8   2 0.22
  8   3 0.45
  8   4 0.16
  8   5 0.35
  8   6 0.67
  8   7 0.31
  8   8 0.58
  8   9 0.40
  8  10 0.63
  8  11 0.28
  8  12 0.56
  8  13 0.55
  8  14 0.66
  8  15 0.36
  8  16 0.61
  8  17 0.71
  8  18 0.44
  8  19 0.51
  8  20 0.69
  8  21 0.62
  8  22 0.29
  9   1 0.43
  9   2 0.19
  9   3 0.35
  9   4 0.13
  9   5 0.42
  9   6 0.54
  9   7 0.26
  9   8 0.47
  9   9 0.37
  9  10 0.56
  9  11 0.25
  9  12 0.50
  9  13 0.51
  9  14 0.61
  9  15 0.33
  9  16 0.55
  9  17 0.55
  9  18 0.37
  9  19 0.40
  9  20 0.60
  9  21 0.58
  9  22 0.26
 10   1 0.34
 10   2 0.22
 10   3 0.25
 10   4 0.09
 10   5 0.28
 10   6 0.35
 10   7 0.23
 10   8 0.27
 10   9 0.34
 10  10 0.41
 10  11 0.35
 10  12 0.32
 10  13 0.35
 10  14 0.43
 10  15 0.43
 10  16 0.41
 10  17 0.35
 10  18 0.28
 10  19 0.28
 10  20 0.37
 10  21 0.36
 10  22 0.19
 11   1 0.23
 11   2 0.12
 11   3 0.17
 11   4 0.06
 11   5 0.23
 11   6 0.19
 11   7 0.20
 11   8 0.20
 11   9 0.25
 11  10 0.26
 11  11 0.29
 11  12 0.20
 11  13 0.29
 11  14 0.33
 11  15 0.24
 11  16 0.21
 11  17 0.27
 11  18 0.17
 11  19 0.24
 11  20 0.20
 11  21 0.28
 11  22 0.15
 12   1 0.30
 12   2 0.14
 12   3 0.29
 12   4 0.08
 12   5 0.27
 12   6 0.52
 12   7 0.20
 12   8 0.40
 12   9 0.32
 12  10 0.50
 12  11 0.24
 12  12 0.44
 12  13 0.39
 12  14 0.51
 12  15 0.30
 12  16 0.42
 12  17 0.48
 12  18 0.30
 12  19 0.36
 12  20 0.54
 12  21 0.45
 12  22 0.16
 13   1 0.49
 13   2 0.37
 13   3 0.21
 13   4 0.08
 13   5 0.31
 13   6 0.14
 13   7 0.30
 13   8 0.13
 13   9 0.36
 13  10 0.24
 13  11 0.13
 13  12 0.19
 13  13 0.24
 13  14 0.21
 13  15 0.48
 13  16 0.36
 13  17 0.11
 13  18 0.22
 13  19 0.16
 13  20 0.18
 13  21 0.21
 13  22 0.30
 14   1 0.44
 14   2 0.24
 14   3 0.59
 14   4 0.18
 14   5 0.30
 14   6 0.69
 14   7 0.32
 14   8 0.63
 14   9 0.42
 14  10 0.61
 14  11 0.25
 14  12 0.60
 14  13 0.46
 14  14 0.60
 14  15 0.38
 14  16 0.62
 14  17 0.61
 14  18 0.53
 14  19 0.67
 14  20 0.64
 14  21 0.57
 14  22 0.30
 15   1 0.48
 15   2 0.16
 15   3 0.42
 15   4 0.13
 15   5 0.33
 15   6 0.56
 15   7 0.40
 15   8 0.58
 15   9 0.48
 15  10 0.67
 15  11 0.53
 15  12 0.55
 15  13 0.66
 15  14 0.83
 15  15 0.36
 15  16 0.55
 15  17 0.35
 15  18 0.43
 15  19 0.56
 15  20 0.59
 15  21 0.61
 15  22 0.30
 16   1 0.36
 16   2 0.16
 16   3 0.32
 16   4 0.12
 16   5 0.31
 16   6 0.51
 16   7 0.29
 16   8 0.42
 16   9 0.33
 16  10 0.55
 16  11 0.38
 16  12 0.45
 16  13 0.45
 16  14 0.60
 16  15 0.32
 16  16 0.49
 16  17 0.44
 16  18 0.34
 16  19 0.40
 16  20 0.51
 16  21 0.53
 16  22 0.17
 17   1 0.51
 17   2 0.17
 17   3 0.36
 17   4 0.13
 17   5 0.42
 17   6 0.59
 17   7 0.43
 17   8 0.53
 17   9 0.47
 17  10 0.68
 17  11 0.34
 17  12 0.57
 17  13 0.69
 17  14 0.72
 17  15 0.37
 17  16 0.59
 17  17 0.46
 17  18 0.40
 17  19 0.47
 17  20 0.66
 17  21 0.63
 17  22 0.37
 18   1 0.41
 18   2 0.17
 18   3 0.42
 18   4 0.14
 18   5 0.35
 18   6 0.59
 18   7 0.29
 18   8 0.54
 18   9 0.38
 18  10 0.58
 18  11 0.37
 18  12 0.50
 18  13 0.55
 18  14 0.70
 18  15 0.33
 18  16 0.53
 18  17 0.53
 18  18 0.38
 18  19 0.52
 18  20 0.60
 18  21 0.58
 18  22 0.23
 19   1 0.53
 19   2 0.45
 19   3 0.58
 19   4 0.29
 19   5 0.37
 19   6 0.61
 19   7 0.33
 19   8 0.58
 19   9 0.45
 19  10 0.64
 19  11 0.41
 19  12 0.58
 19  13 0.51
 19  14 0.73
 19  15 0.43
 19  16 0.60
 19  17 0.42
 19  18 0.56
 19  19 0.56
 19  20 0.61
 19  21 0.61
 19  22 0.31
 20   1 0.49
 20   2 0.14
 20   3 0.40
 20   4 0.10
 20   5 0.23
 20   6 0.42
 20   7 0.44
 20   8 0.60
 20   9 0.47
 20  10 0.51
 20  11 0.44
 20  12 0.41
 20  13 0.69
 20  14 0.71
 20  15 0.34
 20  16 0.46
 20  17 0.23
 20  18 0.37
 20  19 0.56
 20  20 0.48
 20  21 0.53
 20  22 0.51
 21   1 0.34
 21   2 0.18
 21   3 0.37
 21   4 0.13
 21   5 0.33
 21   6 0.64
 21   7 0.20
 21   8 0.46
 21   9 0.32
 21  10 0.53
 21  11 0.13
 21  12 0.49
 21  13 0.35
 21  14 0.47
 21  15 0.28
 21  16 0.48
 21  17 0.71
 21  18 0.34
 21  19 0.38
 21  20 0.66
 21  21 0.49
 21  22 0.21
 22   1 0.63
 22   2 0.30
 22   3 0.42
 22   4 0.18
 22   5 0.41
 22   6 0.52
 22   7 0.50
 22   8 0.53
 22   9 0.54
 22  10 0.63
 22  11 0.45
 22  12 0.48
 22  13 0.73
 22  14 0.76
 22  15 0.46
 22  16 0.57
 22  17 0.50
 22  18 0.44
 22  19 0.48
 22  20 0.57
 22  21 0.63
 22  22 0.50
  1   1 0.31
  1   2 0.17
  1   3 0.27
  1   4 0.12
  1   5 0.40
  1   6 0.43
  1   7 0.17
  1   8 0.32
  1   9 0.31
  1  10 0.43
  1  11 0.17
  1  12 0.41
  1  13 0.34
  1  14 0.41
  1  15 0.29
  1  16 0.40
  1  17 0.68
  1  18 0.27
  1  19 0.31
  1  20 0.44
  1  21 0.45
  1  22 0.13
  2   1 0.40
  2   2 0.18
  2   3 0.37
  2   4 0.12
  2   5 0.35
  2   6 0.64
  2   7 0.29
  2   8 0.50
  2   9 0.36
  2  10 0.62
  2  11 0.29
  2  12 0.55
  2  13 0.47
  2  14 0.59
  2  15 0.31
  2  16 0.53
  2  17 0.54
  2  18 0.37
  2  19 0.44
  2  20 0.64
  2  21 0.54
  2  22 0.22
  3   1 0.41
  3   2 0.38
  3   3 0.50
  3   4 0.21
  3   5 0.39
  3   6 0.42
  3   7 0.21
  3   8 0.34
  3   9 0.34
  3  10 0.44
  3  11 0.13
  3  12 0.47
  3  13 0.27
  3  14 0.42
  3  15 0.34
  3  16 0.45
  3  17 0.27
  3  18 0.49
  3  19 0.36
  3  20 0.41
  3  21 0.43
  3  22 0.26
  4   1 0.42
  4   2 0.23
  4   3 0.42
  4   4 0.18
  4   5 0.27
  4   6 0.66
  4   7 0.27
  4   8 0.53
  4   9 0.34
  4  10 0.56
  4  11 0.14
  4  12 0.51
  4  13 0.37
  4  14 0.50
  4  15 0.31
  4  16 0.50
  4  17 0.55
  4  18 0.37
  4  19 0.45
  4  20 0.63
  4  21 0.50
  4  22 0.30
  5   1 0.60
  5   2 0.27
  5   3 0.39
  5   4 0.17
  5   5 0.50
  5   6 0.49
  5   7 0.46
  5   8 0.49
  5   9 0.46
  5  10 0.62
  5  11 0.43
  5  12 0.50
  5  13 0.72
  5  14 0.76
  5  15 0.40
  5  16 0.50
  5  17 0.40
  5  18 0.43
  5  19 0.47
  5  20 0.52
  5  21 0.64
  5  22 0.44
  6   1 0.34
  6   2 0.17
  6   3 0.40
  6   4 0.13
  6   5 0.27
  6   6 0.63
  6   7 0.24
  6   8 0.54
  6   9 0.32
  6  10 0.57
  6  11 0.36
  6  12 0.48
  6  13 0.44
  6  14 0.63
  6  15 0.30
  6  16 0.51
  6  17 0.66
  6  18 0.37
  6  19 0.50
  6  20 0.61
  6  21 0.55
  6  22 0.17
  7   1 0.39
  7   2 0.18
  7   3 0.45
  7   4 0.14
  7   5 0.32
  7   6 0.67
  7   7 0.26
  7   8 0.57
  7   9 0.38
  7  10 0.61
  7  11 0.27
  7  12 0.58
  7  13 0.45
  7  14 0.64
  7  15 0.32
  7  16 0.53
  7  17 0.74
  7  18 0.44
  7  19 0.52
  7  20 0.63
  7  21 0.59
  7  22 0.21
  8   1 0.47
  8   2 0.22
  8   3 0.45
  8   4 0.16
  8   5 0.35
  8   6 0.67
  8   7 0.31
  8   8 0.58
  8   9 0.40
  8  10 0.63
  8  11 0.28
  8  12 0.56
  8  13 0.55
  8  14 0.66
  8  15 0.36
  8  16 0.61
  8  17 0.71
  8  18 0.44
  8  19 0.51
  8  20 0.69
  8  21 0.62
  8  22 0.29
  9   1 0.43
  9   2 0.19
  9   3 0.35
  9   4 0.13
  9   5 0.42
  9   6 0.54
  9   7 0.26
  9   8 0.47
  9   9 0.37
  9  10 0.55
  9  11 0.25
  9  12 0.50
  9  13 0.51
  9  14 0.61
  9  15 0.33
  9  16 0.55
  9  17 0.55
  9  18 0.36
  9  19 0.40
  9  20 0.60
  9  21 0.58
  9  22 0.25
 10   1 0.34
 10   2 0.22
 10   3 0.25
 10   4 0.09
 10   5 0.28
 10   6 0.35
 10   7 0.23
 10   8 0.27
 10   9 0.34
 10  10 0.41
 10  11 0.35
 10  12 0.31
 10  13 0.35
 10  14 0.43
 10  15 0.43
 10  16 0.41
 10  17 0.35
 10  18 0.28
 10  19 0.28
 10  20 0.37
 10  21 0.36
 10  22 0.19
 11   1 0.23
 11   2 0.12
 11   3 0.17
 11   4 0.06
 11   5 0.23
 11   6 0.19
 11   7 0.20
 11   8 0.20
 11   9 0.25
 11  10 0.26
 11  11 0.29
 11  12 0.20
 11  13 0.29
 11  14 0.33
 11  15 0.24
 11  16 0.21
 11  17 0.27
 11  18 0.17
 11  19 0.24
 11  20 0.20
 11  21 0.28
 11  22 0.15
 12   1 0.30
 12   2 0.13
 12   3 0.28
 12   4 0.08
 12   5 0.27
 12   6 0.52
 12   7 0.20
 12   8 0.40
 12   9 0.32
 12  10 0.50
 12  11 0.24
 12  12 0.44
 12  13 0.39
 12  14 0.51
 12  15 0.30
 12  16 0.42
 12  17 0.48
 12  18 0.30
 12  19 0.36
 12  20 0.54
 12  21 0.45
 12  22 0.16
 13   1 0.49
 13   2 0.37
 13   3 0.21
 13   4 0.08
 13   5 0.31
 13   6 0.14
 13   7 0.30
 13   8 0.12
 13   9 0.36
 13  10 0.24
 13  11 0.13
 13  12 0.19
 13  13 0.24
 13  14 0.20
 13  15 0.48
 13  16 0.36
 13  17 0.11
 13  18 0.22
 13  19 0.16
 13  20 0.18
 13  21 0.21
 13  22 0.30
 14   1 0.44
 14   2 0.24
 14   3 0.59
 14   4 0.18
 14   5 0.30
 14   6 0.69
 14   7 0.32
 14   8 0.63
 14   9 0.42
 14  10 0.61
 14  11 0.25
 14  12 0.60
 14  13 0.46
 14  14 0.60
 14  15 0.38
 14  16 0.62
 14  17 0.61
 14  18 0.53
 14  19 0.67
 14  20 0.64
 14  21 0.56
 14  22 0.30
 15   1 0.48
 15   2 0.16
 15   3 0.42
 15   4 0.13
 15   5 0.33
 15   6 0.56
 15   7 0.40
 15   8 0.58
 15   9 0.48
 15  10 0.67
 15  11 0.53
 15  12 0.55
 15  13 0.66
 15  14 0.83
 15  15 0.36
 15  16 0.55
 15  17 0.35
 15  18 0.43
 15  19 0.56
 15  20 0.59
 15  21 0.61
 15  22 0.30
 16   1 0.36
 16   2 0.16
 16   3 0.32
 16   4 0.12
 16   5 0.31
 16   6 0.51
 16   7 0.29
 16   8 0.42
 16   9 0.33
 16  10 0.54
 16  11 0.38
 16  12 0.45
 16  13 0.45
 16  14 0.60
 16  15 0.31
 16  16 0.48
 16  17 0.44
 16  18 0.34
 16  19 0.40
 16  20 0.51
 16  21 0.52
 16  22 0.17
 17   1 0.51
 17   2 0.17
 17   3 0.36
 17   4 0.13
 17   5 0.42
 17   6 0.59
 17   7 0.43
 17   8 0.53
 17   9 0.47
 17  10 0.68
 17  11 0.34
 17  12 0.57
 17  13 0.69
 17  14 0.72
 17  15 0.37
 17  16 0.59
 17  17 0.46
 17  18 0.40
 17  19 0.47
 17  20 0.66
 17  21 0.63
 17  22 0.37
 18   1 0.41
 18   2 0.17
 18   3 0.42
 18   4 0.14
 18   5 0.35
 18   6 0.59
 18   7 0.28
 18   8 0.54
 18   9 0.38
 18  10 0.58
 18  11 0.37
 18  12 0.50
 18  13 0.55
 18  14 0.70
 18  15 0.33
 18  16 0.53
 18  17 0.53
 18  18 0.38
 18  19 0.52
 18  20 0.60
 18  21 0.58
 18  22 0.23
 19   1 0.53
 19   2 0.45
 19   3 0.58
 19   4 0.29
 19   5 0.37
 19   6 0.61
 19   7 0.33
 19   8 0.58
 19   9 0.45
 19  10 0.64
 19  11 0.41
 19  12 0.58
 19  13 0.51
 19  14 0.73
 19  15 0.43
 19  16 0.60
 19  17 0.42
 19  18 0.56
 19  19 0.56
 19  20 0.61
 19  21 0.61
 19  22 0.31
 20   1 0.49
 20   2 0.14
 20   3 0.40
 20   4 0.10
 20   5 0.23
 20   6 0.42
 20   7 0.44
 20   8 0.60
 20   9 0.47
 20  10 0.51
 20  11 0.44
 20  12 0.40
 20  13 0.69
 20  14 0.71
 20  15 0.34
 20  16 0.46
 20  17 0.23
 20  18 0.37
 20  19 0.56
 20  20 0.48
 20  21 0.53
 20  22 0.51
 21   1 0.34
 21   2 0.18
 21   3 0.37
 21   4 0.13
 21   5 0.33
 21   6 0.64
 21   7 0.20
 21   8 0.46
 21   9 0.32
 21  10 0.53
 21  11 0.13
 21  12 0.49
 21  13 0.35
 21  14 0.47
 21  15 0.28
 21  16 0.48
 21  17 0.71
 21  18 0.34
 21  19 0.37
 21  20 0.66
 21  21 0.49
 21  22 0.21
 22   1 0.63
 22   2 0.30
 22   3 0.42
 22   4 0.18
 22   5 0.41
 22   6 0.52
 22   7 0.50
 22   8 0.53
 22   9 0.54
 22  10 0.63
 22  11 0.45
 22  12 0.48
 22  13 0.73
 22  14 0.76
 22  15 0.46
 22  16 0.57
 22  17 0.50
 22  18 0.43
 22  19 0.48
 22  20 0.57
 22  21 0.63
 22  22 0.50
