  1   1 1.00
  1   2 0.46
  1   3 0.43
  1   4 0.70
  1   5 0.43
  1   6 0.44
  1   7 0.41
  1   8 0.54
  1   9 0.25
  1  10 0.33
  1  11 0.50
  1  12 0.48
  1  13 0.47
  1  14 0.28
  1  15 0.52
  1  16 0.50
  1  17 0.39
  1  18 0.55
  1  19 0.50
  1  20 0.47
  1  21 0.53
  1  22 0.60
  2   1 0.46
  2   2 1.00
  2   3 0.81
  2   4 0.48
  2   5 0.78
  2   6 0.78
  2   7 0.68
  2   8 0.69
  2   9 0.24
  2  10 0.80
  2  11 0.76
  2  12 0.78
  2  13 0.55
  2  14 0.67
  2  15 0.78
  2  16 0.77
  2  17 0.74
  2  18 0.61
  2  19 0.67
  2  20 0.91
  2  21 0.58
  2  22 0.60
  3   1 0.43
  3   2 0.81
  3   3 1.00
  3   4 0.47
  3   5 0.73
  3   6 0.83
  3   7 0.62
  3   8 0.67
  3   9 0.38
  3  10 0.65
  3  11 0.79
  3  12 0.73
  3  13 0.54
  3  14 0.62
  3  15 0.80
  3  16 0.75
  3  17 0.72
  3  18 0.63
  3  19 0.74
  3  20 0.80
  3  21 0.61
  3  22 0.59
  4   1 0.70
  4   2 0.48
  4   3 0.47
  4   4 1.00
  4   5 0.58
  4   6 0.58
  4   7 0.60
  4   8 0.78
  4   9 0.41
  4  10 0.38
  4  11 0.56
  4  12 0.55
  4  13 0.78
  4  14 0.28
  4  15 0.67
  4  16 0.60
  4  17 0.46
  4  18 0.77
  4  19 0.62
  4  20 0.53
  4  21 0.78
  4  22 0.84
  5   1 0.43
  5   2 0.78
  5   3 0.73
  5   4 0.58
  5   5 1.00
  5   6 0.85
  5   7 0.73
  5   8 0.69
  5   9 0.38
  5  10 0.65
  5  11 0.73
  5  12 0.79
  5  13 0.70
  5  14 0.54
  5  15 0.79
  5  16 0.69
  5  17 0.67
  5  18 0.73
  5  19 0.78
  5  20 0.82
  5  21 0.72
  5  22 0.73
  6   1 0.44
  6   2 0.78
  6   3 0.83
  6   4 0.58
  6   5 0.85
  6   6 1.00
  6   7 0.70
  6   8 0.67
  6   9 0.35
  6  10 0.54
  6  11 0.74
  6  12 0.69
  6  13 0.68
  6  14 0.61
  6  15 0.85
  6  16 0.72
  6  17 0.67
  6  18 0.72
  6  19 0.81
  6  20 0.82
  6  21 0.70
  6  22 0.72
  7   1 0.41
  7   2 0.68
  7   3 0.62
  7   4 0.60
  7   5 0.73
  7   6 0.70
  7   7 1.00
  7   8 0.72
  7   9 0.29
  7  10 0.50
  7  11 0.71
  7  12 0.55
  7  13 0.74
  7  14 0.49
  7  15 0.75
  7  16 0.68
  7  17 0.49
  7  18 0.78
  7  19 0.78
  7  20 0.75
  7  21 0.66
  7  22 0.58
  8   1 0.54
  8   2 0.69
  8   3 0.67
  8   4 0.78
  8   5 0.69
  8   6 0.67
  8   7 0.72
  8   8 1.00
  8   9 0.33
  8  10 0.62
  8  11 0.63
  8  12 0.67
  8  13 0.77
  8  14 0.49
  8  15 0.83
  8  16 0.79
  8  17 0.69
  8  18 0.77
  8  19 0.64
  8  20 0.68
  8  21 0.74
  8  22 0.76
  9   1 0.25
  9   2 0.24
  9   3 0.38
  9   4 0.41
  9   5 0.38
  9   6 0.35
  9   7 0.29
  9   8 0.33
  9   9 1.00
  9  10 0.22
  9  11 0.45
  9  12 0.30
  9  13 0.45
  9  14 0.29
  9  15 0.31
  9  16 0.25
  9  17 0.28
  9  18 0.41
  9  19 0.44
  9  20 0.28
  9  21 0.47
  9  22 0.39
 10   1 0.33
 10   2 0.80
 10   3 0.65
 10   4 0.38
 10   5 0.65
 10   6 0.54
 10   7 0.50
 10   8 0.62
 10   9 0.22
 10  10 1.00
 10  11 0.61
 10  12 0.78
 10  13 0.44
 10  14 0.58
 10  15 0.59
 10  16 0.55
 10  17 0.78
 10  18 0.48
 10  19 0.46
 10  20 0.74
 10  21 0.42
 10  22 0.43
 11   1 0.50
 11   2 0.76
 11   3 0.79
 11   4 0.56
 11   5 0.73
 11   6 0.74
 11   7 0.71
 11   8 0.63
 11   9 0.45
 11  10 0.61
 11  11 1.00
 11  12 0.71
 11  13 0.65
 11  14 0.55
 11  15 0.72
 11  16 0.66
 11  17 0.60
 11  18 0.69
 11  19 0.83
 11  20 0.78
 11  21 0.70
 11  22 0.59
 12   1 0.48
 12   2 0.78
 12   3 0.73
 12   4 0.55
 12   5 0.79
 12   6 0.69
 12   7 0.55
 12   8 0.67
 12   9 0.30
 12  10 0.78
 12  11 0.71
 12  12 1.00
 12  13 0.52
 12  14 0.52
 12  15 0.72
 12  16 0.68
 12  17 0.74
 12  18 0.65
 12  19 0.66
 12  20 0.76
 12  21 0.59
 12  22 0.64
 13   1 0.47
 13   2 0.55
 13   3 0.54
 13   4 0.78
 13   5 0.70
 13   6 0.68
 13   7 0.74
 13   8 0.77
 13   9 0.45
 13  10 0.44
 13  11 0.65
 13  12 0.52
 13  13 1.00
 13  14 0.38
 13  15 0.70
 13  16 0.64
 13  17 0.51
 13  18 0.82
 13  19 0.72
 13  20 0.63
 13  21 0.84
 13  22 0.77
 14   1 0.28
 14   2 0.67
 14   3 0.62
 14   4 0.28
 14   5 0.54
 14   6 0.61
 14   7 0.49
 14   8 0.49
 14   9 0.29
 14  10 0.58
 14  11 0.55
 14  12 0.52
 14  13 0.38
 14  14 1.00
 14  15 0.52
 14  16 0.47
 14  17 0.63
 14  18 0.43
 14  19 0.54
 14  20 0.65
 14  21 0.32
 14  22 0.33
 15   1 0.52
 15   2 0.78
 15   3 0.80
 15   4 0.67
 15   5 0.79
 15   6 0.85
 15   7 0.75
 15   8 0.83
 15   9 0.31
 15  10 0.59
 15  11 0.72
 15  12 0.72
 15  13 0.70
 15  14 0.52
 15  15 1.00
 15  16 0.88
 15  17 0.67
 15  18 0.83
 15  19 0.78
 15  20 0.77
 15  21 0.74
 15  22 0.77
 16   1 0.50
 16   2 0.77
 16   3 0.75
 16   4 0.60
 16   5 0.69
 16   6 0.72
 16   7 0.68
 16   8 0.79
 16   9 0.25
 16  10 0.55
 16  11 0.66
 16  12 0.68
 16  13 0.64
 16  14 0.47
 16  15 0.88
 16  16 1.00
 16  17 0.58
 16  18 0.74
 16  19 0.69
 16  20 0.72
 16  21 0.62
 16  22 0.70
 17   1 0.39
 17   2 0.74
 17   3 0.72
 17   4 0.46
 17   5 0.67
 17   6 0.67
 17   7 0.49
 17   8 0.69
 17   9 0.28
 17  10 0.78
 17  11 0.60
 17  12 0.74
 17  13 0.51
 17  14 0.63
 17  15 0.67
 17  16 0.58
 17  17 1.00
 17  18 0.52
 17  19 0.56
 17  20 0.67
 17  21 0.58
 17  22 0.56
 18   1 0.55
 18   2 0.61
 18   3 0.63
 18   4 0.77
 18   5 0.73
 18   6 0.72
 18   7 0.78
 18   8 0.77
 18   9 0.41
 18  10 0.48
 18  11 0.69
 18  12 0.65
 18  13 0.82
 18  14 0.43
 18  15 0.83
 18  16 0.74
 18  17 0.52
 18  18 1.00
 18  19 0.76
 18  20 0.65
 18  21 0.71
 18  22 0.73
 19   1 0.50
 19   2 0.67
 19   3 0.74
 19   4 0.62
 19   5 0.78
 19   6 0.81
 19   7 0.78
 19   8 0.64
 19   9 0.44
 19  10 0.46
 19  11 0.83
 19  12 0.66
 19  13 0.72
 19  14 0.54
 19  15 0.78
 19  16 0.69
 19  17 0.56
 19  18 0.76
 19  19 1.00
 19  20 0.76
 19  21 0.73
 19  22 0.69
 20   1 0.47
 20   2 0.91
 20   3 0.80
 20   4 0.53
 20   5 0.82
 20   6 0.82
 20   7 0.75
 20   8 0.68
 20   9 0.28
 20  10 0.74
 20  11 0.78
 20  12 0.76
 20  13 0.63
 20  14 0.65
 20  15 0.77
 20  16 0.72
 20  17 0.67
 20  18 0.65
 20  19 0.76
 20  20 1.00
 20  21 0.64
 20  22 0.64
 21   1 0.53
 21   2 0.58
 21   3 0.61
 21   4 0.78
 21   5 0.72
 21   6 0.70
 21   7 0.66
 21   8 0.74
 21   9 0.47
 21  10 0.42
 21  11 0.70
 21  12 0.59
 21  13 0.84
 21  14 0.32
 21  15 0.74
 21  16 0.62
 21  17 0.58
 21  18 0.71
 21  19 0.73
 21  20 0.64
 21  21 1.00
 21  22 0.85
 22   1 0.60
 22   2 0.60
 22   3 0.59
 22   4 0.84
 22   5 0.73
 22   6 0.72
 22   7 0.58
 22   8 0.76
 22   9 0.39
 22  10 0.43
 22  11 0.59
 22  12 0.64
 22  13 0.77
 22  14 0.33
 22  15 0.77
 22  16 0.70
 22  17 0.56
 22  18 0.73
 22  19 0.69
 22  20 0.64
 22  21 0.85
 22  22 1.00
  1   1 1.00
  1   2 0.46
  1   3 0.43
  1   4 0.70
  1   5 0.43
  1   6 0.44
  1   7 0.40
  1   8 0.54
  1   9 0.25
  1  10 0.33
  1  11 0.50
  1  12 0.48
  1  13 0.47
  1  14 0.28
  1  15 0.52
  1  16 0.50
  1  17 0.39
  1  18 0.55
  1  19 0.50
  1  20 0.47
  1  21 0.53
  1  22 0.60
  2   1 0.46
  2   2 1.00
  2   3 0.81
  2   4 0.48
  2   5 0.78
  2   6 0.78
  2   7 0.68
  2   8 0.69
  2   9 0.24
  2  10 0.80
  2  11 0.76
  2  12 0.78
  2  13 0.55
  2  14 0.67
  2  15 0.78
  2  16 0.77
  2  17 0.74
  2  18 0.61
  2  19 0.67
  2  20 0.91
  2  21 0.58
  2  22 0.60
  3   1 0.43
  3   2 0.81
  3   3 1.00
  3   4 0.47
  3   5 0.73
  3   6 0.83
  3   7 0.62
  3   8 0.67
  3   9 0.38
  3  10 0.65
  3  11 0.79
  3  12 0.73
  3  13 0.54
  3  14 0.62
  3  15 0.80
  3  16 0.75
  3  17 0.72
  3  18 0.63
  3  19 0.74
  3  20 0.80
  3  21 0.61
  3  22 0.59
  4   1 0.70
  4   2 0.48
  4   3 0.47
  4   4 1.00
  4   5 0.58
  4   6 0.58
  4   7 0.60
  4   8 0.78
  4   9 0.41
  4  10 0.38
  4  11 0.56
  4  12 0.55
  4  13 0.78
  4  14 0.28
  4  15 0.67
  4  16 0.60
  4  17 0.46
  4  18 0.77
  4  19 0.61
  4  20 0.53
  4  21 0.78
  4  22 0.84
  5   1 0.43
  5   2 0.78
  5   3 0.73
  5   4 0.58
  5   5 1.00
  5   6 0.85
  5   7 0.73
  5   8 0.69
  5   9 0.38
  5  10 0.65
  5  11 0.73
  5  12 0.79
  5  13 0.70
  5  14 0.54
  5  15 0.79
  5  16 0.69
  5  17 0.67
  5  18 0.73
  5  19 0.78
  5  20 0.82
  5  21 0.72
  5  22 0.73
  6   1 0.44
  6   2 0.78
  6   3 0.83
  6   4 0.58
  6   5 0.85
  6   6 1.00
  6   7 0.70
  6   8 0.67
  6   9 0.35
  6  10 0.54
  6  11 0.74
  6  12 0.69
  6  13 0.68
  6  14 0.61
  6  15 0.85
  6  16 0.72
  6  17 0.67
  6  18 0.72
  6  19 0.81
  6  20 0.82
  6  21 0.70
  6  22 0.72
  7   1 0.40
  7   2 0.68
  7   3 0.62
  7   4 0.60
  7   5 0.73
  7   6 0.70
  7   7 1.00
  7   8 0.72
  7   9 0.29
  7  10 0.50
  7  11 0.71
  7  12 0.55
  7  13 0.74
  7  14 0.48
  7  15 0.75
  7  16 0.68
  7  17 0.49
  7  18 0.78
  7  19 0.78
  7  20 0.75
  7  21 0.66
  7  22 0.58
  8   1 0.54
  8   2 0.69
  8   3 0.67
  8   4 0.78
  8   5 0.69
  8   6 0.67
  8   7 0.72
  8   8 1.00
  8   9 0.33
  8  10 0.62
  8  11 0.63
  8  12 0.67
  8  13 0.77
  8  14 0.49
  8  15 0.83
  8  16 0.79
  8  17 0.69
  8  18 0.77
  8  19 0.64
  8  20 0.68
  8  21 0.74
  8  22 0.76
  9   1 0.25
  9   2 0.24
  9   3 0.38
  9   4 0.41
  9   5 0.38
  9   6 0.35
  9   7 0.29
  9   8 0.33
  9   9 1.00
  9  10 0.22
  9  11 0.45
  9  12 0.30
  9  13 0.45
  9  14 0.29
  9  15 0.31
  9  16 0.25
  9  17 0.27
  9  18 0.41
  9  19 0.44
  9  20 0.28
  9  21 0.47
  9  22 0.39
 10   1 0.33
 10   2 0.80
 10   3 0.65
 10   4 0.38
 10   5 0.65
 10   6 0.54
 10   7 0.50
 10   8 0.62
 10   9 0.22
 10  10 1.00
 10  11 0.61
 10  12 0.78
 10  13 0.44
 10  14 0.58
 10  15 0.59
 10  16 0.54
 10  17 0.78
 10  18 0.48
 10  19 0.46
 10  20 0.74
 10  21 0.42
 10  22 0.43
 11   1 0.50
 11   2 0.76
 11   3 0.79
 11   4 0.56
 11   5 0.73
 11   6 0.74
 11   7 0.71
 11   8 0.63
 11   9 0.45
 11  10 0.61
 11  11 1.00
 11  12 0.71
 11  13 0.65
 11  14 0.55
 11  15 0.72
 11  16 0.66
 11  17 0.60
 11  18 0.69
 11  19 0.83
 11  20 0.78
 11  21 0.70
 11  22 0.59
 12   1 0.48
 12   2 0.78
 12   3 0.73
 12   4 0.55
 12   5 0.79
 12   6 0.69
 12   7 0.55
 12   8 0.67
 12   9 0.30
 12  10 0.78
 12  11 0.71
 12  12 1.00
 12  13 0.52
 12  14 0.52
 12  15 0.72
 12  16 0.68
 12  17 0.74
 12  18 0.65
 12  19 0.66
 12  20 0.76
 12  21 0.59
 12  22 0.64
 13   1 0.47
 13   2 0.55
 13   3 0.54
 13   4 0.78
 13   5 0.70
 13   6 0.68
 13   7 0.74
 13   8 0.77
 13   9 0.45
 13  10 0.44
 13  11 0.65
 13  12 0.52
 13  13 1.00
 13  14 0.38
 13  15 0.70
 13  16 0.64
 13  17 0.51
 13  18 0.82
 13  19 0.72
 13  20 0.63
 13  21 0.84
 13  22 0.77
 14   1 0.28
 14   2 0.67
 14   3 0.62
 14   4 0.28
 14   5 0.54
 14   6 0.61
 14   7 0.48
 14   8 0.49
 14   9 0.29
 14  10 0.58
 14  11 0.55
 14  12 0.52
 14  13 0.38
 14  14 1.00
 14  15 0.52
 14  16 0.47
 14  17 0.63
 14  18 0.43
 14  19 0.54
 14  20 0.65
 14  21 0.32
 14  22 0.33
 15   1 0.52
 15   2 0.78
 15   3 0.80
 15   4 0.67
 15   5 0.79
 15   6 0.85
 15   7 0.75
 15   8 0.83
 15   9 0.31
 15  10 0.59
 15  11 0.72
 15  12 0.72
 15  13 0.70
 15  14 0.52
 15  15 1.00
 15  16 0.88
 15  17 0.67
 15  18 0.83
 15  19 0.78
 15  20 0.77
 15  21 0.74
 15  22 0.77
 16   1 0.50
 16   2 0.77
 16   3 0.75
 16   4 0.60
 16   5 0.69
 16   6 0.72
 16   7 0.68
 16   8 0.79
 16   9 0.25
 16  10 0.54
 16  11 0.66
 16  12 0.68
 16  13 0.64
 16  14 0.47
 16  15 0.88
 16  16 1.00
 16  17 0.58
 16  18 0.74
 16  19 0.69
 16  20 0.72
 16  21 0.62
 16  22 0.69
 17   1 0.39
 17   2 0.74
 17   3 0.72
 17   4 0.46
 17   5 0.67
 17   6 0.67
 17   7 0.49
 17   8 0.69
 17   9 0.27
 17  10 0.78
 17  11 0.60
 17  12 0.74
 17  13 0.51
 17  14 0.63
 17  15 0.67
 17  16 0.58
 17  17 1.00
 17  18 0.52
 17  19 0.56
 17  20 0.67
 17  21 0.58
 17  22 0.56
 18   1 0.55
 18   2 0.61
 18   3 0.63
 18   4 0.77
 18   5 0.73
 18   6 0.72
 18   7 0.78
 18   8 0.77
 18   9 0.41
 18  10 0.48
 18  11 0.69
 18  12 0.65
 18  13 0.82
 18  14 0.43
 18  15 0.83
 18  16 0.74
 18  17 0.52
 18  18 1.00
 18  19 0.76
 18  20 0.65
 18  21 0.71
 18  22 0.73
 19   1 0.50
 19   2 0.67
 19   3 0.74
 19   4 0.61
 19   5 0.78
 19   6 0.81
 19   7 0.78
 19   8 0.64
 19   9 0.44
 19  10 0.46
 19  11 0.83
 19  12 0.66
 19  13 0.72
 19  14 0.54
 19  15 0.78
 19  16 0.69
 19  17 0.56
 19  18 0.76
 19  19 1.00
 19  20 0.76
 19  21 0.73
 19  22 0.69
 20   1 0.47
 20   2 0.91
 20   3 0.80
 20   4 0.53
 20   5 0.82
 20   6 0.82
 20   7 0.75
 20   8 0.68
 20   9 0.28
 20  10 0.74
 20  11 0.78
 20  12 0.76
 20  13 0.63
 20  14 0.65
 20  15 0.77
 20  16 0.72
 20  17 0.67
 20  18 0.65
 20  19 0.76
 20  20 1.00
 20  21 0.64
 20  22 0.64
 21   1 0.53
 21   2 0.58
 21   3 0.61
 21   4 0.78
 21   5 0.72
 21   6 0.70
 21   7 0.66
 21   8 0.74
 21   9 0.47
 21  10 0.42
 21  11 0.70
 21  12 0.59
 21  13 0.84
 21  14 0.32
 21  15 0.74
 21  16 0.62
 21  17 0.58
 21  18 0.71
 21  19 0.73
 21  20 0.64
 21  21 1.00
 21  22 0.85
 22   1 0.60
 22   2 0.60
 22   3 0.59
 22   4 0.84
 22   5 0.73
 22   6 0.72
 22   7 0.58
 22   8 0.76
 22   9 0.39
 22  10 0.43
 22  11 0.59
 22  12 0.64
 22  13 0.77
 22  14 0.33
 22  15 0.77
 22  16 0.69
 22  17 0.56
 22  18 0.73
 22  19 0.69
 22  20 0.64
 22  21 0.85
 22  22 1.00
