  1   1 0.41
  1   2 0.25
  1   3 0.42
  1   4 0.14
  1   5 0.21
  1   6 0.29
  1   7 0.17
  1   8 0.16
  1   9 0.20
  1  10 0.31
  1  11 0.25
  1  12 0.21
  1  13 0.37
  1  14 0.38
  1  15 0.29
  1  16 0.27
  1  17 0.21
  1  18 0.20
  1  19 0.13
  1  20 0.42
  1  21 0.19
  1  22 0.24
  2   1 0.51
  2   2 0.43
  2   3 0.46
  2   4 0.22
  2   5 0.29
  2   6 0.49
  2   7 0.35
  2   8 0.38
  2   9 0.40
  2  10 0.38
  2  11 0.58
  2  12 0.43
  2  13 0.38
  2  14 0.40
  2  15 0.38
  2  16 0.46
  2  17 0.55
  2  18 0.48
  2  19 0.33
  2  20 0.46
  2  21 0.42
  2  22 0.27
  3   1 0.54
  3   2 0.35
  3   3 0.56
  3   4 0.20
  3   5 0.33
  3   6 0.40
  3   7 0.21
  3   8 0.30
  3   9 0.41
  3  10 0.46
  3  11 0.55
  3  12 0.41
  3  13 0.45
  3  14 0.41
  3  15 0.39
  3  16 0.40
  3  17 0.52
  3  18 0.54
  3  19 0.27
  3  20 0.57
  3  21 0.35
  3  22 0.29
  4   1 0.36
  4   2 0.56
  4   3 0.28
  4   4 0.22
  4   5 0.20
  4   6 0.54
  4   7 0.39
  4   8 0.32
  4   9 0.27
  4  10 0.50
  4  11 0.37
  4  12 0.46
  4  13 0.40
  4  14 0.42
  4  15 0.39
  4  16 0.51
  4  17 0.41
  4  18 0.40
  4  19 0.35
  4  20 0.42
  4  21 0.46
  4  22 0.38
  5   1 0.60
  5   2 0.38
  5   3 0.44
  5   4 0.20
  5   5 0.47
  5   6 0.57
  5   7 0.31
  5   8 0.32
  5   9 0.48
  5  10 0.46
  5  11 0.55
  5  12 0.52
  5  13 0.43
  5  14 0.57
  5  15 0.41
  5  16 0.58
  5  17 0.65
  5  18 0.63
  5  19 0.43
  5  20 0.50
  5  21 0.50
  5  22 0.36
  6   1 0.52
  6   2 0.47
  6   3 0.31
  6   4 0.18
  6   5 0.33
  6   6 0.64
  6   7 0.33
  6   8 0.32
  6   9 0.42
  6  10 0.46
  6  11 0.44
  6  12 0.54
  6  13 0.36
  6  14 0.52
  6  15 0.41
  6  16 0.59
  6  17 0.52
  6  18 0.46
  6  19 0.44
  6  20 0.44
  6  21 0.48
  6  22 0.36
  7   1 0.53
  7   2 0.53
  7   3 0.38
  7   4 0.22
  7   5 0.39
  7   6 0.57
  7   7 0.23
  7   8 0.38
  7   9 0.44
  7  10 0.46
  7  11 0.51
  7  12 0.50
  7  13 0.43
  7  14 0.56
  7  15 0.51
  7  16 0.51
  7  17 0.51
  7  18 0.49
  7  19 0.37
  7  20 0.42
  7  21 0.48
  7  22 0.43
  8   1 0.45
  8   2 0.40
  8   3 0.29
  8   4 0.25
  8   5 0.28
  8   6 0.59
  8   7 0.29
  8   8 0.27
  8   9 0.46
  8  10 0.42
  8  11 0.42
  8  12 0.54
  8  13 0.27
  8  14 0.48
  8  15 0.30
  8  16 0.57
  8  17 0.47
  8  18 0.37
  8  19 0.36
  8  20 0.44
  8  21 0.44
  8  22 0.23
  9   1 0.49
  9   2 0.44
  9   3 0.30
  9   4 0.18
  9   5 0.35
  9   6 0.55
  9   7 0.40
  9   8 0.43
  9   9 0.38
  9  10 0.41
  9  11 0.53
  9  12 0.46
  9  13 0.31
  9  14 0.36
  9  15 0.45
  9  16 0.49
  9  17 0.60
  9  18 0.60
  9  19 0.54
  9  20 0.57
  9  21 0.46
  9  22 0.40
 10   1 0.65
 10   2 0.52
 10   3 0.45
 10   4 0.22
 10   5 0.41
 10   6 0.58
 10   7 0.28
 10   8 0.36
 10   9 0.47
 10  10 0.47
 10  11 0.51
 10  12 0.49
 10  13 0.42
 10  14 0.61
 10  15 0.43
 10  16 0.53
 10  17 0.56
 10  18 0.52
 10  19 0.35
 10  20 0.48
 10  21 0.46
 10  22 0.37
 11   1 0.38
 11   2 0.40
 11   3 0.35
 11   4 0.25
 11   5 0.26
 11   6 0.50
 11   7 0.43
 11   8 0.45
 11   9 0.34
 11  10 0.32
 11  11 0.41
 11  12 0.46
 11  13 0.33
 11  14 0.36
 11  15 0.33
 11  16 0.49
 11  17 0.47
 11  18 0.54
 11  19 0.42
 11  20 0.44
 11  21 0.49
 11  22 0.30
 12   1 0.48
 12   2 0.48
 12   3 0.25
 12   4 0.15
 12   5 0.29
 12   6 0.59
 12   7 0.45
 12   8 0.35
 12   9 0.27
 12  10 0.44
 12  11 0.43
 12  12 0.53
 12  13 0.40
 12  14 0.39
 12  15 0.48
 12  16 0.57
 12  17 0.69
 12  18 0.63
 12  19 0.55
 12  20 0.45
 12  21 0.63
 12  22 0.37
 13   1 0.49
 13   2 0.43
 13   3 0.30
 13   4 0.18
 13   5 0.29
 13   6 0.62
 13   7 0.46
 13   8 0.34
 13   9 0.31
 13  10 0.48
 13  11 0.45
 13  12 0.56
 13  13 0.43
 13  14 0.41
 13  15 0.55
 13  16 0.63
 13  17 0.64
 13  18 0.57
 13  19 0.54
 13  20 0.45
 13  21 0.67
 13  22 0.39
 14   1 0.43
 14   2 0.21
 14   3 0.32
 14   4 0.12
 14   5 0.21
 14   6 0.35
 14   7 0.12
 14   8 0.17
 14   9 0.37
 14  10 0.43
 14  11 0.40
 14  12 0.28
 14  13 0.21
 14  14 0.37
 14  15 0.24
 14  16 0.34
 14  17 0.31
 14  18 0.24
 14  19 0.21
 14  20 0.35
 14  21 0.20
 14  22 0.20
 15   1 0.34
 15   2 0.28
 15   3 0.23
 15   4 0.23
 15   5 0.23
 15   6 0.51
 15   7 0.42
 15   8 0.29
 15   9 0.41
 15  10 0.37
 15  11 0.41
 15  12 0.48
 15  13 0.23
 15  14 0.25
 15  15 0.31
 15  16 0.55
 15  17 0.59
 15  18 0.46
 15  19 0.51
 15  20 0.55
 15  21 0.42
 15  22 0.24
 16   1 0.50
 16   2 0.36
 16   3 0.30
 16   4 0.23
 16   5 0.32
 16   6 0.59
 16   7 0.28
 16   8 0.23
 16   9 0.45
 16  10 0.45
 16  11 0.42
 16  12 0.53
 16  13 0.32
 16  14 0.47
 16  15 0.33
 16  16 0.59
 16  17 0.52
 16  18 0.40
 16  19 0.39
 16  20 0.39
 16  21 0.50
 16  22 0.24
 17   1 0.47
 17   2 0.49
 17   3 0.27
 17   4 0.19
 17   5 0.29
 17   6 0.65
 17   7 0.40
 17   8 0.34
 17   9 0.31
 17  10 0.47
 17  11 0.48
 17  12 0.51
 17  13 0.42
 17  14 0.40
 17  15 0.43
 17  16 0.53
 17  17 0.57
 17  18 0.52
 17  19 0.46
 17  20 0.40
 17  21 0.56
 17  22 0.34
 18   1 0.43
 18   2 0.32
 18   3 0.39
 18   4 0.26
 18   5 0.36
 18   6 0.58
 18   7 0.28
 18   8 0.34
 18   9 0.54
 18  10 0.54
 18  11 0.65
 18  12 0.61
 18  13 0.46
 18  14 0.41
 18  15 0.40
 18  16 0.57
 18  17 0.57
 18  18 0.60
 18  19 0.48
 18  20 0.60
 18  21 0.45
 18  22 0.37
 19   1 0.54
 19   2 0.45
 19   3 0.47
 19   4 0.20
 19   5 0.39
 19   6 0.42
 19   7 0.28
 19   8 0.42
 19   9 0.45
 19  10 0.36
 19  11 0.54
 19  12 0.41
 19  13 0.38
 19  14 0.49
 19  15 0.43
 19  16 0.45
 19  17 0.50
 19  18 0.50
 19  19 0.28
 19  20 0.43
 19  21 0.43
 19  22 0.33
 20   1 0.38
 20   2 0.33
 20   3 0.36
 20   4 0.16
 20   5 0.28
 20   6 0.38
 20   7 0.19
 20   8 0.29
 20   9 0.43
 20  10 0.39
 20  11 0.56
 20  12 0.30
 20  13 0.33
 20  14 0.33
 20  15 0.40
 20  16 0.37
 20  17 0.44
 20  18 0.42
 20  19 0.32
 20  20 0.45
 20  21 0.31
 20  22 0.32
 21   1 0.56
 21   2 0.39
 21   3 0.38
 21   4 0.12
 21   5 0.32
 21   6 0.50
 21   7 0.26
 21   8 0.24
 21   9 0.30
 21  10 0.44
 21  11 0.41
 21  12 0.47
 21  13 0.51
 21  14 0.44
 21  15 0.45
 21  16 0.47
 21  17 0.57
 21  18 0.42
 21  19 0.35
 21  20 0.37
 21  21 0.44
 21  22 0.27
 22   1 0.56
 22   2 0.41
 22   3 0.37
 22   4 0.16
 22   5 0.36
 22   6 0.51
 22   7 0.26
 22   8 0.32
 22   9 0.39
 22  10 0.56
 22  11 0.47
 22  12 0.45
 22  13 0.33
 22  14 0.48
 22  15 0.48
 22  16 0.54
 22  17 0.57
 22  18 0.45
 22  19 0.39
 22  20 0.50
 22  21 0.40
 22  22 0.35
  1   1 0.41
  1   2 0.25
  1   3 0.42
  1   4 0.14
  1   5 0.21
  1   6 0.28
  1   7 0.17
  1   8 0.16
  1   9 0.19
  1  10 0.31
  1  11 0.25
  1  12 0.21
  1  13 0.37
  1  14 0.37
  1  15 0.28
  1  16 0.27
  1  17 0.20
  1  18 0.20
  1  19 0.12
  1  20 0.42
  1  21 0.19
  1  22 0.23
  2   1 0.50
  2   2 0.42
  2   3 0.46
  2   4 0.22
  2   5 0.29
  2   6 0.49
  2   7 0.35
  2   8 0.38
  2   9 0.40
  2  10 0.38
  2  11 0.58
  2  12 0.43
  2  13 0.38
  2  14 0.40
  2  15 0.37
  2  16 0.46
  2  17 0.55
  2  18 0.48
  2  19 0.33
  2  20 0.46
  2  21 0.42
  2  22 0.27
  3   1 0.54
  3   2 0.35
  3   3 0.56
  3   4 0.20
  3   5 0.33
  3   6 0.40
  3   7 0.21
  3   8 0.30
  3   9 0.41
  3  10 0.45
  3  11 0.55
  3  12 0.41
  3  13 0.45
  3  14 0.41
  3  15 0.39
  3  16 0.40
  3  17 0.52
  3  18 0.54
  3  19 0.27
  3  20 0.57
  3  21 0.35
  3  22 0.28
  4   1 0.36
  4   2 0.56
  4   3 0.28
  4   4 0.22
  4   5 0.20
  4   6 0.54
  4   7 0.39
  4   8 0.32
  4   9 0.27
  4  10 0.50
  4  11 0.36
  4  12 0.46
  4  13 0.40
  4  14 0.42
  4  15 0.39
  4  16 0.50
  4  17 0.41
  4  18 0.40
  4  19 0.35
  4  20 0.42
  4  21 0.46
  4  22 0.38
  5   1 0.60
  5   2 0.38
  5   3 0.44
  5   4 0.20
  5   5 0.47
  5   6 0.57
  5   7 0.31
  5   8 0.32
  5   9 0.48
  5  10 0.46
  5  11 0.55
  5  12 0.52
  5  13 0.43
  5  14 0.57
  5  15 0.41
  5  16 0.58
  5  17 0.65
  5  18 0.63
  5  19 0.43
  5  20 0.50
  5  21 0.49
  5  22 0.36
  6   1 0.52
  6   2 0.47
  6   3 0.31
  6   4 0.18
  6   5 0.32
  6   6 0.64
  6   7 0.33
  6   8 0.32
  6   9 0.42
  6  10 0.46
  6  11 0.44
  6  12 0.54
  6  13 0.36
  6  14 0.52
  6  15 0.41
  6  16 0.59
  6  17 0.52
  6  18 0.46
  6  19 0.44
  6  20 0.43
  6  21 0.48
  6  22 0.36
  7   1 0.52
  7   2 0.52
  7   3 0.37
  7   4 0.22
  7   5 0.39
  7   6 0.56
  7   7 0.23
  7   8 0.37
  7   9 0.43
  7  10 0.46
  7  11 0.51
  7  12 0.50
  7  13 0.42
  7  14 0.56
  7  15 0.51
  7  16 0.51
  7  17 0.51
  7  18 0.49
  7  19 0.37
  7  20 0.42
  7  21 0.48
  7  22 0.43
  8   1 0.45
  8   2 0.40
  8   3 0.29
  8   4 0.25
  8   5 0.28
  8   6 0.59
  8   7 0.29
  8   8 0.27
  8   9 0.45
  8  10 0.42
  8  11 0.42
  8  12 0.54
  8  13 0.27
  8  14 0.48
  8  15 0.30
  8  16 0.56
  8  17 0.47
  8  18 0.37
  8  19 0.36
  8  20 0.43
  8  21 0.44
  8  22 0.23
  9   1 0.49
  9   2 0.44
  9   3 0.30
  9   4 0.18
  9   5 0.35
  9   6 0.55
  9   7 0.39
  9   8 0.43
  9   9 0.38
  9  10 0.41
  9  11 0.53
  9  12 0.46
  9  13 0.31
  9  14 0.36
  9  15 0.44
  9  16 0.49
  9  17 0.60
  9  18 0.60
  9  19 0.54
  9  20 0.56
  9  21 0.45
  9  22 0.40
 10   1 0.65
 10   2 0.52
 10   3 0.45
 10   4 0.22
 10   5 0.41
 10   6 0.58
 10   7 0.28
 10   8 0.36
 10   9 0.47
 10  10 0.47
 10  11 0.51
 10  12 0.49
 10  13 0.41
 10  14 0.61
 10  15 0.43
 10  16 0.53
 10  17 0.56
 10  18 0.52
 10  19 0.35
 10  20 0.48
 10  21 0.46
 10  22 0.37
 11   1 0.38
 11   2 0.40
 11   3 0.35
 11   4 0.25
 11   5 0.26
 11   6 0.50
 11   7 0.42
 11   8 0.45
 11   9 0.34
 11  10 0.32
 11  11 0.41
 11  12 0.46
 11  13 0.32
 11  14 0.35
 11  15 0.33
 11  16 0.48
 11  17 0.47
 11  18 0.54
 11  19 0.41
 11  20 0.44
 11  21 0.48
 11  22 0.30
 12   1 0.47
 12   2 0.48
 12   3 0.25
 12   4 0.15
 12   5 0.29
 12   6 0.59
 12   7 0.45
 12   8 0.34
 12   9 0.27
 12  10 0.43
 12  11 0.43
 12  12 0.53
 12  13 0.39
 12  14 0.39
 12  15 0.47
 12  16 0.57
 12  17 0.68
 12  18 0.63
 12  19 0.55
 12  20 0.45
 12  21 0.63
 12  22 0.37
 13   1 0.49
 13   2 0.43
 13   3 0.29
 13   4 0.18
 13   5 0.29
 13   6 0.62
 13   7 0.46
 13   8 0.34
 13   9 0.31
 13  10 0.48
 13  11 0.45
 13  12 0.56
 13  13 0.43
 13  14 0.40
 13  15 0.55
 13  16 0.63
 13  17 0.64
 13  18 0.57
 13  19 0.54
 13  20 0.45
 13  21 0.67
 13  22 0.39
 14   1 0.43
 14   2 0.20
 14   3 0.32
 14   4 0.12
 14   5 0.21
 14   6 0.34
 14   7 0.11
 14   8 0.17
 14   9 0.37
 14  10 0.43
 14  11 0.40
 14  12 0.27
 14  13 0.21
 14  14 0.37
 14  15 0.23
 14  16 0.34
 14  17 0.31
 14  18 0.24
 14  19 0.21
 14  20 0.35
 14  21 0.20
 14  22 0.20
 15   1 0.34
 15   2 0.27
 15   3 0.23
 15   4 0.23
 15   5 0.23
 15   6 0.51
 15   7 0.42
 15   8 0.29
 15   9 0.41
 15  10 0.37
 15  11 0.41
 15  12 0.48
 15  13 0.23
 15  14 0.25
 15  15 0.30
 15  16 0.55
 15  17 0.59
 15  18 0.46
 15  19 0.51
 15  20 0.54
 15  21 0.42
 15  22 0.23
 16   1 0.50
 16   2 0.36
 16   3 0.30
 16   4 0.23
 16   5 0.32
 16   6 0.59
 16   7 0.28
 16   8 0.23
 16   9 0.45
 16  10 0.45
 16  11 0.42
 16  12 0.53
 16  13 0.32
 16  14 0.47
 16  15 0.33
 16  16 0.59
 16  17 0.52
 16  18 0.40
 16  19 0.39
 16  20 0.39
 16  21 0.50
 16  22 0.23
 17   1 0.47
 17   2 0.49
 17   3 0.27
 17   4 0.19
 17   5 0.29
 17   6 0.65
 17   7 0.40
 17   8 0.33
 17   9 0.31
 17  10 0.47
 17  11 0.48
 17  12 0.51
 17  13 0.42
 17  14 0.40
 17  15 0.43
 17  16 0.52
 17  17 0.57
 17  18 0.51
 17  19 0.45
 17  20 0.40
 17  21 0.56
 17  22 0.34
 18   1 0.43
 18   2 0.32
 18   3 0.39
 18   4 0.26
 18   5 0.36
 18   6 0.57
 18   7 0.28
 18   8 0.33
 18   9 0.54
 18  10 0.54
 18  11 0.65
 18  12 0.61
 18  13 0.46
 18  14 0.41
 18  15 0.40
 18  16 0.57
 18  17 0.57
 18  18 0.60
 18  19 0.48
 18  20 0.59
 18  21 0.44
 18  22 0.37
 19   1 0.54
 19   2 0.45
 19   3 0.47
 19   4 0.20
 19   5 0.39
 19   6 0.42
 19   7 0.27
 19   8 0.41
 19   9 0.45
 19  10 0.36
 19  11 0.54
 19  12 0.41
 19  13 0.38
 19  14 0.49
 19  15 0.43
 19  16 0.45
 19  17 0.50
 19  18 0.50
 19  19 0.28
 19  20 0.43
 19  21 0.42
 19  22 0.32
 20   1 0.38
 20   2 0.33
 20   3 0.36
 20   4 0.16
 20   5 0.28
 20   6 0.38
 20   7 0.19
 20   8 0.29
 20   9 0.43
 20  10 0.39
 20  11 0.56
 20  12 0.30
 20  13 0.33
 20  14 0.33
 20  15 0.40
 20  16 0.37
 20  17 0.44
 20  18 0.42
 20  19 0.32
 20  20 0.44
 20  21 0.31
 20  22 0.32
 21   1 0.56
 21   2 0.39
 21   3 0.38
 21   4 0.12
 21   5 0.32
 21   6 0.50
 21   7 0.26
 21   8 0.23
 21   9 0.30
 21  10 0.44
 21  11 0.41
 21  12 0.47
 21  13 0.51
 21  14 0.44
 21  15 0.45
 21  16 0.46
 21  17 0.57
 21  18 0.41
 21  19 0.35
 21  20 0.37
 21  21 0.44
 21  22 0.27
 22   1 0.55
 22   2 0.41
 22   3 0.37
 22   4 0.16
 22   5 0.36
 22   6 0.51
 22   7 0.26
 22   8 0.32
 22   9 0.39
 22  10 0.56
 22  11 0.47
 22  12 0.45
 22  13 0.33
 22  14 0.48
 22  15 0.48
 22  16 0.53
 22  17 0.57
 22  18 0.45
 22  19 0.39
 22  20 0.50
 22  21 0.40
 22  22 0.34
  1   1 0.41
  1   2 0.25
  1   3 0.42
  1   4 0.14
  1   5 0.21
  1   6 0.28
  1   7 0.17
  1   8 0.16
  1   9 0.19
  1  10 0.31
  1  11 0.25
  1  12 0.21
  1  13 0.37
  1  14 0.37
  1  15 0.28
  1  16 0.27
  1  17 0.20
  1  18 0.20
  1  19 0.12
  1  20 0.42
  1  21 0.19
  1  22 0.23
  2   1 0.50
  2   2 0.42
  2   3 0.46
  2   4 0.22
  2   5 0.29
  2   6 0.49
  2   7 0.35
  2   8 0.38
  2   9 0.40
  2  10 0.38
  2  11 0.58
  2  12 0.43
  2  13 0.38
  2  14 0.40
  2  15 0.37
  2  16 0.46
  2  17 0.55
  2  18 0.48
  2  19 0.33
  2  20 0.46
  2  21 0.42
  2  22 0.27
  3   1 0.54
  3   2 0.35
  3   3 0.56
  3   4 0.20
  3   5 0.33
  3   6 0.40
  3   7 0.21
  3   8 0.30
  3   9 0.41
  3  10 0.45
  3  11 0.55
  3  12 0.41
  3  13 0.45
  3  14 0.41
  3  15 0.39
  3  16 0.40
  3  17 0.52
  3  18 0.54
  3  19 0.27
  3  20 0.57
  3  21 0.35
  3  22 0.28
  4   1 0.36
  4   2 0.56
  4   3 0.28
  4   4 0.22
  4   5 0.20
  4   6 0.54
  4   7 0.39
  4   8 0.32
  4   9 0.27
  4  10 0.50
  4  11 0.36
  4  12 0.46
  4  13 0.40
  4  14 0.42
  4  15 0.39
  4  16 0.50
  4  17 0.41
  4  18 0.40
  4  19 0.35
  4  20 0.42
  4  21 0.46
  4  22 0.38
  5   1 0.60
  5   2 0.38
  5   3 0.44
  5   4 0.20
  5   5 0.47
  5   6 0.57
  5   7 0.31
  5   8 0.32
  5   9 0.48
  5  10 0.46
  5  11 0.55
  5  12 0.52
  5  13 0.43
  5  14 0.57
  5  15 0.41
  5  16 0.58
  5  17 0.65
  5  18 0.63
  5  19 0.43
  5  20 0.50
  5  21 0.49
  5  22 0.36
  6   1 0.52
  6   2 0.47
  6   3 0.31
  6   4 0.18
  6   5 0.32
  6   6 0.64
  6   7 0.33
  6   8 0.32
  6   9 0.42
  6  10 0.46
  6  11 0.44
  6  12 0.54
  6  13 0.36
  6  14 0.52
  6  15 0.41
  6  16 0.59
  6  17 0.52
  6  18 0.46
  6  19 0.44
  6  20 0.43
  6  21 0.48
  6  22 0.36
  7   1 0.52
  7   2 0.52
  7   3 0.37
  7   4 0.22
  7   5 0.39
  7   6 0.56
  7   7 0.23
  7   8 0.37
  7   9 0.43
  7  10 0.46
  7  11 0.51
  7  12 0.50
  7  13 0.42
  7  14 0.56
  7  15 0.51
  7  16 0.51
  7  17 0.51
  7  18 0.49
  7  19 0.37
  7  20 0.42
  7  21 0.48
  7  22 0.43
  8   1 0.45
  8   2 0.40
  8   3 0.29
  8   4 0.25
  8   5 0.28
  8   6 0.59
  8   7 0.29
  8   8 0.27
  8   9 0.45
  8  10 0.42
  8  11 0.42
  8  12 0.54
  8  13 0.27
  8  14 0.48
  8  15 0.30
  8  16 0.56
  8  17 0.47
  8  18 0.37
  8  19 0.36
  8  20 0.43
  8  21 0.44
  8  22 0.23
  9   1 0.49
  9   2 0.44
  9   3 0.30
  9   4 0.18
  9   5 0.35
  9   6 0.55
  9   7 0.39
  9   8 0.43
  9   9 0.38
  9  10 0.41
  9  11 0.53
  9  12 0.46
  9  13 0.31
  9  14 0.36
  9  15 0.44
  9  16 0.49
  9  17 0.60
  9  18 0.60
  9  19 0.54
  9  20 0.56
  9  21 0.45
  9  22 0.40
 10   1 0.65
 10   2 0.52
 10   3 0.45
 10   4 0.22
 10   5 0.41
 10   6 0.58
 10   7 0.28
 10   8 0.36
 10   9 0.47
 10  10 0.47
 10  11 0.51
 10  12 0.49
 10  13 0.41
 10  14 0.61
 10  15 0.43
 10  16 0.53
 10  17 0.56
 10  18 0.52
 10  19 0.35
 10  20 0.48
 10  21 0.46
 10  22 0.37
 11   1 0.38
 11   2 0.40
 11   3 0.35
 11   4 0.25
 11   5 0.26
 11   6 0.50
 11   7 0.42
 11   8 0.45
 11   9 0.34
 11  10 0.32
 11  11 0.41
 11  12 0.46
 11  13 0.32
 11  14 0.35
 11  15 0.33
 11  16 0.48
 11  17 0.47
 11  18 0.54
 11  19 0.41
 11  20 0.44
 11  21 0.48
 11  22 0.30
 12   1 0.47
 12   2 0.48
 12   3 0.25
 12   4 0.15
 12   5 0.29
 12   6 0.59
 12   7 0.45
 12   8 0.34
 12   9 0.27
 12  10 0.43
 12  11 0.43
 12  12 0.53
 12  13 0.39
 12  14 0.39
 12  15 0.47
 12  16 0.57
 12  17 0.68
 12  18 0.63
 12  19 0.55
 12  20 0.45
 12  21 0.63
 12  22 0.37
 13   1 0.49
 13   2 0.43
 13   3 0.29
 13   4 0.18
 13   5 0.29
 13   6 0.62
 13   7 0.46
 13   8 0.34
 13   9 0.31
 13  10 0.48
 13  11 0.45
 13  12 0.56
 13  13 0.43
 13  14 0.40
 13  15 0.55
 13  16 0.63
 13  17 0.64
 13  18 0.57
 13  19 0.54
 13  20 0.45
 13  21 0.67
 13  22 0.39
 14   1 0.43
 14   2 0.20
 14   3 0.32
 14   4 0.12
 14   5 0.21
 14   6 0.34
 14   7 0.11
 14   8 0.17
 14   9 0.37
 14  10 0.43
 14  11 0.40
 14  12 0.27
 14  13 0.21
 14  14 0.37
 14  15 0.23
 14  16 0.34
 14  17 0.31
 14  18 0.24
 14  19 0.21
 14  20 0.35
 14  21 0.20
 14  22 0.20
 15   1 0.34
 15   2 0.27
 15   3 0.23
 15   4 0.23
 15   5 0.23
 15   6 0.51
 15   7 0.42
 15   8 0.29
 15   9 0.41
 15  10 0.37
 15  11 0.41
 15  12 0.48
 15  13 0.23
 15  14 0.25
 15  15 0.30
 15  16 0.55
 15  17 0.59
 15  18 0.46
 15  19 0.51
 15  20 0.54
 15  21 0.42
 15  22 0.23
 16   1 0.50
 16   2 0.36
 16   3 0.30
 16   4 0.23
 16   5 0.32
 16   6 0.59
 16   7 0.28
 16   8 0.23
 16   9 0.45
 16  10 0.45
 16  11 0.42
 16  12 0.53
 16  13 0.32
 16  14 0.47
 16  15 0.33
 16  16 0.59
 16  17 0.52
 16  18 0.40
 16  19 0.39
 16  20 0.39
 16  21 0.50
 16  22 0.23
 17   1 0.47
 17   2 0.49
 17   3 0.27
 17   4 0.19
 17   5 0.29
 17   6 0.65
 17   7 0.40
 17   8 0.33
 17   9 0.31
 17  10 0.47
 17  11 0.48
 17  12 0.51
 17  13 0.42
 17  14 0.40
 17  15 0.43
 17  16 0.52
 17  17 0.57
 17  18 0.51
 17  19 0.45
 17  20 0.40
 17  21 0.56
 17  22 0.34
 18   1 0.43
 18   2 0.32
 18   3 0.39
 18   4 0.26
 18   5 0.36
 18   6 0.57
 18   7 0.28
 18   8 0.33
 18   9 0.54
 18  10 0.54
 18  11 0.65
 18  12 0.61
 18  13 0.46
 18  14 0.41
 18  15 0.40
 18  16 0.57
 18  17 0.57
 18  18 0.60
 18  19 0.48
 18  20 0.59
 18  21 0.44
 18  22 0.37
 19   1 0.54
 19   2 0.45
 19   3 0.47
 19   4 0.20
 19   5 0.39
 19   6 0.42
 19   7 0.27
 19   8 0.41
 19   9 0.45
 19  10 0.36
 19  11 0.54
 19  12 0.41
 19  13 0.38
 19  14 0.49
 19  15 0.43
 19  16 0.45
 19  17 0.50
 19  18 0.50
 19  19 0.28
 19  20 0.43
 19  21 0.42
 19  22 0.32
 20   1 0.38
 20   2 0.33
 20   3 0.36
 20   4 0.16
 20   5 0.28
 20   6 0.38
 20   7 0.19
 20   8 0.29
 20   9 0.43
 20  10 0.39
 20  11 0.56
 20  12 0.30
 20  13 0.33
 20  14 0.33
 20  15 0.40
 20  16 0.37
 20  17 0.44
 20  18 0.42
 20  19 0.32
 20  20 0.44
 20  21 0.31
 20  22 0.32
 21   1 0.56
 21   2 0.39
 21   3 0.38
 21   4 0.12
 21   5 0.32
 21   6 0.50
 21   7 0.26
 21   8 0.23
 21   9 0.30
 21  10 0.44
 21  11 0.41
 21  12 0.47
 21  13 0.51
 21  14 0.44
 21  15 0.45
 21  16 0.46
 21  17 0.57
 21  18 0.41
 21  19 0.35
 21  20 0.37
 21  21 0.44
 21  22 0.27
 22   1 0.55
 22   2 0.41
 22   3 0.37
 22   4 0.16
 22   5 0.36
 22   6 0.51
 22   7 0.26
 22   8 0.32
 22   9 0.39
 22  10 0.56
 22  11 0.47
 22  12 0.45
 22  13 0.33
 22  14 0.48
 22  15 0.48
 22  16 0.53
 22  17 0.57
 22  18 0.45
 22  19 0.39
 22  20 0.50
 22  21 0.40
 22  22 0.34
