  1   1 1.00
  1   2 0.59
  1   3 0.24
  1   4 0.47
  1   5 0.55
  1   6 0.63
  1   7 0.70
  1   8 0.71
  1   9 0.66
  1  10 0.53
  1  11 0.43
  1  12 0.58
  1  13 0.15
  1  14 0.47
  1  15 0.44
  1  16 0.68
  1  17 0.57
  1  18 0.73
  1  19 0.45
  1  20 0.24
  1  21 0.68
  1  22 0.54
  2   1 0.59
  2   2 1.00
  2   3 0.30
  2   4 0.57
  2   5 0.66
  2   6 0.71
  2   7 0.75
  2   8 0.72
  2   9 0.71
  2  10 0.56
  2  11 0.38
  2  12 0.74
  2  13 0.14
  2  14 0.64
  2  15 0.67
  2  16 0.72
  2  17 0.78
  2  18 0.75
  2  19 0.62
  2  20 0.44
  2  21 0.72
  2  22 0.62
  3   1 0.24
  3   2 0.30
  3   3 1.00
  3   4 0.38
  3   5 0.37
  3   6 0.26
  3   7 0.33
  3   8 0.35
  3   9 0.33
  3  10 0.25
  3  11 0.13
  3  12 0.24
  3  13 0.26
  3  14 0.44
  3  15 0.30
  3  16 0.26
  3  17 0.28
  3  18 0.29
  3  19 0.49
  3  20 0.23
  3  21 0.28
  3  22 0.35
  4   1 0.47
  4   2 0.57
  4   3 0.38
  4   4 1.00
  4   5 0.52
  4   6 0.57
  4   7 0.67
  4   8 0.74
  4   9 0.56
  4  10 0.33
  4  11 0.21
  4  12 0.47
  4  13 0.12
  4  14 0.54
  4  15 0.49
  4  16 0.45
  4  17 0.57
  4  18 0.59
  4  19 0.59
  4  20 0.46
  4  21 0.65
  4  22 0.61
  5   1 0.55
  5   2 0.66
  5   3 0.37
  5   4 0.52
  5   5 1.00
  5   6 0.64
  5   7 0.66
  5   8 0.69
  5   9 0.64
  5  10 0.58
  5  11 0.48
  5  12 0.57
  5  13 0.26
  5  14 0.51
  5  15 0.76
  5  16 0.70
  5  17 0.75
  5  18 0.71
  5  19 0.67
  5  20 0.56
  5  21 0.55
  5  22 0.83
  6   1 0.63
  6   2 0.71
  6   3 0.26
  6   4 0.57
  6   5 0.64
  6   6 1.00
  6   7 0.84
  6   8 0.83
  6   9 0.71
  6  10 0.48
  6  11 0.38
  6  12 0.72
  6  13 0.09
  6  14 0.64
  6  15 0.68
  6  16 0.71
  6  17 0.65
  6  18 0.81
  6  19 0.61
  6  20 0.51
  6  21 0.79
  6  22 0.72
  7   1 0.70
  7   2 0.75
  7   3 0.33
  7   4 0.67
  7   5 0.66
  7   6 0.84
  7   7 1.00
  7   8 0.86
  7   9 0.71
  7  10 0.55
  7  11 0.41
  7  12 0.70
  7  13 0.11
  7  14 0.72
  7  15 0.65
  7  16 0.66
  7  17 0.69
  7  18 0.77
  7  19 0.65
  7  20 0.44
  7  21 0.85
  7  22 0.74
  8   1 0.71
  8   2 0.72
  8   3 0.35
  8   4 0.74
  8   5 0.69
  8   6 0.83
  8   7 0.86
  8   8 1.00
  8   9 0.83
  8  10 0.51
  8  11 0.37
  8  12 0.72
  8  13 0.15
  8  14 0.68
  8  15 0.64
  8  16 0.68
  8  17 0.74
  8  18 0.81
  8  19 0.65
  8  20 0.52
  8  21 0.86
  8  22 0.77
  9   1 0.66
  9   2 0.71
  9   3 0.33
  9   4 0.56
  9   5 0.64
  9   6 0.71
  9   7 0.71
  9   8 0.83
  9   9 1.00
  9  10 0.50
  9  11 0.38
  9  12 0.78
  9  13 0.15
  9  14 0.53
  9  15 0.57
  9  16 0.62
  9  17 0.71
  9  18 0.74
  9  19 0.57
  9  20 0.44
  9  21 0.73
  9  22 0.66
 10   1 0.53
 10   2 0.56
 10   3 0.25
 10   4 0.33
 10   5 0.58
 10   6 0.48
 10   7 0.55
 10   8 0.51
 10   9 0.50
 10  10 1.00
 10  11 0.68
 10  12 0.62
 10  13 0.19
 10  14 0.39
 10  15 0.51
 10  16 0.60
 10  17 0.48
 10  18 0.53
 10  19 0.54
 10  20 0.24
 10  21 0.47
 10  22 0.50
 11   1 0.43
 11   2 0.38
 11   3 0.13
 11   4 0.21
 11   5 0.48
 11   6 0.38
 11   7 0.41
 11   8 0.37
 11   9 0.38
 11  10 0.68
 11  11 1.00
 11  12 0.39
 11  13 0.09
 11  14 0.28
 11  15 0.40
 11  16 0.52
 11  17 0.35
 11  18 0.42
 11  19 0.42
 11  20 0.26
 11  21 0.30
 11  22 0.36
 12   1 0.58
 12   2 0.74
 12   3 0.24
 12   4 0.47
 12   5 0.57
 12   6 0.72
 12   7 0.70
 12   8 0.72
 12   9 0.78
 12  10 0.62
 12  11 0.39
 12  12 1.00
 12  13 0.09
 12  14 0.49
 12  15 0.61
 12  16 0.66
 12  17 0.67
 12  18 0.72
 12  19 0.52
 12  20 0.35
 12  21 0.72
 12  22 0.54
 13   1 0.15
 13   2 0.14
 13   3 0.26
 13   4 0.12
 13   5 0.26
 13   6 0.09
 13   7 0.11
 13   8 0.15
 13   9 0.15
 13  10 0.19
 13  11 0.09
 13  12 0.09
 13  13 1.00
 13  14 0.22
 13  15 0.16
 13  16 0.12
 13  17 0.16
 13  18 0.14
 13  19 0.21
 13  20 0.11
 13  21 0.12
 13  22 0.23
 14   1 0.47
 14   2 0.64
 14   3 0.44
 14   4 0.54
 14   5 0.51
 14   6 0.64
 14   7 0.72
 14   8 0.68
 14   9 0.53
 14  10 0.39
 14  11 0.28
 14  12 0.49
 14  13 0.22
 14  14 1.00
 14  15 0.54
 14  16 0.46
 14  17 0.59
 14  18 0.63
 14  19 0.61
 14  20 0.50
 14  21 0.64
 14  22 0.56
 15   1 0.44
 15   2 0.67
 15   3 0.30
 15   4 0.49
 15   5 0.76
 15   6 0.68
 15   7 0.65
 15   8 0.64
 15   9 0.57
 15  10 0.51
 15  11 0.40
 15  12 0.61
 15  13 0.16
 15  14 0.54
 15  15 1.00
 15  16 0.69
 15  17 0.80
 15  18 0.76
 15  19 0.69
 15  20 0.70
 15  21 0.49
 15  22 0.74
 16   1 0.68
 16   2 0.72
 16   3 0.26
 16   4 0.45
 16   5 0.70
 16   6 0.71
 16   7 0.66
 16   8 0.68
 16   9 0.62
 16  10 0.60
 16  11 0.52
 16  12 0.66
 16  13 0.12
 16  14 0.46
 16  15 0.69
 16  16 1.00
 16  17 0.70
 16  18 0.81
 16  19 0.61
 16  20 0.40
 16  21 0.59
 16  22 0.62
 17   1 0.57
 17   2 0.78
 17   3 0.28
 17   4 0.57
 17   5 0.75
 17   6 0.65
 17   7 0.69
 17   8 0.74
 17   9 0.71
 17  10 0.48
 17  11 0.35
 17  12 0.67
 17  13 0.16
 17  14 0.59
 17  15 0.80
 17  16 0.70
 17  17 1.00
 17  18 0.80
 17  19 0.61
 17  20 0.63
 17  21 0.67
 17  22 0.71
 18   1 0.73
 18   2 0.75
 18   3 0.29
 18   4 0.59
 18   5 0.71
 18   6 0.81
 18   7 0.77
 18   8 0.81
 18   9 0.74
 18  10 0.53
 18  11 0.42
 18  12 0.72
 18  13 0.14
 18  14 0.63
 18  15 0.76
 18  16 0.81
 18  17 0.80
 18  18 1.00
 18  19 0.66
 18  20 0.58
 18  21 0.71
 18  22 0.71
 19   1 0.45
 19   2 0.62
 19   3 0.49
 19   4 0.59
 19   5 0.67
 19   6 0.61
 19   7 0.65
 19   8 0.65
 19   9 0.57
 19  10 0.54
 19  11 0.42
 19  12 0.52
 19  13 0.21
 19  14 0.61
 19  15 0.69
 19  16 0.61
 19  17 0.61
 19  18 0.66
 19  19 1.00
 19  20 0.53
 19  21 0.50
 19  22 0.68
 20   1 0.24
 20   2 0.44
 20   3 0.23
 20   4 0.46
 20   5 0.56
 20   6 0.51
 20   7 0.44
 20   8 0.52
 20   9 0.44
 20  10 0.24
 20  11 0.26
 20  12 0.35
 20  13 0.11
 20  14 0.50
 20  15 0.70
 20  16 0.40
 20  17 0.63
 20  18 0.58
 20  19 0.53
 20  20 1.00
 20  21 0.35
 20  22 0.64
 21   1 0.68
 21   2 0.72
 21   3 0.28
 21   4 0.65
 21   5 0.55
 21   6 0.79
 21   7 0.85
 21   8 0.86
 21   9 0.73
 21  10 0.47
 21  11 0.30
 21  12 0.72
 21  13 0.12
 21  14 0.64
 21  15 0.49
 21  16 0.59
 21  17 0.67
 21  18 0.71
 21  19 0.50
 21  20 0.35
 21  21 1.00
 21  22 0.64
 22   1 0.54
 22   2 0.62
 22   3 0.35
 22   4 0.61
 22   5 0.83
 22   6 0.72
 22   7 0.74
 22   8 0.77
 22   9 0.66
 22  10 0.50
 22  11 0.36
 22  12 0.54
 22  13 0.23
 22  14 0.56
 22  15 0.74
 22  16 0.62
 22  17 0.71
 22  18 0.71
 22  19 0.68
 22  20 0.64
 22  21 0.64
 22  22 1.00
  1   1 1.00
  1   2 0.59
  1   3 0.24
  1   4 0.47
  1   5 0.54
  1   6 0.63
  1   7 0.70
  1   8 0.71
  1   9 0.66
  1  10 0.53
  1  11 0.43
  1  12 0.58
  1  13 0.15
  1  14 0.47
  1  15 0.44
  1  16 0.68
  1  17 0.57
  1  18 0.73
  1  19 0.45
  1  20 0.24
  1  21 0.68
  1  22 0.54
  2   1 0.59
  2   2 1.00
  2   3 0.30
  2   4 0.57
  2   5 0.66
  2   6 0.71
  2   7 0.75
  2   8 0.72
  2   9 0.71
  2  10 0.56
  2  11 0.38
  2  12 0.74
  2  13 0.14
  2  14 0.64
  2  15 0.67
  2  16 0.72
  2  17 0.78
  2  18 0.75
  2  19 0.62
  2  20 0.44
  2  21 0.72
  2  22 0.62
  3   1 0.24
  3   2 0.30
  3   3 1.00
  3   4 0.38
  3   5 0.37
  3   6 0.26
  3   7 0.33
  3   8 0.35
  3   9 0.32
  3  10 0.25
  3  11 0.13
  3  12 0.24
  3  13 0.26
  3  14 0.44
  3  15 0.30
  3  16 0.26
  3  17 0.28
  3  18 0.29
  3  19 0.49
  3  20 0.23
  3  21 0.28
  3  22 0.35
  4   1 0.47
  4   2 0.57
  4   3 0.38
  4   4 1.00
  4   5 0.52
  4   6 0.57
  4   7 0.67
  4   8 0.74
  4   9 0.56
  4  10 0.33
  4  11 0.21
  4  12 0.47
  4  13 0.12
  4  14 0.54
  4  15 0.49
  4  16 0.45
  4  17 0.57
  4  18 0.59
  4  19 0.59
  4  20 0.46
  4  21 0.65
  4  22 0.61
  5   1 0.54
  5   2 0.66
  5   3 0.37
  5   4 0.52
  5   5 1.00
  5   6 0.64
  5   7 0.66
  5   8 0.69
  5   9 0.64
  5  10 0.58
  5  11 0.48
  5  12 0.57
  5  13 0.26
  5  14 0.51
  5  15 0.76
  5  16 0.70
  5  17 0.75
  5  18 0.71
  5  19 0.67
  5  20 0.56
  5  21 0.55
  5  22 0.83
  6   1 0.63
  6   2 0.71
  6   3 0.26
  6   4 0.57
  6   5 0.64
  6   6 1.00
  6   7 0.84
  6   8 0.83
  6   9 0.71
  6  10 0.48
  6  11 0.38
  6  12 0.72
  6  13 0.09
  6  14 0.64
  6  15 0.68
  6  16 0.70
  6  17 0.65
  6  18 0.80
  6  19 0.61
  6  20 0.51
  6  21 0.79
  6  22 0.72
  7   1 0.70
  7   2 0.75
  7   3 0.33
  7   4 0.67
  7   5 0.66
  7   6 0.84
  7   7 1.00
  7   8 0.86
  7   9 0.71
  7  10 0.55
  7  11 0.41
  7  12 0.70
  7  13 0.11
  7  14 0.72
  7  15 0.65
  7  16 0.66
  7  17 0.69
  7  18 0.77
  7  19 0.65
  7  20 0.44
  7  21 0.85
  7  22 0.74
  8   1 0.71
  8   2 0.72
  8   3 0.35
  8   4 0.74
  8   5 0.69
  8   6 0.83
  8   7 0.86
  8   8 1.00
  8   9 0.83
  8  10 0.51
  8  11 0.37
  8  12 0.72
  8  13 0.15
  8  14 0.68
  8  15 0.64
  8  16 0.68
  8  17 0.74
  8  18 0.81
  8  19 0.65
  8  20 0.52
  8  21 0.86
  8  22 0.77
  9   1 0.66
  9   2 0.71
  9   3 0.32
  9   4 0.56
  9   5 0.64
  9   6 0.71
  9   7 0.71
  9   8 0.83
  9   9 1.00
  9  10 0.50
  9  11 0.38
  9  12 0.78
  9  13 0.15
  9  14 0.53
  9  15 0.57
  9  16 0.62
  9  17 0.71
  9  18 0.74
  9  19 0.57
  9  20 0.44
  9  21 0.73
  9  22 0.66
 10   1 0.53
 10   2 0.56
 10   3 0.25
 10   4 0.33
 10   5 0.58
 10   6 0.48
 10   7 0.55
 10   8 0.51
 10   9 0.50
 10  10 1.00
 10  11 0.68
 10  12 0.61
 10  13 0.19
 10  14 0.39
 10  15 0.51
 10  16 0.60
 10  17 0.48
 10  18 0.53
 10  19 0.54
 10  20 0.24
 10  21 0.47
 10  22 0.50
 11   1 0.43
 11   2 0.38
 11   3 0.13
 11   4 0.21
 11   5 0.48
 11   6 0.38
 11   7 0.41
 11   8 0.37
 11   9 0.38
 11  10 0.68
 11  11 1.00
 11  12 0.39
 11  13 0.09
 11  14 0.28
 11  15 0.40
 11  16 0.52
 11  17 0.35
 11  18 0.42
 11  19 0.42
 11  20 0.26
 11  21 0.30
 11  22 0.36
 12   1 0.58
 12   2 0.74
 12   3 0.24
 12   4 0.47
 12   5 0.57
 12   6 0.72
 12   7 0.70
 12   8 0.72
 12   9 0.78
 12  10 0.61
 12  11 0.39
 12  12 1.00
 12  13 0.09
 12  14 0.49
 12  15 0.61
 12  16 0.66
 12  17 0.67
 12  18 0.72
 12  19 0.52
 12  20 0.35
 12  21 0.72
 12  22 0.54
 13   1 0.15
 13   2 0.14
 13   3 0.26
 13   4 0.12
 13   5 0.26
 13   6 0.09
 13   7 0.11
 13   8 0.15
 13   9 0.15
 13  10 0.19
 13  11 0.09
 13  12 0.09
 13  13 1.00
 13  14 0.22
 13  15 0.16
 13  16 0.12
 13  17 0.16
 13  18 0.14
 13  19 0.21
 13  20 0.11
 13  21 0.12
 13  22 0.23
 14   1 0.47
 14   2 0.64
 14   3 0.44
 14   4 0.54
 14   5 0.51
 14   6 0.64
 14   7 0.72
 14   8 0.68
 14   9 0.53
 14  10 0.39
 14  11 0.28
 14  12 0.49
 14  13 0.22
 14  14 1.00
 14  15 0.54
 14  16 0.46
 14  17 0.59
 14  18 0.63
 14  19 0.61
 14  20 0.50
 14  21 0.64
 14  22 0.56
 15   1 0.44
 15   2 0.67
 15   3 0.30
 15   4 0.49
 15   5 0.76
 15   6 0.68
 15   7 0.65
 15   8 0.64
 15   9 0.57
 15  10 0.51
 15  11 0.40
 15  12 0.61
 15  13 0.16
 15  14 0.54
 15  15 1.00
 15  16 0.69
 15  17 0.80
 15  18 0.76
 15  19 0.69
 15  20 0.70
 15  21 0.49
 15  22 0.74
 16   1 0.68
 16   2 0.72
 16   3 0.26
 16   4 0.45
 16   5 0.70
 16   6 0.70
 16   7 0.66
 16   8 0.68
 16   9 0.62
 16  10 0.60
 16  11 0.52
 16  12 0.66
 16  13 0.12
 16  14 0.46
 16  15 0.69
 16  16 1.00
 16  17 0.70
 16  18 0.81
 16  19 0.61
 16  20 0.40
 16  21 0.59
 16  22 0.62
 17   1 0.57
 17   2 0.78
 17   3 0.28
 17   4 0.57
 17   5 0.75
 17   6 0.65
 17   7 0.69
 17   8 0.74
 17   9 0.71
 17  10 0.48
 17  11 0.35
 17  12 0.67
 17  13 0.16
 17  14 0.59
 17  15 0.80
 17  16 0.70
 17  17 1.00
 17  18 0.80
 17  19 0.61
 17  20 0.63
 17  21 0.67
 17  22 0.71
 18   1 0.73
 18   2 0.75
 18   3 0.29
 18   4 0.59
 18   5 0.71
 18   6 0.80
 18   7 0.77
 18   8 0.81
 18   9 0.74
 18  10 0.53
 18  11 0.42
 18  12 0.72
 18  13 0.14
 18  14 0.63
 18  15 0.76
 18  16 0.81
 18  17 0.80
 18  18 1.00
 18  19 0.66
 18  20 0.58
 18  21 0.71
 18  22 0.71
 19   1 0.45
 19   2 0.62
 19   3 0.49
 19   4 0.59
 19   5 0.67
 19   6 0.61
 19   7 0.65
 19   8 0.65
 19   9 0.57
 19  10 0.54
 19  11 0.42
 19  12 0.52
 19  13 0.21
 19  14 0.61
 19  15 0.69
 19  16 0.61
 19  17 0.61
 19  18 0.66
 19  19 1.00
 19  20 0.53
 19  21 0.50
 19  22 0.68
 20   1 0.24
 20   2 0.44
 20   3 0.23
 20   4 0.46
 20   5 0.56
 20   6 0.51
 20   7 0.44
 20   8 0.52
 20   9 0.44
 20  10 0.24
 20  11 0.26
 20  12 0.35
 20  13 0.11
 20  14 0.50
 20  15 0.70
 20  16 0.40
 20  17 0.63
 20  18 0.58
 20  19 0.53
 20  20 1.00
 20  21 0.35
 20  22 0.64
 21   1 0.68
 21   2 0.72
 21   3 0.28
 21   4 0.65
 21   5 0.55
 21   6 0.79
 21   7 0.85
 21   8 0.86
 21   9 0.73
 21  10 0.47
 21  11 0.30
 21  12 0.72
 21  13 0.12
 21  14 0.64
 21  15 0.49
 21  16 0.59
 21  17 0.67
 21  18 0.71
 21  19 0.50
 21  20 0.35
 21  21 1.00
 21  22 0.64
 22   1 0.54
 22   2 0.62
 22   3 0.35
 22   4 0.61
 22   5 0.83
 22   6 0.72
 22   7 0.74
 22   8 0.77
 22   9 0.66
 22  10 0.50
 22  11 0.36
 22  12 0.54
 22  13 0.23
 22  14 0.56
 22  15 0.74
 22  16 0.62
 22  17 0.71
 22  18 0.71
 22  19 0.68
 22  20 0.64
 22  21 0.64
 22  22 1.00
