  1   1 0.10
  1   2 0.06
  1   3 0.10
  1   4 0.05
  1   5 0.18
  1   6 0.09
  1   7 0.07
  1   8 0.09
  1   9 0.22
  1  10 0.18
  1  11 0.12
  1  12 0.24
  1  13 0.15
  1  14 0.19
  1  15 0.14
  1  16 0.11
  1  17 0.24
  1  18 0.10
  1  19 0.16
  1  20 0.07
  1  21 0.11
  1  22 0.13
  2   1 0.10
  2   2 0.09
  2   3 0.07
  2   4 0.02
  2   5 0.03
  2   6 0.10
  2   7 0.03
  2   8 0.04
  2   9 0.00
  2  10 0.08
  2  11 0.03
  2  12 0.05
  2  13 0.08
  2  14 0.03
  2  15 0.05
  2  16 0.07
  2  17 0.03
  2  18 0.06
  2  19 0.10
  2  20 0.06
  2  21 0.05
  2  22 0.16
  3   1 0.17
  3   2 0.22
  3   3 0.17
  3   4 0.07
  3   5 0.23
  3   6 0.30
  3   7 0.06
  3   8 0.27
  3   9 0.06
  3  10 0.25
  3  11 0.10
  3  12 0.30
  3  13 0.16
  3  14 0.09
  3  15 0.29
  3  16 0.30
  3  17 0.16
  3  18 0.28
  3  19 0.32
  3  20 0.14
  3  21 0.24
  3  22 0.34
  4   1 0.16
  4   2 0.13
  4   3 0.08
  4   4 0.04
  4   5 0.18
  4   6 0.30
  4   7 0.07
  4   8 0.10
  4   9 0.02
  4  10 0.19
  4  11 0.07
  4  12 0.11
  4  13 0.10
  4  14 0.07
  4  15 0.19
  4  16 0.21
  4  17 0.07
  4  18 0.20
  4  19 0.22
  4  20 0.06
  4  21 0.15
  4  22 0.18
  5   1 0.12
  5   2 0.08
  5   3 0.14
  5   4 0.05
  5   5 0.29
  5   6 0.13
  5   7 0.09
  5   8 0.18
  5   9 0.26
  5  10 0.22
  5  11 0.09
  5  12 0.28
  5  13 0.14
  5  14 0.27
  5  15 0.22
  5  16 0.13
  5  17 0.23
  5  18 0.17
  5  19 0.19
  5  20 0.07
  5  21 0.13
  5  22 0.18
  6   1 0.15
  6   2 0.08
  6   3 0.09
  6   4 0.05
  6   5 0.18
  6   6 0.24
  6   7 0.07
  6   8 0.16
  6   9 0.16
  6  10 0.28
  6  11 0.11
  6  12 0.32
  6  13 0.15
  6  14 0.13
  6  15 0.23
  6  16 0.17
  6  17 0.12
  6  18 0.24
  6  19 0.29
  6  20 0.04
  6  21 0.17
  6  22 0.19
  7   1 0.15
  7   2 0.14
  7   3 0.11
  7   4 0.07
  7   5 0.25
  7   6 0.24
  7   7 0.15
  7   8 0.20
  7   9 0.10
  7  10 0.26
  7  11 0.09
  7  12 0.17
  7  13 0.13
  7  14 0.06
  7  15 0.23
  7  16 0.22
  7  17 0.14
  7  18 0.23
  7  19 0.14
  7  20 0.11
  7  21 0.17
  7  22 0.24
  8   1 0.19
  8   2 0.10
  8   3 0.08
  8   4 0.06
  8   5 0.23
  8   6 0.13
  8   7 0.17
  8   8 0.11
  8   9 0.26
  8  10 0.20
  8  11 0.07
  8  12 0.21
  8  13 0.15
  8  14 0.14
  8  15 0.20
  8  16 0.15
  8  17 0.17
  8  18 0.19
  8  19 0.20
  8  20 0.11
  8  21 0.14
  8  22 0.23
  9   1 0.22
  9   2 0.18
  9   3 0.18
  9   4 0.11
  9   5 0.28
  9   6 0.43
  9   7 0.07
  9   8 0.17
  9   9 0.02
  9  10 0.41
  9  11 0.15
  9  12 0.26
  9  13 0.14
  9  14 0.10
  9  15 0.28
  9  16 0.26
  9  17 0.09
  9  18 0.30
  9  19 0.44
  9  20 0.11
  9  21 0.20
  9  22 0.34
 10   1 0.29
 10   2 0.14
 10   3 0.13
 10   4 0.09
 10   5 0.28
 10   6 0.26
 10   7 0.14
 10   8 0.25
 10   9 0.17
 10  10 0.31
 10  11 0.11
 10  12 0.34
 10  13 0.21
 10  14 0.15
 10  15 0.36
 10  16 0.25
 10  17 0.31
 10  18 0.33
 10  19 0.41
 10  20 0.09
 10  21 0.30
 10  22 0.38
 11   1 0.19
 11   2 0.15
 11   3 0.10
 11   4 0.04
 11   5 0.16
 11   6 0.37
 11   7 0.11
 11   8 0.25
 11   9 0.03
 11  10 0.21
 11  11 0.08
 11  12 0.29
 11  13 0.09
 11  14 0.07
 11  15 0.21
 11  16 0.58
 11  17 0.16
 11  18 0.32
 11  19 0.28
 11  20 0.11
 11  21 0.27
 11  22 0.29
 12   1 0.22
 12   2 0.17
 12   3 0.24
 12   4 0.10
 12   5 0.30
 12   6 0.28
 12   7 0.12
 12   8 0.29
 12   9 0.05
 12  10 0.44
 12  11 0.15
 12  12 0.29
 12  13 0.11
 12  14 0.10
 12  15 0.28
 12  16 0.22
 12  17 0.14
 12  18 0.34
 12  19 0.30
 12  20 0.12
 12  21 0.31
 12  22 0.29
 13   1 0.22
 13   2 0.11
 13   3 0.14
 13   4 0.06
 13   5 0.21
 13   6 0.19
 13   7 0.04
 13   8 0.14
 13   9 0.05
 13  10 0.18
 13  11 0.09
 13  12 0.13
 13  13 0.13
 13  14 0.12
 13  15 0.24
 13  16 0.12
 13  17 0.18
 13  18 0.17
 13  19 0.18
 13  20 0.06
 13  21 0.14
 13  22 0.18
 14   1 0.01
 14   2 0.00
 14   3 0.03
 14   4 0.01
 14   5 0.09
 14   6 0.01
 14   7 0.08
 14   8 0.02
 14   9 0.20
 14  10 0.03
 14  11 0.03
 14  12 0.04
 14  13 0.06
 14  14 0.08
 14  15 0.05
 14  16 0.02
 14  17 0.05
 14  18 0.04
 14  19 0.01
 14  20 0.02
 14  21 0.02
 14  22 0.02
 15   1 0.32
 15   2 0.26
 15   3 0.18
 15   4 0.11
 15   5 0.41
 15   6 0.35
 15   7 0.17
 15   8 0.28
 15   9 0.07
 15  10 0.46
 15  11 0.16
 15  12 0.39
 15  13 0.18
 15  14 0.11
 15  15 0.35
 15  16 0.37
 15  17 0.19
 15  18 0.40
 15  19 0.46
 15  20 0.13
 15  21 0.30
 15  22 0.42
 16   1 0.26
 16   2 0.31
 16   3 0.15
 16   4 0.05
 16   5 0.23
 16   6 0.25
 16   7 0.06
 16   8 0.12
 16   9 0.04
 16  10 0.23
 16  11 0.08
 16  12 0.17
 16  13 0.16
 16  14 0.11
 16  15 0.21
 16  16 0.22
 16  17 0.11
 16  18 0.21
 16  19 0.27
 16  20 0.12
 16  21 0.16
 16  22 0.29
 17   1 0.23
 17   2 0.20
 17   3 0.26
 17   4 0.12
 17   5 0.25
 17   6 0.49
 17   7 0.10
 17   8 0.16
 17   9 0.02
 17  10 0.50
 17  11 0.17
 17  12 0.34
 17  13 0.13
 17  14 0.10
 17  15 0.27
 17  16 0.31
 17  17 0.11
 17  18 0.33
 17  19 0.39
 17  20 0.14
 17  21 0.21
 17  22 0.32
 18   1 0.21
 18   2 0.13
 18   3 0.29
 18   4 0.15
 18   5 0.28
 18   6 0.42
 18   7 0.08
 18   8 0.28
 18   9 0.04
 18  10 0.49
 18  11 0.18
 18  12 0.39
 18  13 0.20
 18  14 0.11
 18  15 0.32
 18  16 0.21
 18  17 0.19
 18  18 0.44
 18  19 0.50
 18  20 0.08
 18  21 0.25
 18  22 0.29
 19   1 0.28
 19   2 0.13
 19   3 0.20
 19   4 0.12
 19   5 0.33
 19   6 0.32
 19   7 0.12
 19   8 0.21
 19   9 0.05
 19  10 0.41
 19  11 0.15
 19  12 0.31
 19  13 0.19
 19  14 0.10
 19  15 0.35
 19  16 0.27
 19  17 0.12
 19  18 0.32
 19  19 0.47
 19  20 0.10
 19  21 0.22
 19  22 0.30
 20   1 0.06
 20   2 0.04
 20   3 0.01
 20   4 0.00
 20   5 0.01
 20   6 0.01
 20   7 0.01
 20   8 0.00
 20   9 0.00
 20  10 0.01
 20  11 0.01
 20  12 0.01
 20  13 0.08
 20  14 0.02
 20  15 0.02
 20  16 0.02
 20  17 0.02
 20  18 0.02
 20  19 0.08
 20  20 0.01
 20  21 0.02
 20  22 0.07
 21   1 0.14
 21   2 0.08
 21   3 0.10
 21   4 0.03
 21   5 0.14
 21   6 0.13
 21   7 0.05
 21   8 0.15
 21   9 0.03
 21  10 0.20
 21  11 0.06
 21  12 0.18
 21  13 0.09
 21  14 0.08
 21  15 0.19
 21  16 0.15
 21  17 0.14
 21  18 0.18
 21  19 0.18
 21  20 0.05
 21  21 0.17
 21  22 0.15
 22   1 0.11
 22   2 0.04
 22   3 0.13
 22   4 0.20
 22   5 0.12
 22   6 0.15
 22   7 0.02
 22   8 0.06
 22   9 0.01
 22  10 0.17
 22  11 0.08
 22  12 0.09
 22  13 0.08
 22  14 0.04
 22  15 0.11
 22  16 0.06
 22  17 0.07
 22  18 0.13
 22  19 0.15
 22  20 0.04
 22  21 0.08
 22  22 0.13
  1   1 0.10
  1   2 0.06
  1   3 0.10
  1   4 0.05
  1   5 0.18
  1   6 0.09
  1   7 0.07
  1   8 0.09
  1   9 0.22
  1  10 0.18
  1  11 0.12
  1  12 0.24
  1  13 0.15
  1  14 0.19
  1  15 0.14
  1  16 0.11
  1  17 0.24
  1  18 0.10
  1  19 0.16
  1  20 0.07
  1  21 0.11
  1  22 0.13
  2   1 0.10
  2   2 0.09
  2   3 0.07
  2   4 0.02
  2   5 0.03
  2   6 0.10
  2   7 0.03
  2   8 0.04
  2   9 0.00
  2  10 0.08
  2  11 0.03
  2  12 0.05
  2  13 0.08
  2  14 0.03
  2  15 0.05
  2  16 0.07
  2  17 0.03
  2  18 0.06
  2  19 0.10
  2  20 0.06
  2  21 0.05
  2  22 0.16
  3   1 0.17
  3   2 0.22
  3   3 0.17
  3   4 0.07
  3   5 0.23
  3   6 0.30
  3   7 0.06
  3   8 0.27
  3   9 0.06
  3  10 0.25
  3  11 0.10
  3  12 0.30
  3  13 0.16
  3  14 0.09
  3  15 0.29
  3  16 0.30
  3  17 0.16
  3  18 0.27
  3  19 0.32
  3  20 0.14
  3  21 0.24
  3  22 0.34
  4   1 0.16
  4   2 0.13
  4   3 0.08
  4   4 0.04
  4   5 0.18
  4   6 0.30
  4   7 0.07
  4   8 0.10
  4   9 0.02
  4  10 0.19
  4  11 0.07
  4  12 0.11
  4  13 0.10
  4  14 0.07
  4  15 0.19
  4  16 0.21
  4  17 0.07
  4  18 0.20
  4  19 0.22
  4  20 0.06
  4  21 0.15
  4  22 0.18
  5   1 0.12
  5   2 0.08
  5   3 0.14
  5   4 0.05
  5   5 0.29
  5   6 0.13
  5   7 0.09
  5   8 0.17
  5   9 0.26
  5  10 0.22
  5  11 0.09
  5  12 0.28
  5  13 0.14
  5  14 0.27
  5  15 0.22
  5  16 0.13
  5  17 0.23
  5  18 0.17
  5  19 0.19
  5  20 0.07
  5  21 0.13
  5  22 0.18
  6   1 0.15
  6   2 0.08
  6   3 0.09
  6   4 0.05
  6   5 0.18
  6   6 0.24
  6   7 0.07
  6   8 0.16
  6   9 0.16
  6  10 0.28
  6  11 0.11
  6  12 0.32
  6  13 0.15
  6  14 0.13
  6  15 0.23
  6  16 0.17
  6  17 0.12
  6  18 0.24
  6  19 0.29
  6  20 0.04
  6  21 0.17
  6  22 0.19
  7   1 0.15
  7   2 0.14
  7   3 0.11
  7   4 0.07
  7   5 0.25
  7   6 0.24
  7   7 0.15
  7   8 0.20
  7   9 0.10
  7  10 0.26
  7  11 0.09
  7  12 0.17
  7  13 0.13
  7  14 0.06
  7  15 0.23
  7  16 0.22
  7  17 0.14
  7  18 0.23
  7  19 0.14
  7  20 0.11
  7  21 0.17
  7  22 0.24
  8   1 0.19
  8   2 0.10
  8   3 0.08
  8   4 0.06
  8   5 0.23
  8   6 0.13
  8   7 0.17
  8   8 0.11
  8   9 0.26
  8  10 0.20
  8  11 0.07
  8  12 0.21
  8  13 0.15
  8  14 0.14
  8  15 0.20
  8  16 0.15
  8  17 0.16
  8  18 0.19
  8  19 0.20
  8  20 0.11
  8  21 0.14
  8  22 0.23
  9   1 0.22
  9   2 0.18
  9   3 0.18
  9   4 0.11
  9   5 0.28
  9   6 0.43
  9   7 0.07
  9   8 0.16
  9   9 0.02
  9  10 0.41
  9  11 0.15
  9  12 0.25
  9  13 0.14
  9  14 0.09
  9  15 0.27
  9  16 0.26
  9  17 0.09
  9  18 0.30
  9  19 0.44
  9  20 0.11
  9  21 0.20
  9  22 0.34
 10   1 0.29
 10   2 0.14
 10   3 0.13
 10   4 0.09
 10   5 0.28
 10   6 0.26
 10   7 0.14
 10   8 0.25
 10   9 0.17
 10  10 0.31
 10  11 0.11
 10  12 0.34
 10  13 0.21
 10  14 0.15
 10  15 0.36
 10  16 0.25
 10  17 0.31
 10  18 0.33
 10  19 0.41
 10  20 0.09
 10  21 0.30
 10  22 0.38
 11   1 0.19
 11   2 0.14
 11   3 0.10
 11   4 0.04
 11   5 0.16
 11   6 0.37
 11   7 0.11
 11   8 0.25
 11   9 0.03
 11  10 0.21
 11  11 0.07
 11  12 0.29
 11  13 0.09
 11  14 0.06
 11  15 0.21
 11  16 0.58
 11  17 0.15
 11  18 0.31
 11  19 0.28
 11  20 0.11
 11  21 0.26
 11  22 0.29
 12   1 0.22
 12   2 0.17
 12   3 0.24
 12   4 0.10
 12   5 0.30
 12   6 0.28
 12   7 0.12
 12   8 0.29
 12   9 0.05
 12  10 0.44
 12  11 0.15
 12  12 0.29
 12  13 0.11
 12  14 0.10
 12  15 0.28
 12  16 0.22
 12  17 0.14
 12  18 0.34
 12  19 0.30
 12  20 0.12
 12  21 0.31
 12  22 0.29
 13   1 0.22
 13   2 0.11
 13   3 0.14
 13   4 0.06
 13   5 0.21
 13   6 0.19
 13   7 0.04
 13   8 0.14
 13   9 0.05
 13  10 0.18
 13  11 0.09
 13  12 0.13
 13  13 0.13
 13  14 0.12
 13  15 0.24
 13  16 0.12
 13  17 0.18
 13  18 0.17
 13  19 0.18
 13  20 0.06
 13  21 0.14
 13  22 0.18
 14   1 0.01
 14   2 0.00
 14   3 0.03
 14   4 0.01
 14   5 0.09
 14   6 0.01
 14   7 0.08
 14   8 0.02
 14   9 0.20
 14  10 0.03
 14  11 0.03
 14  12 0.04
 14  13 0.06
 14  14 0.08
 14  15 0.05
 14  16 0.02
 14  17 0.05
 14  18 0.04
 14  19 0.01
 14  20 0.02
 14  21 0.02
 14  22 0.02
 15   1 0.32
 15   2 0.25
 15   3 0.18
 15   4 0.11
 15   5 0.41
 15   6 0.34
 15   7 0.17
 15   8 0.28
 15   9 0.07
 15  10 0.46
 15  11 0.16
 15  12 0.39
 15  13 0.17
 15  14 0.11
 15  15 0.35
 15  16 0.37
 15  17 0.19
 15  18 0.40
 15  19 0.46
 15  20 0.13
 15  21 0.30
 15  22 0.41
 16   1 0.26
 16   2 0.31
 16   3 0.15
 16   4 0.05
 16   5 0.23
 16   6 0.25
 16   7 0.06
 16   8 0.12
 16   9 0.04
 16  10 0.23
 16  11 0.08
 16  12 0.17
 16  13 0.16
 16  14 0.11
 16  15 0.21
 16  16 0.22
 16  17 0.11
 16  18 0.21
 16  19 0.27
 16  20 0.12
 16  21 0.16
 16  22 0.29
 17   1 0.23
 17   2 0.20
 17   3 0.26
 17   4 0.12
 17   5 0.25
 17   6 0.48
 17   7 0.10
 17   8 0.16
 17   9 0.02
 17  10 0.49
 17  11 0.17
 17  12 0.34
 17  13 0.13
 17  14 0.10
 17  15 0.27
 17  16 0.31
 17  17 0.10
 17  18 0.33
 17  19 0.39
 17  20 0.13
 17  21 0.21
 17  22 0.32
 18   1 0.21
 18   2 0.13
 18   3 0.29
 18   4 0.14
 18   5 0.28
 18   6 0.42
 18   7 0.08
 18   8 0.28
 18   9 0.03
 18  10 0.49
 18  11 0.18
 18  12 0.39
 18  13 0.20
 18  14 0.10
 18  15 0.32
 18  16 0.21
 18  17 0.19
 18  18 0.44
 18  19 0.50
 18  20 0.08
 18  21 0.25
 18  22 0.28
 19   1 0.28
 19   2 0.13
 19   3 0.20
 19   4 0.12
 19   5 0.33
 19   6 0.32
 19   7 0.12
 19   8 0.21
 19   9 0.05
 19  10 0.41
 19  11 0.15
 19  12 0.31
 19  13 0.19
 19  14 0.10
 19  15 0.35
 19  16 0.27
 19  17 0.12
 19  18 0.32
 19  19 0.47
 19  20 0.10
 19  21 0.22
 19  22 0.30
 20   1 0.06
 20   2 0.04
 20   3 0.01
 20   4 0.00
 20   5 0.01
 20   6 0.01
 20   7 0.01
 20   8 0.00
 20   9 0.00
 20  10 0.01
 20  11 0.01
 20  12 0.01
 20  13 0.08
 20  14 0.02
 20  15 0.02
 20  16 0.02
 20  17 0.02
 20  18 0.02
 20  19 0.08
 20  20 0.01
 20  21 0.02
 20  22 0.07
 21   1 0.14
 21   2 0.08
 21   3 0.10
 21   4 0.03
 21   5 0.14
 21   6 0.13
 21   7 0.05
 21   8 0.15
 21   9 0.03
 21  10 0.20
 21  11 0.06
 21  12 0.18
 21  13 0.09
 21  14 0.08
 21  15 0.19
 21  16 0.15
 21  17 0.14
 21  18 0.18
 21  19 0.18
 21  20 0.05
 21  21 0.17
 21  22 0.15
 22   1 0.11
 22   2 0.04
 22   3 0.13
 22   4 0.20
 22   5 0.12
 22   6 0.15
 22   7 0.02
 22   8 0.06
 22   9 0.01
 22  10 0.17
 22  11 0.08
 22  12 0.09
 22  13 0.08
 22  14 0.04
 22  15 0.11
 22  16 0.06
 22  17 0.07
 22  18 0.13
 22  19 0.15
 22  20 0.04
 22  21 0.08
 22  22 0.13
