  1   1 1.00
  1   2 0.04
  1   3 0.15
  1   4 0.06
  1   5 0.28
  1   6 0.19
  1   7 0.07
  1   8 0.25
  1   9 0.13
  1  10 0.25
  1  11 0.11
  1  12 0.10
  1  13 0.08
  1  14 0.07
  1  15 0.14
  1  16 0.11
  1  17 0.12
  1  18 0.17
  1  19 0.13
  1  20 0.02
  1  21 0.05
  1  22 0.04
  2   1 0.04
  2   2 1.00
  2   3 0.10
  2   4 0.05
  2   5 0.04
  2   6 0.01
  2   7 0.11
  2   8 0.06
  2   9 0.12
  2  10 0.09
  2  11 0.08
  2  12 0.08
  2  13 0.04
  2  14 0.00
  2  15 0.10
  2  16 0.16
  2  17 0.15
  2  18 0.10
  2  19 0.09
  2  20 0.07
  2  21 0.05
  2  22 0.09
  3   1 0.15
  3   2 0.10
  3   3 1.00
  3   4 0.20
  3   5 0.18
  3   6 0.16
  3   7 0.23
  3   8 0.21
  3   9 0.32
  3  10 0.33
  3  11 0.28
  3  12 0.32
  3  13 0.18
  3  14 0.02
  3  15 0.28
  3  16 0.27
  3  17 0.26
  3  18 0.28
  3  19 0.28
  3  20 0.06
  3  21 0.15
  3  22 0.11
  4   1 0.06
  4   2 0.05
  4   3 0.20
  4   4 1.00
  4   5 0.10
  4   6 0.14
  4   7 0.17
  4   8 0.13
  4   9 0.31
  4  10 0.20
  4  11 0.22
  4  12 0.16
  4  13 0.15
  4  14 0.01
  4  15 0.25
  4  16 0.15
  4  17 0.22
  4  18 0.23
  4  19 0.28
  4  20 0.05
  4  21 0.09
  4  22 0.10
  5   1 0.28
  5   2 0.04
  5   3 0.18
  5   4 0.10
  5   5 1.00
  5   6 0.25
  5   7 0.14
  5   8 0.25
  5   9 0.16
  5  10 0.25
  5  11 0.13
  5  12 0.15
  5  13 0.13
  5  14 0.13
  5  15 0.22
  5  16 0.16
  5  17 0.18
  5  18 0.19
  5  19 0.18
  5  20 0.02
  5  21 0.09
  5  22 0.06
  6   1 0.19
  6   2 0.01
  6   3 0.16
  6   4 0.14
  6   5 0.25
  6   6 1.00
  6   7 0.12
  6   8 0.24
  6   9 0.32
  6  10 0.37
  6  11 0.17
  6  12 0.13
  6  13 0.15
  6  14 0.09
  6  15 0.27
  6  16 0.09
  6  17 0.26
  6  18 0.32
  6  19 0.26
  6  20 0.00
  6  21 0.12
  6  22 0.05
  7   1 0.07
  7   2 0.11
  7   3 0.23
  7   4 0.17
  7   5 0.14
  7   6 0.12
  7   7 1.00
  7   8 0.21
  7   9 0.18
  7  10 0.26
  7  11 0.19
  7  12 0.30
  7  13 0.11
  7  14 0.07
  7  15 0.27
  7  16 0.15
  7  17 0.21
  7  18 0.16
  7  19 0.18
  7  20 0.01
  7  21 0.09
  7  22 0.08
  8   1 0.25
  8   2 0.06
  8   3 0.21
  8   4 0.13
  8   5 0.25
  8   6 0.24
  8   7 0.21
  8   8 1.00
  8   9 0.24
  8  10 0.41
  8  11 0.13
  8  12 0.16
  8  13 0.11
  8  14 0.16
  8  15 0.31
  8  16 0.15
  8  17 0.17
  8  18 0.14
  8  19 0.24
  8  20 0.07
  8  21 0.09
  8  22 0.09
  9   1 0.13
  9   2 0.12
  9   3 0.32
  9   4 0.31
  9   5 0.16
  9   6 0.32
  9   7 0.18
  9   8 0.24
  9   9 1.00
  9  10 0.41
  9  11 0.28
  9  12 0.25
  9  13 0.22
  9  14 0.01
  9  15 0.41
  9  16 0.22
  9  17 0.44
  9  18 0.40
  9  19 0.38
  9  20 0.07
  9  21 0.17
  9  22 0.24
 10   1 0.25
 10   2 0.09
 10   3 0.33
 10   4 0.20
 10   5 0.25
 10   6 0.37
 10   7 0.26
 10   8 0.41
 10   9 0.41
 10  10 1.00
 10  11 0.22
 10  12 0.22
 10  13 0.22
 10  14 0.10
 10  15 0.37
 10  16 0.21
 10  17 0.28
 10  18 0.30
 10  19 0.33
 10  20 0.08
 10  21 0.18
 10  22 0.15
 11   1 0.11
 11   2 0.08
 11   3 0.28
 11   4 0.22
 11   5 0.13
 11   6 0.17
 11   7 0.19
 11   8 0.13
 11   9 0.28
 11  10 0.22
 11  11 1.00
 11  12 0.22
 11  13 0.13
 11  14 0.01
 11  15 0.38
 11  16 0.22
 11  17 0.30
 11  18 0.28
 11  19 0.29
 11  20 0.03
 11  21 0.15
 11  22 0.05
 12   1 0.10
 12   2 0.08
 12   3 0.32
 12   4 0.16
 12   5 0.15
 12   6 0.13
 12   7 0.30
 12   8 0.16
 12   9 0.25
 12  10 0.22
 12  11 0.22
 12  12 1.00
 12  13 0.15
 12  14 0.03
 12  15 0.39
 12  16 0.16
 12  17 0.36
 12  18 0.28
 12  19 0.37
 12  20 0.01
 12  21 0.15
 12  22 0.14
 13   1 0.08
 13   2 0.04
 13   3 0.18
 13   4 0.15
 13   5 0.13
 13   6 0.15
 13   7 0.11
 13   8 0.11
 13   9 0.22
 13  10 0.22
 13  11 0.13
 13  12 0.15
 13  13 1.00
 13  14 0.03
 13  15 0.17
 13  16 0.11
 13  17 0.15
 13  18 0.22
 13  19 0.20
 13  20 0.02
 13  21 0.11
 13  22 0.12
 14   1 0.07
 14   2 0.00
 14   3 0.02
 14   4 0.01
 14   5 0.13
 14   6 0.09
 14   7 0.07
 14   8 0.16
 14   9 0.01
 14  10 0.10
 14  11 0.01
 14  12 0.03
 14  13 0.03
 14  14 1.00
 14  15 0.04
 14  16 0.02
 14  17 0.01
 14  18 0.00
 14  19 0.04
 14  20 0.00
 14  21 0.03
 14  22 0.00
 15   1 0.14
 15   2 0.10
 15   3 0.28
 15   4 0.25
 15   5 0.22
 15   6 0.27
 15   7 0.27
 15   8 0.31
 15   9 0.41
 15  10 0.37
 15  11 0.38
 15  12 0.39
 15  13 0.17
 15  14 0.04
 15  15 1.00
 15  16 0.30
 15  17 0.41
 15  18 0.39
 15  19 0.53
 15  20 0.08
 15  21 0.17
 15  22 0.12
 16   1 0.11
 16   2 0.16
 16   3 0.27
 16   4 0.15
 16   5 0.16
 16   6 0.09
 16   7 0.15
 16   8 0.15
 16   9 0.22
 16  10 0.21
 16  11 0.22
 16  12 0.16
 16  13 0.11
 16  14 0.02
 16  15 0.30
 16  16 1.00
 16  17 0.24
 16  18 0.16
 16  19 0.22
 16  20 0.06
 16  21 0.10
 16  22 0.11
 17   1 0.12
 17   2 0.15
 17   3 0.26
 17   4 0.22
 17   5 0.18
 17   6 0.26
 17   7 0.21
 17   8 0.17
 17   9 0.44
 17  10 0.28
 17  11 0.30
 17  12 0.36
 17  13 0.15
 17  14 0.01
 17  15 0.41
 17  16 0.24
 17  17 1.00
 17  18 0.43
 17  19 0.39
 17  20 0.03
 17  21 0.16
 17  22 0.19
 18   1 0.17
 18   2 0.10
 18   3 0.28
 18   4 0.23
 18   5 0.19
 18   6 0.32
 18   7 0.16
 18   8 0.14
 18   9 0.40
 18  10 0.30
 18  11 0.28
 18  12 0.28
 18  13 0.22
 18  14 0.00
 18  15 0.39
 18  16 0.16
 18  17 0.43
 18  18 1.00
 18  19 0.41
 18  20 0.03
 18  21 0.17
 18  22 0.20
 19   1 0.13
 19   2 0.09
 19   3 0.28
 19   4 0.28
 19   5 0.18
 19   6 0.26
 19   7 0.18
 19   8 0.24
 19   9 0.38
 19  10 0.33
 19  11 0.29
 19  12 0.37
 19  13 0.20
 19  14 0.04
 19  15 0.53
 19  16 0.22
 19  17 0.39
 19  18 0.41
 19  19 1.00
 19  20 0.07
 19  21 0.16
 19  22 0.15
 20   1 0.02
 20   2 0.07
 20   3 0.06
 20   4 0.05
 20   5 0.02
 20   6 0.00
 20   7 0.01
 20   8 0.07
 20   9 0.07
 20  10 0.08
 20  11 0.03
 20  12 0.01
 20  13 0.02
 20  14 0.00
 20  15 0.08
 20  16 0.06
 20  17 0.03
 20  18 0.03
 20  19 0.07
 20  20 1.00
 20  21 0.01
 20  22 0.04
 21   1 0.05
 21   2 0.05
 21   3 0.15
 21   4 0.09
 21   5 0.09
 21   6 0.12
 21   7 0.09
 21   8 0.09
 21   9 0.17
 21  10 0.18
 21  11 0.15
 21  12 0.15
 21  13 0.11
 21  14 0.03
 21  15 0.17
 21  16 0.10
 21  17 0.16
 21  18 0.17
 21  19 0.16
 21  20 0.01
 21  21 1.00
 21  22 0.04
 22   1 0.04
 22   2 0.09
 22   3 0.11
 22   4 0.10
 22   5 0.06
 22   6 0.05
 22   7 0.08
 22   8 0.09
 22   9 0.24
 22  10 0.15
 22  11 0.05
 22  12 0.14
 22  13 0.12
 22  14 0.00
 22  15 0.12
 22  16 0.11
 22  17 0.19
 22  18 0.20
 22  19 0.15
 22  20 0.04
 22  21 0.04
 22  22 1.00
  1   1 1.00
  1   2 0.04
  1   3 0.15
  1   4 0.06
  1   5 0.28
  1   6 0.19
  1   7 0.07
  1   8 0.25
  1   9 0.13
  1  10 0.25
  1  11 0.11
  1  12 0.10
  1  13 0.08
  1  14 0.07
  1  15 0.14
  1  16 0.11
  1  17 0.12
  1  18 0.17
  1  19 0.13
  1  20 0.02
  1  21 0.05
  1  22 0.04
  2   1 0.04
  2   2 1.00
  2   3 0.10
  2   4 0.05
  2   5 0.04
  2   6 0.01
  2   7 0.11
  2   8 0.06
  2   9 0.12
  2  10 0.09
  2  11 0.08
  2  12 0.08
  2  13 0.04
  2  14 0.00
  2  15 0.10
  2  16 0.16
  2  17 0.15
  2  18 0.10
  2  19 0.09
  2  20 0.07
  2  21 0.05
  2  22 0.09
  3   1 0.15
  3   2 0.10
  3   3 1.00
  3   4 0.20
  3   5 0.18
  3   6 0.16
  3   7 0.23
  3   8 0.21
  3   9 0.32
  3  10 0.33
  3  11 0.28
  3  12 0.32
  3  13 0.18
  3  14 0.02
  3  15 0.28
  3  16 0.27
  3  17 0.26
  3  18 0.28
  3  19 0.28
  3  20 0.06
  3  21 0.15
  3  22 0.11
  4   1 0.06
  4   2 0.05
  4   3 0.20
  4   4 1.00
  4   5 0.10
  4   6 0.14
  4   7 0.17
  4   8 0.13
  4   9 0.31
  4  10 0.20
  4  11 0.22
  4  12 0.16
  4  13 0.15
  4  14 0.01
  4  15 0.25
  4  16 0.15
  4  17 0.22
  4  18 0.23
  4  19 0.28
  4  20 0.05
  4  21 0.09
  4  22 0.10
  5   1 0.28
  5   2 0.04
  5   3 0.18
  5   4 0.10
  5   5 1.00
  5   6 0.25
  5   7 0.14
  5   8 0.25
  5   9 0.16
  5  10 0.25
  5  11 0.13
  5  12 0.15
  5  13 0.13
  5  14 0.13
  5  15 0.22
  5  16 0.16
  5  17 0.18
  5  18 0.19
  5  19 0.18
  5  20 0.02
  5  21 0.09
  5  22 0.06
  6   1 0.19
  6   2 0.01
  6   3 0.16
  6   4 0.14
  6   5 0.25
  6   6 1.00
  6   7 0.12
  6   8 0.24
  6   9 0.32
  6  10 0.37
  6  11 0.17
  6  12 0.13
  6  13 0.15
  6  14 0.09
  6  15 0.27
  6  16 0.09
  6  17 0.26
  6  18 0.32
  6  19 0.26
  6  20 0.00
  6  21 0.12
  6  22 0.05
  7   1 0.07
  7   2 0.11
  7   3 0.23
  7   4 0.17
  7   5 0.14
  7   6 0.12
  7   7 1.00
  7   8 0.21
  7   9 0.18
  7  10 0.26
  7  11 0.19
  7  12 0.30
  7  13 0.11
  7  14 0.07
  7  15 0.27
  7  16 0.15
  7  17 0.21
  7  18 0.16
  7  19 0.18
  7  20 0.01
  7  21 0.09
  7  22 0.08
  8   1 0.25
  8   2 0.06
  8   3 0.21
  8   4 0.13
  8   5 0.25
  8   6 0.24
  8   7 0.21
  8   8 1.00
  8   9 0.24
  8  10 0.41
  8  11 0.13
  8  12 0.16
  8  13 0.11
  8  14 0.16
  8  15 0.31
  8  16 0.15
  8  17 0.17
  8  18 0.14
  8  19 0.24
  8  20 0.07
  8  21 0.09
  8  22 0.09
  9   1 0.13
  9   2 0.12
  9   3 0.32
  9   4 0.31
  9   5 0.16
  9   6 0.32
  9   7 0.18
  9   8 0.24
  9   9 1.00
  9  10 0.41
  9  11 0.28
  9  12 0.25
  9  13 0.22
  9  14 0.01
  9  15 0.41
  9  16 0.22
  9  17 0.44
  9  18 0.40
  9  19 0.38
  9  20 0.07
  9  21 0.17
  9  22 0.24
 10   1 0.25
 10   2 0.09
 10   3 0.33
 10   4 0.20
 10   5 0.25
 10   6 0.37
 10   7 0.26
 10   8 0.41
 10   9 0.41
 10  10 1.00
 10  11 0.22
 10  12 0.22
 10  13 0.22
 10  14 0.10
 10  15 0.37
 10  16 0.21
 10  17 0.28
 10  18 0.30
 10  19 0.33
 10  20 0.08
 10  21 0.18
 10  22 0.15
 11   1 0.11
 11   2 0.08
 11   3 0.28
 11   4 0.22
 11   5 0.13
 11   6 0.17
 11   7 0.19
 11   8 0.13
 11   9 0.28
 11  10 0.22
 11  11 1.00
 11  12 0.21
 11  13 0.13
 11  14 0.01
 11  15 0.38
 11  16 0.22
 11  17 0.29
 11  18 0.28
 11  19 0.29
 11  20 0.03
 11  21 0.15
 11  22 0.05
 12   1 0.10
 12   2 0.08
 12   3 0.32
 12   4 0.16
 12   5 0.15
 12   6 0.13
 12   7 0.30
 12   8 0.16
 12   9 0.25
 12  10 0.22
 12  11 0.21
 12  12 1.00
 12  13 0.15
 12  14 0.03
 12  15 0.39
 12  16 0.16
 12  17 0.36
 12  18 0.28
 12  19 0.37
 12  20 0.01
 12  21 0.15
 12  22 0.14
 13   1 0.08
 13   2 0.04
 13   3 0.18
 13   4 0.15
 13   5 0.13
 13   6 0.15
 13   7 0.11
 13   8 0.11
 13   9 0.22
 13  10 0.22
 13  11 0.13
 13  12 0.15
 13  13 1.00
 13  14 0.03
 13  15 0.17
 13  16 0.11
 13  17 0.15
 13  18 0.22
 13  19 0.20
 13  20 0.02
 13  21 0.11
 13  22 0.12
 14   1 0.07
 14   2 0.00
 14   3 0.02
 14   4 0.01
 14   5 0.13
 14   6 0.09
 14   7 0.07
 14   8 0.16
 14   9 0.01
 14  10 0.10
 14  11 0.01
 14  12 0.03
 14  13 0.03
 14  14 1.00
 14  15 0.04
 14  16 0.02
 14  17 0.01
 14  18 0.00
 14  19 0.04
 14  20 0.00
 14  21 0.03
 14  22 0.00
 15   1 0.14
 15   2 0.10
 15   3 0.28
 15   4 0.25
 15   5 0.22
 15   6 0.27
 15   7 0.27
 15   8 0.31
 15   9 0.41
 15  10 0.37
 15  11 0.38
 15  12 0.39
 15  13 0.17
 15  14 0.04
 15  15 1.00
 15  16 0.30
 15  17 0.41
 15  18 0.38
 15  19 0.53
 15  20 0.07
 15  21 0.17
 15  22 0.12
 16   1 0.11
 16   2 0.16
 16   3 0.27
 16   4 0.15
 16   5 0.16
 16   6 0.09
 16   7 0.15
 16   8 0.15
 16   9 0.22
 16  10 0.21
 16  11 0.22
 16  12 0.16
 16  13 0.11
 16  14 0.02
 16  15 0.30
 16  16 1.00
 16  17 0.23
 16  18 0.16
 16  19 0.22
 16  20 0.06
 16  21 0.10
 16  22 0.11
 17   1 0.12
 17   2 0.15
 17   3 0.26
 17   4 0.22
 17   5 0.18
 17   6 0.26
 17   7 0.21
 17   8 0.17
 17   9 0.44
 17  10 0.28
 17  11 0.29
 17  12 0.36
 17  13 0.15
 17  14 0.01
 17  15 0.41
 17  16 0.23
 17  17 1.00
 17  18 0.43
 17  19 0.38
 17  20 0.03
 17  21 0.16
 17  22 0.19
 18   1 0.17
 18   2 0.10
 18   3 0.28
 18   4 0.23
 18   5 0.19
 18   6 0.32
 18   7 0.16
 18   8 0.14
 18   9 0.40
 18  10 0.30
 18  11 0.28
 18  12 0.28
 18  13 0.22
 18  14 0.00
 18  15 0.38
 18  16 0.16
 18  17 0.43
 18  18 1.00
 18  19 0.40
 18  20 0.02
 18  21 0.17
 18  22 0.20
 19   1 0.13
 19   2 0.09
 19   3 0.28
 19   4 0.28
 19   5 0.18
 19   6 0.26
 19   7 0.18
 19   8 0.24
 19   9 0.38
 19  10 0.33
 19  11 0.29
 19  12 0.37
 19  13 0.20
 19  14 0.04
 19  15 0.53
 19  16 0.22
 19  17 0.38
 19  18 0.40
 19  19 1.00
 19  20 0.07
 19  21 0.16
 19  22 0.15
 20   1 0.02
 20   2 0.07
 20   3 0.06
 20   4 0.05
 20   5 0.02
 20   6 0.00
 20   7 0.01
 20   8 0.07
 20   9 0.07
 20  10 0.08
 20  11 0.03
 20  12 0.01
 20  13 0.02
 20  14 0.00
 20  15 0.07
 20  16 0.06
 20  17 0.03
 20  18 0.02
 20  19 0.07
 20  20 1.00
 20  21 0.01
 20  22 0.04
 21   1 0.05
 21   2 0.05
 21   3 0.15
 21   4 0.09
 21   5 0.09
 21   6 0.12
 21   7 0.09
 21   8 0.09
 21   9 0.17
 21  10 0.18
 21  11 0.15
 21  12 0.15
 21  13 0.11
 21  14 0.03
 21  15 0.17
 21  16 0.10
 21  17 0.16
 21  18 0.17
 21  19 0.16
 21  20 0.01
 21  21 1.00
 21  22 0.04
 22   1 0.04
 22   2 0.09
 22   3 0.11
 22   4 0.10
 22   5 0.06
 22   6 0.05
 22   7 0.08
 22   8 0.09
 22   9 0.24
 22  10 0.15
 22  11 0.05
 22  12 0.14
 22  13 0.12
 22  14 0.00
 22  15 0.12
 22  16 0.11
 22  17 0.19
 22  18 0.20
 22  19 0.15
 22  20 0.04
 22  21 0.04
 22  22 1.00
