  1   1 0.57
  1   2 0.29
  1   3 0.41
  1   4 0.28
  1   5 0.61
  1   6 0.36
  1   7 0.23
  1   8 0.42
  1   9 0.61
  1  10 0.54
  1  11 0.59
  1  12 0.48
  1  13 0.67
  1  14 0.60
  1  15 0.44
  1  16 0.34
  1  17 0.60
  1  18 0.36
  1  19 0.66
  1  20 0.48
  1  21 0.42
  1  22 0.30
  2   1 0.55
  2   2 0.48
  2   3 0.35
  2   4 0.30
  2   5 0.56
  2   6 0.46
  2   7 0.24
  2   8 0.44
  2   9 0.55
  2  10 0.54
  2  11 0.55
  2  12 0.60
  2  13 0.59
  2  14 0.54
  2  15 0.51
  2  16 0.38
  2  17 0.53
  2  18 0.51
  2  19 0.49
  2  20 0.41
  2  21 0.54
  2  22 0.50
  3   1 0.67
  3   2 0.48
  3   3 0.50
  3   4 0.27
  3   5 0.62
  3   6 0.56
  3   7 0.29
  3   8 0.51
  3   9 0.59
  3  10 0.69
  3  11 0.67
  3  12 0.63
  3  13 0.66
  3  14 0.58
  3  15 0.58
  3  16 0.49
  3  17 0.60
  3  18 0.50
  3  19 0.67
  3  20 0.54
  3  21 0.56
  3  22 0.46
  4   1 0.50
  4   2 0.40
  4   3 0.35
  4   4 0.27
  4   5 0.50
  4   6 0.44
  4   7 0.20
  4   8 0.34
  4   9 0.48
  4  10 0.47
  4  11 0.44
  4  12 0.45
  4  13 0.43
  4  14 0.41
  4  15 0.48
  4  16 0.43
  4  17 0.42
  4  18 0.46
  4  19 0.43
  4  20 0.41
  4  21 0.44
  4  22 0.48
  5   1 0.48
  5   2 0.48
  5   3 0.29
  5   4 0.23
  5   5 0.46
  5   6 0.55
  5   7 0.25
  5   8 0.46
  5   9 0.40
  5  10 0.42
  5  11 0.49
  5  12 0.50
  5  13 0.49
  5  14 0.46
  5  15 0.56
  5  16 0.44
  5  17 0.46
  5  18 0.54
  5  19 0.43
  5  20 0.39
  5  21 0.57
  5  22 0.52
  6   1 0.57
  6   2 0.50
  6   3 0.36
  6   4 0.33
  6   5 0.54
  6   6 0.48
  6   7 0.19
  6   8 0.48
  6   9 0.52
  6  10 0.69
  6  11 0.63
  6  12 0.56
  6  13 0.53
  6  14 0.45
  6  15 0.55
  6  16 0.56
  6  17 0.51
  6  18 0.51
  6  19 0.55
  6  20 0.37
  6  21 0.51
  6  22 0.54
  7   1 0.62
  7   2 0.40
  7   3 0.47
  7   4 0.19
  7   5 0.54
  7   6 0.59
  7   7 0.29
  7   8 0.46
  7   9 0.57
  7  10 0.48
  7  11 0.61
  7  12 0.57
  7  13 0.59
  7  14 0.50
  7  15 0.62
  7  16 0.45
  7  17 0.50
  7  18 0.42
  7  19 0.55
  7  20 0.43
  7  21 0.52
  7  22 0.40
  8   1 0.66
  8   2 0.48
  8   3 0.47
  8   4 0.26
  8   5 0.53
  8   6 0.65
  8   7 0.32
  8   8 0.56
  8   9 0.52
  8  10 0.60
  8  11 0.61
  8  12 0.64
  8  13 0.53
  8  14 0.45
  8  15 0.65
  8  16 0.57
  8  17 0.55
  8  18 0.51
  8  19 0.58
  8  20 0.52
  8  21 0.63
  8  22 0.57
  9   1 0.54
  9   2 0.54
  9   3 0.38
  9   4 0.25
  9   5 0.43
  9   6 0.55
  9   7 0.40
  9   8 0.53
  9   9 0.38
  9  10 0.52
  9  11 0.49
  9  12 0.48
  9  13 0.41
  9  14 0.37
  9  15 0.61
  9  16 0.62
  9  17 0.45
  9  18 0.57
  9  19 0.48
  9  20 0.41
  9  21 0.59
  9  22 0.69
 10   1 0.61
 10   2 0.52
 10   3 0.37
 10   4 0.30
 10   5 0.59
 10   6 0.50
 10   7 0.19
 10   8 0.47
 10   9 0.63
 10  10 0.67
 10  11 0.62
 10  12 0.65
 10  13 0.61
 10  14 0.55
 10  15 0.58
 10  16 0.51
 10  17 0.55
 10  18 0.58
 10  19 0.60
 10  20 0.44
 10  21 0.55
 10  22 0.55
 11   1 0.58
 11   2 0.46
 11   3 0.41
 11   4 0.27
 11   5 0.52
 11   6 0.52
 11   7 0.38
 11   8 0.57
 11   9 0.52
 11  10 0.52
 11  11 0.65
 11  12 0.65
 11  13 0.67
 11  14 0.53
 11  15 0.56
 11  16 0.43
 11  17 0.58
 11  18 0.47
 11  19 0.64
 11  20 0.42
 11  21 0.64
 11  22 0.61
 12   1 0.38
 12   2 0.50
 12   3 0.16
 12   4 0.26
 12   5 0.38
 12   6 0.37
 12   7 0.15
 12   8 0.35
 12   9 0.34
 12  10 0.41
 12  11 0.35
 12  12 0.33
 12  13 0.32
 12  14 0.25
 12  15 0.43
 12  16 0.46
 12  17 0.35
 12  18 0.64
 12  19 0.27
 12  20 0.27
 12  21 0.52
 12  22 0.50
 13   1 0.37
 13   2 0.51
 13   3 0.23
 13   4 0.37
 13   5 0.39
 13   6 0.37
 13   7 0.18
 13   8 0.33
 13   9 0.34
 13  10 0.47
 13  11 0.37
 13  12 0.28
 13  13 0.27
 13  14 0.29
 13  15 0.43
 13  16 0.55
 13  17 0.39
 13  18 0.51
 13  19 0.36
 13  20 0.32
 13  21 0.39
 13  22 0.51
 14   1 0.45
 14   2 0.25
 14   3 0.34
 14   4 0.24
 14   5 0.56
 14   6 0.30
 14   7 0.21
 14   8 0.36
 14   9 0.44
 14  10 0.49
 14  11 0.50
 14  12 0.40
 14  13 0.43
 14  14 0.59
 14  15 0.49
 14  16 0.42
 14  17 0.46
 14  18 0.36
 14  19 0.56
 14  20 0.39
 14  21 0.35
 14  22 0.35
 15   1 0.52
 15   2 0.43
 15   3 0.31
 15   4 0.27
 15   5 0.55
 15   6 0.48
 15   7 0.29
 15   8 0.57
 15   9 0.51
 15  10 0.57
 15  11 0.65
 15  12 0.58
 15  13 0.58
 15  14 0.47
 15  15 0.62
 15  16 0.49
 15  17 0.57
 15  18 0.52
 15  19 0.52
 15  20 0.47
 15  21 0.64
 15  22 0.51
 16   1 0.54
 16   2 0.43
 16   3 0.32
 16   4 0.29
 16   5 0.63
 16   6 0.44
 16   7 0.25
 16   8 0.51
 16   9 0.61
 16  10 0.59
 16  11 0.60
 16  12 0.55
 16  13 0.58
 16  14 0.59
 16  15 0.60
 16  16 0.50
 16  17 0.61
 16  18 0.55
 16  19 0.58
 16  20 0.53
 16  21 0.52
 16  22 0.46
 17   1 0.41
 17   2 0.37
 17   3 0.30
 17   4 0.24
 17   5 0.49
 17   6 0.39
 17   7 0.23
 17   8 0.48
 17   9 0.47
 17  10 0.57
 17  11 0.50
 17  12 0.46
 17  13 0.45
 17  14 0.44
 17  15 0.56
 17  16 0.55
 17  17 0.40
 17  18 0.53
 17  19 0.50
 17  20 0.34
 17  21 0.40
 17  22 0.45
 18   1 0.26
 18   2 0.22
 18   3 0.15
 18   4 0.39
 18   5 0.41
 18   6 0.23
 18   7 0.13
 18   8 0.30
 18   9 0.40
 18  10 0.40
 18  11 0.36
 18  12 0.29
 18  13 0.31
 18  14 0.33
 18  15 0.36
 18  16 0.44
 18  17 0.33
 18  18 0.39
 18  19 0.35
 18  20 0.24
 18  21 0.26
 18  22 0.31
 19   1 0.54
 19   2 0.33
 19   3 0.35
 19   4 0.25
 19   5 0.58
 19   6 0.42
 19   7 0.23
 19   8 0.48
 19   9 0.56
 19  10 0.56
 19  11 0.55
 19  12 0.53
 19  13 0.69
 19  14 0.62
 19  15 0.46
 19  16 0.30
 19  17 0.54
 19  18 0.41
 19  19 0.57
 19  20 0.48
 19  21 0.45
 19  22 0.35
 20   1 0.52
 20   2 0.25
 20   3 0.42
 20   4 0.27
 20   5 0.51
 20   6 0.35
 20   7 0.24
 20   8 0.46
 20   9 0.55
 20  10 0.60
 20  11 0.65
 20  12 0.53
 20  13 0.64
 20  14 0.54
 20  15 0.46
 20  16 0.36
 20  17 0.55
 20  18 0.33
 20  19 0.61
 20  20 0.43
 20  21 0.42
 20  22 0.31
 21   1 0.54
 21   2 0.40
 21   3 0.27
 21   4 0.25
 21   5 0.55
 21   6 0.47
 21   7 0.30
 21   8 0.49
 21   9 0.53
 21  10 0.63
 21  11 0.54
 21  12 0.51
 21  13 0.61
 21  14 0.43
 21  15 0.55
 21  16 0.48
 21  17 0.52
 21  18 0.47
 21  19 0.50
 21  20 0.38
 21  21 0.59
 21  22 0.44
 22   1 0.46
 22   2 0.36
 22   3 0.38
 22   4 0.24
 22   5 0.48
 22   6 0.46
 22   7 0.25
 22   8 0.45
 22   9 0.44
 22  10 0.47
 22  11 0.56
 22  12 0.37
 22  13 0.38
 22  14 0.42
 22  15 0.63
 22  16 0.59
 22  17 0.49
 22  18 0.44
 22  19 0.45
 22  20 0.48
 22  21 0.49
 22  22 0.44
  1   1 0.57
  1   2 0.29
  1   3 0.41
  1   4 0.28
  1   5 0.60
  1   6 0.36
  1   7 0.23
  1   8 0.41
  1   9 0.61
  1  10 0.54
  1  11 0.58
  1  12 0.48
  1  13 0.66
  1  14 0.60
  1  15 0.44
  1  16 0.34
  1  17 0.60
  1  18 0.35
  1  19 0.66
  1  20 0.48
  1  21 0.41
  1  22 0.30
  2   1 0.55
  2   2 0.47
  2   3 0.35
  2   4 0.30
  2   5 0.56
  2   6 0.46
  2   7 0.24
  2   8 0.44
  2   9 0.54
  2  10 0.54
  2  11 0.55
  2  12 0.59
  2  13 0.59
  2  14 0.54
  2  15 0.50
  2  16 0.38
  2  17 0.53
  2  18 0.50
  2  19 0.49
  2  20 0.41
  2  21 0.54
  2  22 0.50
  3   1 0.67
  3   2 0.48
  3   3 0.49
  3   4 0.26
  3   5 0.62
  3   6 0.56
  3   7 0.29
  3   8 0.51
  3   9 0.59
  3  10 0.69
  3  11 0.66
  3  12 0.63
  3  13 0.66
  3  14 0.58
  3  15 0.58
  3  16 0.49
  3  17 0.60
  3  18 0.49
  3  19 0.66
  3  20 0.54
  3  21 0.56
  3  22 0.46
  4   1 0.49
  4   2 0.39
  4   3 0.35
  4   4 0.27
  4   5 0.50
  4   6 0.44
  4   7 0.20
  4   8 0.34
  4   9 0.48
  4  10 0.47
  4  11 0.43
  4  12 0.45
  4  13 0.42
  4  14 0.41
  4  15 0.48
  4  16 0.42
  4  17 0.42
  4  18 0.45
  4  19 0.43
  4  20 0.41
  4  21 0.44
  4  22 0.47
  5   1 0.48
  5   2 0.47
  5   3 0.29
  5   4 0.23
  5   5 0.46
  5   6 0.55
  5   7 0.25
  5   8 0.45
  5   9 0.40
  5  10 0.42
  5  11 0.49
  5  12 0.49
  5  13 0.49
  5  14 0.46
  5  15 0.55
  5  16 0.44
  5  17 0.45
  5  18 0.54
  5  19 0.43
  5  20 0.39
  5  21 0.56
  5  22 0.52
  6   1 0.57
  6   2 0.50
  6   3 0.36
  6   4 0.33
  6   5 0.54
  6   6 0.47
  6   7 0.18
  6   8 0.48
  6   9 0.52
  6  10 0.69
  6  11 0.63
  6  12 0.55
  6  13 0.53
  6  14 0.45
  6  15 0.55
  6  16 0.56
  6  17 0.51
  6  18 0.51
  6  19 0.54
  6  20 0.37
  6  21 0.51
  6  22 0.54
  7   1 0.62
  7   2 0.40
  7   3 0.47
  7   4 0.19
  7   5 0.53
  7   6 0.59
  7   7 0.28
  7   8 0.46
  7   9 0.56
  7  10 0.48
  7  11 0.61
  7  12 0.57
  7  13 0.58
  7  14 0.49
  7  15 0.61
  7  16 0.44
  7  17 0.50
  7  18 0.42
  7  19 0.55
  7  20 0.42
  7  21 0.52
  7  22 0.39
  8   1 0.66
  8   2 0.48
  8   3 0.47
  8   4 0.26
  8   5 0.53
  8   6 0.65
  8   7 0.32
  8   8 0.56
  8   9 0.52
  8  10 0.60
  8  11 0.61
  8  12 0.63
  8  13 0.53
  8  14 0.45
  8  15 0.65
  8  16 0.56
  8  17 0.55
  8  18 0.51
  8  19 0.58
  8  20 0.52
  8  21 0.63
  8  22 0.57
  9   1 0.53
  9   2 0.54
  9   3 0.38
  9   4 0.25
  9   5 0.42
  9   6 0.55
  9   7 0.40
  9   8 0.53
  9   9 0.38
  9  10 0.52
  9  11 0.49
  9  12 0.48
  9  13 0.41
  9  14 0.37
  9  15 0.60
  9  16 0.62
  9  17 0.44
  9  18 0.57
  9  19 0.48
  9  20 0.41
  9  21 0.58
  9  22 0.68
 10   1 0.61
 10   2 0.52
 10   3 0.37
 10   4 0.29
 10   5 0.58
 10   6 0.50
 10   7 0.19
 10   8 0.47
 10   9 0.63
 10  10 0.66
 10  11 0.62
 10  12 0.64
 10  13 0.61
 10  14 0.55
 10  15 0.58
 10  16 0.50
 10  17 0.54
 10  18 0.57
 10  19 0.60
 10  20 0.44
 10  21 0.55
 10  22 0.55
 11   1 0.58
 11   2 0.45
 11   3 0.41
 11   4 0.27
 11   5 0.52
 11   6 0.52
 11   7 0.37
 11   8 0.57
 11   9 0.52
 11  10 0.52
 11  11 0.65
 11  12 0.65
 11  13 0.67
 11  14 0.53
 11  15 0.56
 11  16 0.43
 11  17 0.58
 11  18 0.47
 11  19 0.64
 11  20 0.42
 11  21 0.64
 11  22 0.61
 12   1 0.37
 12   2 0.50
 12   3 0.16
 12   4 0.26
 12   5 0.37
 12   6 0.37
 12   7 0.15
 12   8 0.35
 12   9 0.34
 12  10 0.41
 12  11 0.35
 12  12 0.33
 12  13 0.31
 12  14 0.25
 12  15 0.43
 12  16 0.46
 12  17 0.35
 12  18 0.64
 12  19 0.27
 12  20 0.27
 12  21 0.52
 12  22 0.50
 13   1 0.37
 13   2 0.51
 13   3 0.22
 13   4 0.37
 13   5 0.39
 13   6 0.37
 13   7 0.18
 13   8 0.32
 13   9 0.33
 13  10 0.47
 13  11 0.36
 13  12 0.28
 13  13 0.27
 13  14 0.28
 13  15 0.43
 13  16 0.55
 13  17 0.39
 13  18 0.51
 13  19 0.36
 13  20 0.32
 13  21 0.38
 13  22 0.51
 14   1 0.45
 14   2 0.24
 14   3 0.34
 14   4 0.24
 14   5 0.56
 14   6 0.30
 14   7 0.21
 14   8 0.36
 14   9 0.44
 14  10 0.49
 14  11 0.50
 14  12 0.39
 14  13 0.43
 14  14 0.59
 14  15 0.49
 14  16 0.41
 14  17 0.46
 14  18 0.36
 14  19 0.56
 14  20 0.39
 14  21 0.35
 14  22 0.35
 15   1 0.51
 15   2 0.43
 15   3 0.31
 15   4 0.27
 15   5 0.55
 15   6 0.48
 15   7 0.28
 15   8 0.57
 15   9 0.50
 15  10 0.57
 15  11 0.64
 15  12 0.58
 15  13 0.57
 15  14 0.47
 15  15 0.62
 15  16 0.49
 15  17 0.57
 15  18 0.52
 15  19 0.52
 15  20 0.47
 15  21 0.64
 15  22 0.51
 16   1 0.54
 16   2 0.43
 16   3 0.32
 16   4 0.29
 16   5 0.63
 16   6 0.44
 16   7 0.25
 16   8 0.51
 16   9 0.61
 16  10 0.59
 16  11 0.60
 16  12 0.55
 16  13 0.58
 16  14 0.59
 16  15 0.60
 16  16 0.50
 16  17 0.61
 16  18 0.55
 16  19 0.58
 16  20 0.52
 16  21 0.52
 16  22 0.46
 17   1 0.41
 17   2 0.37
 17   3 0.30
 17   4 0.24
 17   5 0.49
 17   6 0.38
 17   7 0.23
 17   8 0.48
 17   9 0.47
 17  10 0.57
 17  11 0.50
 17  12 0.46
 17  13 0.44
 17  14 0.44
 17  15 0.55
 17  16 0.55
 17  17 0.40
 17  18 0.53
 17  19 0.50
 17  20 0.34
 17  21 0.40
 17  22 0.45
 18   1 0.26
 18   2 0.21
 18   3 0.14
 18   4 0.39
 18   5 0.40
 18   6 0.22
 18   7 0.12
 18   8 0.29
 18   9 0.40
 18  10 0.40
 18  11 0.36
 18  12 0.29
 18  13 0.30
 18  14 0.33
 18  15 0.35
 18  16 0.43
 18  17 0.33
 18  18 0.39
 18  19 0.34
 18  20 0.24
 18  21 0.26
 18  22 0.31
 19   1 0.54
 19   2 0.33
 19   3 0.35
 19   4 0.25
 19   5 0.58
 19   6 0.42
 19   7 0.23
 19   8 0.48
 19   9 0.55
 19  10 0.56
 19  11 0.55
 19  12 0.53
 19  13 0.69
 19  14 0.62
 19  15 0.46
 19  16 0.30
 19  17 0.54
 19  18 0.41
 19  19 0.56
 19  20 0.48
 19  21 0.45
 19  22 0.35
 20   1 0.52
 20   2 0.25
 20   3 0.42
 20   4 0.27
 20   5 0.50
 20   6 0.34
 20   7 0.24
 20   8 0.46
 20   9 0.55
 20  10 0.60
 20  11 0.65
 20  12 0.53
 20  13 0.64
 20  14 0.54
 20  15 0.46
 20  16 0.36
 20  17 0.55
 20  18 0.32
 20  19 0.61
 20  20 0.42
 20  21 0.42
 20  22 0.31
 21   1 0.54
 21   2 0.39
 21   3 0.27
 21   4 0.25
 21   5 0.55
 21   6 0.47
 21   7 0.30
 21   8 0.49
 21   9 0.53
 21  10 0.63
 21  11 0.54
 21  12 0.51
 21  13 0.61
 21  14 0.42
 21  15 0.55
 21  16 0.48
 21  17 0.52
 21  18 0.47
 21  19 0.50
 21  20 0.38
 21  21 0.59
 21  22 0.44
 22   1 0.46
 22   2 0.36
 22   3 0.37
 22   4 0.24
 22   5 0.48
 22   6 0.46
 22   7 0.25
 22   8 0.45
 22   9 0.44
 22  10 0.47
 22  11 0.56
 22  12 0.37
 22  13 0.38
 22  14 0.42
 22  15 0.62
 22  16 0.59
 22  17 0.49
 22  18 0.43
 22  19 0.45
 22  20 0.48
 22  21 0.49
 22  22 0.44
