  1   1 1.00
  1   2 0.60
  1   3 0.46
  1   4 0.34
  1   5 0.61
  1   6 0.43
  1   7 0.71
  1   8 0.50
  1   9 0.43
  1  10 0.66
  1  11 0.41
  1  12 0.69
  1  13 0.32
  1  14 0.55
  1  15 0.74
  1  16 0.54
  1  17 0.33
  1  18 0.60
  1  19 0.69
  1  20 0.61
  1  21 0.77
  1  22 0.60
  2   1 0.60
  2   2 1.00
  2   3 0.42
  2   4 0.39
  2   5 0.56
  2   6 0.40
  2   7 0.59
  2   8 0.49
  2   9 0.36
  2  10 0.64
  2  11 0.41
  2  12 0.53
  2  13 0.41
  2  14 0.53
  2  15 0.62
  2  16 0.57
  2  17 0.42
  2  18 0.54
  2  19 0.49
  2  20 0.57
  2  21 0.74
  2  22 0.60
  3   1 0.46
  3   2 0.42
  3   3 1.00
  3   4 0.20
  3   5 0.64
  3   6 0.62
  3   7 0.45
  3   8 0.47
  3   9 0.50
  3  10 0.58
  3  11 0.42
  3  12 0.43
  3  13 0.49
  3  14 0.60
  3  15 0.48
  3  16 0.68
  3  17 0.58
  3  18 0.67
  3  19 0.61
  3  20 0.51
  3  21 0.44
  3  22 0.44
  4   1 0.34
  4   2 0.39
  4   3 0.20
  4   4 1.00
  4   5 0.23
  4   6 0.12
  4   7 0.49
  4   8 0.33
  4   9 0.12
  4  10 0.26
  4  11 0.24
  4  12 0.36
  4  13 0.24
  4  14 0.16
  4  15 0.27
  4  16 0.26
  4  17 0.16
  4  18 0.33
  4  19 0.19
  4  20 0.17
  4  21 0.52
  4  22 0.49
  5   1 0.61
  5   2 0.56
  5   3 0.64
  5   4 0.23
  5   5 1.00
  5   6 0.58
  5   7 0.56
  5   8 0.67
  5   9 0.67
  5  10 0.87
  5  11 0.60
  5  12 0.50
  5  13 0.49
  5  14 0.76
  5  15 0.71
  5  16 0.65
  5  17 0.58
  5  18 0.65
  5  19 0.72
  5  20 0.77
  5  21 0.58
  5  22 0.68
  6   1 0.43
  6   2 0.40
  6   3 0.62
  6   4 0.12
  6   5 0.58
  6   6 1.00
  6   7 0.36
  6   8 0.49
  6   9 0.56
  6  10 0.50
  6  11 0.58
  6  12 0.43
  6  13 0.42
  6  14 0.55
  6  15 0.50
  6  16 0.64
  6  17 0.60
  6  18 0.62
  6  19 0.59
  6  20 0.59
  6  21 0.34
  6  22 0.39
  7   1 0.71
  7   2 0.59
  7   3 0.45
  7   4 0.49
  7   5 0.56
  7   6 0.36
  7   7 1.00
  7   8 0.45
  7   9 0.40
  7  10 0.63
  7  11 0.36
  7  12 0.58
  7  13 0.34
  7  14 0.55
  7  15 0.63
  7  16 0.50
  7  17 0.26
  7  18 0.62
  7  19 0.60
  7  20 0.52
  7  21 0.74
  7  22 0.66
  8   1 0.50
  8   2 0.49
  8   3 0.47
  8   4 0.33
  8   5 0.67
  8   6 0.49
  8   7 0.45
  8   8 1.00
  8   9 0.40
  8  10 0.60
  8  11 0.73
  8  12 0.47
  8  13 0.47
  8  14 0.47
  8  15 0.48
  8  16 0.58
  8  17 0.52
  8  18 0.53
  8  19 0.53
  8  20 0.54
  8  21 0.51
  8  22 0.58
  9   1 0.43
  9   2 0.36
  9   3 0.50
  9   4 0.12
  9   5 0.67
  9   6 0.56
  9   7 0.40
  9   8 0.40
  9   9 1.00
  9  10 0.64
  9  11 0.38
  9  12 0.28
  9  13 0.31
  9  14 0.80
  9  15 0.59
  9  16 0.50
  9  17 0.47
  9  18 0.54
  9  19 0.59
  9  20 0.71
  9  21 0.34
  9  22 0.40
 10   1 0.66
 10   2 0.64
 10   3 0.58
 10   4 0.26
 10   5 0.87
 10   6 0.50
 10   7 0.63
 10   8 0.60
 10   9 0.64
 10  10 1.00
 10  11 0.51
 10  12 0.53
 10  13 0.48
 10  14 0.78
 10  15 0.79
 10  16 0.61
 10  17 0.54
 10  18 0.64
 10  19 0.68
 10  20 0.77
 10  21 0.65
 10  22 0.74
 11   1 0.41
 11   2 0.41
 11   3 0.42
 11   4 0.24
 11   5 0.60
 11   6 0.58
 11   7 0.36
 11   8 0.73
 11   9 0.38
 11  10 0.51
 11  11 1.00
 11  12 0.54
 11  13 0.46
 11  14 0.39
 11  15 0.44
 11  16 0.57
 11  17 0.48
 11  18 0.46
 11  19 0.50
 11  20 0.55
 11  21 0.40
 11  22 0.50
 12   1 0.69
 12   2 0.53
 12   3 0.43
 12   4 0.36
 12   5 0.50
 12   6 0.43
 12   7 0.58
 12   8 0.47
 12   9 0.28
 12  10 0.53
 12  11 0.54
 12  12 1.00
 12  13 0.41
 12  14 0.39
 12  15 0.55
 12  16 0.55
 12  17 0.42
 12  18 0.55
 12  19 0.52
 12  20 0.44
 12  21 0.68
 12  22 0.52
 13   1 0.32
 13   2 0.41
 13   3 0.49
 13   4 0.24
 13   5 0.49
 13   6 0.42
 13   7 0.34
 13   8 0.47
 13   9 0.31
 13  10 0.48
 13  11 0.46
 13  12 0.41
 13  13 1.00
 13  14 0.36
 13  15 0.38
 13  16 0.51
 13  17 0.48
 13  18 0.46
 13  19 0.33
 13  20 0.41
 13  21 0.39
 13  22 0.41
 14   1 0.55
 14   2 0.53
 14   3 0.60
 14   4 0.16
 14   5 0.76
 14   6 0.55
 14   7 0.55
 14   8 0.47
 14   9 0.80
 14  10 0.78
 14  11 0.39
 14  12 0.39
 14  13 0.36
 14  14 1.00
 14  15 0.69
 14  16 0.55
 14  17 0.52
 14  18 0.66
 14  19 0.69
 14  20 0.75
 14  21 0.49
 14  22 0.54
 15   1 0.74
 15   2 0.62
 15   3 0.48
 15   4 0.27
 15   5 0.71
 15   6 0.50
 15   7 0.63
 15   8 0.48
 15   9 0.59
 15  10 0.79
 15  11 0.44
 15  12 0.55
 15  13 0.38
 15  14 0.69
 15  15 1.00
 15  16 0.55
 15  17 0.41
 15  18 0.59
 15  19 0.68
 15  20 0.77
 15  21 0.71
 15  22 0.70
 16   1 0.54
 16   2 0.57
 16   3 0.68
 16   4 0.26
 16   5 0.65
 16   6 0.64
 16   7 0.50
 16   8 0.58
 16   9 0.50
 16  10 0.61
 16  11 0.57
 16  12 0.55
 16  13 0.51
 16  14 0.55
 16  15 0.55
 16  16 1.00
 16  17 0.60
 16  18 0.75
 16  19 0.66
 16  20 0.57
 16  21 0.56
 16  22 0.57
 17   1 0.33
 17   2 0.42
 17   3 0.58
 17   4 0.16
 17   5 0.58
 17   6 0.60
 17   7 0.26
 17   8 0.52
 17   9 0.47
 17  10 0.54
 17  11 0.48
 17  12 0.42
 17  13 0.48
 17  14 0.52
 17  15 0.41
 17  16 0.60
 17  17 1.00
 17  18 0.60
 17  19 0.44
 17  20 0.49
 17  21 0.36
 17  22 0.43
 18   1 0.60
 18   2 0.54
 18   3 0.67
 18   4 0.33
 18   5 0.65
 18   6 0.62
 18   7 0.62
 18   8 0.53
 18   9 0.54
 18  10 0.64
 18  11 0.46
 18  12 0.55
 18  13 0.46
 18  14 0.66
 18  15 0.59
 18  16 0.75
 18  17 0.60
 18  18 1.00
 18  19 0.69
 18  20 0.56
 18  21 0.59
 18  22 0.58
 19   1 0.69
 19   2 0.49
 19   3 0.61
 19   4 0.19
 19   5 0.72
 19   6 0.59
 19   7 0.60
 19   8 0.53
 19   9 0.59
 19  10 0.68
 19  11 0.50
 19  12 0.52
 19  13 0.33
 19  14 0.69
 19  15 0.68
 19  16 0.66
 19  17 0.44
 19  18 0.69
 19  19 1.00
 19  20 0.66
 19  21 0.58
 19  22 0.55
 20   1 0.61
 20   2 0.57
 20   3 0.51
 20   4 0.17
 20   5 0.77
 20   6 0.59
 20   7 0.52
 20   8 0.54
 20   9 0.71
 20  10 0.77
 20  11 0.55
 20  12 0.44
 20  13 0.41
 20  14 0.75
 20  15 0.77
 20  16 0.57
 20  17 0.49
 20  18 0.56
 20  19 0.66
 20  20 1.00
 20  21 0.58
 20  22 0.59
 21   1 0.77
 21   2 0.74
 21   3 0.44
 21   4 0.52
 21   5 0.58
 21   6 0.34
 21   7 0.74
 21   8 0.51
 21   9 0.34
 21  10 0.65
 21  11 0.40
 21  12 0.68
 21  13 0.39
 21  14 0.49
 21  15 0.71
 21  16 0.56
 21  17 0.36
 21  18 0.59
 21  19 0.58
 21  20 0.58
 21  21 1.00
 21  22 0.65
 22   1 0.60
 22   2 0.60
 22   3 0.44
 22   4 0.49
 22   5 0.68
 22   6 0.39
 22   7 0.66
 22   8 0.58
 22   9 0.40
 22  10 0.74
 22  11 0.50
 22  12 0.52
 22  13 0.41
 22  14 0.54
 22  15 0.70
 22  16 0.57
 22  17 0.43
 22  18 0.58
 22  19 0.55
 22  20 0.59
 22  21 0.65
 22  22 1.00
  1   1 1.00
  1   2 0.60
  1   3 0.46
  1   4 0.34
  1   5 0.61
  1   6 0.43
  1   7 0.71
  1   8 0.49
  1   9 0.43
  1  10 0.66
  1  11 0.41
  1  12 0.69
  1  13 0.32
  1  14 0.55
  1  15 0.74
  1  16 0.54
  1  17 0.33
  1  18 0.60
  1  19 0.69
  1  20 0.61
  1  21 0.77
  1  22 0.60
  2   1 0.60
  2   2 1.00
  2   3 0.42
  2   4 0.39
  2   5 0.56
  2   6 0.40
  2   7 0.59
  2   8 0.49
  2   9 0.36
  2  10 0.64
  2  11 0.41
  2  12 0.53
  2  13 0.41
  2  14 0.53
  2  15 0.62
  2  16 0.57
  2  17 0.42
  2  18 0.53
  2  19 0.49
  2  20 0.57
  2  21 0.74
  2  22 0.60
  3   1 0.46
  3   2 0.42
  3   3 1.00
  3   4 0.20
  3   5 0.64
  3   6 0.62
  3   7 0.45
  3   8 0.47
  3   9 0.50
  3  10 0.58
  3  11 0.42
  3  12 0.43
  3  13 0.49
  3  14 0.60
  3  15 0.48
  3  16 0.68
  3  17 0.58
  3  18 0.67
  3  19 0.61
  3  20 0.51
  3  21 0.44
  3  22 0.44
  4   1 0.34
  4   2 0.39
  4   3 0.20
  4   4 1.00
  4   5 0.23
  4   6 0.11
  4   7 0.49
  4   8 0.33
  4   9 0.11
  4  10 0.26
  4  11 0.24
  4  12 0.36
  4  13 0.23
  4  14 0.16
  4  15 0.26
  4  16 0.26
  4  17 0.16
  4  18 0.33
  4  19 0.19
  4  20 0.17
  4  21 0.52
  4  22 0.49
  5   1 0.61
  5   2 0.56
  5   3 0.64
  5   4 0.23
  5   5 1.00
  5   6 0.58
  5   7 0.56
  5   8 0.67
  5   9 0.67
  5  10 0.87
  5  11 0.60
  5  12 0.50
  5  13 0.49
  5  14 0.76
  5  15 0.71
  5  16 0.65
  5  17 0.58
  5  18 0.65
  5  19 0.72
  5  20 0.77
  5  21 0.58
  5  22 0.68
  6   1 0.43
  6   2 0.40
  6   3 0.62
  6   4 0.11
  6   5 0.58
  6   6 1.00
  6   7 0.36
  6   8 0.49
  6   9 0.56
  6  10 0.50
  6  11 0.57
  6  12 0.43
  6  13 0.42
  6  14 0.54
  6  15 0.50
  6  16 0.64
  6  17 0.60
  6  18 0.62
  6  19 0.59
  6  20 0.59
  6  21 0.34
  6  22 0.39
  7   1 0.71
  7   2 0.59
  7   3 0.45
  7   4 0.49
  7   5 0.56
  7   6 0.36
  7   7 1.00
  7   8 0.45
  7   9 0.40
  7  10 0.63
  7  11 0.36
  7  12 0.58
  7  13 0.34
  7  14 0.55
  7  15 0.63
  7  16 0.50
  7  17 0.26
  7  18 0.62
  7  19 0.60
  7  20 0.52
  7  21 0.74
  7  22 0.66
  8   1 0.49
  8   2 0.49
  8   3 0.47
  8   4 0.33
  8   5 0.67
  8   6 0.49
  8   7 0.45
  8   8 1.00
  8   9 0.40
  8  10 0.60
  8  11 0.73
  8  12 0.47
  8  13 0.47
  8  14 0.47
  8  15 0.47
  8  16 0.58
  8  17 0.52
  8  18 0.53
  8  19 0.53
  8  20 0.54
  8  21 0.51
  8  22 0.58
  9   1 0.43
  9   2 0.36
  9   3 0.50
  9   4 0.11
  9   5 0.67
  9   6 0.56
  9   7 0.40
  9   8 0.40
  9   9 1.00
  9  10 0.64
  9  11 0.38
  9  12 0.28
  9  13 0.31
  9  14 0.80
  9  15 0.59
  9  16 0.50
  9  17 0.47
  9  18 0.54
  9  19 0.59
  9  20 0.71
  9  21 0.34
  9  22 0.40
 10   1 0.66
 10   2 0.64
 10   3 0.58
 10   4 0.26
 10   5 0.87
 10   6 0.50
 10   7 0.63
 10   8 0.60
 10   9 0.64
 10  10 1.00
 10  11 0.51
 10  12 0.53
 10  13 0.48
 10  14 0.78
 10  15 0.79
 10  16 0.61
 10  17 0.54
 10  18 0.64
 10  19 0.68
 10  20 0.77
 10  21 0.65
 10  22 0.74
 11   1 0.41
 11   2 0.41
 11   3 0.42
 11   4 0.24
 11   5 0.60
 11   6 0.57
 11   7 0.36
 11   8 0.73
 11   9 0.38
 11  10 0.51
 11  11 1.00
 11  12 0.54
 11  13 0.46
 11  14 0.39
 11  15 0.44
 11  16 0.56
 11  17 0.48
 11  18 0.46
 11  19 0.50
 11  20 0.55
 11  21 0.39
 11  22 0.50
 12   1 0.69
 12   2 0.53
 12   3 0.43
 12   4 0.36
 12   5 0.50
 12   6 0.43
 12   7 0.58
 12   8 0.47
 12   9 0.28
 12  10 0.53
 12  11 0.54
 12  12 1.00
 12  13 0.41
 12  14 0.39
 12  15 0.55
 12  16 0.55
 12  17 0.42
 12  18 0.55
 12  19 0.52
 12  20 0.44
 12  21 0.68
 12  22 0.51
 13   1 0.32
 13   2 0.41
 13   3 0.49
 13   4 0.23
 13   5 0.49
 13   6 0.42
 13   7 0.34
 13   8 0.47
 13   9 0.31
 13  10 0.48
 13  11 0.46
 13  12 0.41
 13  13 1.00
 13  14 0.36
 13  15 0.38
 13  16 0.51
 13  17 0.48
 13  18 0.46
 13  19 0.33
 13  20 0.41
 13  21 0.39
 13  22 0.41
 14   1 0.55
 14   2 0.53
 14   3 0.60
 14   4 0.16
 14   5 0.76
 14   6 0.54
 14   7 0.55
 14   8 0.47
 14   9 0.80
 14  10 0.78
 14  11 0.39
 14  12 0.39
 14  13 0.36
 14  14 1.00
 14  15 0.69
 14  16 0.55
 14  17 0.52
 14  18 0.66
 14  19 0.69
 14  20 0.75
 14  21 0.49
 14  22 0.54
 15   1 0.74
 15   2 0.62
 15   3 0.48
 15   4 0.26
 15   5 0.71
 15   6 0.50
 15   7 0.63
 15   8 0.47
 15   9 0.59
 15  10 0.79
 15  11 0.44
 15  12 0.55
 15  13 0.38
 15  14 0.69
 15  15 1.00
 15  16 0.55
 15  17 0.41
 15  18 0.59
 15  19 0.68
 15  20 0.77
 15  21 0.71
 15  22 0.70
 16   1 0.54
 16   2 0.57
 16   3 0.68
 16   4 0.26
 16   5 0.65
 16   6 0.64
 16   7 0.50
 16   8 0.58
 16   9 0.50
 16  10 0.61
 16  11 0.56
 16  12 0.55
 16  13 0.51
 16  14 0.55
 16  15 0.55
 16  16 1.00
 16  17 0.59
 16  18 0.75
 16  19 0.66
 16  20 0.57
 16  21 0.56
 16  22 0.57
 17   1 0.33
 17   2 0.42
 17   3 0.58
 17   4 0.16
 17   5 0.58
 17   6 0.60
 17   7 0.26
 17   8 0.52
 17   9 0.47
 17  10 0.54
 17  11 0.48
 17  12 0.42
 17  13 0.48
 17  14 0.52
 17  15 0.41
 17  16 0.59
 17  17 1.00
 17  18 0.60
 17  19 0.44
 17  20 0.49
 17  21 0.35
 17  22 0.43
 18   1 0.60
 18   2 0.53
 18   3 0.67
 18   4 0.33
 18   5 0.65
 18   6 0.62
 18   7 0.62
 18   8 0.53
 18   9 0.54
 18  10 0.64
 18  11 0.46
 18  12 0.55
 18  13 0.46
 18  14 0.66
 18  15 0.59
 18  16 0.75
 18  17 0.60
 18  18 1.00
 18  19 0.69
 18  20 0.56
 18  21 0.58
 18  22 0.58
 19   1 0.69
 19   2 0.49
 19   3 0.61
 19   4 0.19
 19   5 0.72
 19   6 0.59
 19   7 0.60
 19   8 0.53
 19   9 0.59
 19  10 0.68
 19  11 0.50
 19  12 0.52
 19  13 0.33
 19  14 0.69
 19  15 0.68
 19  16 0.66
 19  17 0.44
 19  18 0.69
 19  19 1.00
 19  20 0.66
 19  21 0.58
 19  22 0.55
 20   1 0.61
 20   2 0.57
 20   3 0.51
 20   4 0.17
 20   5 0.77
 20   6 0.59
 20   7 0.52
 20   8 0.54
 20   9 0.71
 20  10 0.77
 20  11 0.55
 20  12 0.44
 20  13 0.41
 20  14 0.75
 20  15 0.77
 20  16 0.57
 20  17 0.49
 20  18 0.56
 20  19 0.66
 20  20 1.00
 20  21 0.58
 20  22 0.59
 21   1 0.77
 21   2 0.74
 21   3 0.44
 21   4 0.52
 21   5 0.58
 21   6 0.34
 21   7 0.74
 21   8 0.51
 21   9 0.34
 21  10 0.65
 21  11 0.39
 21  12 0.68
 21  13 0.39
 21  14 0.49
 21  15 0.71
 21  16 0.56
 21  17 0.35
 21  18 0.58
 21  19 0.58
 21  20 0.58
 21  21 1.00
 21  22 0.65
 22   1 0.60
 22   2 0.60
 22   3 0.44
 22   4 0.49
 22   5 0.68
 22   6 0.39
 22   7 0.66
 22   8 0.58
 22   9 0.40
 22  10 0.74
 22  11 0.50
 22  12 0.51
 22  13 0.41
 22  14 0.54
 22  15 0.70
 22  16 0.57
 22  17 0.43
 22  18 0.58
 22  19 0.55
 22  20 0.59
 22  21 0.65
 22  22 1.00
