  1   1 0.60
  1   2 0.56
  1   3 0.68
  1   4 0.60
  1   5 0.67
  1   6 0.61
  1   7 0.71
  1   8 0.69
  1   9 0.66
  1  10 0.71
  1  11 0.70
  1  12 0.73
  1  13 0.73
  1  14 0.54
  1  15 0.64
  1  16 0.58
  1  17 0.66
  1  18 0.70
  1  19 0.65
  1  20 0.67
  1  21 0.67
  1  22 0.72
  2   1 0.72
  2   2 0.75
  2   3 0.65
  2   4 0.49
  2   5 0.61
  2   6 0.70
  2   7 0.37
  2   8 0.52
  2   9 0.65
  2  10 0.54
  2  11 0.69
  2  12 0.61
  2  13 0.66
  2  14 0.73
  2  15 0.62
  2  16 0.64
  2  17 0.47
  2  18 0.70
  2  19 0.63
  2  20 0.65
  2  21 0.53
  2  22 0.69
  3   1 0.45
  3   2 0.48
  3   3 0.60
  3   4 0.56
  3   5 0.57
  3   6 0.51
  3   7 0.42
  3   8 0.34
  3   9 0.64
  3  10 0.53
  3  11 0.57
  3  12 0.56
  3  13 0.51
  3  14 0.52
  3  15 0.50
  3  16 0.55
  3  17 0.40
  3  18 0.54
  3  19 0.51
  3  20 0.58
  3  21 0.47
  3  22 0.57
  4   1 0.53
  4   2 0.52
  4   3 0.72
  4   4 0.59
  4   5 0.64
  4   6 0.67
  4   7 0.56
  4   8 0.56
  4   9 0.67
  4  10 0.66
  4  11 0.71
  4  12 0.72
  4  13 0.66
  4  14 0.54
  4  15 0.64
  4  16 0.68
  4  17 0.56
  4  18 0.67
  4  19 0.66
  4  20 0.66
  4  21 0.66
  4  22 0.67
  5   1 0.58
  5   2 0.57
  5   3 0.60
  5   4 0.53
  5   5 0.65
  5   6 0.62
  5   7 0.50
  5   8 0.57
  5   9 0.63
  5  10 0.64
  5  11 0.69
  5  12 0.69
  5  13 0.65
  5  14 0.66
  5  15 0.62
  5  16 0.61
  5  17 0.57
  5  18 0.70
  5  19 0.63
  5  20 0.62
  5  21 0.58
  5  22 0.69
  6   1 0.55
  6   2 0.52
  6   3 0.67
  6   4 0.56
  6   5 0.60
  6   6 0.63
  6   7 0.53
  6   8 0.54
  6   9 0.68
  6  10 0.64
  6  11 0.71
  6  12 0.71
  6  13 0.65
  6  14 0.55
  6  15 0.67
  6  16 0.63
  6  17 0.55
  6  18 0.66
  6  19 0.67
  6  20 0.68
  6  21 0.63
  6  22 0.68
  7   1 0.65
  7   2 0.65
  7   3 0.74
  7   4 0.55
  7   5 0.68
  7   6 0.70
  7   7 0.53
  7   8 0.59
  7   9 0.64
  7  10 0.64
  7  11 0.74
  7  12 0.71
  7  13 0.71
  7  14 0.66
  7  15 0.72
  7  16 0.67
  7  17 0.54
  7  18 0.70
  7  19 0.66
  7  20 0.69
  7  21 0.70
  7  22 0.71
  8   1 0.64
  8   2 0.61
  8   3 0.72
  8   4 0.60
  8   5 0.73
  8   6 0.64
  8   7 0.63
  8   8 0.69
  8   9 0.63
  8  10 0.72
  8  11 0.74
  8  12 0.67
  8  13 0.70
  8  14 0.61
  8  15 0.70
  8  16 0.52
  8  17 0.64
  8  18 0.67
  8  19 0.64
  8  20 0.69
  8  21 0.65
  8  22 0.70
  9   1 0.56
  9   2 0.58
  9   3 0.63
  9   4 0.65
  9   5 0.67
  9   6 0.64
  9   7 0.71
  9   8 0.63
  9   9 0.65
  9  10 0.67
  9  11 0.69
  9  12 0.67
  9  13 0.69
  9  14 0.53
  9  15 0.63
  9  16 0.59
  9  17 0.60
  9  18 0.63
  9  19 0.58
  9  20 0.64
  9  21 0.62
  9  22 0.68
 10   1 0.65
 10   2 0.60
 10   3 0.66
 10   4 0.48
 10   5 0.73
 10   6 0.72
 10   7 0.48
 10   8 0.57
 10   9 0.64
 10  10 0.71
 10  11 0.74
 10  12 0.68
 10  13 0.70
 10  14 0.67
 10  15 0.73
 10  16 0.70
 10  17 0.60
 10  18 0.73
 10  19 0.70
 10  20 0.71
 10  21 0.65
 10  22 0.69
 11   1 0.51
 11   2 0.50
 11   3 0.48
 11   4 0.35
 11   5 0.50
 11   6 0.61
 11   7 0.32
 11   8 0.44
 11   9 0.45
 11  10 0.49
 11  11 0.54
 11  12 0.61
 11  13 0.54
 11  14 0.51
 11  15 0.56
 11  16 0.63
 11  17 0.46
 11  18 0.61
 11  19 0.60
 11  20 0.54
 11  21 0.55
 11  22 0.55
 12   1 0.42
 12   2 0.41
 12   3 0.52
 12   4 0.52
 12   5 0.49
 12   6 0.57
 12   7 0.56
 12   8 0.50
 12   9 0.62
 12  10 0.57
 12  11 0.57
 12  12 0.66
 12  13 0.53
 12  14 0.39
 12  15 0.51
 12  16 0.57
 12  17 0.54
 12  18 0.56
 12  19 0.56
 12  20 0.60
 12  21 0.59
 12  22 0.56
 13   1 0.55
 13   2 0.54
 13   3 0.57
 13   4 0.47
 13   5 0.55
 13   6 0.58
 13   7 0.59
 13   8 0.51
 13   9 0.66
 13  10 0.58
 13  11 0.57
 13  12 0.59
 13  13 0.56
 13  14 0.53
 13  15 0.58
 13  16 0.55
 13  17 0.45
 13  18 0.62
 13  19 0.65
 13  20 0.61
 13  21 0.59
 13  22 0.64
 14   1 0.56
 14   2 0.56
 14   3 0.61
 14   4 0.55
 14   5 0.68
 14   6 0.59
 14   7 0.67
 14   8 0.67
 14   9 0.59
 14  10 0.73
 14  11 0.74
 14  12 0.69
 14  13 0.73
 14  14 0.55
 14  15 0.64
 14  16 0.56
 14  17 0.68
 14  18 0.71
 14  19 0.58
 14  20 0.60
 14  21 0.64
 14  22 0.71
 15   1 0.52
 15   2 0.55
 15   3 0.66
 15   4 0.60
 15   5 0.61
 15   6 0.67
 15   7 0.55
 15   8 0.50
 15   9 0.70
 15  10 0.62
 15  11 0.68
 15  12 0.71
 15  13 0.61
 15  14 0.54
 15  15 0.61
 15  16 0.66
 15  17 0.54
 15  18 0.63
 15  19 0.64
 15  20 0.66
 15  21 0.64
 15  22 0.67
 16   1 0.67
 16   2 0.64
 16   3 0.58
 16   4 0.48
 16   5 0.65
 16   6 0.71
 16   7 0.48
 16   8 0.60
 16   9 0.56
 16  10 0.66
 16  11 0.71
 16  12 0.68
 16  13 0.67
 16  14 0.63
 16  15 0.69
 16  16 0.65
 16  17 0.64
 16  18 0.72
 16  19 0.64
 16  20 0.69
 16  21 0.65
 16  22 0.66
 17   1 0.45
 17   2 0.45
 17   3 0.51
 17   4 0.56
 17   5 0.51
 17   6 0.58
 17   7 0.57
 17   8 0.49
 17   9 0.65
 17  10 0.55
 17  11 0.60
 17  12 0.67
 17  13 0.51
 17  14 0.43
 17  15 0.58
 17  16 0.60
 17  17 0.57
 17  18 0.58
 17  19 0.55
 17  20 0.55
 17  21 0.59
 17  22 0.59
 18   1 0.58
 18   2 0.59
 18   3 0.59
 18   4 0.44
 18   5 0.56
 18   6 0.67
 18   7 0.41
 18   8 0.52
 18   9 0.57
 18  10 0.58
 18  11 0.67
 18  12 0.67
 18  13 0.61
 18  14 0.60
 18  15 0.61
 18  16 0.69
 18  17 0.49
 18  18 0.66
 18  19 0.69
 18  20 0.57
 18  21 0.55
 18  22 0.66
 19   1 0.64
 19   2 0.71
 19   3 0.61
 19   4 0.50
 19   5 0.60
 19   6 0.66
 19   7 0.41
 19   8 0.48
 19   9 0.63
 19  10 0.56
 19  11 0.65
 19  12 0.58
 19  13 0.66
 19  14 0.73
 19  15 0.58
 19  16 0.62
 19  17 0.43
 19  18 0.63
 19  19 0.59
 19  20 0.69
 19  21 0.53
 19  22 0.68
 20   1 0.67
 20   2 0.68
 20   3 0.65
 20   4 0.47
 20   5 0.61
 20   6 0.71
 20   7 0.47
 20   8 0.59
 20   9 0.70
 20  10 0.64
 20  11 0.73
 20  12 0.68
 20  13 0.68
 20  14 0.67
 20  15 0.66
 20  16 0.70
 20  17 0.55
 20  18 0.72
 20  19 0.66
 20  20 0.67
 20  21 0.58
 20  22 0.67
 21   1 0.46
 21   2 0.40
 21   3 0.65
 21   4 0.61
 21   5 0.57
 21   6 0.56
 21   7 0.49
 21   8 0.50
 21   9 0.56
 21  10 0.57
 21  11 0.61
 21  12 0.64
 21  13 0.54
 21  14 0.41
 21  15 0.52
 21  16 0.54
 21  17 0.51
 21  18 0.52
 21  19 0.54
 21  20 0.59
 21  21 0.58
 21  22 0.53
 22   1 0.60
 22   2 0.63
 22   3 0.67
 22   4 0.52
 22   5 0.61
 22   6 0.73
 22   7 0.56
 22   8 0.57
 22   9 0.62
 22  10 0.63
 22  11 0.72
 22  12 0.61
 22  13 0.70
 22  14 0.59
 22  15 0.69
 22  16 0.66
 22  17 0.59
 22  18 0.64
 22  19 0.65
 22  20 0.66
 22  21 0.65
 22  22 0.70
  1   1 0.60
  1   2 0.56
  1   3 0.67
  1   4 0.60
  1   5 0.66
  1   6 0.61
  1   7 0.71
  1   8 0.68
  1   9 0.66
  1  10 0.71
  1  11 0.70
  1  12 0.73
  1  13 0.72
  1  14 0.53
  1  15 0.64
  1  16 0.57
  1  17 0.66
  1  18 0.70
  1  19 0.65
  1  20 0.67
  1  21 0.66
  1  22 0.71
  2   1 0.72
  2   2 0.75
  2   3 0.64
  2   4 0.48
  2   5 0.60
  2   6 0.70
  2   7 0.36
  2   8 0.51
  2   9 0.65
  2  10 0.54
  2  11 0.69
  2  12 0.61
  2  13 0.65
  2  14 0.73
  2  15 0.61
  2  16 0.63
  2  17 0.47
  2  18 0.69
  2  19 0.63
  2  20 0.65
  2  21 0.52
  2  22 0.68
  3   1 0.44
  3   2 0.47
  3   3 0.59
  3   4 0.56
  3   5 0.57
  3   6 0.51
  3   7 0.41
  3   8 0.34
  3   9 0.63
  3  10 0.52
  3  11 0.57
  3  12 0.55
  3  13 0.50
  3  14 0.51
  3  15 0.50
  3  16 0.55
  3  17 0.39
  3  18 0.54
  3  19 0.50
  3  20 0.58
  3  21 0.47
  3  22 0.57
  4   1 0.53
  4   2 0.51
  4   3 0.71
  4   4 0.59
  4   5 0.63
  4   6 0.67
  4   7 0.55
  4   8 0.56
  4   9 0.67
  4  10 0.65
  4  11 0.71
  4  12 0.71
  4  13 0.66
  4  14 0.53
  4  15 0.63
  4  16 0.68
  4  17 0.56
  4  18 0.66
  4  19 0.66
  4  20 0.66
  4  21 0.66
  4  22 0.67
  5   1 0.58
  5   2 0.57
  5   3 0.60
  5   4 0.52
  5   5 0.64
  5   6 0.62
  5   7 0.50
  5   8 0.57
  5   9 0.62
  5  10 0.63
  5  11 0.68
  5  12 0.69
  5  13 0.65
  5  14 0.65
  5  15 0.61
  5  16 0.60
  5  17 0.56
  5  18 0.70
  5  19 0.62
  5  20 0.62
  5  21 0.57
  5  22 0.68
  6   1 0.54
  6   2 0.52
  6   3 0.67
  6   4 0.56
  6   5 0.60
  6   6 0.63
  6   7 0.52
  6   8 0.53
  6   9 0.68
  6  10 0.64
  6  11 0.70
  6  12 0.71
  6  13 0.65
  6  14 0.55
  6  15 0.66
  6  16 0.62
  6  17 0.54
  6  18 0.66
  6  19 0.67
  6  20 0.68
  6  21 0.63
  6  22 0.67
  7   1 0.64
  7   2 0.64
  7   3 0.74
  7   4 0.55
  7   5 0.67
  7   6 0.70
  7   7 0.52
  7   8 0.58
  7   9 0.64
  7  10 0.64
  7  11 0.73
  7  12 0.70
  7  13 0.70
  7  14 0.66
  7  15 0.72
  7  16 0.67
  7  17 0.53
  7  18 0.70
  7  19 0.66
  7  20 0.69
  7  21 0.69
  7  22 0.71
  8   1 0.63
  8   2 0.61
  8   3 0.71
  8   4 0.60
  8   5 0.73
  8   6 0.64
  8   7 0.63
  8   8 0.68
  8   9 0.63
  8  10 0.72
  8  11 0.74
  8  12 0.67
  8  13 0.70
  8  14 0.60
  8  15 0.70
  8  16 0.52
  8  17 0.63
  8  18 0.67
  8  19 0.64
  8  20 0.69
  8  21 0.64
  8  22 0.69
  9   1 0.56
  9   2 0.57
  9   3 0.63
  9   4 0.65
  9   5 0.67
  9   6 0.64
  9   7 0.70
  9   8 0.62
  9   9 0.65
  9  10 0.67
  9  11 0.69
  9  12 0.67
  9  13 0.69
  9  14 0.53
  9  15 0.62
  9  16 0.58
  9  17 0.59
  9  18 0.63
  9  19 0.58
  9  20 0.64
  9  21 0.62
  9  22 0.67
 10   1 0.64
 10   2 0.59
 10   3 0.66
 10   4 0.47
 10   5 0.72
 10   6 0.72
 10   7 0.47
 10   8 0.56
 10   9 0.64
 10  10 0.70
 10  11 0.73
 10  12 0.68
 10  13 0.70
 10  14 0.67
 10  15 0.73
 10  16 0.70
 10  17 0.60
 10  18 0.73
 10  19 0.69
 10  20 0.71
 10  21 0.65
 10  22 0.69
 11   1 0.51
 11   2 0.49
 11   3 0.47
 11   4 0.35
 11   5 0.49
 11   6 0.60
 11   7 0.31
 11   8 0.44
 11   9 0.44
 11  10 0.48
 11  11 0.53
 11  12 0.60
 11  13 0.54
 11  14 0.51
 11  15 0.56
 11  16 0.63
 11  17 0.45
 11  18 0.60
 11  19 0.60
 11  20 0.53
 11  21 0.55
 11  22 0.54
 12   1 0.41
 12   2 0.41
 12   3 0.51
 12   4 0.52
 12   5 0.48
 12   6 0.57
 12   7 0.55
 12   8 0.50
 12   9 0.62
 12  10 0.56
 12  11 0.57
 12  12 0.65
 12  13 0.52
 12  14 0.39
 12  15 0.51
 12  16 0.57
 12  17 0.53
 12  18 0.55
 12  19 0.55
 12  20 0.60
 12  21 0.58
 12  22 0.56
 13   1 0.54
 13   2 0.54
 13   3 0.56
 13   4 0.46
 13   5 0.55
 13   6 0.57
 13   7 0.58
 13   8 0.51
 13   9 0.65
 13  10 0.57
 13  11 0.56
 13  12 0.58
 13  13 0.55
 13  14 0.52
 13  15 0.57
 13  16 0.54
 13  17 0.45
 13  18 0.62
 13  19 0.64
 13  20 0.60
 13  21 0.59
 13  22 0.64
 14   1 0.56
 14   2 0.56
 14   3 0.61
 14   4 0.55
 14   5 0.68
 14   6 0.59
 14   7 0.66
 14   8 0.67
 14   9 0.59
 14  10 0.72
 14  11 0.73
 14  12 0.68
 14  13 0.72
 14  14 0.55
 14  15 0.63
 14  16 0.55
 14  17 0.68
 14  18 0.71
 14  19 0.57
 14  20 0.60
 14  21 0.64
 14  22 0.71
 15   1 0.52
 15   2 0.54
 15   3 0.66
 15   4 0.59
 15   5 0.60
 15   6 0.66
 15   7 0.54
 15   8 0.50
 15   9 0.69
 15  10 0.61
 15  11 0.67
 15  12 0.71
 15  13 0.61
 15  14 0.53
 15  15 0.61
 15  16 0.66
 15  17 0.54
 15  18 0.63
 15  19 0.63
 15  20 0.65
 15  21 0.63
 15  22 0.67
 16   1 0.67
 16   2 0.63
 16   3 0.57
 16   4 0.48
 16   5 0.65
 16   6 0.71
 16   7 0.47
 16   8 0.59
 16   9 0.55
 16  10 0.65
 16  11 0.70
 16  12 0.68
 16  13 0.67
 16  14 0.63
 16  15 0.68
 16  16 0.64
 16  17 0.63
 16  18 0.72
 16  19 0.63
 16  20 0.68
 16  21 0.64
 16  22 0.66
 17   1 0.44
 17   2 0.44
 17   3 0.50
 17   4 0.56
 17   5 0.50
 17   6 0.58
 17   7 0.57
 17   8 0.49
 17   9 0.64
 17  10 0.55
 17  11 0.59
 17  12 0.66
 17  13 0.51
 17  14 0.43
 17  15 0.58
 17  16 0.60
 17  17 0.56
 17  18 0.58
 17  19 0.55
 17  20 0.54
 17  21 0.59
 17  22 0.59
 18   1 0.57
 18   2 0.58
 18   3 0.59
 18   4 0.44
 18   5 0.55
 18   6 0.66
 18   7 0.40
 18   8 0.51
 18   9 0.56
 18  10 0.57
 18  11 0.67
 18  12 0.67
 18  13 0.61
 18  14 0.60
 18  15 0.60
 18  16 0.69
 18  17 0.49
 18  18 0.66
 18  19 0.68
 18  20 0.57
 18  21 0.54
 18  22 0.65
 19   1 0.64
 19   2 0.71
 19   3 0.61
 19   4 0.49
 19   5 0.60
 19   6 0.66
 19   7 0.41
 19   8 0.47
 19   9 0.63
 19  10 0.56
 19  11 0.65
 19  12 0.57
 19  13 0.66
 19  14 0.72
 19  15 0.57
 19  16 0.62
 19  17 0.42
 19  18 0.63
 19  19 0.59
 19  20 0.69
 19  21 0.53
 19  22 0.68
 20   1 0.67
 20   2 0.67
 20   3 0.65
 20   4 0.47
 20   5 0.61
 20   6 0.71
 20   7 0.47
 20   8 0.59
 20   9 0.70
 20  10 0.64
 20  11 0.73
 20  12 0.68
 20  13 0.68
 20  14 0.67
 20  15 0.65
 20  16 0.69
 20  17 0.55
 20  18 0.72
 20  19 0.65
 20  20 0.66
 20  21 0.57
 20  22 0.67
 21   1 0.46
 21   2 0.40
 21   3 0.65
 21   4 0.60
 21   5 0.57
 21   6 0.56
 21   7 0.49
 21   8 0.49
 21   9 0.55
 21  10 0.56
 21  11 0.61
 21  12 0.64
 21  13 0.54
 21  14 0.41
 21  15 0.52
 21  16 0.54
 21  17 0.51
 21  18 0.52
 21  19 0.54
 21  20 0.59
 21  21 0.58
 21  22 0.52
 22   1 0.59
 22   2 0.63
 22   3 0.67
 22   4 0.52
 22   5 0.61
 22   6 0.72
 22   7 0.55
 22   8 0.57
 22   9 0.62
 22  10 0.62
 22  11 0.71
 22  12 0.61
 22  13 0.70
 22  14 0.59
 22  15 0.69
 22  16 0.65
 22  17 0.58
 22  18 0.64
 22  19 0.65
 22  20 0.66
 22  21 0.64
 22  22 0.70
  1   1 0.60
  1   2 0.56
  1   3 0.67
  1   4 0.60
  1   5 0.66
  1   6 0.61
  1   7 0.71
  1   8 0.68
  1   9 0.66
  1  10 0.71
  1  11 0.70
  1  12 0.73
  1  13 0.72
  1  14 0.53
  1  15 0.64
  1  16 0.57
  1  17 0.66
  1  18 0.70
  1  19 0.65
  1  20 0.67
  1  21 0.66
  1  22 0.71
  2   1 0.72
  2   2 0.75
  2   3 0.64
  2   4 0.48
  2   5 0.60
  2   6 0.70
  2   7 0.36
  2   8 0.51
  2   9 0.65
  2  10 0.54
  2  11 0.69
  2  12 0.61
  2  13 0.65
  2  14 0.73
  2  15 0.61
  2  16 0.63
  2  17 0.47
  2  18 0.69
  2  19 0.63
  2  20 0.65
  2  21 0.52
  2  22 0.68
  3   1 0.44
  3   2 0.47
  3   3 0.59
  3   4 0.56
  3   5 0.57
  3   6 0.51
  3   7 0.41
  3   8 0.34
  3   9 0.63
  3  10 0.52
  3  11 0.57
  3  12 0.55
  3  13 0.50
  3  14 0.51
  3  15 0.50
  3  16 0.55
  3  17 0.39
  3  18 0.54
  3  19 0.50
  3  20 0.58
  3  21 0.47
  3  22 0.57
  4   1 0.53
  4   2 0.51
  4   3 0.71
  4   4 0.59
  4   5 0.63
  4   6 0.67
  4   7 0.55
  4   8 0.56
  4   9 0.67
  4  10 0.65
  4  11 0.71
  4  12 0.71
  4  13 0.66
  4  14 0.53
  4  15 0.63
  4  16 0.68
  4  17 0.56
  4  18 0.66
  4  19 0.66
  4  20 0.66
  4  21 0.66
  4  22 0.67
  5   1 0.58
  5   2 0.57
  5   3 0.60
  5   4 0.52
  5   5 0.64
  5   6 0.62
  5   7 0.50
  5   8 0.57
  5   9 0.62
  5  10 0.63
  5  11 0.68
  5  12 0.69
  5  13 0.65
  5  14 0.65
  5  15 0.61
  5  16 0.60
  5  17 0.56
  5  18 0.70
  5  19 0.62
  5  20 0.62
  5  21 0.57
  5  22 0.68
  6   1 0.54
  6   2 0.52
  6   3 0.67
  6   4 0.56
  6   5 0.60
  6   6 0.63
  6   7 0.52
  6   8 0.53
  6   9 0.68
  6  10 0.64
  6  11 0.70
  6  12 0.71
  6  13 0.65
  6  14 0.55
  6  15 0.66
  6  16 0.62
  6  17 0.54
  6  18 0.66
  6  19 0.67
  6  20 0.68
  6  21 0.63
  6  22 0.67
  7   1 0.64
  7   2 0.64
  7   3 0.74
  7   4 0.55
  7   5 0.67
  7   6 0.70
  7   7 0.52
  7   8 0.58
  7   9 0.64
  7  10 0.64
  7  11 0.73
  7  12 0.70
  7  13 0.70
  7  14 0.66
  7  15 0.72
  7  16 0.67
  7  17 0.53
  7  18 0.70
  7  19 0.66
  7  20 0.69
  7  21 0.69
  7  22 0.71
  8   1 0.63
  8   2 0.61
  8   3 0.71
  8   4 0.60
  8   5 0.73
  8   6 0.64
  8   7 0.63
  8   8 0.68
  8   9 0.63
  8  10 0.72
  8  11 0.74
  8  12 0.67
  8  13 0.70
  8  14 0.60
  8  15 0.70
  8  16 0.52
  8  17 0.63
  8  18 0.67
  8  19 0.64
  8  20 0.69
  8  21 0.64
  8  22 0.69
  9   1 0.56
  9   2 0.57
  9   3 0.63
  9   4 0.65
  9   5 0.67
  9   6 0.64
  9   7 0.70
  9   8 0.62
  9   9 0.65
  9  10 0.67
  9  11 0.69
  9  12 0.67
  9  13 0.69
  9  14 0.53
  9  15 0.62
  9  16 0.58
  9  17 0.59
  9  18 0.63
  9  19 0.58
  9  20 0.64
  9  21 0.62
  9  22 0.67
 10   1 0.64
 10   2 0.59
 10   3 0.66
 10   4 0.47
 10   5 0.72
 10   6 0.72
 10   7 0.47
 10   8 0.56
 10   9 0.64
 10  10 0.70
 10  11 0.73
 10  12 0.68
 10  13 0.70
 10  14 0.67
 10  15 0.73
 10  16 0.70
 10  17 0.60
 10  18 0.73
 10  19 0.69
 10  20 0.71
 10  21 0.65
 10  22 0.69
 11   1 0.51
 11   2 0.49
 11   3 0.47
 11   4 0.35
 11   5 0.49
 11   6 0.60
 11   7 0.31
 11   8 0.44
 11   9 0.44
 11  10 0.48
 11  11 0.53
 11  12 0.60
 11  13 0.54
 11  14 0.51
 11  15 0.56
 11  16 0.63
 11  17 0.45
 11  18 0.60
 11  19 0.60
 11  20 0.53
 11  21 0.55
 11  22 0.54
 12   1 0.41
 12   2 0.41
 12   3 0.51
 12   4 0.52
 12   5 0.48
 12   6 0.57
 12   7 0.55
 12   8 0.50
 12   9 0.62
 12  10 0.56
 12  11 0.57
 12  12 0.65
 12  13 0.52
 12  14 0.39
 12  15 0.51
 12  16 0.57
 12  17 0.53
 12  18 0.55
 12  19 0.55
 12  20 0.60
 12  21 0.58
 12  22 0.56
 13   1 0.54
 13   2 0.54
 13   3 0.56
 13   4 0.46
 13   5 0.55
 13   6 0.57
 13   7 0.58
 13   8 0.51
 13   9 0.65
 13  10 0.57
 13  11 0.56
 13  12 0.58
 13  13 0.55
 13  14 0.52
 13  15 0.57
 13  16 0.54
 13  17 0.45
 13  18 0.62
 13  19 0.64
 13  20 0.60
 13  21 0.59
 13  22 0.64
 14   1 0.56
 14   2 0.56
 14   3 0.61
 14   4 0.55
 14   5 0.68
 14   6 0.59
 14   7 0.66
 14   8 0.67
 14   9 0.59
 14  10 0.72
 14  11 0.73
 14  12 0.68
 14  13 0.72
 14  14 0.55
 14  15 0.63
 14  16 0.55
 14  17 0.68
 14  18 0.71
 14  19 0.57
 14  20 0.60
 14  21 0.64
 14  22 0.71
 15   1 0.52
 15   2 0.54
 15   3 0.66
 15   4 0.59
 15   5 0.60
 15   6 0.66
 15   7 0.54
 15   8 0.50
 15   9 0.69
 15  10 0.61
 15  11 0.67
 15  12 0.71
 15  13 0.61
 15  14 0.53
 15  15 0.61
 15  16 0.66
 15  17 0.54
 15  18 0.63
 15  19 0.63
 15  20 0.65
 15  21 0.63
 15  22 0.67
 16   1 0.67
 16   2 0.63
 16   3 0.57
 16   4 0.48
 16   5 0.65
 16   6 0.71
 16   7 0.47
 16   8 0.59
 16   9 0.55
 16  10 0.65
 16  11 0.70
 16  12 0.68
 16  13 0.67
 16  14 0.63
 16  15 0.68
 16  16 0.64
 16  17 0.63
 16  18 0.72
 16  19 0.63
 16  20 0.68
 16  21 0.64
 16  22 0.66
 17   1 0.44
 17   2 0.44
 17   3 0.50
 17   4 0.56
 17   5 0.50
 17   6 0.58
 17   7 0.57
 17   8 0.49
 17   9 0.64
 17  10 0.55
 17  11 0.59
 17  12 0.66
 17  13 0.51
 17  14 0.43
 17  15 0.58
 17  16 0.60
 17  17 0.56
 17  18 0.58
 17  19 0.55
 17  20 0.54
 17  21 0.59
 17  22 0.59
 18   1 0.57
 18   2 0.58
 18   3 0.59
 18   4 0.44
 18   5 0.55
 18   6 0.66
 18   7 0.40
 18   8 0.51
 18   9 0.56
 18  10 0.57
 18  11 0.67
 18  12 0.67
 18  13 0.61
 18  14 0.60
 18  15 0.60
 18  16 0.69
 18  17 0.49
 18  18 0.66
 18  19 0.68
 18  20 0.57
 18  21 0.54
 18  22 0.65
 19   1 0.64
 19   2 0.71
 19   3 0.61
 19   4 0.49
 19   5 0.60
 19   6 0.66
 19   7 0.41
 19   8 0.47
 19   9 0.63
 19  10 0.56
 19  11 0.65
 19  12 0.57
 19  13 0.66
 19  14 0.72
 19  15 0.57
 19  16 0.62
 19  17 0.42
 19  18 0.63
 19  19 0.59
 19  20 0.69
 19  21 0.53
 19  22 0.68
 20   1 0.67
 20   2 0.67
 20   3 0.65
 20   4 0.47
 20   5 0.61
 20   6 0.71
 20   7 0.47
 20   8 0.59
 20   9 0.70
 20  10 0.64
 20  11 0.73
 20  12 0.68
 20  13 0.68
 20  14 0.67
 20  15 0.65
 20  16 0.69
 20  17 0.55
 20  18 0.72
 20  19 0.65
 20  20 0.66
 20  21 0.57
 20  22 0.67
 21   1 0.46
 21   2 0.40
 21   3 0.65
 21   4 0.60
 21   5 0.57
 21   6 0.56
 21   7 0.49
 21   8 0.49
 21   9 0.55
 21  10 0.56
 21  11 0.61
 21  12 0.64
 21  13 0.54
 21  14 0.41
 21  15 0.52
 21  16 0.54
 21  17 0.51
 21  18 0.52
 21  19 0.54
 21  20 0.59
 21  21 0.58
 21  22 0.52
 22   1 0.59
 22   2 0.63
 22   3 0.67
 22   4 0.52
 22   5 0.61
 22   6 0.72
 22   7 0.55
 22   8 0.57
 22   9 0.62
 22  10 0.62
 22  11 0.71
 22  12 0.61
 22  13 0.70
 22  14 0.59
 22  15 0.69
 22  16 0.65
 22  17 0.58
 22  18 0.64
 22  19 0.65
 22  20 0.66
 22  21 0.64
 22  22 0.70
