  1   1 0.44
  1   2 0.69
  1   3 0.28
  1   4 0.54
  1   5 0.46
  1   6 0.48
  1   7 0.45
  1   8 0.45
  1   9 0.29
  1  10 0.40
  1  11 0.61
  1  12 0.70
  1  13 0.65
  1  14 0.46
  1  15 0.43
  1  16 0.55
  1  17 0.36
  1  18 0.55
  1  19 0.56
  1  20 0.81
  1  21 0.42
  1  22 0.56
  2   1 0.69
  2   2 0.67
  2   3 0.34
  2   4 0.48
  2   5 0.66
  2   6 0.69
  2   7 0.42
  2   8 0.76
  2   9 0.49
  2  10 0.42
  2  11 0.58
  2  12 0.73
  2  13 0.59
  2  14 0.61
  2  15 0.67
  2  16 0.70
  2  17 0.43
  2  18 0.63
  2  19 0.60
  2  20 0.43
  2  21 0.67
  2  22 0.58
  3   1 0.61
  3   2 0.78
  3   3 0.43
  3   4 0.40
  3   5 0.48
  3   6 0.71
  3   7 0.48
  3   8 0.55
  3   9 0.56
  3  10 0.64
  3  11 0.77
  3  12 0.75
  3  13 0.76
  3  14 0.68
  3  15 0.54
  3  16 0.58
  3  17 0.65
  3  18 0.48
  3  19 0.72
  3  20 0.60
  3  21 0.51
  3  22 0.84
  4   1 0.53
  4   2 0.63
  4   3 0.30
  4   4 0.36
  4   5 0.49
  4   6 0.58
  4   7 0.47
  4   8 0.57
  4   9 0.38
  4  10 0.74
  4  11 0.69
  4  12 0.69
  4  13 0.60
  4  14 0.59
  4  15 0.56
  4  16 0.56
  4  17 0.50
  4  18 0.56
  4  19 0.58
  4  20 0.52
  4  21 0.54
  4  22 0.73
  5   1 0.37
  5   2 0.62
  5   3 0.20
  5   4 0.46
  5   5 0.39
  5   6 0.46
  5   7 0.30
  5   8 0.37
  5   9 0.25
  5  10 0.29
  5  11 0.55
  5  12 0.57
  5  13 0.63
  5  14 0.44
  5  15 0.33
  5  16 0.48
  5  17 0.28
  5  18 0.46
  5  19 0.55
  5  20 0.71
  5  21 0.29
  5  22 0.45
  6   1 0.54
  6   2 0.58
  6   3 0.68
  6   4 0.39
  6   5 0.38
  6   6 0.64
  6   7 0.64
  6   8 0.51
  6   9 0.69
  6  10 0.58
  6  11 0.54
  6  12 0.59
  6  13 0.52
  6  14 0.51
  6  15 0.53
  6  16 0.40
  6  17 0.66
  6  18 0.31
  6  19 0.55
  6  20 0.34
  6  21 0.57
  6  22 0.64
  7   1 0.75
  7   2 0.80
  7   3 0.32
  7   4 0.46
  7   5 0.71
  7   6 0.74
  7   7 0.46
  7   8 0.75
  7   9 0.46
  7  10 0.52
  7  11 0.81
  7  12 0.82
  7  13 0.80
  7  14 0.68
  7  15 0.61
  7  16 0.81
  7  17 0.45
  7  18 0.73
  7  19 0.72
  7  20 0.63
  7  21 0.52
  7  22 0.63
  8   1 0.69
  8   2 0.72
  8   3 0.74
  8   4 0.39
  8   5 0.57
  8   6 0.79
  8   7 0.60
  8   8 0.67
  8   9 0.78
  8  10 0.60
  8  11 0.71
  8  12 0.70
  8  13 0.67
  8  14 0.69
  8  15 0.65
  8  16 0.57
  8  17 0.60
  8  18 0.46
  8  19 0.64
  8  20 0.37
  8  21 0.66
  8  22 0.70
  9   1 0.44
  9   2 0.48
  9   3 0.55
  9   4 0.32
  9   5 0.25
  9   6 0.49
  9   7 0.58
  9   8 0.37
  9   9 0.56
  9  10 0.55
  9  11 0.48
  9  12 0.51
  9  13 0.46
  9  14 0.38
  9  15 0.39
  9  16 0.33
  9  17 0.74
  9  18 0.20
  9  19 0.52
  9  20 0.30
  9  21 0.45
  9  22 0.62
 10   1 0.82
 10   2 0.71
 10   3 0.61
 10   4 0.42
 10   5 0.67
 10   6 0.81
 10   7 0.44
 10   8 0.73
 10   9 0.78
 10  10 0.58
 10  11 0.66
 10  12 0.70
 10  13 0.59
 10  14 0.74
 10  15 0.65
 10  16 0.67
 10  17 0.57
 10  18 0.55
 10  19 0.72
 10  20 0.33
 10  21 0.60
 10  22 0.66
 11   1 0.66
 11   2 0.79
 11   3 0.33
 11   4 0.48
 11   5 0.57
 11   6 0.58
 11   7 0.37
 11   8 0.58
 11   9 0.42
 11  10 0.39
 11  11 0.69
 11  12 0.76
 11  13 0.68
 11  14 0.54
 11  15 0.47
 11  16 0.69
 11  17 0.40
 11  18 0.68
 11  19 0.64
 11  20 0.75
 11  21 0.44
 11  22 0.55
 12   1 0.72
 12   2 0.59
 12   3 0.37
 12   4 0.40
 12   5 0.65
 12   6 0.69
 12   7 0.31
 12   8 0.71
 12   9 0.55
 12  10 0.48
 12  11 0.58
 12  12 0.64
 12  13 0.50
 12  14 0.66
 12  15 0.59
 12  16 0.64
 12  17 0.35
 12  18 0.59
 12  19 0.58
 12  20 0.30
 12  21 0.60
 12  22 0.62
 13   1 0.50
 13   2 0.58
 13   3 0.33
 13   4 0.32
 13   5 0.33
 13   6 0.50
 13   7 0.27
 13   8 0.39
 13   9 0.45
 13  10 0.28
 13  11 0.55
 13  12 0.49
 13  13 0.53
 13  14 0.44
 13  15 0.34
 13  16 0.46
 13  17 0.60
 13  18 0.37
 13  19 0.55
 13  20 0.43
 13  21 0.25
 13  22 0.46
 14   1 0.70
 14   2 0.71
 14   3 0.61
 14   4 0.50
 14   5 0.59
 14   6 0.79
 14   7 0.64
 14   8 0.73
 14   9 0.70
 14  10 0.60
 14  11 0.66
 14  12 0.78
 14  13 0.66
 14  14 0.69
 14  15 0.68
 14  16 0.61
 14  17 0.60
 14  18 0.51
 14  19 0.65
 14  20 0.44
 14  21 0.76
 14  22 0.73
 15   1 0.57
 15   2 0.69
 15   3 0.49
 15   4 0.31
 15   5 0.45
 15   6 0.63
 15   7 0.62
 15   8 0.54
 15   9 0.54
 15  10 0.56
 15  11 0.72
 15  12 0.67
 15  13 0.68
 15  14 0.60
 15  15 0.52
 15  16 0.46
 15  17 0.65
 15  18 0.42
 15  19 0.59
 15  20 0.44
 15  21 0.54
 15  22 0.70
 16   1 0.57
 16   2 0.73
 16   3 0.42
 16   4 0.30
 16   5 0.38
 16   6 0.64
 16   7 0.42
 16   8 0.47
 16   9 0.56
 16  10 0.56
 16  11 0.74
 16  12 0.65
 16  13 0.71
 16  14 0.61
 16  15 0.44
 16  16 0.49
 16  17 0.71
 16  18 0.40
 16  19 0.67
 16  20 0.50
 16  21 0.38
 16  22 0.73
 17   1 0.66
 17   2 0.77
 17   3 0.47
 17   4 0.37
 17   5 0.50
 17   6 0.69
 17   7 0.50
 17   8 0.56
 17   9 0.56
 17  10 0.52
 17  11 0.80
 17  12 0.74
 17  13 0.80
 17  14 0.62
 17  15 0.46
 17  16 0.59
 17  17 0.60
 17  18 0.47
 17  19 0.68
 17  20 0.56
 17  21 0.48
 17  22 0.69
 18   1 0.35
 18   2 0.56
 18   3 0.16
 18   4 0.53
 18   5 0.41
 18   6 0.34
 18   7 0.35
 18   8 0.36
 18   9 0.17
 18  10 0.27
 18  11 0.47
 18  12 0.62
 18  13 0.53
 18  14 0.30
 18  15 0.32
 18  16 0.51
 18  17 0.24
 18  18 0.48
 18  19 0.43
 18  20 0.78
 18  21 0.38
 18  22 0.38
 19   1 0.79
 19   2 0.87
 19   3 0.42
 19   4 0.46
 19   5 0.72
 19   6 0.80
 19   7 0.47
 19   8 0.78
 19   9 0.60
 19  10 0.53
 19  11 0.81
 19  12 0.83
 19  13 0.80
 19  14 0.75
 19  15 0.68
 19  16 0.83
 19  17 0.47
 19  18 0.85
 19  19 0.78
 19  20 0.72
 19  21 0.58
 19  22 0.62
 20   1 0.53
 20   2 0.63
 20   3 0.62
 20   4 0.38
 20   5 0.37
 20   6 0.65
 20   7 0.56
 20   8 0.48
 20   9 0.65
 20  10 0.51
 20  11 0.58
 20  12 0.60
 20  13 0.64
 20  14 0.54
 20  15 0.46
 20  16 0.39
 20  17 0.69
 20  18 0.28
 20  19 0.59
 20  20 0.38
 20  21 0.52
 20  22 0.70
 21   1 0.65
 21   2 0.72
 21   3 0.61
 21   4 0.41
 21   5 0.51
 21   6 0.70
 21   7 0.58
 21   8 0.66
 21   9 0.72
 21  10 0.48
 21  11 0.64
 21  12 0.66
 21  13 0.69
 21  14 0.63
 21  15 0.66
 21  16 0.55
 21  17 0.62
 21  18 0.44
 21  19 0.62
 21  20 0.38
 21  21 0.53
 21  22 0.58
 22   1 0.70
 22   2 0.81
 22   3 0.54
 22   4 0.35
 22   5 0.56
 22   6 0.78
 22   7 0.57
 22   8 0.67
 22   9 0.64
 22  10 0.56
 22  11 0.82
 22  12 0.74
 22  13 0.85
 22  14 0.72
 22  15 0.57
 22  16 0.61
 22  17 0.65
 22  18 0.55
 22  19 0.73
 22  20 0.50
 22  21 0.53
 22  22 0.75
  1   1 0.44
  1   2 0.69
  1   3 0.28
  1   4 0.54
  1   5 0.46
  1   6 0.48
  1   7 0.45
  1   8 0.45
  1   9 0.28
  1  10 0.40
  1  11 0.61
  1  12 0.70
  1  13 0.65
  1  14 0.46
  1  15 0.42
  1  16 0.55
  1  17 0.36
  1  18 0.55
  1  19 0.56
  1  20 0.81
  1  21 0.42
  1  22 0.56
  2   1 0.69
  2   2 0.67
  2   3 0.34
  2   4 0.48
  2   5 0.66
  2   6 0.69
  2   7 0.42
  2   8 0.76
  2   9 0.49
  2  10 0.42
  2  11 0.58
  2  12 0.73
  2  13 0.59
  2  14 0.61
  2  15 0.67
  2  16 0.69
  2  17 0.43
  2  18 0.63
  2  19 0.60
  2  20 0.43
  2  21 0.67
  2  22 0.58
  3   1 0.61
  3   2 0.78
  3   3 0.43
  3   4 0.40
  3   5 0.48
  3   6 0.71
  3   7 0.48
  3   8 0.55
  3   9 0.56
  3  10 0.64
  3  11 0.77
  3  12 0.75
  3  13 0.76
  3  14 0.68
  3  15 0.54
  3  16 0.58
  3  17 0.65
  3  18 0.48
  3  19 0.72
  3  20 0.60
  3  21 0.50
  3  22 0.84
  4   1 0.53
  4   2 0.63
  4   3 0.29
  4   4 0.36
  4   5 0.49
  4   6 0.58
  4   7 0.47
  4   8 0.57
  4   9 0.37
  4  10 0.74
  4  11 0.69
  4  12 0.68
  4  13 0.60
  4  14 0.59
  4  15 0.56
  4  16 0.56
  4  17 0.50
  4  18 0.56
  4  19 0.58
  4  20 0.52
  4  21 0.54
  4  22 0.73
  5   1 0.37
  5   2 0.62
  5   3 0.20
  5   4 0.46
  5   5 0.38
  5   6 0.45
  5   7 0.30
  5   8 0.37
  5   9 0.24
  5  10 0.29
  5  11 0.55
  5  12 0.56
  5  13 0.63
  5  14 0.44
  5  15 0.32
  5  16 0.48
  5  17 0.28
  5  18 0.46
  5  19 0.55
  5  20 0.71
  5  21 0.29
  5  22 0.45
  6   1 0.54
  6   2 0.58
  6   3 0.68
  6   4 0.39
  6   5 0.38
  6   6 0.63
  6   7 0.64
  6   8 0.51
  6   9 0.68
  6  10 0.58
  6  11 0.54
  6  12 0.59
  6  13 0.52
  6  14 0.51
  6  15 0.52
  6  16 0.40
  6  17 0.66
  6  18 0.31
  6  19 0.55
  6  20 0.34
  6  21 0.57
  6  22 0.64
  7   1 0.75
  7   2 0.80
  7   3 0.32
  7   4 0.46
  7   5 0.71
  7   6 0.74
  7   7 0.46
  7   8 0.75
  7   9 0.46
  7  10 0.52
  7  11 0.81
  7  12 0.82
  7  13 0.80
  7  14 0.68
  7  15 0.61
  7  16 0.81
  7  17 0.45
  7  18 0.73
  7  19 0.72
  7  20 0.63
  7  21 0.52
  7  22 0.62
  8   1 0.69
  8   2 0.72
  8   3 0.74
  8   4 0.39
  8   5 0.57
  8   6 0.79
  8   7 0.60
  8   8 0.67
  8   9 0.78
  8  10 0.60
  8  11 0.71
  8  12 0.70
  8  13 0.67
  8  14 0.69
  8  15 0.65
  8  16 0.57
  8  17 0.60
  8  18 0.46
  8  19 0.64
  8  20 0.37
  8  21 0.66
  8  22 0.70
  9   1 0.44
  9   2 0.48
  9   3 0.55
  9   4 0.31
  9   5 0.25
  9   6 0.49
  9   7 0.58
  9   8 0.37
  9   9 0.56
  9  10 0.55
  9  11 0.48
  9  12 0.51
  9  13 0.46
  9  14 0.38
  9  15 0.39
  9  16 0.33
  9  17 0.74
  9  18 0.20
  9  19 0.52
  9  20 0.30
  9  21 0.45
  9  22 0.61
 10   1 0.82
 10   2 0.70
 10   3 0.61
 10   4 0.42
 10   5 0.67
 10   6 0.81
 10   7 0.44
 10   8 0.72
 10   9 0.78
 10  10 0.58
 10  11 0.66
 10  12 0.70
 10  13 0.59
 10  14 0.74
 10  15 0.65
 10  16 0.66
 10  17 0.57
 10  18 0.55
 10  19 0.72
 10  20 0.33
 10  21 0.60
 10  22 0.65
 11   1 0.66
 11   2 0.79
 11   3 0.33
 11   4 0.47
 11   5 0.57
 11   6 0.58
 11   7 0.37
 11   8 0.58
 11   9 0.41
 11  10 0.39
 11  11 0.69
 11  12 0.76
 11  13 0.67
 11  14 0.54
 11  15 0.47
 11  16 0.69
 11  17 0.40
 11  18 0.68
 11  19 0.64
 11  20 0.75
 11  21 0.44
 11  22 0.54
 12   1 0.72
 12   2 0.59
 12   3 0.37
 12   4 0.39
 12   5 0.65
 12   6 0.69
 12   7 0.31
 12   8 0.71
 12   9 0.55
 12  10 0.48
 12  11 0.58
 12  12 0.64
 12  13 0.50
 12  14 0.66
 12  15 0.59
 12  16 0.64
 12  17 0.35
 12  18 0.58
 12  19 0.58
 12  20 0.30
 12  21 0.60
 12  22 0.62
 13   1 0.50
 13   2 0.58
 13   3 0.33
 13   4 0.32
 13   5 0.33
 13   6 0.50
 13   7 0.27
 13   8 0.39
 13   9 0.45
 13  10 0.28
 13  11 0.55
 13  12 0.49
 13  13 0.53
 13  14 0.44
 13  15 0.34
 13  16 0.46
 13  17 0.59
 13  18 0.36
 13  19 0.55
 13  20 0.42
 13  21 0.25
 13  22 0.46
 14   1 0.70
 14   2 0.71
 14   3 0.61
 14   4 0.50
 14   5 0.58
 14   6 0.79
 14   7 0.64
 14   8 0.73
 14   9 0.70
 14  10 0.60
 14  11 0.66
 14  12 0.78
 14  13 0.66
 14  14 0.69
 14  15 0.68
 14  16 0.61
 14  17 0.60
 14  18 0.51
 14  19 0.65
 14  20 0.44
 14  21 0.76
 14  22 0.73
 15   1 0.56
 15   2 0.69
 15   3 0.49
 15   4 0.31
 15   5 0.45
 15   6 0.63
 15   7 0.62
 15   8 0.53
 15   9 0.54
 15  10 0.56
 15  11 0.72
 15  12 0.67
 15  13 0.68
 15  14 0.60
 15  15 0.51
 15  16 0.46
 15  17 0.65
 15  18 0.42
 15  19 0.59
 15  20 0.44
 15  21 0.54
 15  22 0.70
 16   1 0.56
 16   2 0.73
 16   3 0.42
 16   4 0.30
 16   5 0.37
 16   6 0.64
 16   7 0.41
 16   8 0.47
 16   9 0.56
 16  10 0.56
 16  11 0.74
 16  12 0.64
 16  13 0.71
 16  14 0.61
 16  15 0.44
 16  16 0.49
 16  17 0.71
 16  18 0.39
 16  19 0.67
 16  20 0.50
 16  21 0.38
 16  22 0.73
 17   1 0.66
 17   2 0.77
 17   3 0.47
 17   4 0.37
 17   5 0.50
 17   6 0.69
 17   7 0.50
 17   8 0.56
 17   9 0.56
 17  10 0.52
 17  11 0.80
 17  12 0.73
 17  13 0.80
 17  14 0.61
 17  15 0.46
 17  16 0.59
 17  17 0.60
 17  18 0.47
 17  19 0.68
 17  20 0.56
 17  21 0.48
 17  22 0.69
 18   1 0.35
 18   2 0.56
 18   3 0.16
 18   4 0.53
 18   5 0.41
 18   6 0.34
 18   7 0.35
 18   8 0.36
 18   9 0.17
 18  10 0.27
 18  11 0.47
 18  12 0.62
 18  13 0.52
 18  14 0.30
 18  15 0.32
 18  16 0.51
 18  17 0.24
 18  18 0.48
 18  19 0.42
 18  20 0.78
 18  21 0.37
 18  22 0.38
 19   1 0.79
 19   2 0.87
 19   3 0.42
 19   4 0.46
 19   5 0.72
 19   6 0.80
 19   7 0.47
 19   8 0.78
 19   9 0.60
 19  10 0.53
 19  11 0.81
 19  12 0.83
 19  13 0.80
 19  14 0.75
 19  15 0.68
 19  16 0.83
 19  17 0.47
 19  18 0.85
 19  19 0.78
 19  20 0.72
 19  21 0.58
 19  22 0.62
 20   1 0.53
 20   2 0.63
 20   3 0.62
 20   4 0.37
 20   5 0.37
 20   6 0.65
 20   7 0.56
 20   8 0.48
 20   9 0.65
 20  10 0.51
 20  11 0.58
 20  12 0.60
 20  13 0.64
 20  14 0.54
 20  15 0.46
 20  16 0.38
 20  17 0.69
 20  18 0.28
 20  19 0.59
 20  20 0.38
 20  21 0.52
 20  22 0.70
 21   1 0.65
 21   2 0.72
 21   3 0.61
 21   4 0.41
 21   5 0.51
 21   6 0.70
 21   7 0.58
 21   8 0.66
 21   9 0.72
 21  10 0.48
 21  11 0.64
 21  12 0.66
 21  13 0.69
 21  14 0.63
 21  15 0.66
 21  16 0.54
 21  17 0.62
 21  18 0.44
 21  19 0.61
 21  20 0.37
 21  21 0.53
 21  22 0.57
 22   1 0.70
 22   2 0.81
 22   3 0.54
 22   4 0.35
 22   5 0.56
 22   6 0.78
 22   7 0.57
 22   8 0.67
 22   9 0.64
 22  10 0.56
 22  11 0.81
 22  12 0.74
 22  13 0.85
 22  14 0.72
 22  15 0.57
 22  16 0.61
 22  17 0.65
 22  18 0.55
 22  19 0.73
 22  20 0.49
 22  21 0.53
 22  22 0.75
