  1   1 1.00
  1   2 0.23
  1   3 0.53
  1   4 0.35
  1   5 0.42
  1   6 0.34
  1   7 0.45
  1   8 0.35
  1   9 0.49
  1  10 0.34
  1  11 0.30
  1  12 0.21
  1  13 0.49
  1  14 0.45
  1  15 0.31
  1  16 0.20
  1  17 0.24
  1  18 0.40
  1  19 0.35
  1  20 0.52
  1  21 0.38
  1  22 0.33
  2   1 0.23
  2   2 1.00
  2   3 0.48
  2   4 0.41
  2   5 0.57
  2   6 0.61
  2   7 0.51
  2   8 0.53
  2   9 0.35
  2  10 0.28
  2  11 0.34
  2  12 0.31
  2  13 0.28
  2  14 0.43
  2  15 0.56
  2  16 0.28
  2  17 0.25
  2  18 0.41
  2  19 0.40
  2  20 0.53
  2  21 0.42
  2  22 0.52
  3   1 0.53
  3   2 0.48
  3   3 1.00
  3   4 0.62
  3   5 0.75
  3   6 0.60
  3   7 0.74
  3   8 0.62
  3   9 0.63
  3  10 0.58
  3  11 0.59
  3  12 0.43
  3  13 0.60
  3  14 0.56
  3  15 0.61
  3  16 0.49
  3  17 0.37
  3  18 0.71
  3  19 0.65
  3  20 0.64
  3  21 0.69
  3  22 0.54
  4   1 0.35
  4   2 0.41
  4   3 0.62
  4   4 1.00
  4   5 0.57
  4   6 0.54
  4   7 0.66
  4   8 0.58
  4   9 0.49
  4  10 0.49
  4  11 0.52
  4  12 0.39
  4  13 0.45
  4  14 0.51
  4  15 0.49
  4  16 0.35
  4  17 0.47
  4  18 0.56
  4  19 0.52
  4  20 0.50
  4  21 0.61
  4  22 0.43
  5   1 0.42
  5   2 0.57
  5   3 0.75
  5   4 0.57
  5   5 1.00
  5   6 0.57
  5   7 0.72
  5   8 0.60
  5   9 0.50
  5  10 0.40
  5  11 0.48
  5  12 0.32
  5  13 0.50
  5  14 0.51
  5  15 0.61
  5  16 0.40
  5  17 0.26
  5  18 0.59
  5  19 0.55
  5  20 0.66
  5  21 0.60
  5  22 0.57
  6   1 0.34
  6   2 0.61
  6   3 0.60
  6   4 0.54
  6   5 0.57
  6   6 1.00
  6   7 0.59
  6   8 0.58
  6   9 0.54
  6  10 0.43
  6  11 0.38
  6  12 0.43
  6  13 0.42
  6  14 0.48
  6  15 0.66
  6  16 0.38
  6  17 0.35
  6  18 0.57
  6  19 0.61
  6  20 0.60
  6  21 0.60
  6  22 0.58
  7   1 0.45
  7   2 0.51
  7   3 0.74
  7   4 0.66
  7   5 0.72
  7   6 0.59
  7   7 1.00
  7   8 0.68
  7   9 0.58
  7  10 0.55
  7  11 0.56
  7  12 0.37
  7  13 0.54
  7  14 0.58
  7  15 0.58
  7  16 0.36
  7  17 0.37
  7  18 0.61
  7  19 0.61
  7  20 0.65
  7  21 0.61
  7  22 0.53
  8   1 0.35
  8   2 0.53
  8   3 0.62
  8   4 0.58
  8   5 0.60
  8   6 0.58
  8   7 0.68
  8   8 1.00
  8   9 0.54
  8  10 0.50
  8  11 0.46
  8  12 0.44
  8  13 0.43
  8  14 0.55
  8  15 0.50
  8  16 0.35
  8  17 0.44
  8  18 0.54
  8  19 0.56
  8  20 0.63
  8  21 0.55
  8  22 0.45
  9   1 0.49
  9   2 0.35
  9   3 0.63
  9   4 0.49
  9   5 0.50
  9   6 0.54
  9   7 0.58
  9   8 0.54
  9   9 1.00
  9  10 0.51
  9  11 0.39
  9  12 0.41
  9  13 0.51
  9  14 0.52
  9  15 0.49
  9  16 0.36
  9  17 0.49
  9  18 0.60
  9  19 0.60
  9  20 0.60
  9  21 0.53
  9  22 0.41
 10   1 0.34
 10   2 0.28
 10   3 0.58
 10   4 0.49
 10   5 0.40
 10   6 0.43
 10   7 0.55
 10   8 0.50
 10   9 0.51
 10  10 1.00
 10  11 0.46
 10  12 0.51
 10  13 0.46
 10  14 0.50
 10  15 0.36
 10  16 0.34
 10  17 0.61
 10  18 0.63
 10  19 0.52
 10  20 0.40
 10  21 0.63
 10  22 0.39
 11   1 0.30
 11   2 0.34
 11   3 0.59
 11   4 0.52
 11   5 0.48
 11   6 0.38
 11   7 0.56
 11   8 0.46
 11   9 0.39
 11  10 0.46
 11  11 1.00
 11  12 0.30
 11  13 0.64
 11  14 0.54
 11  15 0.38
 11  16 0.52
 11  17 0.28
 11  18 0.54
 11  19 0.49
 11  20 0.42
 11  21 0.53
 11  22 0.33
 12   1 0.21
 12   2 0.31
 12   3 0.43
 12   4 0.39
 12   5 0.32
 12   6 0.43
 12   7 0.37
 12   8 0.44
 12   9 0.41
 12  10 0.51
 12  11 0.30
 12  12 1.00
 12  13 0.25
 12  14 0.35
 12  15 0.41
 12  16 0.27
 12  17 0.55
 12  18 0.42
 12  19 0.37
 12  20 0.39
 12  21 0.45
 12  22 0.24
 13   1 0.49
 13   2 0.28
 13   3 0.60
 13   4 0.45
 13   5 0.50
 13   6 0.42
 13   7 0.54
 13   8 0.43
 13   9 0.51
 13  10 0.46
 13  11 0.64
 13  12 0.25
 13  13 1.00
 13  14 0.64
 13  15 0.30
 13  16 0.47
 13  17 0.22
 13  18 0.51
 13  19 0.59
 13  20 0.46
 13  21 0.59
 13  22 0.45
 14   1 0.45
 14   2 0.43
 14   3 0.56
 14   4 0.51
 14   5 0.51
 14   6 0.48
 14   7 0.58
 14   8 0.55
 14   9 0.52
 14  10 0.50
 14  11 0.54
 14  12 0.35
 14  13 0.64
 14  14 1.00
 14  15 0.42
 14  16 0.38
 14  17 0.31
 14  18 0.48
 14  19 0.63
 14  20 0.58
 14  21 0.59
 14  22 0.51
 15   1 0.31
 15   2 0.56
 15   3 0.61
 15   4 0.49
 15   5 0.61
 15   6 0.66
 15   7 0.58
 15   8 0.50
 15   9 0.49
 15  10 0.36
 15  11 0.38
 15  12 0.41
 15  13 0.30
 15  14 0.42
 15  15 1.00
 15  16 0.27
 15  17 0.29
 15  18 0.51
 15  19 0.52
 15  20 0.60
 15  21 0.42
 15  22 0.44
 16   1 0.20
 16   2 0.28
 16   3 0.49
 16   4 0.35
 16   5 0.40
 16   6 0.38
 16   7 0.36
 16   8 0.35
 16   9 0.36
 16  10 0.34
 16  11 0.52
 16  12 0.27
 16  13 0.47
 16  14 0.38
 16  15 0.27
 16  16 1.00
 16  17 0.24
 16  18 0.52
 16  19 0.45
 16  20 0.36
 16  21 0.52
 16  22 0.28
 17   1 0.24
 17   2 0.25
 17   3 0.37
 17   4 0.47
 17   5 0.26
 17   6 0.35
 17   7 0.37
 17   8 0.44
 17   9 0.49
 17  10 0.61
 17  11 0.28
 17  12 0.55
 17  13 0.22
 17  14 0.31
 17  15 0.29
 17  16 0.24
 17  17 1.00
 17  18 0.44
 17  19 0.28
 17  20 0.33
 17  21 0.35
 17  22 0.20
 18   1 0.40
 18   2 0.41
 18   3 0.71
 18   4 0.56
 18   5 0.59
 18   6 0.57
 18   7 0.61
 18   8 0.54
 18   9 0.60
 18  10 0.63
 18  11 0.54
 18  12 0.42
 18  13 0.51
 18  14 0.48
 18  15 0.51
 18  16 0.52
 18  17 0.44
 18  18 1.00
 18  19 0.58
 18  20 0.58
 18  21 0.71
 18  22 0.43
 19   1 0.35
 19   2 0.40
 19   3 0.65
 19   4 0.52
 19   5 0.55
 19   6 0.61
 19   7 0.61
 19   8 0.56
 19   9 0.60
 19  10 0.52
 19  11 0.49
 19  12 0.37
 19  13 0.59
 19  14 0.63
 19  15 0.52
 19  16 0.45
 19  17 0.28
 19  18 0.58
 19  19 1.00
 19  20 0.57
 19  21 0.65
 19  22 0.52
 20   1 0.52
 20   2 0.53
 20   3 0.64
 20   4 0.50
 20   5 0.66
 20   6 0.60
 20   7 0.65
 20   8 0.63
 20   9 0.60
 20  10 0.40
 20  11 0.42
 20  12 0.39
 20  13 0.46
 20  14 0.58
 20  15 0.60
 20  16 0.36
 20  17 0.33
 20  18 0.58
 20  19 0.57
 20  20 1.00
 20  21 0.51
 20  22 0.55
 21   1 0.38
 21   2 0.42
 21   3 0.69
 21   4 0.61
 21   5 0.60
 21   6 0.60
 21   7 0.61
 21   8 0.55
 21   9 0.53
 21  10 0.63
 21  11 0.53
 21  12 0.45
 21  13 0.59
 21  14 0.59
 21  15 0.42
 21  16 0.52
 21  17 0.35
 21  18 0.71
 21  19 0.65
 21  20 0.51
 21  21 1.00
 21  22 0.44
 22   1 0.33
 22   2 0.52
 22   3 0.54
 22   4 0.43
 22   5 0.57
 22   6 0.58
 22   7 0.53
 22   8 0.45
 22   9 0.41
 22  10 0.39
 22  11 0.33
 22  12 0.24
 22  13 0.45
 22  14 0.51
 22  15 0.44
 22  16 0.28
 22  17 0.20
 22  18 0.43
 22  19 0.52
 22  20 0.55
 22  21 0.44
 22  22 1.00
  1   1 1.00
  1   2 0.22
  1   3 0.52
  1   4 0.35
  1   5 0.42
  1   6 0.34
  1   7 0.45
  1   8 0.35
  1   9 0.49
  1  10 0.33
  1  11 0.29
  1  12 0.20
  1  13 0.49
  1  14 0.45
  1  15 0.31
  1  16 0.20
  1  17 0.24
  1  18 0.40
  1  19 0.35
  1  20 0.52
  1  21 0.38
  1  22 0.32
  2   1 0.22
  2   2 1.00
  2   3 0.48
  2   4 0.41
  2   5 0.56
  2   6 0.61
  2   7 0.51
  2   8 0.53
  2   9 0.35
  2  10 0.28
  2  11 0.33
  2  12 0.31
  2  13 0.27
  2  14 0.43
  2  15 0.56
  2  16 0.28
  2  17 0.24
  2  18 0.41
  2  19 0.40
  2  20 0.53
  2  21 0.42
  2  22 0.52
  3   1 0.52
  3   2 0.48
  3   3 1.00
  3   4 0.62
  3   5 0.75
  3   6 0.60
  3   7 0.74
  3   8 0.61
  3   9 0.63
  3  10 0.58
  3  11 0.59
  3  12 0.43
  3  13 0.60
  3  14 0.55
  3  15 0.61
  3  16 0.48
  3  17 0.36
  3  18 0.71
  3  19 0.65
  3  20 0.63
  3  21 0.69
  3  22 0.54
  4   1 0.35
  4   2 0.41
  4   3 0.62
  4   4 1.00
  4   5 0.57
  4   6 0.54
  4   7 0.66
  4   8 0.58
  4   9 0.49
  4  10 0.49
  4  11 0.51
  4  12 0.39
  4  13 0.45
  4  14 0.50
  4  15 0.49
  4  16 0.35
  4  17 0.46
  4  18 0.56
  4  19 0.52
  4  20 0.50
  4  21 0.61
  4  22 0.42
  5   1 0.42
  5   2 0.56
  5   3 0.75
  5   4 0.57
  5   5 1.00
  5   6 0.57
  5   7 0.71
  5   8 0.60
  5   9 0.49
  5  10 0.40
  5  11 0.48
  5  12 0.32
  5  13 0.50
  5  14 0.51
  5  15 0.61
  5  16 0.39
  5  17 0.26
  5  18 0.59
  5  19 0.55
  5  20 0.66
  5  21 0.60
  5  22 0.57
  6   1 0.34
  6   2 0.61
  6   3 0.60
  6   4 0.54
  6   5 0.57
  6   6 1.00
  6   7 0.58
  6   8 0.58
  6   9 0.54
  6  10 0.43
  6  11 0.38
  6  12 0.43
  6  13 0.41
  6  14 0.48
  6  15 0.66
  6  16 0.38
  6  17 0.35
  6  18 0.56
  6  19 0.61
  6  20 0.60
  6  21 0.60
  6  22 0.58
  7   1 0.45
  7   2 0.51
  7   3 0.74
  7   4 0.66
  7   5 0.71
  7   6 0.58
  7   7 1.00
  7   8 0.68
  7   9 0.58
  7  10 0.55
  7  11 0.56
  7  12 0.37
  7  13 0.54
  7  14 0.57
  7  15 0.58
  7  16 0.36
  7  17 0.37
  7  18 0.61
  7  19 0.61
  7  20 0.65
  7  21 0.61
  7  22 0.53
  8   1 0.35
  8   2 0.53
  8   3 0.61
  8   4 0.58
  8   5 0.60
  8   6 0.58
  8   7 0.68
  8   8 1.00
  8   9 0.53
  8  10 0.50
  8  11 0.45
  8  12 0.43
  8  13 0.42
  8  14 0.55
  8  15 0.49
  8  16 0.34
  8  17 0.44
  8  18 0.53
  8  19 0.55
  8  20 0.63
  8  21 0.55
  8  22 0.44
  9   1 0.49
  9   2 0.35
  9   3 0.63
  9   4 0.49
  9   5 0.49
  9   6 0.54
  9   7 0.58
  9   8 0.53
  9   9 1.00
  9  10 0.51
  9  11 0.39
  9  12 0.41
  9  13 0.51
  9  14 0.51
  9  15 0.49
  9  16 0.35
  9  17 0.49
  9  18 0.59
  9  19 0.60
  9  20 0.60
  9  21 0.53
  9  22 0.41
 10   1 0.33
 10   2 0.28
 10   3 0.58
 10   4 0.49
 10   5 0.40
 10   6 0.43
 10   7 0.55
 10   8 0.50
 10   9 0.51
 10  10 1.00
 10  11 0.45
 10  12 0.51
 10  13 0.46
 10  14 0.50
 10  15 0.36
 10  16 0.34
 10  17 0.61
 10  18 0.63
 10  19 0.51
 10  20 0.40
 10  21 0.62
 10  22 0.38
 11   1 0.29
 11   2 0.33
 11   3 0.59
 11   4 0.51
 11   5 0.48
 11   6 0.38
 11   7 0.56
 11   8 0.45
 11   9 0.39
 11  10 0.45
 11  11 1.00
 11  12 0.30
 11  13 0.64
 11  14 0.54
 11  15 0.38
 11  16 0.51
 11  17 0.28
 11  18 0.54
 11  19 0.49
 11  20 0.41
 11  21 0.53
 11  22 0.33
 12   1 0.20
 12   2 0.31
 12   3 0.43
 12   4 0.39
 12   5 0.32
 12   6 0.43
 12   7 0.37
 12   8 0.43
 12   9 0.41
 12  10 0.51
 12  11 0.30
 12  12 1.00
 12  13 0.25
 12  14 0.34
 12  15 0.41
 12  16 0.27
 12  17 0.55
 12  18 0.42
 12  19 0.37
 12  20 0.39
 12  21 0.44
 12  22 0.24
 13   1 0.49
 13   2 0.27
 13   3 0.60
 13   4 0.45
 13   5 0.50
 13   6 0.41
 13   7 0.54
 13   8 0.42
 13   9 0.51
 13  10 0.46
 13  11 0.64
 13  12 0.25
 13  13 1.00
 13  14 0.64
 13  15 0.29
 13  16 0.47
 13  17 0.21
 13  18 0.51
 13  19 0.59
 13  20 0.46
 13  21 0.59
 13  22 0.45
 14   1 0.45
 14   2 0.43
 14   3 0.55
 14   4 0.50
 14   5 0.51
 14   6 0.48
 14   7 0.57
 14   8 0.55
 14   9 0.51
 14  10 0.50
 14  11 0.54
 14  12 0.34
 14  13 0.64
 14  14 1.00
 14  15 0.42
 14  16 0.38
 14  17 0.31
 14  18 0.47
 14  19 0.62
 14  20 0.58
 14  21 0.59
 14  22 0.51
 15   1 0.31
 15   2 0.56
 15   3 0.61
 15   4 0.49
 15   5 0.61
 15   6 0.66
 15   7 0.58
 15   8 0.49
 15   9 0.49
 15  10 0.36
 15  11 0.38
 15  12 0.41
 15  13 0.29
 15  14 0.42
 15  15 1.00
 15  16 0.27
 15  17 0.29
 15  18 0.51
 15  19 0.52
 15  20 0.59
 15  21 0.42
 15  22 0.44
 16   1 0.20
 16   2 0.28
 16   3 0.48
 16   4 0.35
 16   5 0.39
 16   6 0.38
 16   7 0.36
 16   8 0.34
 16   9 0.35
 16  10 0.34
 16  11 0.51
 16  12 0.27
 16  13 0.47
 16  14 0.38
 16  15 0.27
 16  16 1.00
 16  17 0.24
 16  18 0.52
 16  19 0.44
 16  20 0.35
 16  21 0.52
 16  22 0.27
 17   1 0.24
 17   2 0.24
 17   3 0.36
 17   4 0.46
 17   5 0.26
 17   6 0.35
 17   7 0.37
 17   8 0.44
 17   9 0.49
 17  10 0.61
 17  11 0.28
 17  12 0.55
 17  13 0.21
 17  14 0.31
 17  15 0.29
 17  16 0.24
 17  17 1.00
 17  18 0.44
 17  19 0.27
 17  20 0.32
 17  21 0.34
 17  22 0.20
 18   1 0.40
 18   2 0.41
 18   3 0.71
 18   4 0.56
 18   5 0.59
 18   6 0.56
 18   7 0.61
 18   8 0.53
 18   9 0.59
 18  10 0.63
 18  11 0.54
 18  12 0.42
 18  13 0.51
 18  14 0.47
 18  15 0.51
 18  16 0.52
 18  17 0.44
 18  18 1.00
 18  19 0.58
 18  20 0.58
 18  21 0.71
 18  22 0.42
 19   1 0.35
 19   2 0.40
 19   3 0.65
 19   4 0.52
 19   5 0.55
 19   6 0.61
 19   7 0.61
 19   8 0.55
 19   9 0.60
 19  10 0.51
 19  11 0.49
 19  12 0.37
 19  13 0.59
 19  14 0.62
 19  15 0.52
 19  16 0.44
 19  17 0.27
 19  18 0.58
 19  19 1.00
 19  20 0.56
 19  21 0.65
 19  22 0.52
 20   1 0.52
 20   2 0.53
 20   3 0.63
 20   4 0.50
 20   5 0.66
 20   6 0.60
 20   7 0.65
 20   8 0.63
 20   9 0.60
 20  10 0.40
 20  11 0.41
 20  12 0.39
 20  13 0.46
 20  14 0.58
 20  15 0.59
 20  16 0.35
 20  17 0.32
 20  18 0.58
 20  19 0.56
 20  20 1.00
 20  21 0.51
 20  22 0.55
 21   1 0.38
 21   2 0.42
 21   3 0.69
 21   4 0.61
 21   5 0.60
 21   6 0.60
 21   7 0.61
 21   8 0.55
 21   9 0.53
 21  10 0.62
 21  11 0.53
 21  12 0.44
 21  13 0.59
 21  14 0.59
 21  15 0.42
 21  16 0.52
 21  17 0.34
 21  18 0.71
 21  19 0.65
 21  20 0.51
 21  21 1.00
 21  22 0.44
 22   1 0.32
 22   2 0.52
 22   3 0.54
 22   4 0.42
 22   5 0.57
 22   6 0.58
 22   7 0.53
 22   8 0.44
 22   9 0.41
 22  10 0.38
 22  11 0.33
 22  12 0.24
 22  13 0.45
 22  14 0.51
 22  15 0.44
 22  16 0.27
 22  17 0.20
 22  18 0.42
 22  19 0.52
 22  20 0.55
 22  21 0.44
 22  22 1.00
