  1   1 0.69
  1   2 0.64
  1   3 0.53
  1   4 0.24
  1   5 0.53
  1   6 0.48
  1   7 0.28
  1   8 0.57
  1   9 0.72
  1  10 0.44
  1  11 0.42
  1  12 0.58
  1  13 0.51
  1  14 0.56
  1  15 0.49
  1  16 0.65
  1  17 0.48
  1  18 0.65
  1  19 0.46
  1  20 0.65
  1  21 0.40
  1  22 0.22
  2   1 0.48
  2   2 0.45
  2   3 0.46
  2   4 0.15
  2   5 0.52
  2   6 0.29
  2   7 0.24
  2   8 0.49
  2   9 0.40
  2  10 0.33
  2  11 0.32
  2  12 0.50
  2  13 0.41
  2  14 0.40
  2  15 0.46
  2  16 0.47
  2  17 0.31
  2  18 0.45
  2  19 0.39
  2  20 0.55
  2  21 0.26
  2  22 0.19
  3   1 0.48
  3   2 0.35
  3   3 0.54
  3   4 0.36
  3   5 0.50
  3   6 0.66
  3   7 0.56
  3   8 0.61
  3   9 0.43
  3  10 0.60
  3  11 0.51
  3  12 0.71
  3  13 0.50
  3  14 0.68
  3  15 0.65
  3  16 0.71
  3  17 0.48
  3  18 0.36
  3  19 0.66
  3  20 0.46
  3  21 0.35
  3  22 0.30
  4   1 0.48
  4   2 0.55
  4   3 0.36
  4   4 0.10
  4   5 0.36
  4   6 0.30
  4   7 0.22
  4   8 0.38
  4   9 0.55
  4  10 0.34
  4  11 0.29
  4  12 0.33
  4  13 0.39
  4  14 0.33
  4  15 0.27
  4  16 0.32
  4  17 0.31
  4  18 0.47
  4  19 0.22
  4  20 0.34
  4  21 0.28
  4  22 0.20
  5   1 0.58
  5   2 0.46
  5   3 0.69
  5   4 0.35
  5   5 0.56
  5   6 0.57
  5   7 0.51
  5   8 0.63
  5   9 0.52
  5  10 0.67
  5  11 0.53
  5  12 0.74
  5  13 0.61
  5  14 0.61
  5  15 0.62
  5  16 0.72
  5  17 0.52
  5  18 0.51
  5  19 0.71
  5  20 0.58
  5  21 0.38
  5  22 0.29
  6   1 0.54
  6   2 0.54
  6   3 0.45
  6   4 0.18
  6   5 0.56
  6   6 0.31
  6   7 0.25
  6   8 0.50
  6   9 0.54
  6  10 0.36
  6  11 0.34
  6  12 0.49
  6  13 0.43
  6  14 0.41
  6  15 0.38
  6  16 0.46
  6  17 0.36
  6  18 0.59
  6  19 0.36
  6  20 0.55
  6  21 0.32
  6  22 0.16
  7   1 0.65
  7   2 0.62
  7   3 0.64
  7   4 0.24
  7   5 0.52
  7   6 0.41
  7   7 0.36
  7   8 0.53
  7   9 0.65
  7  10 0.55
  7  11 0.45
  7  12 0.63
  7  13 0.63
  7  14 0.54
  7  15 0.50
  7  16 0.57
  7  17 0.43
  7  18 0.68
  7  19 0.43
  7  20 0.70
  7  21 0.43
  7  22 0.33
  8   1 0.59
  8   2 0.68
  8   3 0.42
  8   4 0.15
  8   5 0.54
  8   6 0.36
  8   7 0.28
  8   8 0.48
  8   9 0.64
  8  10 0.36
  8  11 0.41
  8  12 0.48
  8  13 0.45
  8  14 0.45
  8  15 0.35
  8  16 0.47
  8  17 0.39
  8  18 0.56
  8  19 0.32
  8  20 0.55
  8  21 0.36
  8  22 0.25
  9   1 0.63
  9   2 0.61
  9   3 0.60
  9   4 0.24
  9   5 0.60
  9   6 0.45
  9   7 0.31
  9   8 0.62
  9   9 0.68
  9  10 0.51
  9  11 0.43
  9  12 0.61
  9  13 0.54
  9  14 0.52
  9  15 0.49
  9  16 0.57
  9  17 0.48
  9  18 0.64
  9  19 0.46
  9  20 0.61
  9  21 0.38
  9  22 0.23
 10   1 0.39
 10   2 0.35
 10   3 0.45
 10   4 0.40
 10   5 0.46
 10   6 0.48
 10   7 0.27
 10   8 0.48
 10   9 0.42
 10  10 0.41
 10  11 0.41
 10  12 0.49
 10  13 0.40
 10  14 0.56
 10  15 0.49
 10  16 0.48
 10  17 0.49
 10  18 0.36
 10  19 0.46
 10  20 0.45
 10  21 0.36
 10  22 0.31
 11   1 0.62
 11   2 0.52
 11   3 0.66
 11   4 0.28
 11   5 0.58
 11   6 0.51
 11   7 0.37
 11   8 0.63
 11   9 0.62
 11  10 0.60
 11  11 0.52
 11  12 0.69
 11  13 0.65
 11  14 0.59
 11  15 0.63
 11  16 0.65
 11  17 0.56
 11  18 0.62
 11  19 0.58
 11  20 0.69
 11  21 0.43
 11  22 0.36
 12   1 0.46
 12   2 0.59
 12   3 0.42
 12   4 0.19
 12   5 0.54
 12   6 0.35
 12   7 0.25
 12   8 0.52
 12   9 0.56
 12  10 0.41
 12  11 0.44
 12  12 0.49
 12  13 0.45
 12  14 0.46
 12  15 0.36
 12  16 0.43
 12  17 0.43
 12  18 0.56
 12  19 0.36
 12  20 0.54
 12  21 0.36
 12  22 0.26
 13   1 0.40
 13   2 0.48
 13   3 0.50
 13   4 0.25
 13   5 0.67
 13   6 0.36
 13   7 0.27
 13   8 0.57
 13   9 0.46
 13  10 0.43
 13  11 0.45
 13  12 0.49
 13  13 0.47
 13  14 0.52
 13  15 0.48
 13  16 0.48
 13  17 0.46
 13  18 0.51
 13  19 0.43
 13  20 0.51
 13  21 0.35
 13  22 0.27
 14   1 0.38
 14   2 0.26
 14   3 0.50
 14   4 0.23
 14   5 0.51
 14   6 0.29
 14   7 0.25
 14   8 0.44
 14   9 0.32
 14  10 0.30
 14  11 0.29
 14  12 0.49
 14  13 0.34
 14  14 0.35
 14  15 0.43
 14  16 0.42
 14  17 0.29
 14  18 0.32
 14  19 0.50
 14  20 0.40
 14  21 0.21
 14  22 0.13
 15   1 0.56
 15   2 0.67
 15   3 0.39
 15   4 0.14
 15   5 0.45
 15   6 0.39
 15   7 0.24
 15   8 0.45
 15   9 0.65
 15  10 0.36
 15  11 0.36
 15  12 0.42
 15  13 0.44
 15  14 0.46
 15  15 0.34
 15  16 0.50
 15  17 0.37
 15  18 0.60
 15  19 0.29
 15  20 0.53
 15  21 0.34
 15  22 0.24
 16   1 0.60
 16   2 0.44
 16   3 0.65
 16   4 0.31
 16   5 0.57
 16   6 0.54
 16   7 0.36
 16   8 0.56
 16   9 0.50
 16  10 0.56
 16  11 0.43
 16  12 0.71
 16  13 0.56
 16  14 0.62
 16  15 0.56
 16  16 0.65
 16  17 0.51
 16  18 0.55
 16  19 0.65
 16  20 0.57
 16  21 0.35
 16  22 0.27
 17   1 0.66
 17   2 0.57
 17   3 0.60
 17   4 0.24
 17   5 0.56
 17   6 0.49
 17   7 0.35
 17   8 0.59
 17   9 0.65
 17  10 0.55
 17  11 0.42
 17  12 0.65
 17  13 0.55
 17  14 0.53
 17  15 0.59
 17  16 0.59
 17  17 0.47
 17  18 0.61
 17  19 0.48
 17  20 0.63
 17  21 0.37
 17  22 0.23
 18   1 0.30
 18   2 0.33
 18   3 0.40
 18   4 0.47
 18   5 0.42
 18   6 0.55
 18   7 0.41
 18   8 0.64
 18   9 0.30
 18  10 0.52
 18  11 0.60
 18  12 0.49
 18  13 0.44
 18  14 0.62
 18  15 0.57
 18  16 0.54
 18  17 0.57
 18  18 0.31
 18  19 0.63
 18  20 0.38
 18  21 0.40
 18  22 0.31
 19   1 0.42
 19   2 0.63
 19   3 0.27
 19   4 0.10
 19   5 0.37
 19   6 0.27
 19   7 0.16
 19   8 0.30
 19   9 0.52
 19  10 0.27
 19  11 0.30
 19  12 0.30
 19  13 0.36
 19  14 0.34
 19  15 0.23
 19  16 0.35
 19  17 0.27
 19  18 0.49
 19  19 0.19
 19  20 0.42
 19  21 0.26
 19  22 0.24
 20   1 0.53
 20   2 0.45
 20   3 0.57
 20   4 0.30
 20   5 0.47
 20   6 0.48
 20   7 0.36
 20   8 0.53
 20   9 0.45
 20  10 0.53
 20  11 0.39
 20  12 0.58
 20  13 0.48
 20  14 0.55
 20  15 0.56
 20  16 0.59
 20  17 0.39
 20  18 0.39
 20  19 0.60
 20  20 0.50
 20  21 0.30
 20  22 0.23
 21   1 0.61
 21   2 0.56
 21   3 0.50
 21   4 0.19
 21   5 0.61
 21   6 0.41
 21   7 0.30
 21   8 0.56
 21   9 0.63
 21  10 0.39
 21  11 0.39
 21  12 0.58
 21  13 0.46
 21  14 0.50
 21  15 0.47
 21  16 0.53
 21  17 0.43
 21  18 0.58
 21  19 0.42
 21  20 0.57
 21  21 0.33
 21  22 0.20
 22   1 0.69
 22   2 0.67
 22   3 0.46
 22   4 0.16
 22   5 0.50
 22   6 0.42
 22   7 0.26
 22   8 0.46
 22   9 0.74
 22  10 0.41
 22  11 0.34
 22  12 0.49
 22  13 0.45
 22  14 0.46
 22  15 0.40
 22  16 0.53
 22  17 0.37
 22  18 0.67
 22  19 0.29
 22  20 0.62
 22  21 0.34
 22  22 0.19
  1   1 0.69
  1   2 0.64
  1   3 0.53
  1   4 0.24
  1   5 0.53
  1   6 0.48
  1   7 0.28
  1   8 0.57
  1   9 0.72
  1  10 0.44
  1  11 0.41
  1  12 0.58
  1  13 0.51
  1  14 0.56
  1  15 0.49
  1  16 0.65
  1  17 0.48
  1  18 0.65
  1  19 0.46
  1  20 0.65
  1  21 0.40
  1  22 0.22
  2   1 0.48
  2   2 0.45
  2   3 0.46
  2   4 0.15
  2   5 0.52
  2   6 0.29
  2   7 0.24
  2   8 0.49
  2   9 0.40
  2  10 0.33
  2  11 0.32
  2  12 0.50
  2  13 0.41
  2  14 0.40
  2  15 0.46
  2  16 0.47
  2  17 0.31
  2  18 0.45
  2  19 0.39
  2  20 0.55
  2  21 0.26
  2  22 0.19
  3   1 0.48
  3   2 0.35
  3   3 0.54
  3   4 0.36
  3   5 0.50
  3   6 0.66
  3   7 0.56
  3   8 0.60
  3   9 0.43
  3  10 0.60
  3  11 0.51
  3  12 0.71
  3  13 0.50
  3  14 0.68
  3  15 0.65
  3  16 0.71
  3  17 0.48
  3  18 0.36
  3  19 0.66
  3  20 0.46
  3  21 0.35
  3  22 0.30
  4   1 0.48
  4   2 0.55
  4   3 0.36
  4   4 0.10
  4   5 0.36
  4   6 0.30
  4   7 0.22
  4   8 0.38
  4   9 0.55
  4  10 0.34
  4  11 0.29
  4  12 0.32
  4  13 0.39
  4  14 0.33
  4  15 0.27
  4  16 0.32
  4  17 0.31
  4  18 0.47
  4  19 0.22
  4  20 0.34
  4  21 0.28
  4  22 0.20
  5   1 0.58
  5   2 0.46
  5   3 0.69
  5   4 0.35
  5   5 0.56
  5   6 0.57
  5   7 0.51
  5   8 0.63
  5   9 0.52
  5  10 0.67
  5  11 0.53
  5  12 0.74
  5  13 0.61
  5  14 0.61
  5  15 0.62
  5  16 0.72
  5  17 0.52
  5  18 0.51
  5  19 0.71
  5  20 0.58
  5  21 0.38
  5  22 0.29
  6   1 0.54
  6   2 0.54
  6   3 0.45
  6   4 0.18
  6   5 0.55
  6   6 0.31
  6   7 0.24
  6   8 0.50
  6   9 0.54
  6  10 0.36
  6  11 0.34
  6  12 0.49
  6  13 0.43
  6  14 0.41
  6  15 0.38
  6  16 0.46
  6  17 0.36
  6  18 0.59
  6  19 0.36
  6  20 0.55
  6  21 0.32
  6  22 0.16
  7   1 0.65
  7   2 0.62
  7   3 0.64
  7   4 0.24
  7   5 0.52
  7   6 0.41
  7   7 0.36
  7   8 0.53
  7   9 0.65
  7  10 0.55
  7  11 0.45
  7  12 0.63
  7  13 0.63
  7  14 0.54
  7  15 0.50
  7  16 0.57
  7  17 0.43
  7  18 0.68
  7  19 0.43
  7  20 0.70
  7  21 0.43
  7  22 0.33
  8   1 0.59
  8   2 0.68
  8   3 0.42
  8   4 0.15
  8   5 0.54
  8   6 0.36
  8   7 0.28
  8   8 0.48
  8   9 0.64
  8  10 0.36
  8  11 0.41
  8  12 0.48
  8  13 0.45
  8  14 0.45
  8  15 0.35
  8  16 0.47
  8  17 0.39
  8  18 0.56
  8  19 0.32
  8  20 0.55
  8  21 0.36
  8  22 0.24
  9   1 0.63
  9   2 0.61
  9   3 0.60
  9   4 0.24
  9   5 0.60
  9   6 0.45
  9   7 0.31
  9   8 0.62
  9   9 0.68
  9  10 0.50
  9  11 0.43
  9  12 0.61
  9  13 0.54
  9  14 0.52
  9  15 0.49
  9  16 0.57
  9  17 0.48
  9  18 0.64
  9  19 0.46
  9  20 0.61
  9  21 0.38
  9  22 0.23
 10   1 0.39
 10   2 0.35
 10   3 0.45
 10   4 0.40
 10   5 0.46
 10   6 0.48
 10   7 0.27
 10   8 0.48
 10   9 0.42
 10  10 0.40
 10  11 0.41
 10  12 0.49
 10  13 0.40
 10  14 0.56
 10  15 0.49
 10  16 0.48
 10  17 0.49
 10  18 0.36
 10  19 0.46
 10  20 0.45
 10  21 0.36
 10  22 0.31
 11   1 0.62
 11   2 0.52
 11   3 0.66
 11   4 0.28
 11   5 0.58
 11   6 0.51
 11   7 0.37
 11   8 0.63
 11   9 0.62
 11  10 0.60
 11  11 0.52
 11  12 0.69
 11  13 0.65
 11  14 0.59
 11  15 0.63
 11  16 0.65
 11  17 0.56
 11  18 0.62
 11  19 0.58
 11  20 0.69
 11  21 0.43
 11  22 0.36
 12   1 0.46
 12   2 0.59
 12   3 0.42
 12   4 0.19
 12   5 0.54
 12   6 0.35
 12   7 0.25
 12   8 0.52
 12   9 0.56
 12  10 0.41
 12  11 0.44
 12  12 0.49
 12  13 0.45
 12  14 0.46
 12  15 0.36
 12  16 0.43
 12  17 0.43
 12  18 0.56
 12  19 0.36
 12  20 0.54
 12  21 0.36
 12  22 0.26
 13   1 0.40
 13   2 0.48
 13   3 0.50
 13   4 0.25
 13   5 0.67
 13   6 0.36
 13   7 0.27
 13   8 0.57
 13   9 0.46
 13  10 0.43
 13  11 0.44
 13  12 0.49
 13  13 0.46
 13  14 0.52
 13  15 0.48
 13  16 0.48
 13  17 0.46
 13  18 0.51
 13  19 0.43
 13  20 0.51
 13  21 0.34
 13  22 0.27
 14   1 0.38
 14   2 0.26
 14   3 0.50
 14   4 0.23
 14   5 0.51
 14   6 0.29
 14   7 0.25
 14   8 0.44
 14   9 0.32
 14  10 0.30
 14  11 0.29
 14  12 0.49
 14  13 0.34
 14  14 0.35
 14  15 0.43
 14  16 0.42
 14  17 0.29
 14  18 0.32
 14  19 0.50
 14  20 0.40
 14  21 0.21
 14  22 0.13
 15   1 0.56
 15   2 0.67
 15   3 0.39
 15   4 0.14
 15   5 0.45
 15   6 0.39
 15   7 0.24
 15   8 0.45
 15   9 0.65
 15  10 0.36
 15  11 0.36
 15  12 0.42
 15  13 0.44
 15  14 0.46
 15  15 0.34
 15  16 0.50
 15  17 0.37
 15  18 0.60
 15  19 0.29
 15  20 0.53
 15  21 0.34
 15  22 0.24
 16   1 0.60
 16   2 0.44
 16   3 0.65
 16   4 0.30
 16   5 0.57
 16   6 0.54
 16   7 0.36
 16   8 0.55
 16   9 0.50
 16  10 0.56
 16  11 0.43
 16  12 0.71
 16  13 0.56
 16  14 0.62
 16  15 0.56
 16  16 0.65
 16  17 0.51
 16  18 0.55
 16  19 0.65
 16  20 0.57
 16  21 0.35
 16  22 0.27
 17   1 0.66
 17   2 0.57
 17   3 0.60
 17   4 0.24
 17   5 0.56
 17   6 0.49
 17   7 0.35
 17   8 0.59
 17   9 0.65
 17  10 0.55
 17  11 0.42
 17  12 0.65
 17  13 0.55
 17  14 0.53
 17  15 0.59
 17  16 0.59
 17  17 0.47
 17  18 0.61
 17  19 0.48
 17  20 0.63
 17  21 0.37
 17  22 0.23
 18   1 0.30
 18   2 0.33
 18   3 0.40
 18   4 0.47
 18   5 0.42
 18   6 0.55
 18   7 0.41
 18   8 0.64
 18   9 0.30
 18  10 0.52
 18  11 0.60
 18  12 0.49
 18  13 0.44
 18  14 0.62
 18  15 0.57
 18  16 0.53
 18  17 0.57
 18  18 0.31
 18  19 0.63
 18  20 0.38
 18  21 0.40
 18  22 0.31
 19   1 0.42
 19   2 0.63
 19   3 0.27
 19   4 0.10
 19   5 0.37
 19   6 0.27
 19   7 0.16
 19   8 0.30
 19   9 0.52
 19  10 0.27
 19  11 0.30
 19  12 0.30
 19  13 0.36
 19  14 0.34
 19  15 0.23
 19  16 0.35
 19  17 0.27
 19  18 0.49
 19  19 0.19
 19  20 0.42
 19  21 0.26
 19  22 0.24
 20   1 0.53
 20   2 0.45
 20   3 0.57
 20   4 0.30
 20   5 0.47
 20   6 0.48
 20   7 0.36
 20   8 0.53
 20   9 0.45
 20  10 0.53
 20  11 0.39
 20  12 0.58
 20  13 0.48
 20  14 0.55
 20  15 0.56
 20  16 0.59
 20  17 0.39
 20  18 0.39
 20  19 0.60
 20  20 0.50
 20  21 0.30
 20  22 0.23
 21   1 0.61
 21   2 0.56
 21   3 0.50
 21   4 0.19
 21   5 0.61
 21   6 0.41
 21   7 0.30
 21   8 0.56
 21   9 0.63
 21  10 0.39
 21  11 0.39
 21  12 0.58
 21  13 0.46
 21  14 0.50
 21  15 0.47
 21  16 0.53
 21  17 0.43
 21  18 0.58
 21  19 0.42
 21  20 0.57
 21  21 0.33
 21  22 0.20
 22   1 0.68
 22   2 0.67
 22   3 0.46
 22   4 0.16
 22   5 0.50
 22   6 0.42
 22   7 0.26
 22   8 0.46
 22   9 0.74
 22  10 0.41
 22  11 0.34
 22  12 0.49
 22  13 0.45
 22  14 0.46
 22  15 0.40
 22  16 0.53
 22  17 0.37
 22  18 0.67
 22  19 0.29
 22  20 0.61
 22  21 0.34
 22  22 0.19
