  1   1 0.68
  1   2 0.59
  1   3 0.69
  1   4 0.66
  1   5 0.66
  1   6 0.70
  1   7 0.67
  1   8 0.66
  1   9 0.72
  1  10 0.61
  1  11 0.67
  1  12 0.67
  1  13 0.65
  1  14 0.72
  1  15 0.60
  1  16 0.59
  1  17 0.54
  1  18 0.76
  1  19 0.70
  1  20 0.75
  1  21 0.59
  1  22 0.60
  2   1 0.66
  2   2 0.65
  2   3 0.69
  2   4 0.59
  2   5 0.59
  2   6 0.66
  2   7 0.80
  2   8 0.74
  2   9 0.61
  2  10 0.51
  2  11 0.66
  2  12 0.66
  2  13 0.67
  2  14 0.62
  2  15 0.53
  2  16 0.55
  2  17 0.49
  2  18 0.72
  2  19 0.63
  2  20 0.73
  2  21 0.56
  2  22 0.65
  3   1 0.67
  3   2 0.58
  3   3 0.66
  3   4 0.51
  3   5 0.67
  3   6 0.74
  3   7 0.67
  3   8 0.66
  3   9 0.73
  3  10 0.65
  3  11 0.70
  3  12 0.69
  3  13 0.69
  3  14 0.69
  3  15 0.62
  3  16 0.62
  3  17 0.59
  3  18 0.77
  3  19 0.71
  3  20 0.72
  3  21 0.60
  3  22 0.56
  4   1 0.74
  4   2 0.59
  4   3 0.63
  4   4 0.45
  4   5 0.46
  4   6 0.65
  4   7 0.58
  4   8 0.61
  4   9 0.56
  4  10 0.60
  4  11 0.69
  4  12 0.75
  4  13 0.74
  4  14 0.60
  4  15 0.56
  4  16 0.53
  4  17 0.64
  4  18 0.66
  4  19 0.72
  4  20 0.62
  4  21 0.65
  4  22 0.49
  5   1 0.67
  5   2 0.60
  5   3 0.66
  5   4 0.51
  5   5 0.63
  5   6 0.75
  5   7 0.69
  5   8 0.72
  5   9 0.64
  5  10 0.66
  5  11 0.67
  5  12 0.71
  5  13 0.70
  5  14 0.68
  5  15 0.63
  5  16 0.69
  5  17 0.59
  5  18 0.74
  5  19 0.73
  5  20 0.76
  5  21 0.66
  5  22 0.60
  6   1 0.66
  6   2 0.53
  6   3 0.63
  6   4 0.62
  6   5 0.54
  6   6 0.71
  6   7 0.57
  6   8 0.59
  6   9 0.65
  6  10 0.64
  6  11 0.67
  6  12 0.65
  6  13 0.65
  6  14 0.64
  6  15 0.58
  6  16 0.56
  6  17 0.62
  6  18 0.71
  6  19 0.63
  6  20 0.67
  6  21 0.56
  6  22 0.49
  7   1 0.71
  7   2 0.61
  7   3 0.63
  7   4 0.51
  7   5 0.69
  7   6 0.74
  7   7 0.60
  7   8 0.66
  7   9 0.72
  7  10 0.69
  7  11 0.67
  7  12 0.64
  7  13 0.65
  7  14 0.71
  7  15 0.67
  7  16 0.65
  7  17 0.63
  7  18 0.67
  7  19 0.69
  7  20 0.67
  7  21 0.59
  7  22 0.51
  8   1 0.52
  8   2 0.57
  8   3 0.28
  8   4 0.21
  8   5 0.36
  8   6 0.50
  8   7 0.52
  8   8 0.57
  8   9 0.36
  8  10 0.46
  8  11 0.57
  8  12 0.61
  8  13 0.48
  8  14 0.33
  8  15 0.46
  8  16 0.56
  8  17 0.56
  8  18 0.53
  8  19 0.44
  8  20 0.51
  8  21 0.59
  8  22 0.36
  9   1 0.59
  9   2 0.52
  9   3 0.52
  9   4 0.36
  9   5 0.72
  9   6 0.73
  9   7 0.50
  9   8 0.61
  9   9 0.66
  9  10 0.74
  9  11 0.64
  9  12 0.60
  9  13 0.61
  9  14 0.63
  9  15 0.71
  9  16 0.71
  9  17 0.66
  9  18 0.53
  9  19 0.61
  9  20 0.57
  9  21 0.62
  9  22 0.39
 10   1 0.67
 10   2 0.57
 10   3 0.64
 10   4 0.57
 10   5 0.57
 10   6 0.66
 10   7 0.71
 10   8 0.67
 10   9 0.65
 10  10 0.60
 10  11 0.73
 10  12 0.71
 10  13 0.70
 10  14 0.63
 10  15 0.59
 10  16 0.58
 10  17 0.60
 10  18 0.69
 10  19 0.62
 10  20 0.69
 10  21 0.61
 10  22 0.61
 11   1 0.76
 11   2 0.60
 11   3 0.75
 11   4 0.53
 11   5 0.56
 11   6 0.71
 11   7 0.60
 11   8 0.69
 11   9 0.54
 11  10 0.60
 11  11 0.64
 11  12 0.76
 11  13 0.78
 11  14 0.70
 11  15 0.62
 11  16 0.57
 11  17 0.56
 11  18 0.72
 11  19 0.82
 11  20 0.71
 11  21 0.69
 11  22 0.61
 12   1 0.70
 12   2 0.56
 12   3 0.55
 12   4 0.34
 12   5 0.41
 12   6 0.62
 12   7 0.56
 12   8 0.58
 12   9 0.44
 12  10 0.58
 12  11 0.57
 12  12 0.68
 12  13 0.69
 12  14 0.51
 12  15 0.54
 12  16 0.52
 12  17 0.57
 12  18 0.60
 12  19 0.69
 12  20 0.54
 12  21 0.64
 12  22 0.48
 13   1 0.37
 13   2 0.27
 13   3 0.26
 13   4 0.19
 13   5 0.35
 13   6 0.44
 13   7 0.29
 13   8 0.29
 13   9 0.37
 13  10 0.52
 13  11 0.42
 13  12 0.38
 13  13 0.39
 13  14 0.40
 13  15 0.45
 13  16 0.42
 13  17 0.59
 13  18 0.30
 13  19 0.33
 13  20 0.32
 13  21 0.44
 13  22 0.22
 14   1 0.67
 14   2 0.50
 14   3 0.70
 14   4 0.65
 14   5 0.53
 14   6 0.63
 14   7 0.55
 14   8 0.57
 14   9 0.67
 14  10 0.62
 14  11 0.69
 14  12 0.65
 14  13 0.67
 14  14 0.66
 14  15 0.54
 14  16 0.51
 14  17 0.59
 14  18 0.68
 14  19 0.69
 14  20 0.68
 14  21 0.53
 14  22 0.52
 15   1 0.72
 15   2 0.57
 15   3 0.61
 15   4 0.43
 15   5 0.57
 15   6 0.72
 15   7 0.61
 15   8 0.68
 15   9 0.55
 15  10 0.66
 15  11 0.68
 15  12 0.72
 15  13 0.73
 15  14 0.59
 15  15 0.64
 15  16 0.67
 15  17 0.67
 15  18 0.68
 15  19 0.69
 15  20 0.69
 15  21 0.68
 15  22 0.52
 16   1 0.73
 16   2 0.58
 16   3 0.65
 16   4 0.49
 16   5 0.58
 16   6 0.74
 16   7 0.63
 16   8 0.64
 16   9 0.58
 16  10 0.61
 16  11 0.65
 16  12 0.73
 16  13 0.67
 16  14 0.66
 16  15 0.63
 16  16 0.64
 16  17 0.57
 16  18 0.75
 16  19 0.74
 16  20 0.76
 16  21 0.62
 16  22 0.55
 17   1 0.60
 17   2 0.51
 17   3 0.49
 17   4 0.33
 17   5 0.51
 17   6 0.67
 17   7 0.54
 17   8 0.56
 17   9 0.55
 17  10 0.65
 17  11 0.64
 17  12 0.63
 17  13 0.63
 17  14 0.51
 17  15 0.56
 17  16 0.63
 17  17 0.68
 17  18 0.53
 17  19 0.57
 17  20 0.55
 17  21 0.64
 17  22 0.40
 18   1 0.61
 18   2 0.51
 18   3 0.54
 18   4 0.35
 18   5 0.54
 18   6 0.72
 18   7 0.48
 18   8 0.55
 18   9 0.48
 18  10 0.65
 18  11 0.58
 18  12 0.62
 18  13 0.63
 18  14 0.61
 18  15 0.62
 18  16 0.63
 18  17 0.59
 18  18 0.58
 18  19 0.68
 18  20 0.59
 18  21 0.60
 18  22 0.44
 19   1 0.64
 19   2 0.60
 19   3 0.49
 19   4 0.41
 19   5 0.39
 19   6 0.56
 19   7 0.52
 19   8 0.63
 19   9 0.41
 19  10 0.49
 19  11 0.58
 19  12 0.65
 19  13 0.59
 19  14 0.52
 19  15 0.50
 19  16 0.55
 19  17 0.52
 19  18 0.63
 19  19 0.62
 19  20 0.68
 19  21 0.60
 19  22 0.51
 20   1 0.64
 20   2 0.69
 20   3 0.52
 20   4 0.46
 20   5 0.65
 20   6 0.74
 20   7 0.75
 20   8 0.72
 20   9 0.62
 20  10 0.64
 20  11 0.67
 20  12 0.66
 20  13 0.61
 20  14 0.59
 20  15 0.61
 20  16 0.70
 20  17 0.61
 20  18 0.69
 20  19 0.66
 20  20 0.74
 20  21 0.65
 20  22 0.58
 21   1 0.42
 21   2 0.37
 21   3 0.32
 21   4 0.19
 21   5 0.48
 21   6 0.58
 21   7 0.32
 21   8 0.47
 21   9 0.38
 21  10 0.63
 21  11 0.38
 21  12 0.41
 21  13 0.45
 21  14 0.43
 21  15 0.55
 21  16 0.63
 21  17 0.51
 21  18 0.34
 21  19 0.43
 21  20 0.37
 21  21 0.55
 21  22 0.25
 22   1 0.63
 22   2 0.66
 22   3 0.51
 22   4 0.42
 22   5 0.60
 22   6 0.74
 22   7 0.67
 22   8 0.74
 22   9 0.53
 22  10 0.59
 22  11 0.64
 22  12 0.66
 22  13 0.61
 22  14 0.55
 22  15 0.63
 22  16 0.67
 22  17 0.57
 22  18 0.64
 22  19 0.62
 22  20 0.68
 22  21 0.65
 22  22 0.59
  1   1 0.68
  1   2 0.59
  1   3 0.69
  1   4 0.66
  1   5 0.66
  1   6 0.70
  1   7 0.67
  1   8 0.66
  1   9 0.71
  1  10 0.60
  1  11 0.67
  1  12 0.67
  1  13 0.65
  1  14 0.72
  1  15 0.60
  1  16 0.58
  1  17 0.54
  1  18 0.76
  1  19 0.70
  1  20 0.75
  1  21 0.58
  1  22 0.59
  2   1 0.66
  2   2 0.65
  2   3 0.69
  2   4 0.59
  2   5 0.59
  2   6 0.66
  2   7 0.80
  2   8 0.74
  2   9 0.61
  2  10 0.51
  2  11 0.66
  2  12 0.66
  2  13 0.67
  2  14 0.62
  2  15 0.52
  2  16 0.55
  2  17 0.49
  2  18 0.72
  2  19 0.63
  2  20 0.72
  2  21 0.56
  2  22 0.65
  3   1 0.67
  3   2 0.58
  3   3 0.66
  3   4 0.50
  3   5 0.66
  3   6 0.74
  3   7 0.67
  3   8 0.66
  3   9 0.72
  3  10 0.65
  3  11 0.70
  3  12 0.69
  3  13 0.69
  3  14 0.68
  3  15 0.62
  3  16 0.62
  3  17 0.58
  3  18 0.77
  3  19 0.71
  3  20 0.72
  3  21 0.60
  3  22 0.56
  4   1 0.74
  4   2 0.58
  4   3 0.63
  4   4 0.44
  4   5 0.46
  4   6 0.65
  4   7 0.58
  4   8 0.61
  4   9 0.55
  4  10 0.59
  4  11 0.69
  4  12 0.75
  4  13 0.74
  4  14 0.60
  4  15 0.56
  4  16 0.53
  4  17 0.63
  4  18 0.66
  4  19 0.71
  4  20 0.62
  4  21 0.64
  4  22 0.49
  5   1 0.67
  5   2 0.59
  5   3 0.66
  5   4 0.51
  5   5 0.63
  5   6 0.75
  5   7 0.69
  5   8 0.72
  5   9 0.63
  5  10 0.66
  5  11 0.67
  5  12 0.71
  5  13 0.70
  5  14 0.68
  5  15 0.63
  5  16 0.69
  5  17 0.59
  5  18 0.74
  5  19 0.73
  5  20 0.76
  5  21 0.65
  5  22 0.59
  6   1 0.66
  6   2 0.53
  6   3 0.63
  6   4 0.62
  6   5 0.54
  6   6 0.70
  6   7 0.57
  6   8 0.59
  6   9 0.64
  6  10 0.64
  6  11 0.67
  6  12 0.65
  6  13 0.65
  6  14 0.64
  6  15 0.58
  6  16 0.55
  6  17 0.62
  6  18 0.71
  6  19 0.63
  6  20 0.66
  6  21 0.55
  6  22 0.49
  7   1 0.71
  7   2 0.61
  7   3 0.63
  7   4 0.51
  7   5 0.68
  7   6 0.73
  7   7 0.60
  7   8 0.66
  7   9 0.72
  7  10 0.69
  7  11 0.67
  7  12 0.64
  7  13 0.65
  7  14 0.71
  7  15 0.67
  7  16 0.65
  7  17 0.63
  7  18 0.67
  7  19 0.69
  7  20 0.67
  7  21 0.59
  7  22 0.50
  8   1 0.51
  8   2 0.57
  8   3 0.28
  8   4 0.21
  8   5 0.36
  8   6 0.49
  8   7 0.52
  8   8 0.57
  8   9 0.36
  8  10 0.46
  8  11 0.56
  8  12 0.61
  8  13 0.47
  8  14 0.32
  8  15 0.46
  8  16 0.56
  8  17 0.56
  8  18 0.53
  8  19 0.43
  8  20 0.51
  8  21 0.59
  8  22 0.35
  9   1 0.58
  9   2 0.52
  9   3 0.52
  9   4 0.36
  9   5 0.72
  9   6 0.73
  9   7 0.50
  9   8 0.61
  9   9 0.66
  9  10 0.74
  9  11 0.64
  9  12 0.60
  9  13 0.60
  9  14 0.63
  9  15 0.71
  9  16 0.71
  9  17 0.66
  9  18 0.53
  9  19 0.61
  9  20 0.57
  9  21 0.61
  9  22 0.39
 10   1 0.67
 10   2 0.57
 10   3 0.64
 10   4 0.56
 10   5 0.57
 10   6 0.66
 10   7 0.71
 10   8 0.66
 10   9 0.65
 10  10 0.60
 10  11 0.73
 10  12 0.71
 10  13 0.69
 10  14 0.63
 10  15 0.58
 10  16 0.57
 10  17 0.60
 10  18 0.69
 10  19 0.62
 10  20 0.68
 10  21 0.61
 10  22 0.61
 11   1 0.76
 11   2 0.60
 11   3 0.75
 11   4 0.53
 11   5 0.56
 11   6 0.71
 11   7 0.60
 11   8 0.68
 11   9 0.54
 11  10 0.60
 11  11 0.64
 11  12 0.76
 11  13 0.78
 11  14 0.69
 11  15 0.62
 11  16 0.57
 11  17 0.56
 11  18 0.72
 11  19 0.81
 11  20 0.71
 11  21 0.69
 11  22 0.61
 12   1 0.70
 12   2 0.55
 12   3 0.54
 12   4 0.34
 12   5 0.41
 12   6 0.61
 12   7 0.56
 12   8 0.58
 12   9 0.43
 12  10 0.58
 12  11 0.57
 12  12 0.67
 12  13 0.69
 12  14 0.51
 12  15 0.54
 12  16 0.52
 12  17 0.57
 12  18 0.60
 12  19 0.69
 12  20 0.54
 12  21 0.64
 12  22 0.48
 13   1 0.36
 13   2 0.26
 13   3 0.26
 13   4 0.19
 13   5 0.34
 13   6 0.44
 13   7 0.29
 13   8 0.28
 13   9 0.37
 13  10 0.52
 13  11 0.42
 13  12 0.37
 13  13 0.39
 13  14 0.39
 13  15 0.45
 13  16 0.41
 13  17 0.59
 13  18 0.30
 13  19 0.33
 13  20 0.31
 13  21 0.43
 13  22 0.22
 14   1 0.67
 14   2 0.50
 14   3 0.69
 14   4 0.65
 14   5 0.53
 14   6 0.63
 14   7 0.55
 14   8 0.57
 14   9 0.67
 14  10 0.62
 14  11 0.69
 14  12 0.65
 14  13 0.67
 14  14 0.66
 14  15 0.54
 14  16 0.51
 14  17 0.59
 14  18 0.68
 14  19 0.68
 14  20 0.68
 14  21 0.53
 14  22 0.51
 15   1 0.72
 15   2 0.57
 15   3 0.61
 15   4 0.43
 15   5 0.57
 15   6 0.72
 15   7 0.61
 15   8 0.68
 15   9 0.55
 15  10 0.66
 15  11 0.67
 15  12 0.72
 15  13 0.73
 15  14 0.59
 15  15 0.64
 15  16 0.67
 15  17 0.67
 15  18 0.68
 15  19 0.69
 15  20 0.69
 15  21 0.68
 15  22 0.51
 16   1 0.73
 16   2 0.57
 16   3 0.65
 16   4 0.49
 16   5 0.58
 16   6 0.73
 16   7 0.63
 16   8 0.64
 16   9 0.57
 16  10 0.61
 16  11 0.65
 16  12 0.72
 16  13 0.66
 16  14 0.65
 16  15 0.63
 16  16 0.64
 16  17 0.56
 16  18 0.75
 16  19 0.74
 16  20 0.76
 16  21 0.61
 16  22 0.54
 17   1 0.60
 17   2 0.51
 17   3 0.49
 17   4 0.33
 17   5 0.50
 17   6 0.67
 17   7 0.54
 17   8 0.56
 17   9 0.55
 17  10 0.65
 17  11 0.63
 17  12 0.63
 17  13 0.62
 17  14 0.51
 17  15 0.56
 17  16 0.63
 17  17 0.68
 17  18 0.53
 17  19 0.57
 17  20 0.55
 17  21 0.63
 17  22 0.39
 18   1 0.60
 18   2 0.51
 18   3 0.53
 18   4 0.35
 18   5 0.54
 18   6 0.72
 18   7 0.48
 18   8 0.54
 18   9 0.48
 18  10 0.65
 18  11 0.58
 18  12 0.61
 18  13 0.63
 18  14 0.61
 18  15 0.61
 18  16 0.62
 18  17 0.59
 18  18 0.58
 18  19 0.68
 18  20 0.59
 18  21 0.60
 18  22 0.43
 19   1 0.64
 19   2 0.60
 19   3 0.49
 19   4 0.41
 19   5 0.39
 19   6 0.55
 19   7 0.52
 19   8 0.62
 19   9 0.41
 19  10 0.49
 19  11 0.58
 19  12 0.65
 19  13 0.59
 19  14 0.51
 19  15 0.49
 19  16 0.54
 19  17 0.51
 19  18 0.63
 19  19 0.62
 19  20 0.68
 19  21 0.59
 19  22 0.51
 20   1 0.64
 20   2 0.69
 20   3 0.52
 20   4 0.46
 20   5 0.65
 20   6 0.74
 20   7 0.75
 20   8 0.72
 20   9 0.62
 20  10 0.63
 20  11 0.67
 20  12 0.65
 20  13 0.61
 20  14 0.58
 20  15 0.61
 20  16 0.70
 20  17 0.60
 20  18 0.69
 20  19 0.65
 20  20 0.74
 20  21 0.65
 20  22 0.57
 21   1 0.42
 21   2 0.37
 21   3 0.32
 21   4 0.19
 21   5 0.48
 21   6 0.58
 21   7 0.32
 21   8 0.46
 21   9 0.38
 21  10 0.63
 21  11 0.37
 21  12 0.41
 21  13 0.45
 21  14 0.43
 21  15 0.55
 21  16 0.63
 21  17 0.51
 21  18 0.34
 21  19 0.43
 21  20 0.37
 21  21 0.54
 21  22 0.25
 22   1 0.63
 22   2 0.66
 22   3 0.51
 22   4 0.41
 22   5 0.59
 22   6 0.74
 22   7 0.67
 22   8 0.74
 22   9 0.52
 22  10 0.58
 22  11 0.64
 22  12 0.66
 22  13 0.61
 22  14 0.55
 22  15 0.62
 22  16 0.67
 22  17 0.57
 22  18 0.64
 22  19 0.62
 22  20 0.68
 22  21 0.65
 22  22 0.59
  1   1 0.68
  1   2 0.59
  1   3 0.69
  1   4 0.66
  1   5 0.66
  1   6 0.70
  1   7 0.67
  1   8 0.66
  1   9 0.71
  1  10 0.60
  1  11 0.67
  1  12 0.67
  1  13 0.65
  1  14 0.72
  1  15 0.60
  1  16 0.58
  1  17 0.54
  1  18 0.76
  1  19 0.70
  1  20 0.75
  1  21 0.58
  1  22 0.59
  2   1 0.66
  2   2 0.65
  2   3 0.69
  2   4 0.59
  2   5 0.59
  2   6 0.66
  2   7 0.80
  2   8 0.74
  2   9 0.61
  2  10 0.51
  2  11 0.66
  2  12 0.66
  2  13 0.67
  2  14 0.62
  2  15 0.52
  2  16 0.55
  2  17 0.49
  2  18 0.72
  2  19 0.63
  2  20 0.72
  2  21 0.56
  2  22 0.65
  3   1 0.67
  3   2 0.58
  3   3 0.66
  3   4 0.50
  3   5 0.66
  3   6 0.74
  3   7 0.67
  3   8 0.66
  3   9 0.72
  3  10 0.65
  3  11 0.70
  3  12 0.69
  3  13 0.69
  3  14 0.68
  3  15 0.62
  3  16 0.62
  3  17 0.58
  3  18 0.77
  3  19 0.71
  3  20 0.72
  3  21 0.60
  3  22 0.56
  4   1 0.74
  4   2 0.58
  4   3 0.63
  4   4 0.44
  4   5 0.46
  4   6 0.65
  4   7 0.58
  4   8 0.61
  4   9 0.55
  4  10 0.59
  4  11 0.69
  4  12 0.75
  4  13 0.74
  4  14 0.60
  4  15 0.56
  4  16 0.53
  4  17 0.63
  4  18 0.66
  4  19 0.71
  4  20 0.62
  4  21 0.64
  4  22 0.49
  5   1 0.67
  5   2 0.59
  5   3 0.66
  5   4 0.51
  5   5 0.63
  5   6 0.75
  5   7 0.69
  5   8 0.72
  5   9 0.63
  5  10 0.66
  5  11 0.67
  5  12 0.71
  5  13 0.70
  5  14 0.68
  5  15 0.63
  5  16 0.69
  5  17 0.59
  5  18 0.74
  5  19 0.73
  5  20 0.76
  5  21 0.65
  5  22 0.59
  6   1 0.66
  6   2 0.53
  6   3 0.63
  6   4 0.62
  6   5 0.54
  6   6 0.70
  6   7 0.57
  6   8 0.59
  6   9 0.64
  6  10 0.64
  6  11 0.67
  6  12 0.65
  6  13 0.65
  6  14 0.64
  6  15 0.58
  6  16 0.55
  6  17 0.62
  6  18 0.71
  6  19 0.63
  6  20 0.66
  6  21 0.55
  6  22 0.49
  7   1 0.71
  7   2 0.61
  7   3 0.63
  7   4 0.51
  7   5 0.68
  7   6 0.73
  7   7 0.60
  7   8 0.66
  7   9 0.72
  7  10 0.69
  7  11 0.67
  7  12 0.64
  7  13 0.65
  7  14 0.71
  7  15 0.67
  7  16 0.65
  7  17 0.63
  7  18 0.67
  7  19 0.69
  7  20 0.67
  7  21 0.59
  7  22 0.50
  8   1 0.51
  8   2 0.57
  8   3 0.28
  8   4 0.21
  8   5 0.36
  8   6 0.49
  8   7 0.52
  8   8 0.57
  8   9 0.36
  8  10 0.46
  8  11 0.56
  8  12 0.61
  8  13 0.47
  8  14 0.32
  8  15 0.46
  8  16 0.56
  8  17 0.56
  8  18 0.53
  8  19 0.43
  8  20 0.51
  8  21 0.59
  8  22 0.35
  9   1 0.58
  9   2 0.52
  9   3 0.52
  9   4 0.36
  9   5 0.72
  9   6 0.73
  9   7 0.50
  9   8 0.61
  9   9 0.66
  9  10 0.74
  9  11 0.64
  9  12 0.60
  9  13 0.60
  9  14 0.63
  9  15 0.71
  9  16 0.71
  9  17 0.66
  9  18 0.53
  9  19 0.61
  9  20 0.57
  9  21 0.61
  9  22 0.39
 10   1 0.67
 10   2 0.57
 10   3 0.64
 10   4 0.56
 10   5 0.57
 10   6 0.66
 10   7 0.71
 10   8 0.66
 10   9 0.65
 10  10 0.60
 10  11 0.73
 10  12 0.71
 10  13 0.69
 10  14 0.63
 10  15 0.58
 10  16 0.57
 10  17 0.60
 10  18 0.69
 10  19 0.62
 10  20 0.68
 10  21 0.61
 10  22 0.61
 11   1 0.76
 11   2 0.60
 11   3 0.75
 11   4 0.53
 11   5 0.56
 11   6 0.71
 11   7 0.60
 11   8 0.68
 11   9 0.54
 11  10 0.60
 11  11 0.64
 11  12 0.76
 11  13 0.78
 11  14 0.69
 11  15 0.62
 11  16 0.57
 11  17 0.56
 11  18 0.72
 11  19 0.81
 11  20 0.71
 11  21 0.69
 11  22 0.61
 12   1 0.70
 12   2 0.55
 12   3 0.54
 12   4 0.34
 12   5 0.41
 12   6 0.61
 12   7 0.56
 12   8 0.58
 12   9 0.43
 12  10 0.58
 12  11 0.57
 12  12 0.67
 12  13 0.69
 12  14 0.51
 12  15 0.54
 12  16 0.52
 12  17 0.57
 12  18 0.60
 12  19 0.69
 12  20 0.54
 12  21 0.64
 12  22 0.48
 13   1 0.36
 13   2 0.26
 13   3 0.26
 13   4 0.19
 13   5 0.34
 13   6 0.44
 13   7 0.29
 13   8 0.28
 13   9 0.37
 13  10 0.52
 13  11 0.42
 13  12 0.37
 13  13 0.39
 13  14 0.39
 13  15 0.45
 13  16 0.41
 13  17 0.59
 13  18 0.30
 13  19 0.33
 13  20 0.31
 13  21 0.43
 13  22 0.22
 14   1 0.67
 14   2 0.50
 14   3 0.69
 14   4 0.65
 14   5 0.53
 14   6 0.63
 14   7 0.55
 14   8 0.57
 14   9 0.67
 14  10 0.62
 14  11 0.69
 14  12 0.65
 14  13 0.67
 14  14 0.66
 14  15 0.54
 14  16 0.51
 14  17 0.59
 14  18 0.68
 14  19 0.68
 14  20 0.68
 14  21 0.53
 14  22 0.51
 15   1 0.72
 15   2 0.57
 15   3 0.61
 15   4 0.43
 15   5 0.57
 15   6 0.72
 15   7 0.61
 15   8 0.68
 15   9 0.55
 15  10 0.66
 15  11 0.67
 15  12 0.72
 15  13 0.73
 15  14 0.59
 15  15 0.64
 15  16 0.67
 15  17 0.67
 15  18 0.68
 15  19 0.69
 15  20 0.69
 15  21 0.68
 15  22 0.51
 16   1 0.73
 16   2 0.57
 16   3 0.65
 16   4 0.49
 16   5 0.58
 16   6 0.73
 16   7 0.63
 16   8 0.64
 16   9 0.57
 16  10 0.61
 16  11 0.65
 16  12 0.72
 16  13 0.66
 16  14 0.65
 16  15 0.63
 16  16 0.64
 16  17 0.56
 16  18 0.75
 16  19 0.74
 16  20 0.76
 16  21 0.61
 16  22 0.54
 17   1 0.60
 17   2 0.51
 17   3 0.49
 17   4 0.33
 17   5 0.50
 17   6 0.67
 17   7 0.54
 17   8 0.56
 17   9 0.55
 17  10 0.65
 17  11 0.63
 17  12 0.63
 17  13 0.62
 17  14 0.51
 17  15 0.56
 17  16 0.63
 17  17 0.68
 17  18 0.53
 17  19 0.57
 17  20 0.55
 17  21 0.63
 17  22 0.39
 18   1 0.60
 18   2 0.51
 18   3 0.53
 18   4 0.35
 18   5 0.54
 18   6 0.72
 18   7 0.48
 18   8 0.54
 18   9 0.48
 18  10 0.65
 18  11 0.58
 18  12 0.61
 18  13 0.63
 18  14 0.61
 18  15 0.61
 18  16 0.62
 18  17 0.59
 18  18 0.58
 18  19 0.68
 18  20 0.59
 18  21 0.60
 18  22 0.43
 19   1 0.64
 19   2 0.60
 19   3 0.49
 19   4 0.41
 19   5 0.39
 19   6 0.55
 19   7 0.52
 19   8 0.62
 19   9 0.41
 19  10 0.49
 19  11 0.58
 19  12 0.65
 19  13 0.59
 19  14 0.51
 19  15 0.49
 19  16 0.54
 19  17 0.51
 19  18 0.63
 19  19 0.62
 19  20 0.68
 19  21 0.59
 19  22 0.51
 20   1 0.64
 20   2 0.69
 20   3 0.52
 20   4 0.46
 20   5 0.65
 20   6 0.74
 20   7 0.75
 20   8 0.72
 20   9 0.62
 20  10 0.63
 20  11 0.67
 20  12 0.65
 20  13 0.61
 20  14 0.58
 20  15 0.61
 20  16 0.70
 20  17 0.60
 20  18 0.69
 20  19 0.65
 20  20 0.74
 20  21 0.65
 20  22 0.57
 21   1 0.42
 21   2 0.37
 21   3 0.32
 21   4 0.19
 21   5 0.48
 21   6 0.58
 21   7 0.32
 21   8 0.46
 21   9 0.38
 21  10 0.63
 21  11 0.37
 21  12 0.41
 21  13 0.45
 21  14 0.43
 21  15 0.55
 21  16 0.63
 21  17 0.51
 21  18 0.34
 21  19 0.43
 21  20 0.37
 21  21 0.54
 21  22 0.25
 22   1 0.63
 22   2 0.66
 22   3 0.51
 22   4 0.41
 22   5 0.59
 22   6 0.74
 22   7 0.67
 22   8 0.74
 22   9 0.52
 22  10 0.58
 22  11 0.64
 22  12 0.66
 22  13 0.61
 22  14 0.55
 22  15 0.62
 22  16 0.67
 22  17 0.57
 22  18 0.64
 22  19 0.62
 22  20 0.68
 22  21 0.65
 22  22 0.59
