  1   1 1.00
  1   2 0.26
  1   3 0.60
  1   4 0.31
  1   5 0.40
  1   6 0.27
  1   7 0.32
  1   8 0.28
  1   9 0.41
  1  10 0.18
  1  11 0.37
  1  12 0.47
  1  13 0.11
  1  14 0.46
  1  15 0.26
  1  16 0.52
  1  17 0.23
  1  18 0.51
  1  19 0.48
  1  20 0.30
  1  21 0.19
  1  22 0.58
  2   1 0.26
  2   2 1.00
  2   3 0.46
  2   4 0.44
  2   5 0.40
  2   6 0.19
  2   7 0.41
  2   8 0.69
  2   9 0.54
  2  10 0.68
  2  11 0.57
  2  12 0.46
  2  13 0.09
  2  14 0.64
  2  15 0.59
  2  16 0.49
  2  17 0.18
  2  18 0.46
  2  19 0.46
  2  20 0.65
  2  21 0.55
  2  22 0.48
  3   1 0.60
  3   2 0.46
  3   3 1.00
  3   4 0.35
  3   5 0.55
  3   6 0.20
  3   7 0.32
  3   8 0.41
  3   9 0.61
  3  10 0.34
  3  11 0.46
  3  12 0.56
  3  13 0.09
  3  14 0.49
  3  15 0.52
  3  16 0.48
  3  17 0.23
  3  18 0.47
  3  19 0.50
  3  20 0.54
  3  21 0.26
  3  22 0.68
  4   1 0.31
  4   2 0.44
  4   3 0.35
  4   4 1.00
  4   5 0.27
  4   6 0.34
  4   7 0.25
  4   8 0.49
  4   9 0.41
  4  10 0.48
  4  11 0.45
  4  12 0.31
  4  13 0.18
  4  14 0.60
  4  15 0.49
  4  16 0.34
  4  17 0.29
  4  18 0.40
  4  19 0.38
  4  20 0.45
  4  21 0.33
  4  22 0.35
  5   1 0.40
  5   2 0.40
  5   3 0.55
  5   4 0.27
  5   5 1.00
  5   6 0.08
  5   7 0.47
  5   8 0.36
  5   9 0.37
  5  10 0.34
  5  11 0.53
  5  12 0.42
  5  13 0.08
  5  14 0.35
  5  15 0.38
  5  16 0.61
  5  17 0.12
  5  18 0.42
  5  19 0.60
  5  20 0.39
  5  21 0.25
  5  22 0.53
  6   1 0.27
  6   2 0.19
  6   3 0.20
  6   4 0.34
  6   5 0.08
  6   6 1.00
  6   7 0.09
  6   8 0.23
  6   9 0.27
  6  10 0.18
  6  11 0.17
  6  12 0.20
  6  13 0.14
  6  14 0.37
  6  15 0.16
  6  16 0.18
  6  17 0.18
  6  18 0.24
  6  19 0.15
  6  20 0.24
  6  21 0.21
  6  22 0.24
  7   1 0.32
  7   2 0.41
  7   3 0.32
  7   4 0.25
  7   5 0.47
  7   6 0.09
  7   7 1.00
  7   8 0.46
  7   9 0.31
  7  10 0.38
  7  11 0.45
  7  12 0.56
  7  13 0.09
  7  14 0.36
  7  15 0.28
  7  16 0.70
  7  17 0.12
  7  18 0.51
  7  19 0.51
  7  20 0.32
  7  21 0.29
  7  22 0.34
  8   1 0.28
  8   2 0.69
  8   3 0.41
  8   4 0.49
  8   5 0.36
  8   6 0.23
  8   7 0.46
  8   8 1.00
  8   9 0.59
  8  10 0.75
  8  11 0.51
  8  12 0.48
  8  13 0.20
  8  14 0.58
  8  15 0.58
  8  16 0.52
  8  17 0.30
  8  18 0.56
  8  19 0.47
  8  20 0.55
  8  21 0.48
  8  22 0.36
  9   1 0.41
  9   2 0.54
  9   3 0.61
  9   4 0.41
  9   5 0.37
  9   6 0.27
  9   7 0.31
  9   8 0.59
  9   9 1.00
  9  10 0.61
  9  11 0.43
  9  12 0.42
  9  13 0.17
  9  14 0.64
  9  15 0.54
  9  16 0.44
  9  17 0.29
  9  18 0.46
  9  19 0.44
  9  20 0.69
  9  21 0.46
  9  22 0.42
 10   1 0.18
 10   2 0.68
 10   3 0.34
 10   4 0.48
 10   5 0.34
 10   6 0.18
 10   7 0.38
 10   8 0.75
 10   9 0.61
 10  10 1.00
 10  11 0.45
 10  12 0.40
 10  13 0.15
 10  14 0.58
 10  15 0.59
 10  16 0.41
 10  17 0.17
 10  18 0.47
 10  19 0.37
 10  20 0.65
 10  21 0.54
 10  22 0.32
 11   1 0.37
 11   2 0.57
 11   3 0.46
 11   4 0.45
 11   5 0.53
 11   6 0.17
 11   7 0.45
 11   8 0.51
 11   9 0.43
 11  10 0.45
 11  11 1.00
 11  12 0.46
 11  13 0.10
 11  14 0.48
 11  15 0.47
 11  16 0.48
 11  17 0.16
 11  18 0.33
 11  19 0.58
 11  20 0.49
 11  21 0.44
 11  22 0.45
 12   1 0.47
 12   2 0.46
 12   3 0.56
 12   4 0.31
 12   5 0.42
 12   6 0.20
 12   7 0.56
 12   8 0.48
 12   9 0.42
 12  10 0.40
 12  11 0.46
 12  12 1.00
 12  13 0.09
 12  14 0.42
 12  15 0.40
 12  16 0.62
 12  17 0.10
 12  18 0.57
 12  19 0.60
 12  20 0.54
 12  21 0.24
 12  22 0.56
 13   1 0.11
 13   2 0.09
 13   3 0.09
 13   4 0.18
 13   5 0.08
 13   6 0.14
 13   7 0.09
 13   8 0.20
 13   9 0.17
 13  10 0.15
 13  11 0.10
 13  12 0.09
 13  13 1.00
 13  14 0.16
 13  15 0.10
 13  16 0.14
 13  17 0.25
 13  18 0.14
 13  19 0.12
 13  20 0.10
 13  21 0.14
 13  22 0.06
 14   1 0.46
 14   2 0.64
 14   3 0.49
 14   4 0.60
 14   5 0.35
 14   6 0.37
 14   7 0.36
 14   8 0.58
 14   9 0.64
 14  10 0.58
 14  11 0.48
 14  12 0.42
 14  13 0.16
 14  14 1.00
 14  15 0.49
 14  16 0.51
 14  17 0.30
 14  18 0.53
 14  19 0.52
 14  20 0.60
 14  21 0.53
 14  22 0.45
 15   1 0.26
 15   2 0.59
 15   3 0.52
 15   4 0.49
 15   5 0.38
 15   6 0.16
 15   7 0.28
 15   8 0.58
 15   9 0.54
 15  10 0.59
 15  11 0.47
 15  12 0.40
 15  13 0.10
 15  14 0.49
 15  15 1.00
 15  16 0.31
 15  17 0.27
 15  18 0.47
 15  19 0.42
 15  20 0.66
 15  21 0.39
 15  22 0.44
 16   1 0.52
 16   2 0.49
 16   3 0.48
 16   4 0.34
 16   5 0.61
 16   6 0.18
 16   7 0.70
 16   8 0.52
 16   9 0.44
 16  10 0.41
 16  11 0.48
 16  12 0.62
 16  13 0.14
 16  14 0.51
 16  15 0.31
 16  16 1.00
 16  17 0.21
 16  18 0.65
 16  19 0.69
 16  20 0.38
 16  21 0.32
 16  22 0.49
 17   1 0.23
 17   2 0.18
 17   3 0.23
 17   4 0.29
 17   5 0.12
 17   6 0.18
 17   7 0.12
 17   8 0.30
 17   9 0.29
 17  10 0.17
 17  11 0.16
 17  12 0.10
 17  13 0.25
 17  14 0.30
 17  15 0.27
 17  16 0.21
 17  17 1.00
 17  18 0.23
 17  19 0.24
 17  20 0.18
 17  21 0.26
 17  22 0.16
 18   1 0.51
 18   2 0.46
 18   3 0.47
 18   4 0.40
 18   5 0.42
 18   6 0.24
 18   7 0.51
 18   8 0.56
 18   9 0.46
 18  10 0.47
 18  11 0.33
 18  12 0.57
 18  13 0.14
 18  14 0.53
 18  15 0.47
 18  16 0.65
 18  17 0.23
 18  18 1.00
 18  19 0.58
 18  20 0.43
 18  21 0.30
 18  22 0.42
 19   1 0.48
 19   2 0.46
 19   3 0.50
 19   4 0.38
 19   5 0.60
 19   6 0.15
 19   7 0.51
 19   8 0.47
 19   9 0.44
 19  10 0.37
 19  11 0.58
 19  12 0.60
 19  13 0.12
 19  14 0.52
 19  15 0.42
 19  16 0.69
 19  17 0.24
 19  18 0.58
 19  19 1.00
 19  20 0.46
 19  21 0.36
 19  22 0.51
 20   1 0.30
 20   2 0.65
 20   3 0.54
 20   4 0.45
 20   5 0.39
 20   6 0.24
 20   7 0.32
 20   8 0.55
 20   9 0.69
 20  10 0.65
 20  11 0.49
 20  12 0.54
 20  13 0.10
 20  14 0.60
 20  15 0.66
 20  16 0.38
 20  17 0.18
 20  18 0.43
 20  19 0.46
 20  20 1.00
 20  21 0.52
 20  22 0.54
 21   1 0.19
 21   2 0.55
 21   3 0.26
 21   4 0.33
 21   5 0.25
 21   6 0.21
 21   7 0.29
 21   8 0.48
 21   9 0.46
 21  10 0.54
 21  11 0.44
 21  12 0.24
 21  13 0.14
 21  14 0.53
 21  15 0.39
 21  16 0.32
 21  17 0.26
 21  18 0.30
 21  19 0.36
 21  20 0.52
 21  21 1.00
 21  22 0.29
 22   1 0.58
 22   2 0.48
 22   3 0.68
 22   4 0.35
 22   5 0.53
 22   6 0.24
 22   7 0.34
 22   8 0.36
 22   9 0.42
 22  10 0.32
 22  11 0.45
 22  12 0.56
 22  13 0.06
 22  14 0.45
 22  15 0.44
 22  16 0.49
 22  17 0.16
 22  18 0.42
 22  19 0.51
 22  20 0.54
 22  21 0.29
 22  22 1.00
  1   1 1.00
  1   2 0.26
  1   3 0.60
  1   4 0.31
  1   5 0.40
  1   6 0.27
  1   7 0.32
  1   8 0.28
  1   9 0.41
  1  10 0.18
  1  11 0.37
  1  12 0.47
  1  13 0.11
  1  14 0.46
  1  15 0.26
  1  16 0.52
  1  17 0.23
  1  18 0.51
  1  19 0.48
  1  20 0.30
  1  21 0.19
  1  22 0.58
  2   1 0.26
  2   2 1.00
  2   3 0.46
  2   4 0.44
  2   5 0.40
  2   6 0.19
  2   7 0.41
  2   8 0.69
  2   9 0.54
  2  10 0.68
  2  11 0.57
  2  12 0.46
  2  13 0.09
  2  14 0.63
  2  15 0.59
  2  16 0.49
  2  17 0.18
  2  18 0.46
  2  19 0.46
  2  20 0.65
  2  21 0.55
  2  22 0.47
  3   1 0.60
  3   2 0.46
  3   3 1.00
  3   4 0.35
  3   5 0.55
  3   6 0.20
  3   7 0.32
  3   8 0.41
  3   9 0.61
  3  10 0.34
  3  11 0.46
  3  12 0.56
  3  13 0.09
  3  14 0.49
  3  15 0.52
  3  16 0.48
  3  17 0.23
  3  18 0.47
  3  19 0.50
  3  20 0.54
  3  21 0.26
  3  22 0.68
  4   1 0.31
  4   2 0.44
  4   3 0.35
  4   4 1.00
  4   5 0.27
  4   6 0.34
  4   7 0.25
  4   8 0.49
  4   9 0.41
  4  10 0.48
  4  11 0.45
  4  12 0.31
  4  13 0.18
  4  14 0.60
  4  15 0.49
  4  16 0.34
  4  17 0.29
  4  18 0.40
  4  19 0.38
  4  20 0.44
  4  21 0.33
  4  22 0.35
  5   1 0.40
  5   2 0.40
  5   3 0.55
  5   4 0.27
  5   5 1.00
  5   6 0.08
  5   7 0.47
  5   8 0.36
  5   9 0.37
  5  10 0.34
  5  11 0.53
  5  12 0.42
  5  13 0.07
  5  14 0.35
  5  15 0.38
  5  16 0.61
  5  17 0.12
  5  18 0.42
  5  19 0.60
  5  20 0.39
  5  21 0.25
  5  22 0.53
  6   1 0.27
  6   2 0.19
  6   3 0.20
  6   4 0.34
  6   5 0.08
  6   6 1.00
  6   7 0.09
  6   8 0.23
  6   9 0.27
  6  10 0.18
  6  11 0.17
  6  12 0.20
  6  13 0.14
  6  14 0.37
  6  15 0.16
  6  16 0.18
  6  17 0.18
  6  18 0.24
  6  19 0.15
  6  20 0.24
  6  21 0.21
  6  22 0.24
  7   1 0.32
  7   2 0.41
  7   3 0.32
  7   4 0.25
  7   5 0.47
  7   6 0.09
  7   7 1.00
  7   8 0.46
  7   9 0.31
  7  10 0.38
  7  11 0.45
  7  12 0.56
  7  13 0.09
  7  14 0.36
  7  15 0.28
  7  16 0.70
  7  17 0.12
  7  18 0.51
  7  19 0.51
  7  20 0.32
  7  21 0.29
  7  22 0.34
  8   1 0.28
  8   2 0.69
  8   3 0.41
  8   4 0.49
  8   5 0.36
  8   6 0.23
  8   7 0.46
  8   8 1.00
  8   9 0.59
  8  10 0.75
  8  11 0.51
  8  12 0.48
  8  13 0.19
  8  14 0.58
  8  15 0.58
  8  16 0.52
  8  17 0.30
  8  18 0.56
  8  19 0.47
  8  20 0.54
  8  21 0.48
  8  22 0.36
  9   1 0.41
  9   2 0.54
  9   3 0.61
  9   4 0.41
  9   5 0.37
  9   6 0.27
  9   7 0.31
  9   8 0.59
  9   9 1.00
  9  10 0.61
  9  11 0.43
  9  12 0.42
  9  13 0.17
  9  14 0.64
  9  15 0.54
  9  16 0.44
  9  17 0.29
  9  18 0.45
  9  19 0.44
  9  20 0.69
  9  21 0.46
  9  22 0.42
 10   1 0.18
 10   2 0.68
 10   3 0.34
 10   4 0.48
 10   5 0.34
 10   6 0.18
 10   7 0.38
 10   8 0.75
 10   9 0.61
 10  10 1.00
 10  11 0.45
 10  12 0.40
 10  13 0.15
 10  14 0.58
 10  15 0.59
 10  16 0.41
 10  17 0.17
 10  18 0.47
 10  19 0.37
 10  20 0.65
 10  21 0.54
 10  22 0.32
 11   1 0.37
 11   2 0.57
 11   3 0.46
 11   4 0.45
 11   5 0.53
 11   6 0.17
 11   7 0.45
 11   8 0.51
 11   9 0.43
 11  10 0.45
 11  11 1.00
 11  12 0.46
 11  13 0.10
 11  14 0.48
 11  15 0.47
 11  16 0.48
 11  17 0.16
 11  18 0.33
 11  19 0.58
 11  20 0.49
 11  21 0.44
 11  22 0.44
 12   1 0.47
 12   2 0.46
 12   3 0.56
 12   4 0.31
 12   5 0.42
 12   6 0.20
 12   7 0.56
 12   8 0.48
 12   9 0.42
 12  10 0.40
 12  11 0.46
 12  12 1.00
 12  13 0.08
 12  14 0.42
 12  15 0.40
 12  16 0.62
 12  17 0.10
 12  18 0.57
 12  19 0.60
 12  20 0.54
 12  21 0.24
 12  22 0.56
 13   1 0.11
 13   2 0.09
 13   3 0.09
 13   4 0.18
 13   5 0.07
 13   6 0.14
 13   7 0.09
 13   8 0.19
 13   9 0.17
 13  10 0.15
 13  11 0.10
 13  12 0.08
 13  13 1.00
 13  14 0.16
 13  15 0.10
 13  16 0.14
 13  17 0.25
 13  18 0.14
 13  19 0.12
 13  20 0.10
 13  21 0.14
 13  22 0.06
 14   1 0.46
 14   2 0.63
 14   3 0.49
 14   4 0.60
 14   5 0.35
 14   6 0.37
 14   7 0.36
 14   8 0.58
 14   9 0.64
 14  10 0.58
 14  11 0.48
 14  12 0.42
 14  13 0.16
 14  14 1.00
 14  15 0.49
 14  16 0.51
 14  17 0.30
 14  18 0.53
 14  19 0.52
 14  20 0.60
 14  21 0.53
 14  22 0.45
 15   1 0.26
 15   2 0.59
 15   3 0.52
 15   4 0.49
 15   5 0.38
 15   6 0.16
 15   7 0.28
 15   8 0.58
 15   9 0.54
 15  10 0.59
 15  11 0.47
 15  12 0.40
 15  13 0.10
 15  14 0.49
 15  15 1.00
 15  16 0.31
 15  17 0.27
 15  18 0.47
 15  19 0.42
 15  20 0.66
 15  21 0.39
 15  22 0.44
 16   1 0.52
 16   2 0.49
 16   3 0.48
 16   4 0.34
 16   5 0.61
 16   6 0.18
 16   7 0.70
 16   8 0.52
 16   9 0.44
 16  10 0.41
 16  11 0.48
 16  12 0.62
 16  13 0.14
 16  14 0.51
 16  15 0.31
 16  16 1.00
 16  17 0.21
 16  18 0.65
 16  19 0.69
 16  20 0.38
 16  21 0.32
 16  22 0.49
 17   1 0.23
 17   2 0.18
 17   3 0.23
 17   4 0.29
 17   5 0.12
 17   6 0.18
 17   7 0.12
 17   8 0.30
 17   9 0.29
 17  10 0.17
 17  11 0.16
 17  12 0.10
 17  13 0.25
 17  14 0.30
 17  15 0.27
 17  16 0.21
 17  17 1.00
 17  18 0.23
 17  19 0.24
 17  20 0.18
 17  21 0.26
 17  22 0.16
 18   1 0.51
 18   2 0.46
 18   3 0.47
 18   4 0.40
 18   5 0.42
 18   6 0.24
 18   7 0.51
 18   8 0.56
 18   9 0.45
 18  10 0.47
 18  11 0.33
 18  12 0.57
 18  13 0.14
 18  14 0.53
 18  15 0.47
 18  16 0.65
 18  17 0.23
 18  18 1.00
 18  19 0.58
 18  20 0.43
 18  21 0.30
 18  22 0.42
 19   1 0.48
 19   2 0.46
 19   3 0.50
 19   4 0.38
 19   5 0.60
 19   6 0.15
 19   7 0.51
 19   8 0.47
 19   9 0.44
 19  10 0.37
 19  11 0.58
 19  12 0.60
 19  13 0.12
 19  14 0.52
 19  15 0.42
 19  16 0.69
 19  17 0.24
 19  18 0.58
 19  19 1.00
 19  20 0.46
 19  21 0.36
 19  22 0.51
 20   1 0.30
 20   2 0.65
 20   3 0.54
 20   4 0.44
 20   5 0.39
 20   6 0.24
 20   7 0.32
 20   8 0.54
 20   9 0.69
 20  10 0.65
 20  11 0.49
 20  12 0.54
 20  13 0.10
 20  14 0.60
 20  15 0.66
 20  16 0.38
 20  17 0.18
 20  18 0.43
 20  19 0.46
 20  20 1.00
 20  21 0.52
 20  22 0.54
 21   1 0.19
 21   2 0.55
 21   3 0.26
 21   4 0.33
 21   5 0.25
 21   6 0.21
 21   7 0.29
 21   8 0.48
 21   9 0.46
 21  10 0.54
 21  11 0.44
 21  12 0.24
 21  13 0.14
 21  14 0.53
 21  15 0.39
 21  16 0.32
 21  17 0.26
 21  18 0.30
 21  19 0.36
 21  20 0.52
 21  21 1.00
 21  22 0.29
 22   1 0.58
 22   2 0.47
 22   3 0.68
 22   4 0.35
 22   5 0.53
 22   6 0.24
 22   7 0.34
 22   8 0.36
 22   9 0.42
 22  10 0.32
 22  11 0.44
 22  12 0.56
 22  13 0.06
 22  14 0.45
 22  15 0.44
 22  16 0.49
 22  17 0.16
 22  18 0.42
 22  19 0.51
 22  20 0.54
 22  21 0.29
 22  22 1.00
