  1   1 0.31
  1   2 0.20
  1   3 0.18
  1   5 0.30
  1   6 0.29
  1   7 0.12
  1   8 0.12
  1   9 0.09
  1  10 0.28
  1  11 0.20
  1  12 0.22
  1  13 0.26
  1  14 0.18
  1  15 0.33
  1  16 0.24
  1  17 0.12
  1  18 0.18
  1  19 0.18
  1  20 0.40
  1  21 0.19
  1  22 0.26
  2   1 0.51
  2   2 0.21
  2   3 0.25
  2   5 0.47
  2   6 0.55
  2   7 0.12
  2   8 0.28
  2   9 0.19
  2  10 0.36
  2  11 0.45
  2  12 0.39
  2  13 0.40
  2  14 0.32
  2  15 0.28
  2  16 0.41
  2  17 0.37
  2  18 0.43
  2  19 0.36
  2  20 0.36
  2  21 0.38
  2  22 0.36
  3   1 0.52
  3   2 0.24
  3   3 0.37
  3   5 0.39
  3   6 0.50
  3   7 0.22
  3   8 0.34
  3   9 0.15
  3  10 0.45
  3  11 0.41
  3  12 0.43
  3  13 0.41
  3  14 0.28
  3  15 0.41
  3  16 0.42
  3  17 0.31
  3  18 0.35
  3  19 0.37
  3  20 0.37
  3  21 0.37
  3  22 0.39
  4   1 0.47
  4   2 0.28
  4   3 0.29
  4   5 0.47
  4   6 0.53
  4   7 0.26
  4   8 0.32
  4   9 0.14
  4  10 0.51
  4  11 0.34
  4  12 0.52
  4  13 0.37
  4  14 0.29
  4  15 0.36
  4  16 0.58
  4  17 0.42
  4  18 0.41
  4  19 0.42
  4  20 0.40
  4  21 0.51
  4  22 0.47
  5   1 0.44
  5   2 0.21
  5   3 0.22
  5   5 0.45
  5   6 0.44
  5   7 0.10
  5   8 0.16
  5   9 0.10
  5  10 0.34
  5  11 0.36
  5  12 0.30
  5  13 0.36
  5  14 0.29
  5  15 0.23
  5  16 0.38
  5  17 0.24
  5  18 0.30
  5  19 0.33
  5  20 0.36
  5  21 0.26
  5  22 0.29
  6   1 0.62
  6   2 0.20
  6   3 0.31
  6   5 0.40
  6   6 0.52
  6   7 0.13
  6   8 0.25
  6   9 0.13
  6  10 0.42
  6  11 0.48
  6  12 0.39
  6  13 0.45
  6  14 0.30
  6  15 0.30
  6  16 0.45
  6  17 0.39
  6  18 0.40
  6  19 0.39
  6  20 0.38
  6  21 0.38
  6  22 0.37
  7   1 0.56
  7   2 0.25
  7   3 0.26
  7   5 0.52
  7   6 0.60
  7   7 0.16
  7   8 0.31
  7   9 0.19
  7  10 0.48
  7  11 0.45
  7  12 0.48
  7  13 0.42
  7  14 0.34
  7  15 0.33
  7  16 0.47
  7  17 0.42
  7  18 0.51
  7  19 0.40
  7  20 0.36
  7  21 0.44
  7  22 0.43
  8   1 0.49
  8   2 0.23
  8   3 0.20
  8   5 0.41
  8   6 0.53
  8   7 0.10
  8   8 0.20
  8   9 0.12
  8  10 0.38
  8  11 0.35
  8  12 0.39
  8  13 0.38
  8  14 0.34
  8  15 0.27
  8  16 0.43
  8  17 0.37
  8  18 0.33
  8  19 0.34
  8  20 0.36
  8  21 0.34
  8  22 0.36
  9   1 0.60
  9   2 0.28
  9   3 0.41
  9   5 0.51
  9   6 0.59
  9   7 0.21
  9   8 0.36
  9   9 0.20
  9  10 0.51
  9  11 0.50
  9  12 0.46
  9  13 0.41
  9  14 0.31
  9  15 0.35
  9  16 0.49
  9  17 0.47
  9  18 0.56
  9  19 0.46
  9  20 0.45
  9  21 0.44
  9  22 0.52
 10   1 0.42
 10   2 0.24
 10   3 0.19
 10   5 0.39
 10   6 0.45
 10   7 0.11
 10   8 0.20
 10   9 0.10
 10  10 0.35
 10  11 0.31
 10  12 0.37
 10  13 0.29
 10  14 0.31
 10  15 0.26
 10  16 0.41
 10  17 0.33
 10  18 0.31
 10  19 0.31
 10  20 0.34
 10  21 0.29
 10  22 0.36
 11   1 0.54
 11   2 0.20
 11   3 0.34
 11   5 0.36
 11   6 0.52
 11   7 0.16
 11   8 0.36
 11   9 0.21
 11  10 0.38
 11  11 0.53
 11  12 0.43
 11  13 0.41
 11  14 0.26
 11  15 0.40
 11  16 0.42
 11  17 0.35
 11  18 0.50
 11  19 0.46
 11  20 0.27
 11  21 0.53
 11  22 0.36
 12   1 0.34
 12   2 0.18
 12   3 0.11
 12   5 0.33
 12   6 0.38
 12   7 0.20
 12   8 0.18
 12   9 0.09
 12  10 0.36
 12  11 0.29
 12  12 0.35
 12  13 0.27
 12  14 0.24
 12  15 0.24
 12  16 0.42
 12  17 0.45
 12  18 0.45
 12  19 0.41
 12  20 0.35
 12  21 0.41
 12  22 0.36
 13   1 0.57
 13   2 0.19
 13   3 0.37
 13   5 0.52
 13   6 0.61
 13   7 0.29
 13   8 0.36
 13   9 0.18
 13  10 0.58
 13  11 0.47
 13  12 0.56
 13  13 0.47
 13  14 0.28
 13  15 0.37
 13  16 0.63
 13  17 0.52
 13  18 0.54
 13  19 0.55
 13  20 0.43
 13  21 0.54
 13  22 0.53
 14   1 0.56
 14   2 0.19
 14   3 0.36
 14   5 0.58
 14   6 0.57
 14   7 0.10
 14   8 0.31
 14   9 0.20
 14  10 0.45
 14  11 0.45
 14  12 0.41
 14  13 0.37
 14  14 0.35
 14  15 0.28
 14  16 0.48
 14  17 0.43
 14  18 0.43
 14  19 0.38
 14  20 0.37
 14  21 0.40
 14  22 0.44
 15   1 0.57
 15   2 0.26
 15   3 0.29
 15   5 0.51
 15   6 0.65
 15   7 0.23
 15   8 0.36
 15   9 0.19
 15  10 0.55
 15  11 0.53
 15  12 0.54
 15  13 0.45
 15  14 0.31
 15  15 0.35
 15  16 0.58
 15  17 0.49
 15  18 0.61
 15  19 0.54
 15  20 0.46
 15  21 0.53
 15  22 0.53
 16   1 0.43
 16   2 0.28
 16   3 0.16
 16   5 0.43
 16   6 0.47
 16   7 0.12
 16   8 0.18
 16   9 0.12
 16  10 0.38
 16  11 0.28
 16  12 0.38
 16  13 0.34
 16  14 0.32
 16  15 0.23
 16  16 0.41
 16  17 0.36
 16  18 0.35
 16  19 0.37
 16  20 0.37
 16  21 0.31
 16  22 0.36
 17   1 0.47
 17   2 0.24
 17   3 0.28
 17   5 0.42
 17   6 0.50
 17   7 0.14
 17   8 0.25
 17   9 0.12
 17  10 0.55
 17  11 0.38
 17  12 0.38
 17  13 0.40
 17  14 0.23
 17  15 0.24
 17  16 0.41
 17  17 0.32
 17  18 0.40
 17  19 0.37
 17  20 0.30
 17  21 0.32
 17  22 0.33
 18   1 0.50
 18   2 0.19
 18   3 0.31
 18   5 0.50
 18   6 0.61
 18   7 0.10
 18   8 0.31
 18   9 0.12
 18  10 0.46
 18  11 0.54
 18  12 0.48
 18  13 0.51
 18  14 0.28
 18  15 0.29
 18  16 0.55
 18  17 0.46
 18  18 0.53
 18  19 0.50
 18  20 0.46
 18  21 0.47
 18  22 0.42
 19   1 0.56
 19   2 0.15
 19   3 0.33
 19   5 0.51
 19   6 0.49
 19   7 0.08
 19   8 0.26
 19   9 0.13
 19  10 0.34
 19  11 0.50
 19  12 0.38
 19  13 0.43
 19  14 0.29
 19  15 0.25
 19  16 0.39
 19  17 0.31
 19  18 0.46
 19  19 0.39
 19  20 0.33
 19  21 0.35
 19  22 0.31
 20   1 0.51
 20   2 0.20
 20   3 0.33
 20   5 0.49
 20   6 0.60
 20   7 0.23
 20   8 0.37
 20   9 0.22
 20  10 0.48
 20  11 0.45
 20  12 0.44
 20  13 0.38
 20  14 0.26
 20  15 0.31
 20  16 0.49
 20  17 0.39
 20  18 0.43
 20  19 0.42
 20  20 0.35
 20  21 0.44
 20  22 0.44
 21   1 0.45
 21   2 0.14
 21   3 0.29
 21   5 0.35
 21   6 0.43
 21   7 0.33
 21   8 0.33
 21   9 0.16
 21  10 0.47
 21  11 0.58
 21  12 0.49
 21  13 0.35
 21  14 0.23
 21  15 0.40
 21  16 0.58
 21  17 0.60
 21  18 0.55
 21  19 0.65
 21  20 0.33
 21  21 0.57
 21  22 0.54
 22   1 0.47
 22   2 0.22
 22   3 0.31
 22   5 0.49
 22   6 0.45
 22   7 0.12
 22   8 0.21
 22   9 0.10
 22  10 0.37
 22  11 0.42
 22  12 0.37
 22  13 0.39
 22  14 0.34
 22  15 0.34
 22  16 0.47
 22  17 0.36
 22  18 0.33
 22  19 0.38
 22  20 0.44
 22  21 0.33
 22  22 0.42
  1   1 0.31
  1   2 0.20
  1   3 0.18
  1   5 0.30
  1   6 0.29
  1   7 0.12
  1   8 0.12
  1   9 0.09
  1  10 0.28
  1  11 0.20
  1  12 0.22
  1  13 0.26
  1  14 0.18
  1  15 0.33
  1  16 0.24
  1  17 0.12
  1  18 0.18
  1  19 0.18
  1  20 0.40
  1  21 0.19
  1  22 0.26
  2   1 0.51
  2   2 0.21
  2   3 0.25
  2   5 0.47
  2   6 0.55
  2   7 0.12
  2   8 0.28
  2   9 0.19
  2  10 0.36
  2  11 0.44
  2  12 0.39
  2  13 0.40
  2  14 0.32
  2  15 0.28
  2  16 0.41
  2  17 0.37
  2  18 0.43
  2  19 0.36
  2  20 0.35
  2  21 0.38
  2  22 0.36
  3   1 0.52
  3   2 0.24
  3   3 0.37
  3   5 0.39
  3   6 0.50
  3   7 0.22
  3   8 0.34
  3   9 0.15
  3  10 0.45
  3  11 0.41
  3  12 0.43
  3  13 0.41
  3  14 0.28
  3  15 0.41
  3  16 0.42
  3  17 0.31
  3  18 0.35
  3  19 0.37
  3  20 0.37
  3  21 0.37
  3  22 0.39
  4   1 0.47
  4   2 0.28
  4   3 0.29
  4   5 0.47
  4   6 0.53
  4   7 0.26
  4   8 0.32
  4   9 0.14
  4  10 0.51
  4  11 0.34
  4  12 0.52
  4  13 0.37
  4  14 0.29
  4  15 0.36
  4  16 0.58
  4  17 0.42
  4  18 0.41
  4  19 0.42
  4  20 0.40
  4  21 0.51
  4  22 0.47
  5   1 0.44
  5   2 0.21
  5   3 0.22
  5   5 0.45
  5   6 0.44
  5   7 0.10
  5   8 0.16
  5   9 0.10
  5  10 0.34
  5  11 0.36
  5  12 0.30
  5  13 0.35
  5  14 0.29
  5  15 0.23
  5  16 0.38
  5  17 0.24
  5  18 0.29
  5  19 0.33
  5  20 0.36
  5  21 0.26
  5  22 0.29
  6   1 0.62
  6   2 0.20
  6   3 0.31
  6   5 0.40
  6   6 0.52
  6   7 0.13
  6   8 0.25
  6   9 0.13
  6  10 0.42
  6  11 0.48
  6  12 0.39
  6  13 0.45
  6  14 0.30
  6  15 0.30
  6  16 0.45
  6  17 0.39
  6  18 0.40
  6  19 0.39
  6  20 0.38
  6  21 0.38
  6  22 0.37
  7   1 0.56
  7   2 0.25
  7   3 0.26
  7   5 0.52
  7   6 0.60
  7   7 0.16
  7   8 0.31
  7   9 0.19
  7  10 0.48
  7  11 0.44
  7  12 0.48
  7  13 0.42
  7  14 0.34
  7  15 0.33
  7  16 0.47
  7  17 0.42
  7  18 0.51
  7  19 0.40
  7  20 0.36
  7  21 0.44
  7  22 0.42
  8   1 0.49
  8   2 0.23
  8   3 0.20
  8   5 0.41
  8   6 0.53
  8   7 0.10
  8   8 0.20
  8   9 0.12
  8  10 0.38
  8  11 0.35
  8  12 0.39
  8  13 0.38
  8  14 0.34
  8  15 0.27
  8  16 0.43
  8  17 0.37
  8  18 0.33
  8  19 0.34
  8  20 0.36
  8  21 0.34
  8  22 0.36
  9   1 0.60
  9   2 0.28
  9   3 0.41
  9   5 0.51
  9   6 0.59
  9   7 0.21
  9   8 0.36
  9   9 0.20
  9  10 0.51
  9  11 0.50
  9  12 0.46
  9  13 0.41
  9  14 0.31
  9  15 0.35
  9  16 0.49
  9  17 0.47
  9  18 0.56
  9  19 0.46
  9  20 0.45
  9  21 0.43
  9  22 0.52
 10   1 0.42
 10   2 0.24
 10   3 0.19
 10   5 0.39
 10   6 0.45
 10   7 0.11
 10   8 0.20
 10   9 0.10
 10  10 0.35
 10  11 0.31
 10  12 0.37
 10  13 0.29
 10  14 0.31
 10  15 0.26
 10  16 0.41
 10  17 0.33
 10  18 0.31
 10  19 0.31
 10  20 0.34
 10  21 0.29
 10  22 0.35
 11   1 0.54
 11   2 0.19
 11   3 0.34
 11   5 0.36
 11   6 0.52
 11   7 0.15
 11   8 0.36
 11   9 0.21
 11  10 0.38
 11  11 0.53
 11  12 0.42
 11  13 0.41
 11  14 0.26
 11  15 0.39
 11  16 0.42
 11  17 0.35
 11  18 0.50
 11  19 0.46
 11  20 0.27
 11  21 0.53
 11  22 0.36
 12   1 0.34
 12   2 0.18
 12   3 0.11
 12   5 0.33
 12   6 0.38
 12   7 0.20
 12   8 0.18
 12   9 0.09
 12  10 0.36
 12  11 0.29
 12  12 0.35
 12  13 0.27
 12  14 0.24
 12  15 0.24
 12  16 0.42
 12  17 0.45
 12  18 0.45
 12  19 0.41
 12  20 0.35
 12  21 0.41
 12  22 0.36
 13   1 0.57
 13   2 0.19
 13   3 0.37
 13   5 0.52
 13   6 0.61
 13   7 0.29
 13   8 0.36
 13   9 0.18
 13  10 0.58
 13  11 0.47
 13  12 0.56
 13  13 0.47
 13  14 0.28
 13  15 0.37
 13  16 0.63
 13  17 0.52
 13  18 0.54
 13  19 0.55
 13  20 0.43
 13  21 0.54
 13  22 0.53
 14   1 0.56
 14   2 0.19
 14   3 0.36
 14   5 0.58
 14   6 0.57
 14   7 0.10
 14   8 0.31
 14   9 0.20
 14  10 0.45
 14  11 0.45
 14  12 0.41
 14  13 0.37
 14  14 0.35
 14  15 0.28
 14  16 0.48
 14  17 0.43
 14  18 0.43
 14  19 0.38
 14  20 0.37
 14  21 0.40
 14  22 0.44
 15   1 0.57
 15   2 0.26
 15   3 0.29
 15   5 0.50
 15   6 0.65
 15   7 0.23
 15   8 0.36
 15   9 0.19
 15  10 0.55
 15  11 0.53
 15  12 0.54
 15  13 0.45
 15  14 0.31
 15  15 0.34
 15  16 0.58
 15  17 0.49
 15  18 0.61
 15  19 0.54
 15  20 0.46
 15  21 0.53
 15  22 0.53
 16   1 0.43
 16   2 0.28
 16   3 0.16
 16   5 0.43
 16   6 0.47
 16   7 0.12
 16   8 0.18
 16   9 0.12
 16  10 0.38
 16  11 0.28
 16  12 0.38
 16  13 0.34
 16  14 0.32
 16  15 0.23
 16  16 0.41
 16  17 0.36
 16  18 0.35
 16  19 0.37
 16  20 0.37
 16  21 0.31
 16  22 0.36
 17   1 0.47
 17   2 0.24
 17   3 0.28
 17   5 0.42
 17   6 0.50
 17   7 0.14
 17   8 0.25
 17   9 0.12
 17  10 0.55
 17  11 0.38
 17  12 0.38
 17  13 0.40
 17  14 0.23
 17  15 0.24
 17  16 0.41
 17  17 0.32
 17  18 0.40
 17  19 0.37
 17  20 0.30
 17  21 0.32
 17  22 0.33
 18   1 0.50
 18   2 0.19
 18   3 0.31
 18   5 0.50
 18   6 0.61
 18   7 0.10
 18   8 0.31
 18   9 0.12
 18  10 0.46
 18  11 0.54
 18  12 0.48
 18  13 0.51
 18  14 0.28
 18  15 0.29
 18  16 0.55
 18  17 0.46
 18  18 0.53
 18  19 0.50
 18  20 0.46
 18  21 0.47
 18  22 0.42
 19   1 0.56
 19   2 0.15
 19   3 0.33
 19   5 0.51
 19   6 0.49
 19   7 0.08
 19   8 0.26
 19   9 0.13
 19  10 0.34
 19  11 0.50
 19  12 0.38
 19  13 0.43
 19  14 0.29
 19  15 0.25
 19  16 0.39
 19  17 0.31
 19  18 0.46
 19  19 0.39
 19  20 0.33
 19  21 0.35
 19  22 0.30
 20   1 0.51
 20   2 0.20
 20   3 0.33
 20   5 0.49
 20   6 0.60
 20   7 0.23
 20   8 0.37
 20   9 0.22
 20  10 0.48
 20  11 0.45
 20  12 0.44
 20  13 0.38
 20  14 0.26
 20  15 0.31
 20  16 0.49
 20  17 0.39
 20  18 0.43
 20  19 0.42
 20  20 0.35
 20  21 0.44
 20  22 0.44
 21   1 0.45
 21   2 0.14
 21   3 0.29
 21   5 0.35
 21   6 0.42
 21   7 0.33
 21   8 0.33
 21   9 0.16
 21  10 0.47
 21  11 0.58
 21  12 0.49
 21  13 0.35
 21  14 0.23
 21  15 0.40
 21  16 0.58
 21  17 0.60
 21  18 0.54
 21  19 0.65
 21  20 0.33
 21  21 0.57
 21  22 0.54
 22   1 0.47
 22   2 0.22
 22   3 0.31
 22   5 0.49
 22   6 0.45
 22   7 0.12
 22   8 0.21
 22   9 0.10
 22  10 0.37
 22  11 0.42
 22  12 0.37
 22  13 0.39
 22  14 0.34
 22  15 0.34
 22  16 0.47
 22  17 0.36
 22  18 0.33
 22  19 0.38
 22  20 0.44
 22  21 0.32
 22  22 0.42
  1   1 0.31
  1   2 0.20
  1   3 0.18
  1   5 0.30
  1   6 0.29
  1   7 0.12
  1   8 0.12
  1   9 0.09
  1  10 0.28
  1  11 0.20
  1  12 0.22
  1  13 0.26
  1  14 0.18
  1  15 0.33
  1  16 0.24
  1  17 0.12
  1  18 0.18
  1  19 0.18
  1  20 0.40
  1  21 0.19
  1  22 0.26
  2   1 0.51
  2   2 0.21
  2   3 0.25
  2   5 0.47
  2   6 0.55
  2   7 0.12
  2   8 0.28
  2   9 0.19
  2  10 0.36
  2  11 0.44
  2  12 0.39
  2  13 0.40
  2  14 0.32
  2  15 0.28
  2  16 0.41
  2  17 0.37
  2  18 0.43
  2  19 0.36
  2  20 0.35
  2  21 0.38
  2  22 0.36
  3   1 0.52
  3   2 0.24
  3   3 0.37
  3   5 0.39
  3   6 0.50
  3   7 0.22
  3   8 0.34
  3   9 0.15
  3  10 0.45
  3  11 0.41
  3  12 0.43
  3  13 0.41
  3  14 0.28
  3  15 0.41
  3  16 0.42
  3  17 0.31
  3  18 0.35
  3  19 0.37
  3  20 0.37
  3  21 0.37
  3  22 0.39
  4   1 0.47
  4   2 0.28
  4   3 0.29
  4   5 0.47
  4   6 0.53
  4   7 0.26
  4   8 0.32
  4   9 0.14
  4  10 0.51
  4  11 0.34
  4  12 0.52
  4  13 0.37
  4  14 0.29
  4  15 0.36
  4  16 0.58
  4  17 0.42
  4  18 0.41
  4  19 0.42
  4  20 0.40
  4  21 0.51
  4  22 0.47
  5   1 0.44
  5   2 0.21
  5   3 0.22
  5   5 0.45
  5   6 0.44
  5   7 0.10
  5   8 0.16
  5   9 0.10
  5  10 0.34
  5  11 0.36
  5  12 0.30
  5  13 0.35
  5  14 0.29
  5  15 0.23
  5  16 0.38
  5  17 0.24
  5  18 0.29
  5  19 0.33
  5  20 0.36
  5  21 0.26
  5  22 0.29
  6   1 0.62
  6   2 0.20
  6   3 0.31
  6   5 0.40
  6   6 0.52
  6   7 0.13
  6   8 0.25
  6   9 0.13
  6  10 0.42
  6  11 0.48
  6  12 0.39
  6  13 0.45
  6  14 0.30
  6  15 0.30
  6  16 0.45
  6  17 0.39
  6  18 0.40
  6  19 0.39
  6  20 0.38
  6  21 0.38
  6  22 0.37
  7   1 0.56
  7   2 0.25
  7   3 0.26
  7   5 0.52
  7   6 0.60
  7   7 0.16
  7   8 0.31
  7   9 0.19
  7  10 0.48
  7  11 0.44
  7  12 0.48
  7  13 0.42
  7  14 0.34
  7  15 0.33
  7  16 0.47
  7  17 0.42
  7  18 0.51
  7  19 0.40
  7  20 0.36
  7  21 0.44
  7  22 0.42
  8   1 0.49
  8   2 0.23
  8   3 0.20
  8   5 0.41
  8   6 0.53
  8   7 0.10
  8   8 0.20
  8   9 0.12
  8  10 0.38
  8  11 0.35
  8  12 0.39
  8  13 0.38
  8  14 0.34
  8  15 0.27
  8  16 0.43
  8  17 0.37
  8  18 0.33
  8  19 0.34
  8  20 0.36
  8  21 0.34
  8  22 0.36
  9   1 0.60
  9   2 0.28
  9   3 0.41
  9   5 0.51
  9   6 0.59
  9   7 0.21
  9   8 0.36
  9   9 0.20
  9  10 0.51
  9  11 0.50
  9  12 0.46
  9  13 0.41
  9  14 0.31
  9  15 0.35
  9  16 0.49
  9  17 0.47
  9  18 0.56
  9  19 0.46
  9  20 0.45
  9  21 0.43
  9  22 0.52
 10   1 0.42
 10   2 0.24
 10   3 0.19
 10   5 0.39
 10   6 0.45
 10   7 0.11
 10   8 0.20
 10   9 0.10
 10  10 0.35
 10  11 0.31
 10  12 0.37
 10  13 0.29
 10  14 0.31
 10  15 0.26
 10  16 0.41
 10  17 0.33
 10  18 0.31
 10  19 0.31
 10  20 0.34
 10  21 0.29
 10  22 0.35
 11   1 0.54
 11   2 0.19
 11   3 0.34
 11   5 0.36
 11   6 0.52
 11   7 0.15
 11   8 0.36
 11   9 0.21
 11  10 0.38
 11  11 0.53
 11  12 0.42
 11  13 0.41
 11  14 0.26
 11  15 0.39
 11  16 0.42
 11  17 0.35
 11  18 0.50
 11  19 0.46
 11  20 0.27
 11  21 0.53
 11  22 0.36
 12   1 0.34
 12   2 0.18
 12   3 0.11
 12   5 0.33
 12   6 0.38
 12   7 0.20
 12   8 0.18
 12   9 0.09
 12  10 0.36
 12  11 0.29
 12  12 0.35
 12  13 0.27
 12  14 0.24
 12  15 0.24
 12  16 0.42
 12  17 0.45
 12  18 0.45
 12  19 0.41
 12  20 0.35
 12  21 0.41
 12  22 0.36
 13   1 0.57
 13   2 0.19
 13   3 0.37
 13   5 0.52
 13   6 0.61
 13   7 0.29
 13   8 0.36
 13   9 0.18
 13  10 0.58
 13  11 0.47
 13  12 0.56
 13  13 0.47
 13  14 0.28
 13  15 0.37
 13  16 0.63
 13  17 0.52
 13  18 0.54
 13  19 0.55
 13  20 0.43
 13  21 0.54
 13  22 0.53
 14   1 0.56
 14   2 0.19
 14   3 0.36
 14   5 0.58
 14   6 0.57
 14   7 0.10
 14   8 0.31
 14   9 0.20
 14  10 0.45
 14  11 0.45
 14  12 0.41
 14  13 0.37
 14  14 0.35
 14  15 0.28
 14  16 0.48
 14  17 0.43
 14  18 0.43
 14  19 0.38
 14  20 0.37
 14  21 0.40
 14  22 0.44
 15   1 0.57
 15   2 0.26
 15   3 0.29
 15   5 0.50
 15   6 0.65
 15   7 0.23
 15   8 0.36
 15   9 0.19
 15  10 0.55
 15  11 0.53
 15  12 0.54
 15  13 0.45
 15  14 0.31
 15  15 0.34
 15  16 0.58
 15  17 0.49
 15  18 0.61
 15  19 0.54
 15  20 0.46
 15  21 0.53
 15  22 0.53
 16   1 0.43
 16   2 0.28
 16   3 0.16
 16   5 0.43
 16   6 0.47
 16   7 0.12
 16   8 0.18
 16   9 0.12
 16  10 0.38
 16  11 0.28
 16  12 0.38
 16  13 0.34
 16  14 0.32
 16  15 0.23
 16  16 0.41
 16  17 0.36
 16  18 0.35
 16  19 0.37
 16  20 0.37
 16  21 0.31
 16  22 0.36
 17   1 0.47
 17   2 0.24
 17   3 0.28
 17   5 0.42
 17   6 0.50
 17   7 0.14
 17   8 0.25
 17   9 0.12
 17  10 0.55
 17  11 0.38
 17  12 0.38
 17  13 0.40
 17  14 0.23
 17  15 0.24
 17  16 0.41
 17  17 0.32
 17  18 0.40
 17  19 0.37
 17  20 0.30
 17  21 0.32
 17  22 0.33
 18   1 0.50
 18   2 0.19
 18   3 0.31
 18   5 0.50
 18   6 0.61
 18   7 0.10
 18   8 0.31
 18   9 0.12
 18  10 0.46
 18  11 0.54
 18  12 0.48
 18  13 0.51
 18  14 0.28
 18  15 0.29
 18  16 0.55
 18  17 0.46
 18  18 0.53
 18  19 0.50
 18  20 0.46
 18  21 0.47
 18  22 0.42
 19   1 0.56
 19   2 0.15
 19   3 0.33
 19   5 0.51
 19   6 0.49
 19   7 0.08
 19   8 0.26
 19   9 0.13
 19  10 0.34
 19  11 0.50
 19  12 0.38
 19  13 0.43
 19  14 0.29
 19  15 0.25
 19  16 0.39
 19  17 0.31
 19  18 0.46
 19  19 0.39
 19  20 0.33
 19  21 0.35
 19  22 0.30
 20   1 0.51
 20   2 0.20
 20   3 0.33
 20   5 0.49
 20   6 0.60
 20   7 0.23
 20   8 0.37
 20   9 0.22
 20  10 0.48
 20  11 0.45
 20  12 0.44
 20  13 0.38
 20  14 0.26
 20  15 0.31
 20  16 0.49
 20  17 0.39
 20  18 0.43
 20  19 0.42
 20  20 0.35
 20  21 0.44
 20  22 0.44
 21   1 0.45
 21   2 0.14
 21   3 0.29
 21   5 0.35
 21   6 0.42
 21   7 0.33
 21   8 0.33
 21   9 0.16
 21  10 0.47
 21  11 0.58
 21  12 0.49
 21  13 0.35
 21  14 0.23
 21  15 0.40
 21  16 0.58
 21  17 0.60
 21  18 0.54
 21  19 0.65
 21  20 0.33
 21  21 0.57
 21  22 0.54
 22   1 0.47
 22   2 0.22
 22   3 0.31
 22   5 0.49
 22   6 0.45
 22   7 0.12
 22   8 0.21
 22   9 0.10
 22  10 0.37
 22  11 0.42
 22  12 0.37
 22  13 0.39
 22  14 0.34
 22  15 0.34
 22  16 0.47
 22  17 0.36
 22  18 0.33
 22  19 0.38
 22  20 0.44
 22  21 0.32
 22  22 0.42
