  1   1 1.00
  1   2 0.68
  1   3 0.52
  1   4 0.58
  1   5 0.73
  1   6 0.70
  1   7 0.44
  1   8 0.61
  1   9 0.58
  1  10 0.54
  1  11 0.54
  1  12 0.54
  1  13 0.43
  1  14 0.70
  1  15 0.70
  1  16 0.59
  1  17 0.39
  1  18 0.55
  1  19 0.62
  1  20 0.41
  1  21 0.63
  1  22 0.43
  2   1 0.68
  2   2 1.00
  2   3 0.38
  2   4 0.47
  2   5 0.56
  2   6 0.64
  2   7 0.41
  2   8 0.54
  2   9 0.61
  2  10 0.43
  2  11 0.46
  2  12 0.40
  2  13 0.34
  2  14 0.63
  2  15 0.64
  2  16 0.47
  2  17 0.36
  2  18 0.45
  2  19 0.47
  2  20 0.31
  2  21 0.53
  2  22 0.36
  3   1 0.52
  3   2 0.38
  3   3 1.00
  3   4 0.41
  3   5 0.56
  3   6 0.42
  3   7 0.31
  3   8 0.43
  3   9 0.42
  3  10 0.50
  3  11 0.40
  3  12 0.36
  3  13 0.32
  3  14 0.47
  3  15 0.44
  3  16 0.44
  3  17 0.26
  3  18 0.41
  3  19 0.50
  3  20 0.23
  3  21 0.62
  3  22 0.43
  4   1 0.58
  4   2 0.47
  4   3 0.41
  4   4 1.00
  4   5 0.60
  4   6 0.48
  4   7 0.47
  4   8 0.52
  4   9 0.43
  4  10 0.37
  4  11 0.38
  4  12 0.40
  4  13 0.31
  4  14 0.55
  4  15 0.50
  4  16 0.44
  4  17 0.22
  4  18 0.45
  4  19 0.47
  4  20 0.28
  4  21 0.48
  4  22 0.30
  5   1 0.73
  5   2 0.56
  5   3 0.56
  5   4 0.60
  5   5 1.00
  5   6 0.67
  5   7 0.45
  5   8 0.60
  5   9 0.62
  5  10 0.58
  5  11 0.57
  5  12 0.49
  5  13 0.40
  5  14 0.72
  5  15 0.66
  5  16 0.60
  5  17 0.36
  5  18 0.57
  5  19 0.59
  5  20 0.35
  5  21 0.63
  5  22 0.50
  6   1 0.70
  6   2 0.64
  6   3 0.42
  6   4 0.48
  6   5 0.67
  6   6 1.00
  6   7 0.57
  6   8 0.74
  6   9 0.57
  6  10 0.58
  6  11 0.63
  6  12 0.67
  6  13 0.58
  6  14 0.76
  6  15 0.66
  6  16 0.62
  6  17 0.64
  6  18 0.69
  6  19 0.62
  6  20 0.48
  6  21 0.73
  6  22 0.57
  7   1 0.44
  7   2 0.41
  7   3 0.31
  7   4 0.47
  7   5 0.45
  7   6 0.57
  7   7 1.00
  7   8 0.67
  7   9 0.35
  7  10 0.40
  7  11 0.42
  7  12 0.55
  7  13 0.43
  7  14 0.56
  7  15 0.43
  7  16 0.41
  7  17 0.52
  7  18 0.54
  7  19 0.50
  7  20 0.30
  7  21 0.60
  7  22 0.49
  8   1 0.61
  8   2 0.54
  8   3 0.43
  8   4 0.52
  8   5 0.60
  8   6 0.74
  8   7 0.67
  8   8 1.00
  8   9 0.51
  8  10 0.54
  8  11 0.54
  8  12 0.65
  8  13 0.58
  8  14 0.67
  8  15 0.67
  8  16 0.63
  8  17 0.60
  8  18 0.72
  8  19 0.59
  8  20 0.47
  8  21 0.73
  8  22 0.66
  9   1 0.58
  9   2 0.61
  9   3 0.42
  9   4 0.43
  9   5 0.62
  9   6 0.57
  9   7 0.35
  9   8 0.51
  9   9 1.00
  9  10 0.48
  9  11 0.50
  9  12 0.41
  9  13 0.49
  9  14 0.63
  9  15 0.57
  9  16 0.57
  9  17 0.37
  9  18 0.48
  9  19 0.48
  9  20 0.49
  9  21 0.46
  9  22 0.46
 10   1 0.54
 10   2 0.43
 10   3 0.50
 10   4 0.37
 10   5 0.58
 10   6 0.58
 10   7 0.40
 10   8 0.54
 10   9 0.48
 10  10 1.00
 10  11 0.61
 10  12 0.53
 10  13 0.61
 10  14 0.58
 10  15 0.59
 10  16 0.68
 10  17 0.51
 10  18 0.55
 10  19 0.65
 10  20 0.51
 10  21 0.55
 10  22 0.60
 11   1 0.54
 11   2 0.46
 11   3 0.40
 11   4 0.38
 11   5 0.57
 11   6 0.63
 11   7 0.42
 11   8 0.54
 11   9 0.50
 11  10 0.61
 11  11 1.00
 11  12 0.57
 11  13 0.58
 11  14 0.60
 11  15 0.53
 11  16 0.59
 11  17 0.61
 11  18 0.59
 11  19 0.55
 11  20 0.55
 11  21 0.55
 11  22 0.51
 12   1 0.54
 12   2 0.40
 12   3 0.36
 12   4 0.40
 12   5 0.49
 12   6 0.67
 12   7 0.55
 12   8 0.65
 12   9 0.41
 12  10 0.53
 12  11 0.57
 12  12 1.00
 12  13 0.63
 12  14 0.61
 12  15 0.51
 12  16 0.60
 12  17 0.72
 12  18 0.64
 12  19 0.63
 12  20 0.55
 12  21 0.62
 12  22 0.54
 13   1 0.43
 13   2 0.34
 13   3 0.32
 13   4 0.31
 13   5 0.40
 13   6 0.58
 13   7 0.43
 13   8 0.58
 13   9 0.49
 13  10 0.61
 13  11 0.58
 13  12 0.63
 13  13 1.00
 13  14 0.60
 13  15 0.47
 13  16 0.65
 13  17 0.65
 13  18 0.60
 13  19 0.60
 13  20 0.72
 13  21 0.57
 13  22 0.63
 14   1 0.70
 14   2 0.63
 14   3 0.47
 14   4 0.55
 14   5 0.72
 14   6 0.76
 14   7 0.56
 14   8 0.67
 14   9 0.63
 14  10 0.58
 14  11 0.60
 14  12 0.61
 14  13 0.60
 14  14 1.00
 14  15 0.64
 14  16 0.63
 14  17 0.52
 14  18 0.63
 14  19 0.69
 14  20 0.51
 14  21 0.67
 14  22 0.58
 15   1 0.70
 15   2 0.64
 15   3 0.44
 15   4 0.50
 15   5 0.66
 15   6 0.66
 15   7 0.43
 15   8 0.67
 15   9 0.57
 15  10 0.59
 15  11 0.53
 15  12 0.51
 15  13 0.47
 15  14 0.64
 15  15 1.00
 15  16 0.58
 15  17 0.43
 15  18 0.63
 15  19 0.52
 15  20 0.43
 15  21 0.62
 15  22 0.52
 16   1 0.59
 16   2 0.47
 16   3 0.44
 16   4 0.44
 16   5 0.60
 16   6 0.62
 16   7 0.41
 16   8 0.63
 16   9 0.57
 16  10 0.68
 16  11 0.59
 16  12 0.60
 16  13 0.65
 16  14 0.63
 16  15 0.58
 16  16 1.00
 16  17 0.54
 16  18 0.67
 16  19 0.74
 16  20 0.56
 16  21 0.62
 16  22 0.60
 17   1 0.39
 17   2 0.36
 17   3 0.26
 17   4 0.22
 17   5 0.36
 17   6 0.64
 17   7 0.52
 17   8 0.60
 17   9 0.37
 17  10 0.51
 17  11 0.61
 17  12 0.72
 17  13 0.65
 17  14 0.52
 17  15 0.43
 17  16 0.54
 17  17 1.00
 17  18 0.63
 17  19 0.56
 17  20 0.54
 17  21 0.56
 17  22 0.54
 18   1 0.55
 18   2 0.45
 18   3 0.41
 18   4 0.45
 18   5 0.57
 18   6 0.69
 18   7 0.54
 18   8 0.72
 18   9 0.48
 18  10 0.55
 18  11 0.59
 18  12 0.64
 18  13 0.60
 18  14 0.63
 18  15 0.63
 18  16 0.67
 18  17 0.63
 18  18 1.00
 18  19 0.62
 18  20 0.51
 18  21 0.75
 18  22 0.63
 19   1 0.62
 19   2 0.47
 19   3 0.50
 19   4 0.47
 19   5 0.59
 19   6 0.62
 19   7 0.50
 19   8 0.59
 19   9 0.48
 19  10 0.65
 19  11 0.55
 19  12 0.63
 19  13 0.60
 19  14 0.69
 19  15 0.52
 19  16 0.74
 19  17 0.56
 19  18 0.62
 19  19 1.00
 19  20 0.49
 19  21 0.65
 19  22 0.53
 20   1 0.41
 20   2 0.31
 20   3 0.23
 20   4 0.28
 20   5 0.35
 20   6 0.48
 20   7 0.30
 20   8 0.47
 20   9 0.49
 20  10 0.51
 20  11 0.55
 20  12 0.55
 20  13 0.72
 20  14 0.51
 20  15 0.43
 20  16 0.56
 20  17 0.54
 20  18 0.51
 20  19 0.49
 20  20 1.00
 20  21 0.43
 20  22 0.56
 21   1 0.63
 21   2 0.53
 21   3 0.62
 21   4 0.48
 21   5 0.63
 21   6 0.73
 21   7 0.60
 21   8 0.73
 21   9 0.46
 21  10 0.55
 21  11 0.55
 21  12 0.62
 21  13 0.57
 21  14 0.67
 21  15 0.62
 21  16 0.62
 21  17 0.56
 21  18 0.75
 21  19 0.65
 21  20 0.43
 21  21 1.00
 21  22 0.66
 22   1 0.43
 22   2 0.36
 22   3 0.43
 22   4 0.30
 22   5 0.50
 22   6 0.57
 22   7 0.49
 22   8 0.66
 22   9 0.46
 22  10 0.60
 22  11 0.51
 22  12 0.54
 22  13 0.63
 22  14 0.58
 22  15 0.52
 22  16 0.60
 22  17 0.54
 22  18 0.63
 22  19 0.53
 22  20 0.56
 22  21 0.66
 22  22 1.00
  1   1 1.00
  1   2 0.68
  1   3 0.52
  1   4 0.58
  1   5 0.73
  1   6 0.70
  1   7 0.44
  1   8 0.60
  1   9 0.58
  1  10 0.53
  1  11 0.54
  1  12 0.54
  1  13 0.42
  1  14 0.70
  1  15 0.70
  1  16 0.58
  1  17 0.38
  1  18 0.54
  1  19 0.61
  1  20 0.41
  1  21 0.63
  1  22 0.43
  2   1 0.68
  2   2 1.00
  2   3 0.38
  2   4 0.46
  2   5 0.56
  2   6 0.64
  2   7 0.41
  2   8 0.53
  2   9 0.61
  2  10 0.42
  2  11 0.46
  2  12 0.40
  2  13 0.34
  2  14 0.63
  2  15 0.63
  2  16 0.46
  2  17 0.35
  2  18 0.45
  2  19 0.47
  2  20 0.30
  2  21 0.53
  2  22 0.35
  3   1 0.52
  3   2 0.38
  3   3 1.00
  3   4 0.41
  3   5 0.56
  3   6 0.42
  3   7 0.30
  3   8 0.42
  3   9 0.41
  3  10 0.50
  3  11 0.39
  3  12 0.35
  3  13 0.32
  3  14 0.47
  3  15 0.44
  3  16 0.43
  3  17 0.26
  3  18 0.41
  3  19 0.49
  3  20 0.22
  3  21 0.61
  3  22 0.43
  4   1 0.58
  4   2 0.46
  4   3 0.41
  4   4 1.00
  4   5 0.60
  4   6 0.48
  4   7 0.47
  4   8 0.52
  4   9 0.42
  4  10 0.36
  4  11 0.38
  4  12 0.39
  4  13 0.30
  4  14 0.54
  4  15 0.50
  4  16 0.44
  4  17 0.22
  4  18 0.45
  4  19 0.47
  4  20 0.28
  4  21 0.48
  4  22 0.29
  5   1 0.73
  5   2 0.56
  5   3 0.56
  5   4 0.60
  5   5 1.00
  5   6 0.66
  5   7 0.44
  5   8 0.60
  5   9 0.62
  5  10 0.58
  5  11 0.56
  5  12 0.49
  5  13 0.39
  5  14 0.71
  5  15 0.66
  5  16 0.59
  5  17 0.35
  5  18 0.56
  5  19 0.59
  5  20 0.35
  5  21 0.63
  5  22 0.49
  6   1 0.70
  6   2 0.64
  6   3 0.42
  6   4 0.48
  6   5 0.66
  6   6 1.00
  6   7 0.57
  6   8 0.73
  6   9 0.57
  6  10 0.57
  6  11 0.62
  6  12 0.66
  6  13 0.58
  6  14 0.76
  6  15 0.66
  6  16 0.62
  6  17 0.64
  6  18 0.69
  6  19 0.62
  6  20 0.48
  6  21 0.72
  6  22 0.57
  7   1 0.44
  7   2 0.41
  7   3 0.30
  7   4 0.47
  7   5 0.44
  7   6 0.57
  7   7 1.00
  7   8 0.67
  7   9 0.35
  7  10 0.39
  7  11 0.41
  7  12 0.54
  7  13 0.42
  7  14 0.55
  7  15 0.42
  7  16 0.41
  7  17 0.52
  7  18 0.53
  7  19 0.50
  7  20 0.30
  7  21 0.60
  7  22 0.48
  8   1 0.60
  8   2 0.53
  8   3 0.42
  8   4 0.52
  8   5 0.60
  8   6 0.73
  8   7 0.67
  8   8 1.00
  8   9 0.51
  8  10 0.54
  8  11 0.54
  8  12 0.65
  8  13 0.58
  8  14 0.66
  8  15 0.67
  8  16 0.63
  8  17 0.60
  8  18 0.72
  8  19 0.58
  8  20 0.47
  8  21 0.73
  8  22 0.66
  9   1 0.58
  9   2 0.61
  9   3 0.41
  9   4 0.42
  9   5 0.62
  9   6 0.57
  9   7 0.35
  9   8 0.51
  9   9 1.00
  9  10 0.48
  9  11 0.50
  9  12 0.40
  9  13 0.48
  9  14 0.63
  9  15 0.56
  9  16 0.56
  9  17 0.36
  9  18 0.48
  9  19 0.47
  9  20 0.49
  9  21 0.46
  9  22 0.45
 10   1 0.53
 10   2 0.42
 10   3 0.50
 10   4 0.36
 10   5 0.58
 10   6 0.57
 10   7 0.39
 10   8 0.54
 10   9 0.48
 10  10 1.00
 10  11 0.61
 10  12 0.52
 10  13 0.61
 10  14 0.58
 10  15 0.58
 10  16 0.68
 10  17 0.51
 10  18 0.54
 10  19 0.65
 10  20 0.50
 10  21 0.54
 10  22 0.60
 11   1 0.54
 11   2 0.46
 11   3 0.39
 11   4 0.38
 11   5 0.56
 11   6 0.62
 11   7 0.41
 11   8 0.54
 11   9 0.50
 11  10 0.61
 11  11 1.00
 11  12 0.56
 11  13 0.57
 11  14 0.60
 11  15 0.52
 11  16 0.59
 11  17 0.61
 11  18 0.59
 11  19 0.55
 11  20 0.55
 11  21 0.55
 11  22 0.51
 12   1 0.54
 12   2 0.40
 12   3 0.35
 12   4 0.39
 12   5 0.49
 12   6 0.66
 12   7 0.54
 12   8 0.65
 12   9 0.40
 12  10 0.52
 12  11 0.56
 12  12 1.00
 12  13 0.62
 12  14 0.61
 12  15 0.51
 12  16 0.60
 12  17 0.71
 12  18 0.64
 12  19 0.63
 12  20 0.54
 12  21 0.62
 12  22 0.53
 13   1 0.42
 13   2 0.34
 13   3 0.32
 13   4 0.30
 13   5 0.39
 13   6 0.58
 13   7 0.42
 13   8 0.58
 13   9 0.48
 13  10 0.61
 13  11 0.57
 13  12 0.62
 13  13 1.00
 13  14 0.59
 13  15 0.46
 13  16 0.64
 13  17 0.65
 13  18 0.60
 13  19 0.60
 13  20 0.71
 13  21 0.56
 13  22 0.62
 14   1 0.70
 14   2 0.63
 14   3 0.47
 14   4 0.54
 14   5 0.71
 14   6 0.76
 14   7 0.55
 14   8 0.66
 14   9 0.63
 14  10 0.58
 14  11 0.60
 14  12 0.61
 14  13 0.59
 14  14 1.00
 14  15 0.64
 14  16 0.63
 14  17 0.52
 14  18 0.63
 14  19 0.68
 14  20 0.51
 14  21 0.67
 14  22 0.58
 15   1 0.70
 15   2 0.63
 15   3 0.44
 15   4 0.50
 15   5 0.66
 15   6 0.66
 15   7 0.42
 15   8 0.67
 15   9 0.56
 15  10 0.58
 15  11 0.52
 15  12 0.51
 15  13 0.46
 15  14 0.64
 15  15 1.00
 15  16 0.58
 15  17 0.42
 15  18 0.63
 15  19 0.52
 15  20 0.42
 15  21 0.62
 15  22 0.51
 16   1 0.58
 16   2 0.46
 16   3 0.43
 16   4 0.44
 16   5 0.59
 16   6 0.62
 16   7 0.41
 16   8 0.63
 16   9 0.56
 16  10 0.68
 16  11 0.59
 16  12 0.60
 16  13 0.64
 16  14 0.63
 16  15 0.58
 16  16 1.00
 16  17 0.54
 16  18 0.67
 16  19 0.74
 16  20 0.56
 16  21 0.61
 16  22 0.60
 17   1 0.38
 17   2 0.35
 17   3 0.26
 17   4 0.22
 17   5 0.35
 17   6 0.64
 17   7 0.52
 17   8 0.60
 17   9 0.36
 17  10 0.51
 17  11 0.61
 17  12 0.71
 17  13 0.65
 17  14 0.52
 17  15 0.42
 17  16 0.54
 17  17 1.00
 17  18 0.63
 17  19 0.56
 17  20 0.54
 17  21 0.56
 17  22 0.53
 18   1 0.54
 18   2 0.45
 18   3 0.41
 18   4 0.45
 18   5 0.56
 18   6 0.69
 18   7 0.53
 18   8 0.72
 18   9 0.48
 18  10 0.54
 18  11 0.59
 18  12 0.64
 18  13 0.60
 18  14 0.63
 18  15 0.63
 18  16 0.67
 18  17 0.63
 18  18 1.00
 18  19 0.61
 18  20 0.51
 18  21 0.75
 18  22 0.63
 19   1 0.61
 19   2 0.47
 19   3 0.49
 19   4 0.47
 19   5 0.59
 19   6 0.62
 19   7 0.50
 19   8 0.58
 19   9 0.47
 19  10 0.65
 19  11 0.55
 19  12 0.63
 19  13 0.60
 19  14 0.68
 19  15 0.52
 19  16 0.74
 19  17 0.56
 19  18 0.61
 19  19 1.00
 19  20 0.49
 19  21 0.64
 19  22 0.53
 20   1 0.41
 20   2 0.30
 20   3 0.22
 20   4 0.28
 20   5 0.35
 20   6 0.48
 20   7 0.30
 20   8 0.47
 20   9 0.49
 20  10 0.50
 20  11 0.55
 20  12 0.54
 20  13 0.71
 20  14 0.51
 20  15 0.42
 20  16 0.56
 20  17 0.54
 20  18 0.51
 20  19 0.49
 20  20 1.00
 20  21 0.43
 20  22 0.55
 21   1 0.63
 21   2 0.53
 21   3 0.61
 21   4 0.48
 21   5 0.63
 21   6 0.72
 21   7 0.60
 21   8 0.73
 21   9 0.46
 21  10 0.54
 21  11 0.55
 21  12 0.62
 21  13 0.56
 21  14 0.67
 21  15 0.62
 21  16 0.61
 21  17 0.56
 21  18 0.75
 21  19 0.64
 21  20 0.43
 21  21 1.00
 21  22 0.65
 22   1 0.43
 22   2 0.35
 22   3 0.43
 22   4 0.29
 22   5 0.49
 22   6 0.57
 22   7 0.48
 22   8 0.66
 22   9 0.45
 22  10 0.60
 22  11 0.51
 22  12 0.53
 22  13 0.62
 22  14 0.58
 22  15 0.51
 22  16 0.60
 22  17 0.53
 22  18 0.63
 22  19 0.53
 22  20 0.55
 22  21 0.65
 22  22 1.00
  1   1 1.00
  1   2 0.68
  1   3 0.52
  1   4 0.58
  1   5 0.73
  1   6 0.70
  1   7 0.44
  1   8 0.60
  1   9 0.58
  1  10 0.53
  1  11 0.54
  1  12 0.54
  1  13 0.42
  1  14 0.70
  1  15 0.70
  1  16 0.58
  1  17 0.38
  1  18 0.54
  1  19 0.61
  1  20 0.41
  1  21 0.63
  1  22 0.43
  2   1 0.68
  2   2 1.00
  2   3 0.38
  2   4 0.46
  2   5 0.56
  2   6 0.64
  2   7 0.41
  2   8 0.53
  2   9 0.61
  2  10 0.42
  2  11 0.46
  2  12 0.40
  2  13 0.34
  2  14 0.63
  2  15 0.63
  2  16 0.46
  2  17 0.35
  2  18 0.45
  2  19 0.47
  2  20 0.30
  2  21 0.53
  2  22 0.35
  3   1 0.52
  3   2 0.38
  3   3 1.00
  3   4 0.41
  3   5 0.56
  3   6 0.42
  3   7 0.30
  3   8 0.42
  3   9 0.41
  3  10 0.50
  3  11 0.39
  3  12 0.35
  3  13 0.32
  3  14 0.47
  3  15 0.44
  3  16 0.43
  3  17 0.26
  3  18 0.41
  3  19 0.49
  3  20 0.22
  3  21 0.61
  3  22 0.43
  4   1 0.58
  4   2 0.46
  4   3 0.41
  4   4 1.00
  4   5 0.60
  4   6 0.48
  4   7 0.47
  4   8 0.52
  4   9 0.42
  4  10 0.36
  4  11 0.38
  4  12 0.39
  4  13 0.30
  4  14 0.54
  4  15 0.50
  4  16 0.44
  4  17 0.22
  4  18 0.45
  4  19 0.47
  4  20 0.28
  4  21 0.48
  4  22 0.29
  5   1 0.73
  5   2 0.56
  5   3 0.56
  5   4 0.60
  5   5 1.00
  5   6 0.66
  5   7 0.44
  5   8 0.60
  5   9 0.62
  5  10 0.58
  5  11 0.56
  5  12 0.49
  5  13 0.39
  5  14 0.71
  5  15 0.66
  5  16 0.59
  5  17 0.35
  5  18 0.56
  5  19 0.59
  5  20 0.35
  5  21 0.63
  5  22 0.49
  6   1 0.70
  6   2 0.64
  6   3 0.42
  6   4 0.48
  6   5 0.66
  6   6 1.00
  6   7 0.57
  6   8 0.73
  6   9 0.57
  6  10 0.57
  6  11 0.62
  6  12 0.66
  6  13 0.58
  6  14 0.76
  6  15 0.66
  6  16 0.62
  6  17 0.64
  6  18 0.69
  6  19 0.62
  6  20 0.48
  6  21 0.72
  6  22 0.57
  7   1 0.44
  7   2 0.41
  7   3 0.30
  7   4 0.47
  7   5 0.44
  7   6 0.57
  7   7 1.00
  7   8 0.67
  7   9 0.35
  7  10 0.39
  7  11 0.41
  7  12 0.54
  7  13 0.42
  7  14 0.55
  7  15 0.42
  7  16 0.41
  7  17 0.52
  7  18 0.53
  7  19 0.50
  7  20 0.30
  7  21 0.60
  7  22 0.48
  8   1 0.60
  8   2 0.53
  8   3 0.42
  8   4 0.52
  8   5 0.60
  8   6 0.73
  8   7 0.67
  8   8 1.00
  8   9 0.51
  8  10 0.54
  8  11 0.54
  8  12 0.65
  8  13 0.58
  8  14 0.66
  8  15 0.67
  8  16 0.63
  8  17 0.60
  8  18 0.72
  8  19 0.58
  8  20 0.47
  8  21 0.73
  8  22 0.66
  9   1 0.58
  9   2 0.61
  9   3 0.41
  9   4 0.42
  9   5 0.62
  9   6 0.57
  9   7 0.35
  9   8 0.51
  9   9 1.00
  9  10 0.48
  9  11 0.50
  9  12 0.40
  9  13 0.48
  9  14 0.63
  9  15 0.56
  9  16 0.56
  9  17 0.36
  9  18 0.48
  9  19 0.47
  9  20 0.49
  9  21 0.46
  9  22 0.45
 10   1 0.53
 10   2 0.42
 10   3 0.50
 10   4 0.36
 10   5 0.58
 10   6 0.57
 10   7 0.39
 10   8 0.54
 10   9 0.48
 10  10 1.00
 10  11 0.61
 10  12 0.52
 10  13 0.61
 10  14 0.58
 10  15 0.58
 10  16 0.68
 10  17 0.51
 10  18 0.54
 10  19 0.65
 10  20 0.50
 10  21 0.54
 10  22 0.60
 11   1 0.54
 11   2 0.46
 11   3 0.39
 11   4 0.38
 11   5 0.56
 11   6 0.62
 11   7 0.41
 11   8 0.54
 11   9 0.50
 11  10 0.61
 11  11 1.00
 11  12 0.56
 11  13 0.57
 11  14 0.60
 11  15 0.52
 11  16 0.59
 11  17 0.61
 11  18 0.59
 11  19 0.55
 11  20 0.55
 11  21 0.55
 11  22 0.51
 12   1 0.54
 12   2 0.40
 12   3 0.35
 12   4 0.39
 12   5 0.49
 12   6 0.66
 12   7 0.54
 12   8 0.65
 12   9 0.40
 12  10 0.52
 12  11 0.56
 12  12 1.00
 12  13 0.62
 12  14 0.61
 12  15 0.51
 12  16 0.60
 12  17 0.71
 12  18 0.64
 12  19 0.63
 12  20 0.54
 12  21 0.62
 12  22 0.53
 13   1 0.42
 13   2 0.34
 13   3 0.32
 13   4 0.30
 13   5 0.39
 13   6 0.58
 13   7 0.42
 13   8 0.58
 13   9 0.48
 13  10 0.61
 13  11 0.57
 13  12 0.62
 13  13 1.00
 13  14 0.59
 13  15 0.46
 13  16 0.64
 13  17 0.65
 13  18 0.60
 13  19 0.60
 13  20 0.71
 13  21 0.56
 13  22 0.62
 14   1 0.70
 14   2 0.63
 14   3 0.47
 14   4 0.54
 14   5 0.71
 14   6 0.76
 14   7 0.55
 14   8 0.66
 14   9 0.63
 14  10 0.58
 14  11 0.60
 14  12 0.61
 14  13 0.59
 14  14 1.00
 14  15 0.64
 14  16 0.63
 14  17 0.52
 14  18 0.63
 14  19 0.68
 14  20 0.51
 14  21 0.67
 14  22 0.58
 15   1 0.70
 15   2 0.63
 15   3 0.44
 15   4 0.50
 15   5 0.66
 15   6 0.66
 15   7 0.42
 15   8 0.67
 15   9 0.56
 15  10 0.58
 15  11 0.52
 15  12 0.51
 15  13 0.46
 15  14 0.64
 15  15 1.00
 15  16 0.58
 15  17 0.42
 15  18 0.63
 15  19 0.52
 15  20 0.42
 15  21 0.62
 15  22 0.51
 16   1 0.58
 16   2 0.46
 16   3 0.43
 16   4 0.44
 16   5 0.59
 16   6 0.62
 16   7 0.41
 16   8 0.63
 16   9 0.56
 16  10 0.68
 16  11 0.59
 16  12 0.60
 16  13 0.64
 16  14 0.63
 16  15 0.58
 16  16 1.00
 16  17 0.54
 16  18 0.67
 16  19 0.74
 16  20 0.56
 16  21 0.61
 16  22 0.60
 17   1 0.38
 17   2 0.35
 17   3 0.26
 17   4 0.22
 17   5 0.35
 17   6 0.64
 17   7 0.52
 17   8 0.60
 17   9 0.36
 17  10 0.51
 17  11 0.61
 17  12 0.71
 17  13 0.65
 17  14 0.52
 17  15 0.42
 17  16 0.54
 17  17 1.00
 17  18 0.63
 17  19 0.56
 17  20 0.54
 17  21 0.56
 17  22 0.53
 18   1 0.54
 18   2 0.45
 18   3 0.41
 18   4 0.45
 18   5 0.56
 18   6 0.69
 18   7 0.53
 18   8 0.72
 18   9 0.48
 18  10 0.54
 18  11 0.59
 18  12 0.64
 18  13 0.60
 18  14 0.63
 18  15 0.63
 18  16 0.67
 18  17 0.63
 18  18 1.00
 18  19 0.61
 18  20 0.51
 18  21 0.75
 18  22 0.63
 19   1 0.61
 19   2 0.47
 19   3 0.49
 19   4 0.47
 19   5 0.59
 19   6 0.62
 19   7 0.50
 19   8 0.58
 19   9 0.47
 19  10 0.65
 19  11 0.55
 19  12 0.63
 19  13 0.60
 19  14 0.68
 19  15 0.52
 19  16 0.74
 19  17 0.56
 19  18 0.61
 19  19 1.00
 19  20 0.49
 19  21 0.64
 19  22 0.53
 20   1 0.41
 20   2 0.30
 20   3 0.22
 20   4 0.28
 20   5 0.35
 20   6 0.48
 20   7 0.30
 20   8 0.47
 20   9 0.49
 20  10 0.50
 20  11 0.55
 20  12 0.54
 20  13 0.71
 20  14 0.51
 20  15 0.42
 20  16 0.56
 20  17 0.54
 20  18 0.51
 20  19 0.49
 20  20 1.00
 20  21 0.43
 20  22 0.55
 21   1 0.63
 21   2 0.53
 21   3 0.61
 21   4 0.48
 21   5 0.63
 21   6 0.72
 21   7 0.60
 21   8 0.73
 21   9 0.46
 21  10 0.54
 21  11 0.55
 21  12 0.62
 21  13 0.56
 21  14 0.67
 21  15 0.62
 21  16 0.61
 21  17 0.56
 21  18 0.75
 21  19 0.64
 21  20 0.43
 21  21 1.00
 21  22 0.65
 22   1 0.43
 22   2 0.35
 22   3 0.43
 22   4 0.29
 22   5 0.49
 22   6 0.57
 22   7 0.48
 22   8 0.66
 22   9 0.45
 22  10 0.60
 22  11 0.51
 22  12 0.53
 22  13 0.62
 22  14 0.58
 22  15 0.51
 22  16 0.60
 22  17 0.53
 22  18 0.63
 22  19 0.53
 22  20 0.55
 22  21 0.65
 22  22 1.00
