  1   1 1.00
  1   2 0.82
  1   3 0.49
  1   4 0.59
  1   5 0.43
  1   6 0.65
  1   7 0.41
  1   8 0.57
  1   9 0.70
  1  10 0.60
  1  11 0.47
  1  12 0.43
  1  13 0.47
  1  14 0.58
  1  15 0.54
  1  16 0.50
  1  17 0.56
  1  18 0.45
  1  19 0.65
  1  20 0.27
  1  21 0.30
  1  22 0.53
  2   1 0.82
  2   2 1.00
  2   3 0.63
  2   4 0.68
  2   5 0.47
  2   6 0.75
  2   7 0.49
  2   8 0.67
  2   9 0.82
  2  10 0.65
  2  11 0.61
  2  12 0.44
  2  13 0.50
  2  14 0.62
  2  15 0.55
  2  16 0.59
  2  17 0.65
  2  18 0.40
  2  19 0.73
  2  20 0.37
  2  21 0.39
  2  22 0.59
  3   1 0.49
  3   2 0.63
  3   3 1.00
  3   4 0.54
  3   5 0.46
  3   6 0.50
  3   7 0.45
  3   8 0.65
  3   9 0.69
  3  10 0.57
  3  11 0.71
  3  12 0.46
  3  13 0.56
  3  14 0.52
  3  15 0.59
  3  16 0.55
  3  17 0.59
  3  18 0.40
  3  19 0.57
  3  20 0.36
  3  21 0.35
  3  22 0.50
  4   1 0.59
  4   2 0.68
  4   3 0.54
  4   4 1.00
  4   5 0.64
  4   6 0.60
  4   7 0.49
  4   8 0.72
  4   9 0.65
  4  10 0.60
  4  11 0.52
  4  12 0.53
  4  13 0.61
  4  14 0.67
  4  15 0.58
  4  16 0.65
  4  17 0.60
  4  18 0.43
  4  19 0.54
  4  20 0.26
  4  21 0.28
  4  22 0.45
  5   1 0.43
  5   2 0.47
  5   3 0.46
  5   4 0.64
  5   5 1.00
  5   6 0.54
  5   7 0.35
  5   8 0.62
  5   9 0.56
  5  10 0.46
  5  11 0.43
  5  12 0.71
  5  13 0.78
  5  14 0.72
  5  15 0.74
  5  16 0.82
  5  17 0.51
  5  18 0.60
  5  19 0.42
  5  20 0.24
  5  21 0.19
  5  22 0.34
  6   1 0.65
  6   2 0.75
  6   3 0.50
  6   4 0.60
  6   5 0.54
  6   6 1.00
  6   7 0.62
  6   8 0.73
  6   9 0.71
  6  10 0.42
  6  11 0.57
  6  12 0.44
  6  13 0.63
  6  14 0.67
  6  15 0.49
  6  16 0.61
  6  17 0.68
  6  18 0.52
  6  19 0.87
  6  20 0.56
  6  21 0.37
  6  22 0.56
  7   1 0.41
  7   2 0.49
  7   3 0.45
  7   4 0.49
  7   5 0.35
  7   6 0.62
  7   7 1.00
  7   8 0.62
  7   9 0.46
  7  10 0.29
  7  11 0.41
  7  12 0.28
  7  13 0.44
  7  14 0.41
  7  15 0.37
  7  16 0.34
  7  17 0.44
  7  18 0.39
  7  19 0.57
  7  20 0.34
  7  21 0.25
  7  22 0.32
  8   1 0.57
  8   2 0.67
  8   3 0.65
  8   4 0.72
  8   5 0.62
  8   6 0.73
  8   7 0.62
  8   8 1.00
  8   9 0.66
  8  10 0.45
  8  11 0.60
  8  12 0.64
  8  13 0.72
  8  14 0.74
  8  15 0.62
  8  16 0.66
  8  17 0.72
  8  18 0.60
  8  19 0.70
  8  20 0.47
  8  21 0.31
  8  22 0.56
  9   1 0.70
  9   2 0.82
  9   3 0.69
  9   4 0.65
  9   5 0.56
  9   6 0.71
  9   7 0.46
  9   8 0.66
  9   9 1.00
  9  10 0.66
  9  11 0.78
  9  12 0.53
  9  13 0.61
  9  14 0.68
  9  15 0.65
  9  16 0.71
  9  17 0.65
  9  18 0.36
  9  19 0.75
  9  20 0.47
  9  21 0.41
  9  22 0.67
 10   1 0.60
 10   2 0.65
 10   3 0.57
 10   4 0.60
 10   5 0.46
 10   6 0.42
 10   7 0.29
 10   8 0.45
 10   9 0.66
 10  10 1.00
 10  11 0.49
 10  12 0.40
 10  13 0.45
 10  14 0.53
 10  15 0.53
 10  16 0.58
 10  17 0.49
 10  18 0.27
 10  19 0.39
 10  20 0.17
 10  21 0.22
 10  22 0.45
 11   1 0.47
 11   2 0.61
 11   3 0.71
 11   4 0.52
 11   5 0.43
 11   6 0.57
 11   7 0.41
 11   8 0.60
 11   9 0.78
 11  10 0.49
 11  11 1.00
 11  12 0.50
 11  13 0.53
 11  14 0.61
 11  15 0.51
 11  16 0.60
 11  17 0.60
 11  18 0.29
 11  19 0.62
 11  20 0.56
 11  21 0.38
 11  22 0.67
 12   1 0.43
 12   2 0.44
 12   3 0.46
 12   4 0.53
 12   5 0.71
 12   6 0.44
 12   7 0.28
 12   8 0.64
 12   9 0.53
 12  10 0.40
 12  11 0.50
 12  12 1.00
 12  13 0.70
 12  14 0.71
 12  15 0.67
 12  16 0.73
 12  17 0.57
 12  18 0.64
 12  19 0.42
 12  20 0.27
 12  21 0.16
 12  22 0.37
 13   1 0.47
 13   2 0.50
 13   3 0.56
 13   4 0.61
 13   5 0.78
 13   6 0.63
 13   7 0.44
 13   8 0.72
 13   9 0.61
 13  10 0.45
 13  11 0.53
 13  12 0.70
 13  13 1.00
 13  14 0.70
 13  15 0.77
 13  16 0.81
 13  17 0.67
 13  18 0.63
 13  19 0.56
 13  20 0.36
 13  21 0.23
 13  22 0.39
 14   1 0.58
 14   2 0.62
 14   3 0.52
 14   4 0.67
 14   5 0.72
 14   6 0.67
 14   7 0.41
 14   8 0.74
 14   9 0.68
 14  10 0.53
 14  11 0.61
 14  12 0.71
 14  13 0.70
 14  14 1.00
 14  15 0.72
 14  16 0.79
 14  17 0.64
 14  18 0.58
 14  19 0.62
 14  20 0.40
 14  21 0.28
 14  22 0.55
 15   1 0.54
 15   2 0.55
 15   3 0.59
 15   4 0.58
 15   5 0.74
 15   6 0.49
 15   7 0.37
 15   8 0.62
 15   9 0.65
 15  10 0.53
 15  11 0.51
 15  12 0.67
 15  13 0.77
 15  14 0.72
 15  15 1.00
 15  16 0.75
 15  17 0.55
 15  18 0.57
 15  19 0.48
 15  20 0.25
 15  21 0.28
 15  22 0.41
 16   1 0.50
 16   2 0.59
 16   3 0.55
 16   4 0.65
 16   5 0.82
 16   6 0.61
 16   7 0.34
 16   8 0.66
 16   9 0.71
 16  10 0.58
 16  11 0.60
 16  12 0.73
 16  13 0.81
 16  14 0.79
 16  15 0.75
 16  16 1.00
 16  17 0.63
 16  18 0.49
 16  19 0.55
 16  20 0.29
 16  21 0.24
 16  22 0.45
 17   1 0.56
 17   2 0.65
 17   3 0.59
 17   4 0.60
 17   5 0.51
 17   6 0.68
 17   7 0.44
 17   8 0.72
 17   9 0.65
 17  10 0.49
 17  11 0.60
 17  12 0.57
 17  13 0.67
 17  14 0.64
 17  15 0.55
 17  16 0.63
 17  17 1.00
 17  18 0.46
 17  19 0.65
 17  20 0.45
 17  21 0.34
 17  22 0.61
 18   1 0.45
 18   2 0.40
 18   3 0.40
 18   4 0.43
 18   5 0.60
 18   6 0.52
 18   7 0.39
 18   8 0.60
 18   9 0.36
 18  10 0.27
 18  11 0.29
 18  12 0.64
 18  13 0.63
 18  14 0.58
 18  15 0.57
 18  16 0.49
 18  17 0.46
 18  18 1.00
 18  19 0.45
 18  20 0.22
 18  21 0.20
 18  22 0.24
 19   1 0.65
 19   2 0.73
 19   3 0.57
 19   4 0.54
 19   5 0.42
 19   6 0.87
 19   7 0.57
 19   8 0.70
 19   9 0.75
 19  10 0.39
 19  11 0.62
 19  12 0.42
 19  13 0.56
 19  14 0.62
 19  15 0.48
 19  16 0.55
 19  17 0.65
 19  18 0.45
 19  19 1.00
 19  20 0.52
 19  21 0.46
 19  22 0.57
 20   1 0.27
 20   2 0.37
 20   3 0.36
 20   4 0.26
 20   5 0.24
 20   6 0.56
 20   7 0.34
 20   8 0.47
 20   9 0.47
 20  10 0.17
 20  11 0.56
 20  12 0.27
 20  13 0.36
 20  14 0.40
 20  15 0.25
 20  16 0.29
 20  17 0.45
 20  18 0.22
 20  19 0.52
 20  20 1.00
 20  21 0.29
 20  22 0.64
 21   1 0.30
 21   2 0.39
 21   3 0.35
 21   4 0.28
 21   5 0.19
 21   6 0.37
 21   7 0.25
 21   8 0.31
 21   9 0.41
 21  10 0.22
 21  11 0.38
 21  12 0.16
 21  13 0.23
 21  14 0.28
 21  15 0.28
 21  16 0.24
 21  17 0.34
 21  18 0.20
 21  19 0.46
 21  20 0.29
 21  21 1.00
 21  22 0.38
 22   1 0.53
 22   2 0.59
 22   3 0.50
 22   4 0.45
 22   5 0.34
 22   6 0.56
 22   7 0.32
 22   8 0.56
 22   9 0.67
 22  10 0.45
 22  11 0.67
 22  12 0.37
 22  13 0.39
 22  14 0.55
 22  15 0.41
 22  16 0.45
 22  17 0.61
 22  18 0.24
 22  19 0.57
 22  20 0.64
 22  21 0.38
 22  22 1.00
  1   1 1.00
  1   2 0.82
  1   3 0.49
  1   4 0.59
  1   5 0.43
  1   6 0.65
  1   7 0.41
  1   8 0.57
  1   9 0.70
  1  10 0.60
  1  11 0.47
  1  12 0.43
  1  13 0.47
  1  14 0.58
  1  15 0.54
  1  16 0.50
  1  17 0.55
  1  18 0.45
  1  19 0.65
  1  20 0.27
  1  21 0.30
  1  22 0.53
  2   1 0.82
  2   2 1.00
  2   3 0.63
  2   4 0.68
  2   5 0.47
  2   6 0.75
  2   7 0.49
  2   8 0.67
  2   9 0.82
  2  10 0.65
  2  11 0.61
  2  12 0.44
  2  13 0.50
  2  14 0.62
  2  15 0.55
  2  16 0.59
  2  17 0.65
  2  18 0.40
  2  19 0.73
  2  20 0.37
  2  21 0.39
  2  22 0.59
  3   1 0.49
  3   2 0.63
  3   3 1.00
  3   4 0.54
  3   5 0.46
  3   6 0.50
  3   7 0.45
  3   8 0.65
  3   9 0.69
  3  10 0.57
  3  11 0.70
  3  12 0.46
  3  13 0.55
  3  14 0.52
  3  15 0.59
  3  16 0.55
  3  17 0.59
  3  18 0.39
  3  19 0.57
  3  20 0.36
  3  21 0.35
  3  22 0.50
  4   1 0.59
  4   2 0.68
  4   3 0.54
  4   4 1.00
  4   5 0.64
  4   6 0.60
  4   7 0.49
  4   8 0.72
  4   9 0.65
  4  10 0.60
  4  11 0.51
  4  12 0.53
  4  13 0.61
  4  14 0.67
  4  15 0.58
  4  16 0.65
  4  17 0.60
  4  18 0.43
  4  19 0.54
  4  20 0.26
  4  21 0.28
  4  22 0.45
  5   1 0.43
  5   2 0.47
  5   3 0.46
  5   4 0.64
  5   5 1.00
  5   6 0.54
  5   7 0.35
  5   8 0.62
  5   9 0.56
  5  10 0.46
  5  11 0.43
  5  12 0.71
  5  13 0.78
  5  14 0.72
  5  15 0.74
  5  16 0.82
  5  17 0.51
  5  18 0.60
  5  19 0.42
  5  20 0.24
  5  21 0.19
  5  22 0.33
  6   1 0.65
  6   2 0.75
  6   3 0.50
  6   4 0.60
  6   5 0.54
  6   6 1.00
  6   7 0.62
  6   8 0.73
  6   9 0.71
  6  10 0.42
  6  11 0.57
  6  12 0.44
  6  13 0.63
  6  14 0.67
  6  15 0.49
  6  16 0.61
  6  17 0.68
  6  18 0.52
  6  19 0.87
  6  20 0.56
  6  21 0.37
  6  22 0.56
  7   1 0.41
  7   2 0.49
  7   3 0.45
  7   4 0.49
  7   5 0.35
  7   6 0.62
  7   7 1.00
  7   8 0.62
  7   9 0.46
  7  10 0.29
  7  11 0.40
  7  12 0.28
  7  13 0.44
  7  14 0.41
  7  15 0.37
  7  16 0.33
  7  17 0.44
  7  18 0.39
  7  19 0.57
  7  20 0.34
  7  21 0.25
  7  22 0.32
  8   1 0.57
  8   2 0.67
  8   3 0.65
  8   4 0.72
  8   5 0.62
  8   6 0.73
  8   7 0.62
  8   8 1.00
  8   9 0.66
  8  10 0.45
  8  11 0.60
  8  12 0.64
  8  13 0.72
  8  14 0.73
  8  15 0.62
  8  16 0.66
  8  17 0.72
  8  18 0.59
  8  19 0.70
  8  20 0.47
  8  21 0.30
  8  22 0.56
  9   1 0.70
  9   2 0.82
  9   3 0.69
  9   4 0.65
  9   5 0.56
  9   6 0.71
  9   7 0.46
  9   8 0.66
  9   9 1.00
  9  10 0.66
  9  11 0.78
  9  12 0.53
  9  13 0.61
  9  14 0.68
  9  15 0.65
  9  16 0.71
  9  17 0.65
  9  18 0.36
  9  19 0.75
  9  20 0.47
  9  21 0.41
  9  22 0.67
 10   1 0.60
 10   2 0.65
 10   3 0.57
 10   4 0.60
 10   5 0.46
 10   6 0.42
 10   7 0.29
 10   8 0.45
 10   9 0.66
 10  10 1.00
 10  11 0.49
 10  12 0.40
 10  13 0.45
 10  14 0.53
 10  15 0.53
 10  16 0.58
 10  17 0.49
 10  18 0.27
 10  19 0.39
 10  20 0.17
 10  21 0.22
 10  22 0.45
 11   1 0.47
 11   2 0.61
 11   3 0.70
 11   4 0.51
 11   5 0.43
 11   6 0.57
 11   7 0.40
 11   8 0.60
 11   9 0.78
 11  10 0.49
 11  11 1.00
 11  12 0.50
 11  13 0.53
 11  14 0.61
 11  15 0.51
 11  16 0.60
 11  17 0.60
 11  18 0.28
 11  19 0.62
 11  20 0.56
 11  21 0.38
 11  22 0.67
 12   1 0.43
 12   2 0.44
 12   3 0.46
 12   4 0.53
 12   5 0.71
 12   6 0.44
 12   7 0.28
 12   8 0.64
 12   9 0.53
 12  10 0.40
 12  11 0.50
 12  12 1.00
 12  13 0.70
 12  14 0.71
 12  15 0.67
 12  16 0.73
 12  17 0.57
 12  18 0.64
 12  19 0.41
 12  20 0.26
 12  21 0.16
 12  22 0.37
 13   1 0.47
 13   2 0.50
 13   3 0.55
 13   4 0.61
 13   5 0.78
 13   6 0.63
 13   7 0.44
 13   8 0.72
 13   9 0.61
 13  10 0.45
 13  11 0.53
 13  12 0.70
 13  13 1.00
 13  14 0.70
 13  15 0.77
 13  16 0.81
 13  17 0.67
 13  18 0.63
 13  19 0.56
 13  20 0.36
 13  21 0.23
 13  22 0.39
 14   1 0.58
 14   2 0.62
 14   3 0.52
 14   4 0.67
 14   5 0.72
 14   6 0.67
 14   7 0.41
 14   8 0.73
 14   9 0.68
 14  10 0.53
 14  11 0.61
 14  12 0.71
 14  13 0.70
 14  14 1.00
 14  15 0.72
 14  16 0.79
 14  17 0.64
 14  18 0.58
 14  19 0.62
 14  20 0.40
 14  21 0.28
 14  22 0.55
 15   1 0.54
 15   2 0.55
 15   3 0.59
 15   4 0.58
 15   5 0.74
 15   6 0.49
 15   7 0.37
 15   8 0.62
 15   9 0.65
 15  10 0.53
 15  11 0.51
 15  12 0.67
 15  13 0.77
 15  14 0.72
 15  15 1.00
 15  16 0.75
 15  17 0.55
 15  18 0.57
 15  19 0.48
 15  20 0.25
 15  21 0.28
 15  22 0.41
 16   1 0.50
 16   2 0.59
 16   3 0.55
 16   4 0.65
 16   5 0.82
 16   6 0.61
 16   7 0.33
 16   8 0.66
 16   9 0.71
 16  10 0.58
 16  11 0.60
 16  12 0.73
 16  13 0.81
 16  14 0.79
 16  15 0.75
 16  16 1.00
 16  17 0.63
 16  18 0.49
 16  19 0.55
 16  20 0.29
 16  21 0.24
 16  22 0.45
 17   1 0.55
 17   2 0.65
 17   3 0.59
 17   4 0.60
 17   5 0.51
 17   6 0.68
 17   7 0.44
 17   8 0.72
 17   9 0.65
 17  10 0.49
 17  11 0.60
 17  12 0.57
 17  13 0.67
 17  14 0.64
 17  15 0.55
 17  16 0.63
 17  17 1.00
 17  18 0.46
 17  19 0.65
 17  20 0.45
 17  21 0.34
 17  22 0.61
 18   1 0.45
 18   2 0.40
 18   3 0.39
 18   4 0.43
 18   5 0.60
 18   6 0.52
 18   7 0.39
 18   8 0.59
 18   9 0.36
 18  10 0.27
 18  11 0.28
 18  12 0.64
 18  13 0.63
 18  14 0.58
 18  15 0.57
 18  16 0.49
 18  17 0.46
 18  18 1.00
 18  19 0.45
 18  20 0.22
 18  21 0.20
 18  22 0.24
 19   1 0.65
 19   2 0.73
 19   3 0.57
 19   4 0.54
 19   5 0.42
 19   6 0.87
 19   7 0.57
 19   8 0.70
 19   9 0.75
 19  10 0.39
 19  11 0.62
 19  12 0.41
 19  13 0.56
 19  14 0.62
 19  15 0.48
 19  16 0.55
 19  17 0.65
 19  18 0.45
 19  19 1.00
 19  20 0.52
 19  21 0.45
 19  22 0.57
 20   1 0.27
 20   2 0.37
 20   3 0.36
 20   4 0.26
 20   5 0.24
 20   6 0.56
 20   7 0.34
 20   8 0.47
 20   9 0.47
 20  10 0.17
 20  11 0.56
 20  12 0.26
 20  13 0.36
 20  14 0.40
 20  15 0.25
 20  16 0.29
 20  17 0.45
 20  18 0.22
 20  19 0.52
 20  20 1.00
 20  21 0.29
 20  22 0.64
 21   1 0.30
 21   2 0.39
 21   3 0.35
 21   4 0.28
 21   5 0.19
 21   6 0.37
 21   7 0.25
 21   8 0.30
 21   9 0.41
 21  10 0.22
 21  11 0.38
 21  12 0.16
 21  13 0.23
 21  14 0.28
 21  15 0.28
 21  16 0.24
 21  17 0.34
 21  18 0.20
 21  19 0.45
 21  20 0.29
 21  21 1.00
 21  22 0.37
 22   1 0.53
 22   2 0.59
 22   3 0.50
 22   4 0.45
 22   5 0.33
 22   6 0.56
 22   7 0.32
 22   8 0.56
 22   9 0.67
 22  10 0.45
 22  11 0.67
 22  12 0.37
 22  13 0.39
 22  14 0.55
 22  15 0.41
 22  16 0.45
 22  17 0.61
 22  18 0.24
 22  19 0.57
 22  20 0.64
 22  21 0.37
 22  22 1.00
  1   1 1.00
  1   2 0.82
  1   3 0.49
  1   4 0.59
  1   5 0.43
  1   6 0.65
  1   7 0.41
  1   8 0.57
  1   9 0.70
  1  10 0.60
  1  11 0.47
  1  12 0.43
  1  13 0.47
  1  14 0.58
  1  15 0.54
  1  16 0.50
  1  17 0.55
  1  18 0.45
  1  19 0.65
  1  20 0.27
  1  21 0.30
  1  22 0.53
  2   1 0.82
  2   2 1.00
  2   3 0.63
  2   4 0.68
  2   5 0.47
  2   6 0.75
  2   7 0.49
  2   8 0.67
  2   9 0.82
  2  10 0.65
  2  11 0.61
  2  12 0.44
  2  13 0.50
  2  14 0.62
  2  15 0.55
  2  16 0.59
  2  17 0.65
  2  18 0.40
  2  19 0.73
  2  20 0.37
  2  21 0.39
  2  22 0.59
  3   1 0.49
  3   2 0.63
  3   3 1.00
  3   4 0.54
  3   5 0.46
  3   6 0.50
  3   7 0.45
  3   8 0.65
  3   9 0.69
  3  10 0.57
  3  11 0.70
  3  12 0.46
  3  13 0.55
  3  14 0.52
  3  15 0.59
  3  16 0.55
  3  17 0.59
  3  18 0.39
  3  19 0.57
  3  20 0.36
  3  21 0.35
  3  22 0.50
  4   1 0.59
  4   2 0.68
  4   3 0.54
  4   4 1.00
  4   5 0.64
  4   6 0.60
  4   7 0.49
  4   8 0.72
  4   9 0.65
  4  10 0.60
  4  11 0.51
  4  12 0.53
  4  13 0.61
  4  14 0.67
  4  15 0.58
  4  16 0.65
  4  17 0.60
  4  18 0.43
  4  19 0.54
  4  20 0.26
  4  21 0.28
  4  22 0.45
  5   1 0.43
  5   2 0.47
  5   3 0.46
  5   4 0.64
  5   5 1.00
  5   6 0.54
  5   7 0.35
  5   8 0.62
  5   9 0.56
  5  10 0.46
  5  11 0.43
  5  12 0.71
  5  13 0.78
  5  14 0.72
  5  15 0.74
  5  16 0.82
  5  17 0.51
  5  18 0.60
  5  19 0.42
  5  20 0.24
  5  21 0.19
  5  22 0.33
  6   1 0.65
  6   2 0.75
  6   3 0.50
  6   4 0.60
  6   5 0.54
  6   6 1.00
  6   7 0.62
  6   8 0.73
  6   9 0.71
  6  10 0.42
  6  11 0.57
  6  12 0.44
  6  13 0.63
  6  14 0.67
  6  15 0.49
  6  16 0.61
  6  17 0.68
  6  18 0.52
  6  19 0.87
  6  20 0.56
  6  21 0.37
  6  22 0.56
  7   1 0.41
  7   2 0.49
  7   3 0.45
  7   4 0.49
  7   5 0.35
  7   6 0.62
  7   7 1.00
  7   8 0.62
  7   9 0.46
  7  10 0.29
  7  11 0.40
  7  12 0.28
  7  13 0.44
  7  14 0.41
  7  15 0.37
  7  16 0.33
  7  17 0.44
  7  18 0.39
  7  19 0.57
  7  20 0.34
  7  21 0.25
  7  22 0.32
  8   1 0.57
  8   2 0.67
  8   3 0.65
  8   4 0.72
  8   5 0.62
  8   6 0.73
  8   7 0.62
  8   8 1.00
  8   9 0.66
  8  10 0.45
  8  11 0.60
  8  12 0.64
  8  13 0.72
  8  14 0.73
  8  15 0.62
  8  16 0.66
  8  17 0.72
  8  18 0.59
  8  19 0.70
  8  20 0.47
  8  21 0.30
  8  22 0.56
  9   1 0.70
  9   2 0.82
  9   3 0.69
  9   4 0.65
  9   5 0.56
  9   6 0.71
  9   7 0.46
  9   8 0.66
  9   9 1.00
  9  10 0.66
  9  11 0.78
  9  12 0.53
  9  13 0.61
  9  14 0.68
  9  15 0.65
  9  16 0.71
  9  17 0.65
  9  18 0.36
  9  19 0.75
  9  20 0.47
  9  21 0.41
  9  22 0.67
 10   1 0.60
 10   2 0.65
 10   3 0.57
 10   4 0.60
 10   5 0.46
 10   6 0.42
 10   7 0.29
 10   8 0.45
 10   9 0.66
 10  10 1.00
 10  11 0.49
 10  12 0.40
 10  13 0.45
 10  14 0.53
 10  15 0.53
 10  16 0.58
 10  17 0.49
 10  18 0.27
 10  19 0.39
 10  20 0.17
 10  21 0.22
 10  22 0.45
 11   1 0.47
 11   2 0.61
 11   3 0.70
 11   4 0.51
 11   5 0.43
 11   6 0.57
 11   7 0.40
 11   8 0.60
 11   9 0.78
 11  10 0.49
 11  11 1.00
 11  12 0.50
 11  13 0.53
 11  14 0.61
 11  15 0.51
 11  16 0.60
 11  17 0.60
 11  18 0.28
 11  19 0.62
 11  20 0.56
 11  21 0.38
 11  22 0.67
 12   1 0.43
 12   2 0.44
 12   3 0.46
 12   4 0.53
 12   5 0.71
 12   6 0.44
 12   7 0.28
 12   8 0.64
 12   9 0.53
 12  10 0.40
 12  11 0.50
 12  12 1.00
 12  13 0.70
 12  14 0.71
 12  15 0.67
 12  16 0.73
 12  17 0.57
 12  18 0.64
 12  19 0.41
 12  20 0.26
 12  21 0.16
 12  22 0.37
 13   1 0.47
 13   2 0.50
 13   3 0.55
 13   4 0.61
 13   5 0.78
 13   6 0.63
 13   7 0.44
 13   8 0.72
 13   9 0.61
 13  10 0.45
 13  11 0.53
 13  12 0.70
 13  13 1.00
 13  14 0.70
 13  15 0.77
 13  16 0.81
 13  17 0.67
 13  18 0.63
 13  19 0.56
 13  20 0.36
 13  21 0.23
 13  22 0.39
 14   1 0.58
 14   2 0.62
 14   3 0.52
 14   4 0.67
 14   5 0.72
 14   6 0.67
 14   7 0.41
 14   8 0.73
 14   9 0.68
 14  10 0.53
 14  11 0.61
 14  12 0.71
 14  13 0.70
 14  14 1.00
 14  15 0.72
 14  16 0.79
 14  17 0.64
 14  18 0.58
 14  19 0.62
 14  20 0.40
 14  21 0.28
 14  22 0.55
 15   1 0.54
 15   2 0.55
 15   3 0.59
 15   4 0.58
 15   5 0.74
 15   6 0.49
 15   7 0.37
 15   8 0.62
 15   9 0.65
 15  10 0.53
 15  11 0.51
 15  12 0.67
 15  13 0.77
 15  14 0.72
 15  15 1.00
 15  16 0.75
 15  17 0.55
 15  18 0.57
 15  19 0.48
 15  20 0.25
 15  21 0.28
 15  22 0.41
 16   1 0.50
 16   2 0.59
 16   3 0.55
 16   4 0.65
 16   5 0.82
 16   6 0.61
 16   7 0.33
 16   8 0.66
 16   9 0.71
 16  10 0.58
 16  11 0.60
 16  12 0.73
 16  13 0.81
 16  14 0.79
 16  15 0.75
 16  16 1.00
 16  17 0.63
 16  18 0.49
 16  19 0.55
 16  20 0.29
 16  21 0.24
 16  22 0.45
 17   1 0.55
 17   2 0.65
 17   3 0.59
 17   4 0.60
 17   5 0.51
 17   6 0.68
 17   7 0.44
 17   8 0.72
 17   9 0.65
 17  10 0.49
 17  11 0.60
 17  12 0.57
 17  13 0.67
 17  14 0.64
 17  15 0.55
 17  16 0.63
 17  17 1.00
 17  18 0.46
 17  19 0.65
 17  20 0.45
 17  21 0.34
 17  22 0.61
 18   1 0.45
 18   2 0.40
 18   3 0.39
 18   4 0.43
 18   5 0.60
 18   6 0.52
 18   7 0.39
 18   8 0.59
 18   9 0.36
 18  10 0.27
 18  11 0.28
 18  12 0.64
 18  13 0.63
 18  14 0.58
 18  15 0.57
 18  16 0.49
 18  17 0.46
 18  18 1.00
 18  19 0.45
 18  20 0.22
 18  21 0.20
 18  22 0.24
 19   1 0.65
 19   2 0.73
 19   3 0.57
 19   4 0.54
 19   5 0.42
 19   6 0.87
 19   7 0.57
 19   8 0.70
 19   9 0.75
 19  10 0.39
 19  11 0.62
 19  12 0.41
 19  13 0.56
 19  14 0.62
 19  15 0.48
 19  16 0.55
 19  17 0.65
 19  18 0.45
 19  19 1.00
 19  20 0.52
 19  21 0.45
 19  22 0.57
 20   1 0.27
 20   2 0.37
 20   3 0.36
 20   4 0.26
 20   5 0.24
 20   6 0.56
 20   7 0.34
 20   8 0.47
 20   9 0.47
 20  10 0.17
 20  11 0.56
 20  12 0.26
 20  13 0.36
 20  14 0.40
 20  15 0.25
 20  16 0.29
 20  17 0.45
 20  18 0.22
 20  19 0.52
 20  20 1.00
 20  21 0.29
 20  22 0.64
 21   1 0.30
 21   2 0.39
 21   3 0.35
 21   4 0.28
 21   5 0.19
 21   6 0.37
 21   7 0.25
 21   8 0.30
 21   9 0.41
 21  10 0.22
 21  11 0.38
 21  12 0.16
 21  13 0.23
 21  14 0.28
 21  15 0.28
 21  16 0.24
 21  17 0.34
 21  18 0.20
 21  19 0.45
 21  20 0.29
 21  21 1.00
 21  22 0.37
 22   1 0.53
 22   2 0.59
 22   3 0.50
 22   4 0.45
 22   5 0.33
 22   6 0.56
 22   7 0.32
 22   8 0.56
 22   9 0.67
 22  10 0.45
 22  11 0.67
 22  12 0.37
 22  13 0.39
 22  14 0.55
 22  15 0.41
 22  16 0.45
 22  17 0.61
 22  18 0.24
 22  19 0.57
 22  20 0.64
 22  21 0.37
 22  22 1.00
