  1   1 1.00
  1   2 0.49
  1   3 0.10
  1   5 0.17
  1   6 0.44
  1   7 0.43
  1   8 0.32
  1   9 0.14
  1  10 0.40
  1  11 0.17
  1  12 0.41
  1  13 0.39
  1  14 0.15
  1  15 0.24
  1  16 0.59
  1  17 0.35
  1  18 0.39
  1  19 0.43
  1  20 0.35
  1  21 0.40
  2   1 0.49
  2   2 1.00
  2   3 0.23
  2   5 0.54
  2   6 0.61
  2   7 0.45
  2   8 0.57
  2   9 0.35
  2  10 0.47
  2  11 0.23
  2  12 0.26
  2  13 0.51
  2  14 0.51
  2  15 0.28
  2  16 0.38
  2  17 0.54
  2  18 0.68
  2  19 0.47
  2  20 0.75
  2  21 0.40
  3   1 0.10
  3   2 0.23
  3   3 1.00
  3   5 0.35
  3   6 0.30
  3   7 0.12
  3   8 0.24
  3   9 0.75
  3  10 0.27
  3  11 0.36
  3  12 0.18
  3  13 0.43
  3  14 0.45
  3  15 0.46
  3  16 0.24
  3  17 0.38
  3  18 0.48
  3  19 0.29
  3  20 0.32
  3  21 0.20
  5   1 0.17
  5   2 0.54
  5   3 0.35
  5   5 1.00
  5   6 0.61
  5   7 0.39
  5   8 0.66
  5   9 0.55
  5  10 0.46
  5  11 0.48
  5  12 0.19
  5  13 0.62
  5  14 0.75
  5  15 0.67
  5  16 0.33
  5  17 0.44
  5  18 0.57
  5  19 0.47
  5  20 0.66
  5  21 0.38
  6   1 0.44
  6   2 0.61
  6   3 0.30
  6   5 0.61
  6   6 1.00
  6   7 0.71
  6   8 0.82
  6   9 0.40
  6  10 0.70
  6  11 0.53
  6  12 0.51
  6  13 0.84
  6  14 0.61
  6  15 0.71
  6  16 0.69
  6  17 0.73
  6  18 0.67
  6  19 0.81
  6  20 0.76
  6  21 0.57
  7   1 0.43
  7   2 0.45
  7   3 0.12
  7   5 0.39
  7   6 0.71
  7   7 1.00
  7   8 0.71
  7   9 0.15
  7  10 0.53
  7  11 0.42
  7  12 0.48
  7  13 0.56
  7  14 0.47
  7  15 0.45
  7  16 0.68
  7  17 0.41
  7  18 0.52
  7  19 0.77
  7  20 0.62
  7  21 0.50
  8   1 0.32
  8   2 0.57
  8   3 0.24
  8   5 0.66
  8   6 0.82
  8   7 0.71
  8   8 1.00
  8   9 0.36
  8  10 0.61
  8  11 0.50
  8  12 0.39
  8  13 0.68
  8  14 0.68
  8  15 0.60
  8  16 0.54
  8  17 0.46
  8  18 0.64
  8  19 0.66
  8  20 0.72
  8  21 0.49
  9   1 0.14
  9   2 0.35
  9   3 0.75
  9   5 0.55
  9   6 0.40
  9   7 0.15
  9   8 0.36
  9   9 1.00
  9  10 0.40
  9  11 0.33
  9  12 0.11
  9  13 0.49
  9  14 0.55
  9  15 0.53
  9  16 0.22
  9  17 0.47
  9  18 0.48
  9  19 0.28
  9  20 0.49
  9  21 0.26
 10   1 0.40
 10   2 0.47
 10   3 0.27
 10   5 0.46
 10   6 0.70
 10   7 0.53
 10   8 0.61
 10   9 0.40
 10  10 1.00
 10  11 0.37
 10  12 0.64
 10  13 0.65
 10  14 0.53
 10  15 0.50
 10  16 0.70
 10  17 0.52
 10  18 0.55
 10  19 0.60
 10  20 0.61
 10  21 0.52
 11   1 0.17
 11   2 0.23
 11   3 0.36
 11   5 0.48
 11   6 0.53
 11   7 0.42
 11   8 0.50
 11   9 0.33
 11  10 0.37
 11  11 1.00
 11  12 0.40
 11  13 0.62
 11  14 0.55
 11  15 0.70
 11  16 0.52
 11  17 0.53
 11  18 0.47
 11  19 0.63
 11  20 0.46
 11  21 0.43
 12   1 0.41
 12   2 0.26
 12   3 0.18
 12   5 0.19
 12   6 0.51
 12   7 0.48
 12   8 0.39
 12   9 0.11
 12  10 0.64
 12  11 0.40
 12  12 1.00
 12  13 0.50
 12  14 0.34
 12  15 0.34
 12  16 0.75
 12  17 0.39
 12  18 0.35
 12  19 0.62
 12  20 0.36
 12  21 0.61
 13   1 0.39
 13   2 0.51
 13   3 0.43
 13   5 0.62
 13   6 0.84
 13   7 0.56
 13   8 0.68
 13   9 0.49
 13  10 0.65
 13  11 0.62
 13  12 0.50
 13  13 1.00
 13  14 0.62
 13  15 0.80
 13  16 0.69
 13  17 0.75
 13  18 0.71
 13  19 0.76
 13  20 0.68
 13  21 0.60
 14   1 0.15
 14   2 0.51
 14   3 0.45
 14   5 0.75
 14   6 0.61
 14   7 0.47
 14   8 0.68
 14   9 0.55
 14  10 0.53
 14  11 0.55
 14  12 0.34
 14  13 0.62
 14  14 1.00
 14  15 0.69
 14  16 0.43
 14  17 0.51
 14  18 0.69
 14  19 0.60
 14  20 0.77
 14  21 0.52
 15   1 0.24
 15   2 0.28
 15   3 0.46
 15   5 0.67
 15   6 0.71
 15   7 0.45
 15   8 0.60
 15   9 0.53
 15  10 0.50
 15  11 0.70
 15  12 0.34
 15  13 0.80
 15  14 0.69
 15  15 1.00
 15  16 0.56
 15  17 0.61
 15  18 0.59
 15  19 0.71
 15  20 0.56
 15  21 0.50
 16   1 0.59
 16   2 0.38
 16   3 0.24
 16   5 0.33
 16   6 0.69
 16   7 0.68
 16   8 0.54
 16   9 0.22
 16  10 0.70
 16  11 0.52
 16  12 0.75
 16  13 0.69
 16  14 0.43
 16  15 0.56
 16  16 1.00
 16  17 0.55
 16  18 0.56
 16  19 0.82
 16  20 0.55
 16  21 0.52
 17   1 0.35
 17   2 0.54
 17   3 0.38
 17   5 0.44
 17   6 0.73
 17   7 0.41
 17   8 0.46
 17   9 0.47
 17  10 0.52
 17  11 0.53
 17  12 0.39
 17  13 0.75
 17  14 0.51
 17  15 0.61
 17  16 0.55
 17  17 1.00
 17  18 0.59
 17  19 0.67
 17  20 0.62
 17  21 0.44
 18   1 0.39
 18   2 0.68
 18   3 0.48
 18   5 0.57
 18   6 0.67
 18   7 0.52
 18   8 0.64
 18   9 0.48
 18  10 0.55
 18  11 0.47
 18  12 0.35
 18  13 0.71
 18  14 0.69
 18  15 0.59
 18  16 0.56
 18  17 0.59
 18  18 1.00
 18  19 0.58
 18  20 0.78
 18  21 0.48
 19   1 0.43
 19   2 0.47
 19   3 0.29
 19   5 0.47
 19   6 0.81
 19   7 0.77
 19   8 0.66
 19   9 0.28
 19  10 0.60
 19  11 0.63
 19  12 0.62
 19  13 0.76
 19  14 0.60
 19  15 0.71
 19  16 0.82
 19  17 0.67
 19  18 0.58
 19  19 1.00
 19  20 0.69
 19  21 0.56
 20   1 0.35
 20   2 0.75
 20   3 0.32
 20   5 0.66
 20   6 0.76
 20   7 0.62
 20   8 0.72
 20   9 0.49
 20  10 0.61
 20  11 0.46
 20  12 0.36
 20  13 0.68
 20  14 0.77
 20  15 0.56
 20  16 0.55
 20  17 0.62
 20  18 0.78
 20  19 0.69
 20  20 1.00
 20  21 0.50
 21   1 0.40
 21   2 0.40
 21   3 0.20
 21   5 0.38
 21   6 0.57
 21   7 0.50
 21   8 0.49
 21   9 0.26
 21  10 0.52
 21  11 0.43
 21  12 0.61
 21  13 0.60
 21  14 0.52
 21  15 0.50
 21  16 0.52
 21  17 0.44
 21  18 0.48
 21  19 0.56
 21  20 0.50
 21  21 1.00
  1   1 1.00
  1   2 0.49
  1   3 0.10
  1   5 0.17
  1   6 0.44
  1   7 0.43
  1   8 0.32
  1   9 0.13
  1  10 0.40
  1  11 0.17
  1  12 0.41
  1  13 0.39
  1  14 0.15
  1  15 0.24
  1  16 0.59
  1  17 0.35
  1  18 0.39
  1  19 0.43
  1  20 0.35
  1  21 0.40
  2   1 0.49
  2   2 1.00
  2   3 0.23
  2   5 0.54
  2   6 0.61
  2   7 0.45
  2   8 0.57
  2   9 0.35
  2  10 0.47
  2  11 0.23
  2  12 0.26
  2  13 0.51
  2  14 0.51
  2  15 0.28
  2  16 0.38
  2  17 0.54
  2  18 0.68
  2  19 0.46
  2  20 0.75
  2  21 0.40
  3   1 0.10
  3   2 0.23
  3   3 1.00
  3   5 0.35
  3   6 0.30
  3   7 0.12
  3   8 0.24
  3   9 0.75
  3  10 0.27
  3  11 0.36
  3  12 0.18
  3  13 0.43
  3  14 0.45
  3  15 0.46
  3  16 0.24
  3  17 0.38
  3  18 0.48
  3  19 0.29
  3  20 0.32
  3  21 0.20
  5   1 0.17
  5   2 0.54
  5   3 0.35
  5   5 1.00
  5   6 0.61
  5   7 0.39
  5   8 0.65
  5   9 0.55
  5  10 0.46
  5  11 0.48
  5  12 0.19
  5  13 0.62
  5  14 0.75
  5  15 0.67
  5  16 0.33
  5  17 0.44
  5  18 0.56
  5  19 0.47
  5  20 0.66
  5  21 0.38
  6   1 0.44
  6   2 0.61
  6   3 0.30
  6   5 0.61
  6   6 1.00
  6   7 0.71
  6   8 0.81
  6   9 0.40
  6  10 0.70
  6  11 0.53
  6  12 0.51
  6  13 0.84
  6  14 0.61
  6  15 0.71
  6  16 0.69
  6  17 0.73
  6  18 0.67
  6  19 0.81
  6  20 0.76
  6  21 0.57
  7   1 0.43
  7   2 0.45
  7   3 0.12
  7   5 0.39
  7   6 0.71
  7   7 1.00
  7   8 0.71
  7   9 0.15
  7  10 0.53
  7  11 0.42
  7  12 0.48
  7  13 0.56
  7  14 0.47
  7  15 0.45
  7  16 0.68
  7  17 0.41
  7  18 0.52
  7  19 0.77
  7  20 0.62
  7  21 0.50
  8   1 0.32
  8   2 0.57
  8   3 0.24
  8   5 0.65
  8   6 0.81
  8   7 0.71
  8   8 1.00
  8   9 0.36
  8  10 0.61
  8  11 0.50
  8  12 0.39
  8  13 0.68
  8  14 0.67
  8  15 0.60
  8  16 0.54
  8  17 0.46
  8  18 0.63
  8  19 0.66
  8  20 0.72
  8  21 0.49
  9   1 0.13
  9   2 0.35
  9   3 0.75
  9   5 0.55
  9   6 0.40
  9   7 0.15
  9   8 0.36
  9   9 1.00
  9  10 0.40
  9  11 0.33
  9  12 0.10
  9  13 0.49
  9  14 0.55
  9  15 0.53
  9  16 0.22
  9  17 0.47
  9  18 0.48
  9  19 0.28
  9  20 0.49
  9  21 0.26
 10   1 0.40
 10   2 0.47
 10   3 0.27
 10   5 0.46
 10   6 0.70
 10   7 0.53
 10   8 0.61
 10   9 0.40
 10  10 1.00
 10  11 0.37
 10  12 0.64
 10  13 0.65
 10  14 0.53
 10  15 0.50
 10  16 0.70
 10  17 0.52
 10  18 0.55
 10  19 0.60
 10  20 0.61
 10  21 0.52
 11   1 0.17
 11   2 0.23
 11   3 0.36
 11   5 0.48
 11   6 0.53
 11   7 0.42
 11   8 0.50
 11   9 0.33
 11  10 0.37
 11  11 1.00
 11  12 0.40
 11  13 0.62
 11  14 0.55
 11  15 0.70
 11  16 0.52
 11  17 0.53
 11  18 0.47
 11  19 0.63
 11  20 0.46
 11  21 0.43
 12   1 0.41
 12   2 0.26
 12   3 0.18
 12   5 0.19
 12   6 0.51
 12   7 0.48
 12   8 0.39
 12   9 0.10
 12  10 0.64
 12  11 0.40
 12  12 1.00
 12  13 0.50
 12  14 0.34
 12  15 0.34
 12  16 0.75
 12  17 0.39
 12  18 0.35
 12  19 0.62
 12  20 0.36
 12  21 0.61
 13   1 0.39
 13   2 0.51
 13   3 0.43
 13   5 0.62
 13   6 0.84
 13   7 0.56
 13   8 0.68
 13   9 0.49
 13  10 0.65
 13  11 0.62
 13  12 0.50
 13  13 1.00
 13  14 0.62
 13  15 0.80
 13  16 0.69
 13  17 0.75
 13  18 0.71
 13  19 0.76
 13  20 0.68
 13  21 0.60
 14   1 0.15
 14   2 0.51
 14   3 0.45
 14   5 0.75
 14   6 0.61
 14   7 0.47
 14   8 0.67
 14   9 0.55
 14  10 0.53
 14  11 0.55
 14  12 0.34
 14  13 0.62
 14  14 1.00
 14  15 0.69
 14  16 0.43
 14  17 0.51
 14  18 0.69
 14  19 0.60
 14  20 0.77
 14  21 0.52
 15   1 0.24
 15   2 0.28
 15   3 0.46
 15   5 0.67
 15   6 0.71
 15   7 0.45
 15   8 0.60
 15   9 0.53
 15  10 0.50
 15  11 0.70
 15  12 0.34
 15  13 0.80
 15  14 0.69
 15  15 1.00
 15  16 0.56
 15  17 0.61
 15  18 0.59
 15  19 0.71
 15  20 0.56
 15  21 0.50
 16   1 0.59
 16   2 0.38
 16   3 0.24
 16   5 0.33
 16   6 0.69
 16   7 0.68
 16   8 0.54
 16   9 0.22
 16  10 0.70
 16  11 0.52
 16  12 0.75
 16  13 0.69
 16  14 0.43
 16  15 0.56
 16  16 1.00
 16  17 0.55
 16  18 0.56
 16  19 0.82
 16  20 0.55
 16  21 0.52
 17   1 0.35
 17   2 0.54
 17   3 0.38
 17   5 0.44
 17   6 0.73
 17   7 0.41
 17   8 0.46
 17   9 0.47
 17  10 0.52
 17  11 0.53
 17  12 0.39
 17  13 0.75
 17  14 0.51
 17  15 0.61
 17  16 0.55
 17  17 1.00
 17  18 0.59
 17  19 0.67
 17  20 0.62
 17  21 0.44
 18   1 0.39
 18   2 0.68
 18   3 0.48
 18   5 0.56
 18   6 0.67
 18   7 0.52
 18   8 0.63
 18   9 0.48
 18  10 0.55
 18  11 0.47
 18  12 0.35
 18  13 0.71
 18  14 0.69
 18  15 0.59
 18  16 0.56
 18  17 0.59
 18  18 1.00
 18  19 0.58
 18  20 0.78
 18  21 0.48
 19   1 0.43
 19   2 0.46
 19   3 0.29
 19   5 0.47
 19   6 0.81
 19   7 0.77
 19   8 0.66
 19   9 0.28
 19  10 0.60
 19  11 0.63
 19  12 0.62
 19  13 0.76
 19  14 0.60
 19  15 0.71
 19  16 0.82
 19  17 0.67
 19  18 0.58
 19  19 1.00
 19  20 0.69
 19  21 0.56
 20   1 0.35
 20   2 0.75
 20   3 0.32
 20   5 0.66
 20   6 0.76
 20   7 0.62
 20   8 0.72
 20   9 0.49
 20  10 0.61
 20  11 0.46
 20  12 0.36
 20  13 0.68
 20  14 0.77
 20  15 0.56
 20  16 0.55
 20  17 0.62
 20  18 0.78
 20  19 0.69
 20  20 1.00
 20  21 0.50
 21   1 0.40
 21   2 0.40
 21   3 0.20
 21   5 0.38
 21   6 0.57
 21   7 0.50
 21   8 0.49
 21   9 0.26
 21  10 0.52
 21  11 0.43
 21  12 0.61
 21  13 0.60
 21  14 0.52
 21  15 0.50
 21  16 0.52
 21  17 0.44
 21  18 0.48
 21  19 0.56
 21  20 0.50
 21  21 1.00
  1   1 1.00
  1   2 0.49
  1   3 0.10
  1   5 0.17
  1   6 0.44
  1   7 0.43
  1   8 0.32
  1   9 0.13
  1  10 0.40
  1  11 0.17
  1  12 0.41
  1  13 0.39
  1  14 0.15
  1  15 0.24
  1  16 0.59
  1  17 0.35
  1  18 0.39
  1  19 0.43
  1  20 0.35
  1  21 0.40
  2   1 0.49
  2   2 1.00
  2   3 0.23
  2   5 0.54
  2   6 0.61
  2   7 0.45
  2   8 0.57
  2   9 0.35
  2  10 0.47
  2  11 0.23
  2  12 0.26
  2  13 0.51
  2  14 0.51
  2  15 0.28
  2  16 0.38
  2  17 0.54
  2  18 0.68
  2  19 0.46
  2  20 0.75
  2  21 0.40
  3   1 0.10
  3   2 0.23
  3   3 1.00
  3   5 0.35
  3   6 0.30
  3   7 0.12
  3   8 0.24
  3   9 0.75
  3  10 0.27
  3  11 0.36
  3  12 0.18
  3  13 0.43
  3  14 0.45
  3  15 0.46
  3  16 0.24
  3  17 0.38
  3  18 0.48
  3  19 0.29
  3  20 0.32
  3  21 0.20
  5   1 0.17
  5   2 0.54
  5   3 0.35
  5   5 1.00
  5   6 0.61
  5   7 0.39
  5   8 0.65
  5   9 0.55
  5  10 0.46
  5  11 0.48
  5  12 0.19
  5  13 0.62
  5  14 0.75
  5  15 0.67
  5  16 0.33
  5  17 0.44
  5  18 0.56
  5  19 0.47
  5  20 0.66
  5  21 0.38
  6   1 0.44
  6   2 0.61
  6   3 0.30
  6   5 0.61
  6   6 1.00
  6   7 0.71
  6   8 0.81
  6   9 0.40
  6  10 0.70
  6  11 0.53
  6  12 0.51
  6  13 0.84
  6  14 0.61
  6  15 0.71
  6  16 0.69
  6  17 0.73
  6  18 0.67
  6  19 0.81
  6  20 0.76
  6  21 0.57
  7   1 0.43
  7   2 0.45
  7   3 0.12
  7   5 0.39
  7   6 0.71
  7   7 1.00
  7   8 0.71
  7   9 0.15
  7  10 0.53
  7  11 0.42
  7  12 0.48
  7  13 0.56
  7  14 0.47
  7  15 0.45
  7  16 0.68
  7  17 0.41
  7  18 0.52
  7  19 0.77
  7  20 0.62
  7  21 0.50
  8   1 0.32
  8   2 0.57
  8   3 0.24
  8   5 0.65
  8   6 0.81
  8   7 0.71
  8   8 1.00
  8   9 0.36
  8  10 0.61
  8  11 0.50
  8  12 0.39
  8  13 0.68
  8  14 0.67
  8  15 0.60
  8  16 0.54
  8  17 0.46
  8  18 0.63
  8  19 0.66
  8  20 0.72
  8  21 0.49
  9   1 0.13
  9   2 0.35
  9   3 0.75
  9   5 0.55
  9   6 0.40
  9   7 0.15
  9   8 0.36
  9   9 1.00
  9  10 0.40
  9  11 0.33
  9  12 0.10
  9  13 0.49
  9  14 0.55
  9  15 0.53
  9  16 0.22
  9  17 0.47
  9  18 0.48
  9  19 0.28
  9  20 0.49
  9  21 0.26
 10   1 0.40
 10   2 0.47
 10   3 0.27
 10   5 0.46
 10   6 0.70
 10   7 0.53
 10   8 0.61
 10   9 0.40
 10  10 1.00
 10  11 0.37
 10  12 0.64
 10  13 0.65
 10  14 0.53
 10  15 0.50
 10  16 0.70
 10  17 0.52
 10  18 0.55
 10  19 0.60
 10  20 0.61
 10  21 0.52
 11   1 0.17
 11   2 0.23
 11   3 0.36
 11   5 0.48
 11   6 0.53
 11   7 0.42
 11   8 0.50
 11   9 0.33
 11  10 0.37
 11  11 1.00
 11  12 0.40
 11  13 0.62
 11  14 0.55
 11  15 0.70
 11  16 0.52
 11  17 0.53
 11  18 0.47
 11  19 0.63
 11  20 0.46
 11  21 0.43
 12   1 0.41
 12   2 0.26
 12   3 0.18
 12   5 0.19
 12   6 0.51
 12   7 0.48
 12   8 0.39
 12   9 0.10
 12  10 0.64
 12  11 0.40
 12  12 1.00
 12  13 0.50
 12  14 0.34
 12  15 0.34
 12  16 0.75
 12  17 0.39
 12  18 0.35
 12  19 0.62
 12  20 0.36
 12  21 0.61
 13   1 0.39
 13   2 0.51
 13   3 0.43
 13   5 0.62
 13   6 0.84
 13   7 0.56
 13   8 0.68
 13   9 0.49
 13  10 0.65
 13  11 0.62
 13  12 0.50
 13  13 1.00
 13  14 0.62
 13  15 0.80
 13  16 0.69
 13  17 0.75
 13  18 0.71
 13  19 0.76
 13  20 0.68
 13  21 0.60
 14   1 0.15
 14   2 0.51
 14   3 0.45
 14   5 0.75
 14   6 0.61
 14   7 0.47
 14   8 0.67
 14   9 0.55
 14  10 0.53
 14  11 0.55
 14  12 0.34
 14  13 0.62
 14  14 1.00
 14  15 0.69
 14  16 0.43
 14  17 0.51
 14  18 0.69
 14  19 0.60
 14  20 0.77
 14  21 0.52
 15   1 0.24
 15   2 0.28
 15   3 0.46
 15   5 0.67
 15   6 0.71
 15   7 0.45
 15   8 0.60
 15   9 0.53
 15  10 0.50
 15  11 0.70
 15  12 0.34
 15  13 0.80
 15  14 0.69
 15  15 1.00
 15  16 0.56
 15  17 0.61
 15  18 0.59
 15  19 0.71
 15  20 0.56
 15  21 0.50
 16   1 0.59
 16   2 0.38
 16   3 0.24
 16   5 0.33
 16   6 0.69
 16   7 0.68
 16   8 0.54
 16   9 0.22
 16  10 0.70
 16  11 0.52
 16  12 0.75
 16  13 0.69
 16  14 0.43
 16  15 0.56
 16  16 1.00
 16  17 0.55
 16  18 0.56
 16  19 0.82
 16  20 0.55
 16  21 0.52
 17   1 0.35
 17   2 0.54
 17   3 0.38
 17   5 0.44
 17   6 0.73
 17   7 0.41
 17   8 0.46
 17   9 0.47
 17  10 0.52
 17  11 0.53
 17  12 0.39
 17  13 0.75
 17  14 0.51
 17  15 0.61
 17  16 0.55
 17  17 1.00
 17  18 0.59
 17  19 0.67
 17  20 0.62
 17  21 0.44
 18   1 0.39
 18   2 0.68
 18   3 0.48
 18   5 0.56
 18   6 0.67
 18   7 0.52
 18   8 0.63
 18   9 0.48
 18  10 0.55
 18  11 0.47
 18  12 0.35
 18  13 0.71
 18  14 0.69
 18  15 0.59
 18  16 0.56
 18  17 0.59
 18  18 1.00
 18  19 0.58
 18  20 0.78
 18  21 0.48
 19   1 0.43
 19   2 0.46
 19   3 0.29
 19   5 0.47
 19   6 0.81
 19   7 0.77
 19   8 0.66
 19   9 0.28
 19  10 0.60
 19  11 0.63
 19  12 0.62
 19  13 0.76
 19  14 0.60
 19  15 0.71
 19  16 0.82
 19  17 0.67
 19  18 0.58
 19  19 1.00
 19  20 0.69
 19  21 0.56
 20   1 0.35
 20   2 0.75
 20   3 0.32
 20   5 0.66
 20   6 0.76
 20   7 0.62
 20   8 0.72
 20   9 0.49
 20  10 0.61
 20  11 0.46
 20  12 0.36
 20  13 0.68
 20  14 0.77
 20  15 0.56
 20  16 0.55
 20  17 0.62
 20  18 0.78
 20  19 0.69
 20  20 1.00
 20  21 0.50
 21   1 0.40
 21   2 0.40
 21   3 0.20
 21   5 0.38
 21   6 0.57
 21   7 0.50
 21   8 0.49
 21   9 0.26
 21  10 0.52
 21  11 0.43
 21  12 0.61
 21  13 0.60
 21  14 0.52
 21  15 0.50
 21  16 0.52
 21  17 0.44
 21  18 0.48
 21  19 0.56
 21  20 0.50
 21  21 1.00
