  1   1 1.00
  1   2 0.15
  1   6 0.08
  1   7 0.09
  1   8 0.24
  1   9 0.01
  1  10 0.12
  1  11 0.25
  1  12 0.18
  1  13 0.01
  1  15 0.14
  1  16 0.17
  1  17 0.26
  1  18 0.12
  1  19 0.12
  1  21 0.16
  1  22 0.14
  2   1 0.15
  2   2 1.00
  2   6 0.47
  2   7 0.08
  2   8 0.05
  2   9 0.05
  2  10 0.20
  2  11 0.17
  2  12 0.23
  2  13 0.02
  2  15 0.31
  2  16 0.16
  2  17 0.26
  2  18 0.23
  2  19 0.30
  2  21 0.36
  2  22 0.24
  6   1 0.08
  6   2 0.47
  6   6 1.00
  6   7 0.06
  6   8 0.03
  6   9 0.04
  6  10 0.23
  6  11 0.10
  6  12 0.24
  6  13 0.00
  6  15 0.20
  6  16 0.10
  6  17 0.19
  6  18 0.34
  6  19 0.35
  6  21 0.24
  6  22 0.12
  7   1 0.09
  7   2 0.08
  7   6 0.06
  7   7 1.00
  7   8 0.36
  7   9 0.00
  7  10 0.02
  7  11 0.06
  7  12 0.18
  7  13 0.05
  7  15 0.16
  7  16 0.15
  7  17 0.06
  7  18 0.06
  7  19 0.06
  7  21 0.06
  7  22 0.16
  8   1 0.24
  8   2 0.05
  8   6 0.03
  8   7 0.36
  8   8 1.00
  8   9 0.00
  8  10 0.03
  8  11 0.19
  8  12 0.28
  8  13 0.04
  8  15 0.27
  8  16 0.19
  8  17 0.29
  8  18 0.07
  8  19 0.04
  8  21 0.10
  8  22 0.27
  9   1 0.01
  9   2 0.05
  9   6 0.04
  9   7 0.00
  9   8 0.00
  9   9 1.00
  9  10 0.12
  9  11 0.02
  9  12 0.05
  9  13 0.00
  9  15 0.08
  9  16 0.01
  9  17 0.01
  9  18 0.03
  9  19 0.03
  9  21 0.05
  9  22 0.05
 10   1 0.12
 10   2 0.20
 10   6 0.23
 10   7 0.02
 10   8 0.03
 10   9 0.12
 10  10 1.00
 10  11 0.12
 10  12 0.19
 10  13 0.00
 10  15 0.09
 10  16 0.05
 10  17 0.19
 10  18 0.30
 10  19 0.13
 10  21 0.16
 10  22 0.06
 11   1 0.25
 11   2 0.17
 11   6 0.10
 11   7 0.06
 11   8 0.19
 11   9 0.02
 11  10 0.12
 11  11 1.00
 11  12 0.12
 11  13 0.03
 11  15 0.13
 11  16 0.16
 11  17 0.32
 11  18 0.12
 11  19 0.08
 11  21 0.19
 11  22 0.16
 12   1 0.18
 12   2 0.23
 12   6 0.24
 12   7 0.18
 12   8 0.28
 12   9 0.05
 12  10 0.19
 12  11 0.12
 12  12 1.00
 12  13 0.00
 12  15 0.39
 12  16 0.24
 12  17 0.19
 12  18 0.33
 12  19 0.32
 12  21 0.38
 12  22 0.41
 13   1 0.01
 13   2 0.02
 13   6 0.00
 13   7 0.05
 13   8 0.04
 13   9 0.00
 13  10 0.00
 13  11 0.03
 13  12 0.00
 13  13 1.00
 13  15 0.00
 13  16 0.05
 13  17 0.02
 13  18 0.00
 13  19 0.02
 13  21 0.01
 13  22 0.01
 15   1 0.14
 15   2 0.31
 15   6 0.20
 15   7 0.16
 15   8 0.27
 15   9 0.08
 15  10 0.09
 15  11 0.13
 15  12 0.39
 15  13 0.00
 15  15 1.00
 15  16 0.23
 15  17 0.21
 15  18 0.17
 15  19 0.21
 15  21 0.42
 15  22 0.46
 16   1 0.17
 16   2 0.16
 16   6 0.10
 16   7 0.15
 16   8 0.19
 16   9 0.01
 16  10 0.05
 16  11 0.16
 16  12 0.24
 16  13 0.05
 16  15 0.23
 16  16 1.00
 16  17 0.16
 16  18 0.13
 16  19 0.15
 16  21 0.24
 16  22 0.22
 17   1 0.26
 17   2 0.26
 17   6 0.19
 17   7 0.06
 17   8 0.29
 17   9 0.01
 17  10 0.19
 17  11 0.32
 17  12 0.19
 17  13 0.02
 17  15 0.21
 17  16 0.16
 17  17 1.00
 17  18 0.26
 17  19 0.10
 17  21 0.33
 17  22 0.28
 18   1 0.12
 18   2 0.23
 18   6 0.34
 18   7 0.06
 18   8 0.07
 18   9 0.03
 18  10 0.30
 18  11 0.12
 18  12 0.33
 18  13 0.00
 18  15 0.17
 18  16 0.13
 18  17 0.26
 18  18 1.00
 18  19 0.36
 18  21 0.32
 18  22 0.15
 19   1 0.12
 19   2 0.30
 19   6 0.35
 19   7 0.06
 19   8 0.04
 19   9 0.03
 19  10 0.13
 19  11 0.08
 19  12 0.32
 19  13 0.02
 19  15 0.21
 19  16 0.15
 19  17 0.10
 19  18 0.36
 19  19 1.00
 19  21 0.34
 19  22 0.12
 21   1 0.16
 21   2 0.36
 21   6 0.24
 21   7 0.06
 21   8 0.10
 21   9 0.05
 21  10 0.16
 21  11 0.19
 21  12 0.38
 21  13 0.01
 21  15 0.42
 21  16 0.24
 21  17 0.33
 21  18 0.32
 21  19 0.34
 21  21 1.00
 21  22 0.37
 22   1 0.14
 22   2 0.24
 22   6 0.12
 22   7 0.16
 22   8 0.27
 22   9 0.05
 22  10 0.06
 22  11 0.16
 22  12 0.41
 22  13 0.01
 22  15 0.46
 22  16 0.22
 22  17 0.28
 22  18 0.15
 22  19 0.12
 22  21 0.37
 22  22 1.00
  1   1 1.00
  1   2 0.15
  1   6 0.08
  1   7 0.09
  1   8 0.24
  1   9 0.01
  1  10 0.12
  1  11 0.25
  1  12 0.18
  1  13 0.01
  1  15 0.14
  1  16 0.17
  1  17 0.26
  1  18 0.12
  1  19 0.11
  1  21 0.16
  1  22 0.14
  2   1 0.15
  2   2 1.00
  2   6 0.47
  2   7 0.08
  2   8 0.05
  2   9 0.05
  2  10 0.20
  2  11 0.17
  2  12 0.23
  2  13 0.02
  2  15 0.31
  2  16 0.16
  2  17 0.26
  2  18 0.23
  2  19 0.30
  2  21 0.36
  2  22 0.24
  6   1 0.08
  6   2 0.47
  6   6 1.00
  6   7 0.06
  6   8 0.03
  6   9 0.04
  6  10 0.22
  6  11 0.10
  6  12 0.24
  6  13 0.00
  6  15 0.20
  6  16 0.10
  6  17 0.19
  6  18 0.33
  6  19 0.35
  6  21 0.24
  6  22 0.12
  7   1 0.09
  7   2 0.08
  7   6 0.06
  7   7 1.00
  7   8 0.35
  7   9 0.00
  7  10 0.02
  7  11 0.06
  7  12 0.18
  7  13 0.05
  7  15 0.16
  7  16 0.15
  7  17 0.06
  7  18 0.06
  7  19 0.06
  7  21 0.06
  7  22 0.16
  8   1 0.24
  8   2 0.05
  8   6 0.03
  8   7 0.35
  8   8 1.00
  8   9 0.00
  8  10 0.03
  8  11 0.19
  8  12 0.28
  8  13 0.04
  8  15 0.27
  8  16 0.19
  8  17 0.29
  8  18 0.07
  8  19 0.04
  8  21 0.10
  8  22 0.27
  9   1 0.01
  9   2 0.05
  9   6 0.04
  9   7 0.00
  9   8 0.00
  9   9 1.00
  9  10 0.12
  9  11 0.02
  9  12 0.05
  9  13 0.00
  9  15 0.08
  9  16 0.01
  9  17 0.00
  9  18 0.03
  9  19 0.03
  9  21 0.05
  9  22 0.05
 10   1 0.12
 10   2 0.20
 10   6 0.22
 10   7 0.02
 10   8 0.03
 10   9 0.12
 10  10 1.00
 10  11 0.12
 10  12 0.19
 10  13 0.00
 10  15 0.09
 10  16 0.05
 10  17 0.19
 10  18 0.30
 10  19 0.13
 10  21 0.16
 10  22 0.06
 11   1 0.25
 11   2 0.17
 11   6 0.10
 11   7 0.06
 11   8 0.19
 11   9 0.02
 11  10 0.12
 11  11 1.00
 11  12 0.12
 11  13 0.03
 11  15 0.13
 11  16 0.16
 11  17 0.32
 11  18 0.12
 11  19 0.08
 11  21 0.19
 11  22 0.16
 12   1 0.18
 12   2 0.23
 12   6 0.24
 12   7 0.18
 12   8 0.28
 12   9 0.05
 12  10 0.19
 12  11 0.12
 12  12 1.00
 12  13 0.00
 12  15 0.39
 12  16 0.24
 12  17 0.19
 12  18 0.33
 12  19 0.32
 12  21 0.38
 12  22 0.41
 13   1 0.01
 13   2 0.02
 13   6 0.00
 13   7 0.05
 13   8 0.04
 13   9 0.00
 13  10 0.00
 13  11 0.03
 13  12 0.00
 13  13 1.00
 13  15 0.00
 13  16 0.05
 13  17 0.02
 13  18 0.00
 13  19 0.02
 13  21 0.01
 13  22 0.01
 15   1 0.14
 15   2 0.31
 15   6 0.20
 15   7 0.16
 15   8 0.27
 15   9 0.08
 15  10 0.09
 15  11 0.13
 15  12 0.39
 15  13 0.00
 15  15 1.00
 15  16 0.23
 15  17 0.21
 15  18 0.17
 15  19 0.21
 15  21 0.42
 15  22 0.46
 16   1 0.17
 16   2 0.16
 16   6 0.10
 16   7 0.15
 16   8 0.19
 16   9 0.01
 16  10 0.05
 16  11 0.16
 16  12 0.24
 16  13 0.05
 16  15 0.23
 16  16 1.00
 16  17 0.16
 16  18 0.13
 16  19 0.15
 16  21 0.24
 16  22 0.22
 17   1 0.26
 17   2 0.26
 17   6 0.19
 17   7 0.06
 17   8 0.29
 17   9 0.00
 17  10 0.19
 17  11 0.32
 17  12 0.19
 17  13 0.02
 17  15 0.21
 17  16 0.16
 17  17 1.00
 17  18 0.26
 17  19 0.09
 17  21 0.33
 17  22 0.28
 18   1 0.12
 18   2 0.23
 18   6 0.33
 18   7 0.06
 18   8 0.07
 18   9 0.03
 18  10 0.30
 18  11 0.12
 18  12 0.33
 18  13 0.00
 18  15 0.17
 18  16 0.13
 18  17 0.26
 18  18 1.00
 18  19 0.36
 18  21 0.32
 18  22 0.15
 19   1 0.11
 19   2 0.30
 19   6 0.35
 19   7 0.06
 19   8 0.04
 19   9 0.03
 19  10 0.13
 19  11 0.08
 19  12 0.32
 19  13 0.02
 19  15 0.21
 19  16 0.15
 19  17 0.09
 19  18 0.36
 19  19 1.00
 19  21 0.34
 19  22 0.12
 21   1 0.16
 21   2 0.36
 21   6 0.24
 21   7 0.06
 21   8 0.10
 21   9 0.05
 21  10 0.16
 21  11 0.19
 21  12 0.38
 21  13 0.01
 21  15 0.42
 21  16 0.24
 21  17 0.33
 21  18 0.32
 21  19 0.34
 21  21 1.00
 21  22 0.37
 22   1 0.14
 22   2 0.24
 22   6 0.12
 22   7 0.16
 22   8 0.27
 22   9 0.05
 22  10 0.06
 22  11 0.16
 22  12 0.41
 22  13 0.01
 22  15 0.46
 22  16 0.22
 22  17 0.28
 22  18 0.15
 22  19 0.12
 22  21 0.37
 22  22 1.00
  1   1 1.00
  1   2 0.15
  1   6 0.08
  1   7 0.09
  1   8 0.24
  1   9 0.01
  1  10 0.12
  1  11 0.25
  1  12 0.18
  1  13 0.01
  1  15 0.14
  1  16 0.17
  1  17 0.26
  1  18 0.12
  1  19 0.11
  1  21 0.16
  1  22 0.14
  2   1 0.15
  2   2 1.00
  2   6 0.47
  2   7 0.08
  2   8 0.05
  2   9 0.05
  2  10 0.20
  2  11 0.17
  2  12 0.23
  2  13 0.02
  2  15 0.31
  2  16 0.16
  2  17 0.26
  2  18 0.23
  2  19 0.30
  2  21 0.36
  2  22 0.24
  6   1 0.08
  6   2 0.47
  6   6 1.00
  6   7 0.06
  6   8 0.03
  6   9 0.04
  6  10 0.22
  6  11 0.10
  6  12 0.24
  6  13 0.00
  6  15 0.20
  6  16 0.10
  6  17 0.19
  6  18 0.33
  6  19 0.35
  6  21 0.24
  6  22 0.12
  7   1 0.09
  7   2 0.08
  7   6 0.06
  7   7 1.00
  7   8 0.35
  7   9 0.00
  7  10 0.02
  7  11 0.06
  7  12 0.18
  7  13 0.05
  7  15 0.16
  7  16 0.15
  7  17 0.06
  7  18 0.06
  7  19 0.06
  7  21 0.06
  7  22 0.16
  8   1 0.24
  8   2 0.05
  8   6 0.03
  8   7 0.35
  8   8 1.00
  8   9 0.00
  8  10 0.03
  8  11 0.19
  8  12 0.28
  8  13 0.04
  8  15 0.27
  8  16 0.19
  8  17 0.29
  8  18 0.07
  8  19 0.04
  8  21 0.10
  8  22 0.27
  9   1 0.01
  9   2 0.05
  9   6 0.04
  9   7 0.00
  9   8 0.00
  9   9 1.00
  9  10 0.12
  9  11 0.02
  9  12 0.05
  9  13 0.00
  9  15 0.08
  9  16 0.01
  9  17 0.00
  9  18 0.03
  9  19 0.03
  9  21 0.05
  9  22 0.05
 10   1 0.12
 10   2 0.20
 10   6 0.22
 10   7 0.02
 10   8 0.03
 10   9 0.12
 10  10 1.00
 10  11 0.12
 10  12 0.19
 10  13 0.00
 10  15 0.09
 10  16 0.05
 10  17 0.19
 10  18 0.30
 10  19 0.13
 10  21 0.16
 10  22 0.06
 11   1 0.25
 11   2 0.17
 11   6 0.10
 11   7 0.06
 11   8 0.19
 11   9 0.02
 11  10 0.12
 11  11 1.00
 11  12 0.12
 11  13 0.03
 11  15 0.13
 11  16 0.16
 11  17 0.32
 11  18 0.12
 11  19 0.08
 11  21 0.19
 11  22 0.16
 12   1 0.18
 12   2 0.23
 12   6 0.24
 12   7 0.18
 12   8 0.28
 12   9 0.05
 12  10 0.19
 12  11 0.12
 12  12 1.00
 12  13 0.00
 12  15 0.39
 12  16 0.24
 12  17 0.19
 12  18 0.33
 12  19 0.32
 12  21 0.38
 12  22 0.41
 13   1 0.01
 13   2 0.02
 13   6 0.00
 13   7 0.05
 13   8 0.04
 13   9 0.00
 13  10 0.00
 13  11 0.03
 13  12 0.00
 13  13 1.00
 13  15 0.00
 13  16 0.05
 13  17 0.02
 13  18 0.00
 13  19 0.02
 13  21 0.01
 13  22 0.01
 15   1 0.14
 15   2 0.31
 15   6 0.20
 15   7 0.16
 15   8 0.27
 15   9 0.08
 15  10 0.09
 15  11 0.13
 15  12 0.39
 15  13 0.00
 15  15 1.00
 15  16 0.23
 15  17 0.21
 15  18 0.17
 15  19 0.21
 15  21 0.42
 15  22 0.46
 16   1 0.17
 16   2 0.16
 16   6 0.10
 16   7 0.15
 16   8 0.19
 16   9 0.01
 16  10 0.05
 16  11 0.16
 16  12 0.24
 16  13 0.05
 16  15 0.23
 16  16 1.00
 16  17 0.16
 16  18 0.13
 16  19 0.15
 16  21 0.24
 16  22 0.22
 17   1 0.26
 17   2 0.26
 17   6 0.19
 17   7 0.06
 17   8 0.29
 17   9 0.00
 17  10 0.19
 17  11 0.32
 17  12 0.19
 17  13 0.02
 17  15 0.21
 17  16 0.16
 17  17 1.00
 17  18 0.26
 17  19 0.09
 17  21 0.33
 17  22 0.28
 18   1 0.12
 18   2 0.23
 18   6 0.33
 18   7 0.06
 18   8 0.07
 18   9 0.03
 18  10 0.30
 18  11 0.12
 18  12 0.33
 18  13 0.00
 18  15 0.17
 18  16 0.13
 18  17 0.26
 18  18 1.00
 18  19 0.36
 18  21 0.32
 18  22 0.15
 19   1 0.11
 19   2 0.30
 19   6 0.35
 19   7 0.06
 19   8 0.04
 19   9 0.03
 19  10 0.13
 19  11 0.08
 19  12 0.32
 19  13 0.02
 19  15 0.21
 19  16 0.15
 19  17 0.09
 19  18 0.36
 19  19 1.00
 19  21 0.34
 19  22 0.12
 21   1 0.16
 21   2 0.36
 21   6 0.24
 21   7 0.06
 21   8 0.10
 21   9 0.05
 21  10 0.16
 21  11 0.19
 21  12 0.38
 21  13 0.01
 21  15 0.42
 21  16 0.24
 21  17 0.33
 21  18 0.32
 21  19 0.34
 21  21 1.00
 21  22 0.37
 22   1 0.14
 22   2 0.24
 22   6 0.12
 22   7 0.16
 22   8 0.27
 22   9 0.05
 22  10 0.06
 22  11 0.16
 22  12 0.41
 22  13 0.01
 22  15 0.46
 22  16 0.22
 22  17 0.28
 22  18 0.15
 22  19 0.12
 22  21 0.37
 22  22 1.00
