  1   1 1.00
  1   2 0.68
  1   3 0.67
  1   4 0.25
  1   5 0.60
  1   6 0.31
  1   7 0.46
  1   8 0.47
  1   9 0.39
  1  10 0.27
  1  11 0.30
  1  12 0.52
  1  13 0.36
  1  14 0.17
  1  15 0.38
  1  16 0.30
  1  17 0.41
  1  18 0.45
  1  19 0.53
  1  20 0.31
  1  21 0.33
  1  22 0.52
  2   1 0.68
  2   2 1.00
  2   3 0.45
  2   4 0.39
  2   5 0.66
  2   6 0.46
  2   7 0.52
  2   8 0.58
  2   9 0.62
  2  10 0.34
  2  11 0.40
  2  12 0.57
  2  13 0.52
  2  14 0.22
  2  15 0.48
  2  16 0.37
  2  17 0.52
  2  18 0.52
  2  19 0.64
  2  20 0.47
  2  21 0.37
  2  22 0.62
  3   1 0.67
  3   2 0.45
  3   3 1.00
  3   4 0.31
  3   5 0.53
  3   6 0.29
  3   7 0.18
  3   8 0.44
  3   9 0.43
  3  10 0.35
  3  11 0.34
  3  12 0.41
  3  13 0.33
  3  14 0.21
  3  15 0.34
  3  16 0.33
  3  17 0.32
  3  18 0.43
  3  19 0.38
  3  20 0.37
  3  21 0.23
  3  22 0.37
  4   1 0.25
  4   2 0.39
  4   3 0.31
  4   4 1.00
  4   5 0.43
  4   6 0.39
  4   7 0.34
  4   8 0.58
  4   9 0.63
  4  10 0.33
  4  11 0.34
  4  12 0.50
  4  13 0.49
  4  14 0.31
  4  15 0.42
  4  16 0.43
  4  17 0.46
  4  18 0.46
  4  19 0.51
  4  20 0.59
  4  21 0.25
  4  22 0.57
  5   1 0.60
  5   2 0.66
  5   3 0.53
  5   4 0.43
  5   5 1.00
  5   6 0.41
  5   7 0.48
  5   8 0.62
  5   9 0.60
  5  10 0.34
  5  11 0.42
  5  12 0.59
  5  13 0.50
  5  14 0.29
  5  15 0.42
  5  16 0.43
  5  17 0.51
  5  18 0.58
  5  19 0.66
  5  20 0.48
  5  21 0.33
  5  22 0.56
  6   1 0.31
  6   2 0.46
  6   3 0.29
  6   4 0.39
  6   5 0.41
  6   6 1.00
  6   7 0.30
  6   8 0.56
  6   9 0.48
  6  10 0.60
  6  11 0.62
  6  12 0.45
  6  13 0.74
  6  14 0.53
  6  15 0.53
  6  16 0.62
  6  17 0.53
  6  18 0.51
  6  19 0.51
  6  20 0.58
  6  21 0.41
  6  22 0.45
  7   1 0.46
  7   2 0.52
  7   3 0.18
  7   4 0.34
  7   5 0.48
  7   6 0.30
  7   7 1.00
  7   8 0.34
  7   9 0.32
  7  10 0.16
  7  11 0.17
  7  12 0.36
  7  13 0.27
  7  14 0.14
  7  15 0.27
  7  16 0.27
  7  17 0.34
  7  18 0.47
  7  19 0.49
  7  20 0.37
  7  21 0.24
  7  22 0.65
  8   1 0.47
  8   2 0.58
  8   3 0.44
  8   4 0.58
  8   5 0.62
  8   6 0.56
  8   7 0.34
  8   8 1.00
  8   9 0.67
  8  10 0.45
  8  11 0.50
  8  12 0.60
  8  13 0.62
  8  14 0.36
  8  15 0.46
  8  16 0.55
  8  17 0.51
  8  18 0.56
  8  19 0.65
  8  20 0.56
  8  21 0.33
  8  22 0.58
  9   1 0.39
  9   2 0.62
  9   3 0.43
  9   4 0.63
  9   5 0.60
  9   6 0.48
  9   7 0.32
  9   8 0.67
  9   9 1.00
  9  10 0.31
  9  11 0.38
  9  12 0.50
  9  13 0.59
  9  14 0.26
  9  15 0.46
  9  16 0.38
  9  17 0.47
  9  18 0.55
  9  19 0.57
  9  20 0.58
  9  21 0.26
  9  22 0.58
 10   1 0.27
 10   2 0.34
 10   3 0.35
 10   4 0.33
 10   5 0.34
 10   6 0.60
 10   7 0.16
 10   8 0.45
 10   9 0.31
 10  10 1.00
 10  11 0.72
 10  12 0.48
 10  13 0.57
 10  14 0.49
 10  15 0.50
 10  16 0.70
 10  17 0.51
 10  18 0.32
 10  19 0.44
 10  20 0.38
 10  21 0.42
 10  22 0.33
 11   1 0.30
 11   2 0.40
 11   3 0.34
 11   4 0.34
 11   5 0.42
 11   6 0.62
 11   7 0.17
 11   8 0.50
 11   9 0.38
 11  10 0.72
 11  11 1.00
 11  12 0.58
 11  13 0.63
 11  14 0.54
 11  15 0.51
 11  16 0.66
 11  17 0.53
 11  18 0.40
 11  19 0.52
 11  20 0.40
 11  21 0.55
 11  22 0.34
 12   1 0.52
 12   2 0.57
 12   3 0.41
 12   4 0.50
 12   5 0.59
 12   6 0.45
 12   7 0.36
 12   8 0.60
 12   9 0.50
 12  10 0.48
 12  11 0.58
 12  12 1.00
 12  13 0.55
 12  14 0.42
 12  15 0.54
 12  16 0.59
 12  17 0.65
 12  18 0.43
 12  19 0.79
 12  20 0.41
 12  21 0.64
 12  22 0.45
 13   1 0.36
 13   2 0.52
 13   3 0.33
 13   4 0.49
 13   5 0.50
 13   6 0.74
 13   7 0.27
 13   8 0.62
 13   9 0.59
 13  10 0.57
 13  11 0.63
 13  12 0.55
 13  13 1.00
 13  14 0.53
 13  15 0.62
 13  16 0.61
 13  17 0.60
 13  18 0.53
 13  19 0.63
 13  20 0.55
 13  21 0.42
 13  22 0.48
 14   1 0.17
 14   2 0.22
 14   3 0.21
 14   4 0.31
 14   5 0.29
 14   6 0.53
 14   7 0.14
 14   8 0.36
 14   9 0.26
 14  10 0.49
 14  11 0.54
 14  12 0.42
 14  13 0.53
 14  14 1.00
 14  15 0.51
 14  16 0.65
 14  17 0.62
 14  18 0.28
 14  19 0.47
 14  20 0.26
 14  21 0.46
 14  22 0.22
 15   1 0.38
 15   2 0.48
 15   3 0.34
 15   4 0.42
 15   5 0.42
 15   6 0.53
 15   7 0.27
 15   8 0.46
 15   9 0.46
 15  10 0.50
 15  11 0.51
 15  12 0.54
 15  13 0.62
 15  14 0.51
 15  15 1.00
 15  16 0.57
 15  17 0.64
 15  18 0.37
 15  19 0.57
 15  20 0.44
 15  21 0.51
 15  22 0.41
 16   1 0.30
 16   2 0.37
 16   3 0.33
 16   4 0.43
 16   5 0.43
 16   6 0.62
 16   7 0.27
 16   8 0.55
 16   9 0.38
 16  10 0.70
 16  11 0.66
 16  12 0.59
 16  13 0.61
 16  14 0.65
 16  15 0.57
 16  16 1.00
 16  17 0.75
 16  18 0.37
 16  19 0.62
 16  20 0.44
 16  21 0.58
 16  22 0.41
 17   1 0.41
 17   2 0.52
 17   3 0.32
 17   4 0.46
 17   5 0.51
 17   6 0.53
 17   7 0.34
 17   8 0.51
 17   9 0.47
 17  10 0.51
 17  11 0.53
 17  12 0.65
 17  13 0.60
 17  14 0.62
 17  15 0.64
 17  16 0.75
 17  17 1.00
 17  18 0.41
 17  19 0.69
 17  20 0.41
 17  21 0.56
 17  22 0.45
 18   1 0.45
 18   2 0.52
 18   3 0.43
 18   4 0.46
 18   5 0.58
 18   6 0.51
 18   7 0.47
 18   8 0.56
 18   9 0.55
 18  10 0.32
 18  11 0.40
 18  12 0.43
 18  13 0.53
 18  14 0.28
 18  15 0.37
 18  16 0.37
 18  17 0.41
 18  18 1.00
 18  19 0.50
 18  20 0.54
 18  21 0.23
 18  22 0.57
 19   1 0.53
 19   2 0.64
 19   3 0.38
 19   4 0.51
 19   5 0.66
 19   6 0.51
 19   7 0.49
 19   8 0.65
 19   9 0.57
 19  10 0.44
 19  11 0.52
 19  12 0.79
 19  13 0.63
 19  14 0.47
 19  15 0.57
 19  16 0.62
 19  17 0.69
 19  18 0.50
 19  19 1.00
 19  20 0.46
 19  21 0.61
 19  22 0.58
 20   1 0.31
 20   2 0.47
 20   3 0.37
 20   4 0.59
 20   5 0.48
 20   6 0.58
 20   7 0.37
 20   8 0.56
 20   9 0.58
 20  10 0.38
 20  11 0.40
 20  12 0.41
 20  13 0.55
 20  14 0.26
 20  15 0.44
 20  16 0.44
 20  17 0.41
 20  18 0.54
 20  19 0.46
 20  20 1.00
 20  21 0.27
 20  22 0.65
 21   1 0.33
 21   2 0.37
 21   3 0.23
 21   4 0.25
 21   5 0.33
 21   6 0.41
 21   7 0.24
 21   8 0.33
 21   9 0.26
 21  10 0.42
 21  11 0.55
 21  12 0.64
 21  13 0.42
 21  14 0.46
 21  15 0.51
 21  16 0.58
 21  17 0.56
 21  18 0.23
 21  19 0.61
 21  20 0.27
 21  21 1.00
 21  22 0.26
 22   1 0.52
 22   2 0.62
 22   3 0.37
 22   4 0.57
 22   5 0.56
 22   6 0.45
 22   7 0.65
 22   8 0.58
 22   9 0.58
 22  10 0.33
 22  11 0.34
 22  12 0.45
 22  13 0.48
 22  14 0.22
 22  15 0.41
 22  16 0.41
 22  17 0.45
 22  18 0.57
 22  19 0.58
 22  20 0.65
 22  21 0.26
 22  22 1.00
  1   1 1.00
  1   2 0.68
  1   3 0.67
  1   4 0.25
  1   5 0.60
  1   6 0.30
  1   7 0.45
  1   8 0.47
  1   9 0.39
  1  10 0.27
  1  11 0.29
  1  12 0.51
  1  13 0.36
  1  14 0.17
  1  15 0.38
  1  16 0.30
  1  17 0.41
  1  18 0.45
  1  19 0.53
  1  20 0.31
  1  21 0.32
  1  22 0.51
  2   1 0.68
  2   2 1.00
  2   3 0.44
  2   4 0.38
  2   5 0.66
  2   6 0.46
  2   7 0.52
  2   8 0.58
  2   9 0.61
  2  10 0.33
  2  11 0.40
  2  12 0.56
  2  13 0.52
  2  14 0.22
  2  15 0.47
  2  16 0.37
  2  17 0.51
  2  18 0.52
  2  19 0.64
  2  20 0.47
  2  21 0.37
  2  22 0.62
  3   1 0.67
  3   2 0.44
  3   3 1.00
  3   4 0.31
  3   5 0.53
  3   6 0.28
  3   7 0.18
  3   8 0.44
  3   9 0.43
  3  10 0.35
  3  11 0.34
  3  12 0.41
  3  13 0.32
  3  14 0.21
  3  15 0.33
  3  16 0.33
  3  17 0.32
  3  18 0.43
  3  19 0.38
  3  20 0.37
  3  21 0.23
  3  22 0.37
  4   1 0.25
  4   2 0.38
  4   3 0.31
  4   4 1.00
  4   5 0.43
  4   6 0.39
  4   7 0.34
  4   8 0.58
  4   9 0.63
  4  10 0.33
  4  11 0.34
  4  12 0.49
  4  13 0.49
  4  14 0.31
  4  15 0.42
  4  16 0.43
  4  17 0.45
  4  18 0.45
  4  19 0.51
  4  20 0.59
  4  21 0.25
  4  22 0.57
  5   1 0.60
  5   2 0.66
  5   3 0.53
  5   4 0.43
  5   5 1.00
  5   6 0.41
  5   7 0.48
  5   8 0.62
  5   9 0.60
  5  10 0.34
  5  11 0.42
  5  12 0.59
  5  13 0.50
  5  14 0.29
  5  15 0.41
  5  16 0.43
  5  17 0.51
  5  18 0.58
  5  19 0.65
  5  20 0.47
  5  21 0.33
  5  22 0.56
  6   1 0.30
  6   2 0.46
  6   3 0.28
  6   4 0.39
  6   5 0.41
  6   6 1.00
  6   7 0.30
  6   8 0.56
  6   9 0.47
  6  10 0.59
  6  11 0.61
  6  12 0.45
  6  13 0.74
  6  14 0.52
  6  15 0.53
  6  16 0.61
  6  17 0.53
  6  18 0.51
  6  19 0.50
  6  20 0.58
  6  21 0.40
  6  22 0.45
  7   1 0.45
  7   2 0.52
  7   3 0.18
  7   4 0.34
  7   5 0.48
  7   6 0.30
  7   7 1.00
  7   8 0.34
  7   9 0.32
  7  10 0.16
  7  11 0.16
  7  12 0.36
  7  13 0.27
  7  14 0.14
  7  15 0.27
  7  16 0.27
  7  17 0.34
  7  18 0.47
  7  19 0.49
  7  20 0.37
  7  21 0.24
  7  22 0.65
  8   1 0.47
  8   2 0.58
  8   3 0.44
  8   4 0.58
  8   5 0.62
  8   6 0.56
  8   7 0.34
  8   8 1.00
  8   9 0.66
  8  10 0.44
  8  11 0.49
  8  12 0.60
  8  13 0.62
  8  14 0.35
  8  15 0.46
  8  16 0.55
  8  17 0.51
  8  18 0.56
  8  19 0.65
  8  20 0.55
  8  21 0.33
  8  22 0.58
  9   1 0.39
  9   2 0.61
  9   3 0.43
  9   4 0.63
  9   5 0.60
  9   6 0.47
  9   7 0.32
  9   8 0.66
  9   9 1.00
  9  10 0.31
  9  11 0.38
  9  12 0.49
  9  13 0.59
  9  14 0.26
  9  15 0.46
  9  16 0.38
  9  17 0.47
  9  18 0.55
  9  19 0.57
  9  20 0.58
  9  21 0.26
  9  22 0.57
 10   1 0.27
 10   2 0.33
 10   3 0.35
 10   4 0.33
 10   5 0.34
 10   6 0.59
 10   7 0.16
 10   8 0.44
 10   9 0.31
 10  10 1.00
 10  11 0.72
 10  12 0.48
 10  13 0.57
 10  14 0.48
 10  15 0.50
 10  16 0.69
 10  17 0.51
 10  18 0.32
 10  19 0.44
 10  20 0.38
 10  21 0.42
 10  22 0.33
 11   1 0.29
 11   2 0.40
 11   3 0.34
 11   4 0.34
 11   5 0.42
 11   6 0.61
 11   7 0.16
 11   8 0.49
 11   9 0.38
 11  10 0.72
 11  11 1.00
 11  12 0.57
 11  13 0.63
 11  14 0.53
 11  15 0.51
 11  16 0.65
 11  17 0.53
 11  18 0.39
 11  19 0.52
 11  20 0.40
 11  21 0.55
 11  22 0.33
 12   1 0.51
 12   2 0.56
 12   3 0.41
 12   4 0.49
 12   5 0.59
 12   6 0.45
 12   7 0.36
 12   8 0.60
 12   9 0.49
 12  10 0.48
 12  11 0.57
 12  12 1.00
 12  13 0.54
 12  14 0.41
 12  15 0.53
 12  16 0.59
 12  17 0.65
 12  18 0.43
 12  19 0.79
 12  20 0.41
 12  21 0.64
 12  22 0.45
 13   1 0.36
 13   2 0.52
 13   3 0.32
 13   4 0.49
 13   5 0.50
 13   6 0.74
 13   7 0.27
 13   8 0.62
 13   9 0.59
 13  10 0.57
 13  11 0.63
 13  12 0.54
 13  13 1.00
 13  14 0.52
 13  15 0.61
 13  16 0.60
 13  17 0.60
 13  18 0.53
 13  19 0.62
 13  20 0.55
 13  21 0.42
 13  22 0.48
 14   1 0.17
 14   2 0.22
 14   3 0.21
 14   4 0.31
 14   5 0.29
 14   6 0.52
 14   7 0.14
 14   8 0.35
 14   9 0.26
 14  10 0.48
 14  11 0.53
 14  12 0.41
 14  13 0.52
 14  14 1.00
 14  15 0.51
 14  16 0.65
 14  17 0.61
 14  18 0.27
 14  19 0.46
 14  20 0.26
 14  21 0.46
 14  22 0.21
 15   1 0.38
 15   2 0.47
 15   3 0.33
 15   4 0.42
 15   5 0.41
 15   6 0.53
 15   7 0.27
 15   8 0.46
 15   9 0.46
 15  10 0.50
 15  11 0.51
 15  12 0.53
 15  13 0.61
 15  14 0.51
 15  15 1.00
 15  16 0.57
 15  17 0.64
 15  18 0.36
 15  19 0.57
 15  20 0.43
 15  21 0.50
 15  22 0.40
 16   1 0.30
 16   2 0.37
 16   3 0.33
 16   4 0.43
 16   5 0.43
 16   6 0.61
 16   7 0.27
 16   8 0.55
 16   9 0.38
 16  10 0.69
 16  11 0.65
 16  12 0.59
 16  13 0.60
 16  14 0.65
 16  15 0.57
 16  16 1.00
 16  17 0.75
 16  18 0.37
 16  19 0.61
 16  20 0.43
 16  21 0.57
 16  22 0.41
 17   1 0.41
 17   2 0.51
 17   3 0.32
 17   4 0.45
 17   5 0.51
 17   6 0.53
 17   7 0.34
 17   8 0.51
 17   9 0.47
 17  10 0.51
 17  11 0.53
 17  12 0.65
 17  13 0.60
 17  14 0.61
 17  15 0.64
 17  16 0.75
 17  17 1.00
 17  18 0.40
 17  19 0.69
 17  20 0.41
 17  21 0.56
 17  22 0.45
 18   1 0.45
 18   2 0.52
 18   3 0.43
 18   4 0.45
 18   5 0.58
 18   6 0.51
 18   7 0.47
 18   8 0.56
 18   9 0.55
 18  10 0.32
 18  11 0.39
 18  12 0.43
 18  13 0.53
 18  14 0.27
 18  15 0.36
 18  16 0.37
 18  17 0.40
 18  18 1.00
 18  19 0.50
 18  20 0.54
 18  21 0.23
 18  22 0.57
 19   1 0.53
 19   2 0.64
 19   3 0.38
 19   4 0.51
 19   5 0.65
 19   6 0.50
 19   7 0.49
 19   8 0.65
 19   9 0.57
 19  10 0.44
 19  11 0.52
 19  12 0.79
 19  13 0.62
 19  14 0.46
 19  15 0.57
 19  16 0.61
 19  17 0.69
 19  18 0.50
 19  19 1.00
 19  20 0.46
 19  21 0.61
 19  22 0.57
 20   1 0.31
 20   2 0.47
 20   3 0.37
 20   4 0.59
 20   5 0.47
 20   6 0.58
 20   7 0.37
 20   8 0.55
 20   9 0.58
 20  10 0.38
 20  11 0.40
 20  12 0.41
 20  13 0.55
 20  14 0.26
 20  15 0.43
 20  16 0.43
 20  17 0.41
 20  18 0.54
 20  19 0.46
 20  20 1.00
 20  21 0.27
 20  22 0.65
 21   1 0.32
 21   2 0.37
 21   3 0.23
 21   4 0.25
 21   5 0.33
 21   6 0.40
 21   7 0.24
 21   8 0.33
 21   9 0.26
 21  10 0.42
 21  11 0.55
 21  12 0.64
 21  13 0.42
 21  14 0.46
 21  15 0.50
 21  16 0.57
 21  17 0.56
 21  18 0.23
 21  19 0.61
 21  20 0.27
 21  21 1.00
 21  22 0.25
 22   1 0.51
 22   2 0.62
 22   3 0.37
 22   4 0.57
 22   5 0.56
 22   6 0.45
 22   7 0.65
 22   8 0.58
 22   9 0.57
 22  10 0.33
 22  11 0.33
 22  12 0.45
 22  13 0.48
 22  14 0.21
 22  15 0.40
 22  16 0.41
 22  17 0.45
 22  18 0.57
 22  19 0.57
 22  20 0.65
 22  21 0.25
 22  22 1.00
  1   1 1.00
  1   2 0.68
  1   3 0.67
  1   4 0.25
  1   5 0.60
  1   6 0.30
  1   7 0.45
  1   8 0.47
  1   9 0.39
  1  10 0.27
  1  11 0.29
  1  12 0.51
  1  13 0.36
  1  14 0.17
  1  15 0.38
  1  16 0.30
  1  17 0.41
  1  18 0.45
  1  19 0.53
  1  20 0.31
  1  21 0.32
  1  22 0.51
  2   1 0.68
  2   2 1.00
  2   3 0.44
  2   4 0.38
  2   5 0.66
  2   6 0.46
  2   7 0.52
  2   8 0.58
  2   9 0.61
  2  10 0.33
  2  11 0.40
  2  12 0.56
  2  13 0.52
  2  14 0.22
  2  15 0.47
  2  16 0.37
  2  17 0.51
  2  18 0.52
  2  19 0.64
  2  20 0.47
  2  21 0.37
  2  22 0.62
  3   1 0.67
  3   2 0.44
  3   3 1.00
  3   4 0.31
  3   5 0.53
  3   6 0.28
  3   7 0.18
  3   8 0.44
  3   9 0.43
  3  10 0.35
  3  11 0.34
  3  12 0.41
  3  13 0.32
  3  14 0.21
  3  15 0.33
  3  16 0.33
  3  17 0.32
  3  18 0.43
  3  19 0.38
  3  20 0.37
  3  21 0.23
  3  22 0.37
  4   1 0.25
  4   2 0.38
  4   3 0.31
  4   4 1.00
  4   5 0.43
  4   6 0.39
  4   7 0.34
  4   8 0.58
  4   9 0.63
  4  10 0.33
  4  11 0.34
  4  12 0.49
  4  13 0.49
  4  14 0.31
  4  15 0.42
  4  16 0.43
  4  17 0.45
  4  18 0.45
  4  19 0.51
  4  20 0.59
  4  21 0.25
  4  22 0.57
  5   1 0.60
  5   2 0.66
  5   3 0.53
  5   4 0.43
  5   5 1.00
  5   6 0.41
  5   7 0.48
  5   8 0.62
  5   9 0.60
  5  10 0.34
  5  11 0.42
  5  12 0.59
  5  13 0.50
  5  14 0.29
  5  15 0.41
  5  16 0.43
  5  17 0.51
  5  18 0.58
  5  19 0.65
  5  20 0.47
  5  21 0.33
  5  22 0.56
  6   1 0.30
  6   2 0.46
  6   3 0.28
  6   4 0.39
  6   5 0.41
  6   6 1.00
  6   7 0.30
  6   8 0.56
  6   9 0.47
  6  10 0.59
  6  11 0.61
  6  12 0.45
  6  13 0.74
  6  14 0.52
  6  15 0.53
  6  16 0.61
  6  17 0.53
  6  18 0.51
  6  19 0.50
  6  20 0.58
  6  21 0.40
  6  22 0.45
  7   1 0.45
  7   2 0.52
  7   3 0.18
  7   4 0.34
  7   5 0.48
  7   6 0.30
  7   7 1.00
  7   8 0.34
  7   9 0.32
  7  10 0.16
  7  11 0.16
  7  12 0.36
  7  13 0.27
  7  14 0.14
  7  15 0.27
  7  16 0.27
  7  17 0.34
  7  18 0.47
  7  19 0.49
  7  20 0.37
  7  21 0.24
  7  22 0.65
  8   1 0.47
  8   2 0.58
  8   3 0.44
  8   4 0.58
  8   5 0.62
  8   6 0.56
  8   7 0.34
  8   8 1.00
  8   9 0.66
  8  10 0.44
  8  11 0.49
  8  12 0.60
  8  13 0.62
  8  14 0.35
  8  15 0.46
  8  16 0.55
  8  17 0.51
  8  18 0.56
  8  19 0.65
  8  20 0.55
  8  21 0.33
  8  22 0.58
  9   1 0.39
  9   2 0.61
  9   3 0.43
  9   4 0.63
  9   5 0.60
  9   6 0.47
  9   7 0.32
  9   8 0.66
  9   9 1.00
  9  10 0.31
  9  11 0.38
  9  12 0.49
  9  13 0.59
  9  14 0.26
  9  15 0.46
  9  16 0.38
  9  17 0.47
  9  18 0.55
  9  19 0.57
  9  20 0.58
  9  21 0.26
  9  22 0.57
 10   1 0.27
 10   2 0.33
 10   3 0.35
 10   4 0.33
 10   5 0.34
 10   6 0.59
 10   7 0.16
 10   8 0.44
 10   9 0.31
 10  10 1.00
 10  11 0.72
 10  12 0.48
 10  13 0.57
 10  14 0.48
 10  15 0.50
 10  16 0.69
 10  17 0.51
 10  18 0.32
 10  19 0.44
 10  20 0.38
 10  21 0.42
 10  22 0.33
 11   1 0.29
 11   2 0.40
 11   3 0.34
 11   4 0.34
 11   5 0.42
 11   6 0.61
 11   7 0.16
 11   8 0.49
 11   9 0.38
 11  10 0.72
 11  11 1.00
 11  12 0.57
 11  13 0.63
 11  14 0.53
 11  15 0.51
 11  16 0.65
 11  17 0.53
 11  18 0.39
 11  19 0.52
 11  20 0.40
 11  21 0.55
 11  22 0.33
 12   1 0.51
 12   2 0.56
 12   3 0.41
 12   4 0.49
 12   5 0.59
 12   6 0.45
 12   7 0.36
 12   8 0.60
 12   9 0.49
 12  10 0.48
 12  11 0.57
 12  12 1.00
 12  13 0.54
 12  14 0.41
 12  15 0.53
 12  16 0.59
 12  17 0.65
 12  18 0.43
 12  19 0.79
 12  20 0.41
 12  21 0.64
 12  22 0.45
 13   1 0.36
 13   2 0.52
 13   3 0.32
 13   4 0.49
 13   5 0.50
 13   6 0.74
 13   7 0.27
 13   8 0.62
 13   9 0.59
 13  10 0.57
 13  11 0.63
 13  12 0.54
 13  13 1.00
 13  14 0.52
 13  15 0.61
 13  16 0.60
 13  17 0.60
 13  18 0.53
 13  19 0.62
 13  20 0.55
 13  21 0.42
 13  22 0.48
 14   1 0.17
 14   2 0.22
 14   3 0.21
 14   4 0.31
 14   5 0.29
 14   6 0.52
 14   7 0.14
 14   8 0.35
 14   9 0.26
 14  10 0.48
 14  11 0.53
 14  12 0.41
 14  13 0.52
 14  14 1.00
 14  15 0.51
 14  16 0.65
 14  17 0.61
 14  18 0.27
 14  19 0.46
 14  20 0.26
 14  21 0.46
 14  22 0.21
 15   1 0.38
 15   2 0.47
 15   3 0.33
 15   4 0.42
 15   5 0.41
 15   6 0.53
 15   7 0.27
 15   8 0.46
 15   9 0.46
 15  10 0.50
 15  11 0.51
 15  12 0.53
 15  13 0.61
 15  14 0.51
 15  15 1.00
 15  16 0.57
 15  17 0.64
 15  18 0.36
 15  19 0.57
 15  20 0.43
 15  21 0.50
 15  22 0.40
 16   1 0.30
 16   2 0.37
 16   3 0.33
 16   4 0.43
 16   5 0.43
 16   6 0.61
 16   7 0.27
 16   8 0.55
 16   9 0.38
 16  10 0.69
 16  11 0.65
 16  12 0.59
 16  13 0.60
 16  14 0.65
 16  15 0.57
 16  16 1.00
 16  17 0.75
 16  18 0.37
 16  19 0.61
 16  20 0.43
 16  21 0.57
 16  22 0.41
 17   1 0.41
 17   2 0.51
 17   3 0.32
 17   4 0.45
 17   5 0.51
 17   6 0.53
 17   7 0.34
 17   8 0.51
 17   9 0.47
 17  10 0.51
 17  11 0.53
 17  12 0.65
 17  13 0.60
 17  14 0.61
 17  15 0.64
 17  16 0.75
 17  17 1.00
 17  18 0.40
 17  19 0.69
 17  20 0.41
 17  21 0.56
 17  22 0.45
 18   1 0.45
 18   2 0.52
 18   3 0.43
 18   4 0.45
 18   5 0.58
 18   6 0.51
 18   7 0.47
 18   8 0.56
 18   9 0.55
 18  10 0.32
 18  11 0.39
 18  12 0.43
 18  13 0.53
 18  14 0.27
 18  15 0.36
 18  16 0.37
 18  17 0.40
 18  18 1.00
 18  19 0.50
 18  20 0.54
 18  21 0.23
 18  22 0.57
 19   1 0.53
 19   2 0.64
 19   3 0.38
 19   4 0.51
 19   5 0.65
 19   6 0.50
 19   7 0.49
 19   8 0.65
 19   9 0.57
 19  10 0.44
 19  11 0.52
 19  12 0.79
 19  13 0.62
 19  14 0.46
 19  15 0.57
 19  16 0.61
 19  17 0.69
 19  18 0.50
 19  19 1.00
 19  20 0.46
 19  21 0.61
 19  22 0.57
 20   1 0.31
 20   2 0.47
 20   3 0.37
 20   4 0.59
 20   5 0.47
 20   6 0.58
 20   7 0.37
 20   8 0.55
 20   9 0.58
 20  10 0.38
 20  11 0.40
 20  12 0.41
 20  13 0.55
 20  14 0.26
 20  15 0.43
 20  16 0.43
 20  17 0.41
 20  18 0.54
 20  19 0.46
 20  20 1.00
 20  21 0.27
 20  22 0.65
 21   1 0.32
 21   2 0.37
 21   3 0.23
 21   4 0.25
 21   5 0.33
 21   6 0.40
 21   7 0.24
 21   8 0.33
 21   9 0.26
 21  10 0.42
 21  11 0.55
 21  12 0.64
 21  13 0.42
 21  14 0.46
 21  15 0.50
 21  16 0.57
 21  17 0.56
 21  18 0.23
 21  19 0.61
 21  20 0.27
 21  21 1.00
 21  22 0.25
 22   1 0.51
 22   2 0.62
 22   3 0.37
 22   4 0.57
 22   5 0.56
 22   6 0.45
 22   7 0.65
 22   8 0.58
 22   9 0.57
 22  10 0.33
 22  11 0.33
 22  12 0.45
 22  13 0.48
 22  14 0.21
 22  15 0.40
 22  16 0.41
 22  17 0.45
 22  18 0.57
 22  19 0.57
 22  20 0.65
 22  21 0.25
 22  22 1.00
