  1   1 1.00
  1   2 0.74
  1   3 0.23
  1   4 0.15
  1   5 0.72
  1   6 0.77
  1   7 0.52
  1   8 0.72
  1   9 0.75
  1  10 0.79
  1  11 0.74
  1  12 0.48
  1  13 0.52
  1  14 0.58
  1  15 0.69
  1  16 0.78
  1  17 0.60
  1  18 0.81
  1  19 0.74
  1  20 0.61
  1  21 0.61
  1  22 0.78
  2   1 0.74
  2   2 1.00
  2   3 0.13
  2   4 0.13
  2   5 0.59
  2   6 0.77
  2   7 0.53
  2   8 0.68
  2   9 0.67
  2  10 0.71
  2  11 0.75
  2  12 0.62
  2  13 0.65
  2  14 0.52
  2  15 0.62
  2  16 0.68
  2  17 0.62
  2  18 0.72
  2  19 0.56
  2  20 0.61
  2  21 0.61
  2  22 0.67
  3   1 0.23
  3   2 0.13
  3   3 1.00
  3   4 0.25
  3   5 0.27
  3   6 0.10
  3   7 0.15
  3   8 0.15
  3   9 0.16
  3  10 0.29
  3  11 0.17
  3  12 0.08
  3  13 0.05
  3  14 0.13
  3  15 0.22
  3  16 0.23
  3  17 0.11
  3  18 0.13
  3  19 0.13
  3  20 0.18
  3  21 0.24
  3  22 0.22
  4   1 0.15
  4   2 0.13
  4   3 0.25
  4   4 1.00
  4   5 0.23
  4   6 0.15
  4   7 0.08
  4   8 0.11
  4   9 0.25
  4  10 0.24
  4  11 0.11
  4  12 0.05
  4  13 0.06
  4  14 0.08
  4  15 0.23
  4  16 0.20
  4  17 0.05
  4  18 0.14
  4  19 0.23
  4  20 0.12
  4  21 0.33
  4  22 0.17
  5   1 0.72
  5   2 0.59
  5   3 0.27
  5   4 0.23
  5   5 1.00
  5   6 0.59
  5   7 0.58
  5   8 0.64
  5   9 0.74
  5  10 0.73
  5  11 0.70
  5  12 0.38
  5  13 0.36
  5  14 0.51
  5  15 0.63
  5  16 0.75
  5  17 0.51
  5  18 0.57
  5  19 0.70
  5  20 0.54
  5  21 0.54
  5  22 0.76
  6   1 0.77
  6   2 0.77
  6   3 0.10
  6   4 0.15
  6   5 0.59
  6   6 1.00
  6   7 0.46
  6   8 0.70
  6   9 0.81
  6  10 0.67
  6  11 0.71
  6  12 0.61
  6  13 0.64
  6  14 0.60
  6  15 0.71
  6  16 0.80
  6  17 0.73
  6  18 0.80
  6  19 0.73
  6  20 0.72
  6  21 0.61
  6  22 0.71
  7   1 0.52
  7   2 0.53
  7   3 0.15
  7   4 0.08
  7   5 0.58
  7   6 0.46
  7   7 1.00
  7   8 0.52
  7   9 0.54
  7  10 0.63
  7  11 0.62
  7  12 0.32
  7  13 0.35
  7  14 0.39
  7  15 0.43
  7  16 0.51
  7  17 0.35
  7  18 0.44
  7  19 0.44
  7  20 0.36
  7  21 0.45
  7  22 0.59
  8   1 0.72
  8   2 0.68
  8   3 0.15
  8   4 0.11
  8   5 0.64
  8   6 0.70
  8   7 0.52
  8   8 1.00
  8   9 0.72
  8  10 0.64
  8  11 0.78
  8  12 0.56
  8  13 0.51
  8  14 0.69
  8  15 0.70
  8  16 0.80
  8  17 0.69
  8  18 0.70
  8  19 0.68
  8  20 0.62
  8  21 0.57
  8  22 0.74
  9   1 0.75
  9   2 0.67
  9   3 0.16
  9   4 0.25
  9   5 0.74
  9   6 0.81
  9   7 0.54
  9   8 0.72
  9   9 1.00
  9  10 0.71
  9  11 0.69
  9  12 0.53
  9  13 0.48
  9  14 0.59
  9  15 0.81
  9  16 0.84
  9  17 0.63
  9  18 0.75
  9  19 0.80
  9  20 0.61
  9  21 0.66
  9  22 0.78
 10   1 0.79
 10   2 0.71
 10   3 0.29
 10   4 0.24
 10   5 0.73
 10   6 0.67
 10   7 0.63
 10   8 0.64
 10   9 0.71
 10  10 1.00
 10  11 0.80
 10  12 0.48
 10  13 0.55
 10  14 0.50
 10  15 0.63
 10  16 0.70
 10  17 0.50
 10  18 0.71
 10  19 0.56
 10  20 0.56
 10  21 0.71
 10  22 0.79
 11   1 0.74
 11   2 0.75
 11   3 0.17
 11   4 0.11
 11   5 0.70
 11   6 0.71
 11   7 0.62
 11   8 0.78
 11   9 0.69
 11  10 0.80
 11  11 1.00
 11  12 0.62
 11  13 0.65
 11  14 0.61
 11  15 0.64
 11  16 0.80
 11  17 0.66
 11  18 0.75
 11  19 0.60
 11  20 0.64
 11  21 0.63
 11  22 0.81
 12   1 0.48
 12   2 0.62
 12   3 0.08
 12   4 0.05
 12   5 0.38
 12   6 0.61
 12   7 0.32
 12   8 0.56
 12   9 0.53
 12  10 0.48
 12  11 0.62
 12  12 1.00
 12  13 0.80
 12  14 0.58
 12  15 0.52
 12  16 0.61
 12  17 0.78
 12  18 0.67
 12  19 0.42
 12  20 0.65
 12  21 0.47
 12  22 0.52
 13   1 0.52
 13   2 0.65
 13   3 0.05
 13   4 0.06
 13   5 0.36
 13   6 0.64
 13   7 0.35
 13   8 0.51
 13   9 0.48
 13  10 0.55
 13  11 0.65
 13  12 0.80
 13  13 1.00
 13  14 0.57
 13  15 0.45
 13  16 0.54
 13  17 0.66
 13  18 0.67
 13  19 0.36
 13  20 0.66
 13  21 0.43
 13  22 0.51
 14   1 0.58
 14   2 0.52
 14   3 0.13
 14   4 0.08
 14   5 0.51
 14   6 0.60
 14   7 0.39
 14   8 0.69
 14   9 0.59
 14  10 0.50
 14  11 0.61
 14  12 0.58
 14  13 0.57
 14  14 1.00
 14  15 0.54
 14  16 0.67
 14  17 0.64
 14  18 0.58
 14  19 0.56
 14  20 0.66
 14  21 0.40
 14  22 0.55
 15   1 0.69
 15   2 0.62
 15   3 0.22
 15   4 0.23
 15   5 0.63
 15   6 0.71
 15   7 0.43
 15   8 0.70
 15   9 0.81
 15  10 0.63
 15  11 0.64
 15  12 0.52
 15  13 0.45
 15  14 0.54
 15  15 1.00
 15  16 0.84
 15  17 0.61
 15  18 0.67
 15  19 0.68
 15  20 0.56
 15  21 0.65
 15  22 0.75
 16   1 0.78
 16   2 0.68
 16   3 0.23
 16   4 0.20
 16   5 0.75
 16   6 0.80
 16   7 0.51
 16   8 0.80
 16   9 0.84
 16  10 0.70
 16  11 0.80
 16  12 0.61
 16  13 0.54
 16  14 0.67
 16  15 0.84
 16  16 1.00
 16  17 0.74
 16  18 0.74
 16  19 0.79
 16  20 0.73
 16  21 0.61
 16  22 0.84
 17   1 0.60
 17   2 0.62
 17   3 0.11
 17   4 0.05
 17   5 0.51
 17   6 0.73
 17   7 0.35
 17   8 0.69
 17   9 0.63
 17  10 0.50
 17  11 0.66
 17  12 0.78
 17  13 0.66
 17  14 0.64
 17  15 0.61
 17  16 0.74
 17  17 1.00
 17  18 0.67
 17  19 0.56
 17  20 0.71
 17  21 0.40
 17  22 0.61
 18   1 0.81
 18   2 0.72
 18   3 0.13
 18   4 0.14
 18   5 0.57
 18   6 0.80
 18   7 0.44
 18   8 0.70
 18   9 0.75
 18  10 0.71
 18  11 0.75
 18  12 0.67
 18  13 0.67
 18  14 0.58
 18  15 0.67
 18  16 0.74
 18  17 0.67
 18  18 1.00
 18  19 0.64
 18  20 0.59
 18  21 0.70
 18  22 0.74
 19   1 0.74
 19   2 0.56
 19   3 0.13
 19   4 0.23
 19   5 0.70
 19   6 0.73
 19   7 0.44
 19   8 0.68
 19   9 0.80
 19  10 0.56
 19  11 0.60
 19  12 0.42
 19  13 0.36
 19  14 0.56
 19  15 0.68
 19  16 0.79
 19  17 0.56
 19  18 0.64
 19  19 1.00
 19  20 0.64
 19  21 0.51
 19  22 0.66
 20   1 0.61
 20   2 0.61
 20   3 0.18
 20   4 0.12
 20   5 0.54
 20   6 0.72
 20   7 0.36
 20   8 0.62
 20   9 0.61
 20  10 0.56
 20  11 0.64
 20  12 0.65
 20  13 0.66
 20  14 0.66
 20  15 0.56
 20  16 0.73
 20  17 0.71
 20  18 0.59
 20  19 0.64
 20  20 1.00
 20  21 0.40
 20  22 0.58
 21   1 0.61
 21   2 0.61
 21   3 0.24
 21   4 0.33
 21   5 0.54
 21   6 0.61
 21   7 0.45
 21   8 0.57
 21   9 0.66
 21  10 0.71
 21  11 0.63
 21  12 0.47
 21  13 0.43
 21  14 0.40
 21  15 0.65
 21  16 0.61
 21  17 0.40
 21  18 0.70
 21  19 0.51
 21  20 0.40
 21  21 1.00
 21  22 0.60
 22   1 0.78
 22   2 0.67
 22   3 0.22
 22   4 0.17
 22   5 0.76
 22   6 0.71
 22   7 0.59
 22   8 0.74
 22   9 0.78
 22  10 0.79
 22  11 0.81
 22  12 0.52
 22  13 0.51
 22  14 0.55
 22  15 0.75
 22  16 0.84
 22  17 0.61
 22  18 0.74
 22  19 0.66
 22  20 0.58
 22  21 0.60
 22  22 1.00
  1   1 1.00
  1   2 0.74
  1   3 0.23
  1   4 0.15
  1   5 0.71
  1   6 0.77
  1   7 0.52
  1   8 0.72
  1   9 0.75
  1  10 0.79
  1  11 0.74
  1  12 0.48
  1  13 0.52
  1  14 0.58
  1  15 0.69
  1  16 0.78
  1  17 0.59
  1  18 0.81
  1  19 0.74
  1  20 0.60
  1  21 0.61
  1  22 0.77
  2   1 0.74
  2   2 1.00
  2   3 0.12
  2   4 0.13
  2   5 0.59
  2   6 0.77
  2   7 0.53
  2   8 0.68
  2   9 0.67
  2  10 0.71
  2  11 0.75
  2  12 0.61
  2  13 0.65
  2  14 0.52
  2  15 0.62
  2  16 0.68
  2  17 0.62
  2  18 0.72
  2  19 0.56
  2  20 0.61
  2  21 0.61
  2  22 0.67
  3   1 0.23
  3   2 0.12
  3   3 1.00
  3   4 0.25
  3   5 0.27
  3   6 0.10
  3   7 0.15
  3   8 0.14
  3   9 0.16
  3  10 0.29
  3  11 0.17
  3  12 0.08
  3  13 0.05
  3  14 0.13
  3  15 0.22
  3  16 0.23
  3  17 0.11
  3  18 0.12
  3  19 0.12
  3  20 0.18
  3  21 0.24
  3  22 0.22
  4   1 0.15
  4   2 0.13
  4   3 0.25
  4   4 1.00
  4   5 0.23
  4   6 0.15
  4   7 0.08
  4   8 0.11
  4   9 0.25
  4  10 0.24
  4  11 0.11
  4  12 0.05
  4  13 0.06
  4  14 0.08
  4  15 0.23
  4  16 0.20
  4  17 0.05
  4  18 0.14
  4  19 0.23
  4  20 0.12
  4  21 0.33
  4  22 0.17
  5   1 0.71
  5   2 0.59
  5   3 0.27
  5   4 0.23
  5   5 1.00
  5   6 0.59
  5   7 0.58
  5   8 0.64
  5   9 0.74
  5  10 0.73
  5  11 0.70
  5  12 0.37
  5  13 0.36
  5  14 0.51
  5  15 0.63
  5  16 0.75
  5  17 0.50
  5  18 0.56
  5  19 0.70
  5  20 0.53
  5  21 0.54
  5  22 0.76
  6   1 0.77
  6   2 0.77
  6   3 0.10
  6   4 0.15
  6   5 0.59
  6   6 1.00
  6   7 0.46
  6   8 0.69
  6   9 0.81
  6  10 0.67
  6  11 0.70
  6  12 0.61
  6  13 0.64
  6  14 0.59
  6  15 0.71
  6  16 0.80
  6  17 0.73
  6  18 0.80
  6  19 0.73
  6  20 0.72
  6  21 0.61
  6  22 0.71
  7   1 0.52
  7   2 0.53
  7   3 0.15
  7   4 0.08
  7   5 0.58
  7   6 0.46
  7   7 1.00
  7   8 0.52
  7   9 0.54
  7  10 0.63
  7  11 0.62
  7  12 0.32
  7  13 0.35
  7  14 0.39
  7  15 0.43
  7  16 0.51
  7  17 0.35
  7  18 0.44
  7  19 0.44
  7  20 0.36
  7  21 0.45
  7  22 0.59
  8   1 0.72
  8   2 0.68
  8   3 0.14
  8   4 0.11
  8   5 0.64
  8   6 0.69
  8   7 0.52
  8   8 1.00
  8   9 0.72
  8  10 0.64
  8  11 0.78
  8  12 0.56
  8  13 0.51
  8  14 0.69
  8  15 0.70
  8  16 0.80
  8  17 0.69
  8  18 0.70
  8  19 0.68
  8  20 0.61
  8  21 0.56
  8  22 0.74
  9   1 0.75
  9   2 0.67
  9   3 0.16
  9   4 0.25
  9   5 0.74
  9   6 0.81
  9   7 0.54
  9   8 0.72
  9   9 1.00
  9  10 0.71
  9  11 0.69
  9  12 0.53
  9  13 0.48
  9  14 0.59
  9  15 0.81
  9  16 0.84
  9  17 0.63
  9  18 0.75
  9  19 0.79
  9  20 0.61
  9  21 0.66
  9  22 0.78
 10   1 0.79
 10   2 0.71
 10   3 0.29
 10   4 0.24
 10   5 0.73
 10   6 0.67
 10   7 0.63
 10   8 0.64
 10   9 0.71
 10  10 1.00
 10  11 0.80
 10  12 0.48
 10  13 0.55
 10  14 0.49
 10  15 0.63
 10  16 0.70
 10  17 0.50
 10  18 0.71
 10  19 0.56
 10  20 0.56
 10  21 0.71
 10  22 0.79
 11   1 0.74
 11   2 0.75
 11   3 0.17
 11   4 0.11
 11   5 0.70
 11   6 0.70
 11   7 0.62
 11   8 0.78
 11   9 0.69
 11  10 0.80
 11  11 1.00
 11  12 0.61
 11  13 0.65
 11  14 0.61
 11  15 0.64
 11  16 0.80
 11  17 0.66
 11  18 0.75
 11  19 0.59
 11  20 0.64
 11  21 0.63
 11  22 0.81
 12   1 0.48
 12   2 0.61
 12   3 0.08
 12   4 0.05
 12   5 0.37
 12   6 0.61
 12   7 0.32
 12   8 0.56
 12   9 0.53
 12  10 0.48
 12  11 0.61
 12  12 1.00
 12  13 0.80
 12  14 0.58
 12  15 0.52
 12  16 0.61
 12  17 0.77
 12  18 0.67
 12  19 0.41
 12  20 0.65
 12  21 0.47
 12  22 0.51
 13   1 0.52
 13   2 0.65
 13   3 0.05
 13   4 0.06
 13   5 0.36
 13   6 0.64
 13   7 0.35
 13   8 0.51
 13   9 0.48
 13  10 0.55
 13  11 0.65
 13  12 0.80
 13  13 1.00
 13  14 0.56
 13  15 0.45
 13  16 0.54
 13  17 0.65
 13  18 0.67
 13  19 0.36
 13  20 0.66
 13  21 0.43
 13  22 0.51
 14   1 0.58
 14   2 0.52
 14   3 0.13
 14   4 0.08
 14   5 0.51
 14   6 0.59
 14   7 0.39
 14   8 0.69
 14   9 0.59
 14  10 0.49
 14  11 0.61
 14  12 0.58
 14  13 0.56
 14  14 1.00
 14  15 0.54
 14  16 0.67
 14  17 0.64
 14  18 0.58
 14  19 0.56
 14  20 0.66
 14  21 0.39
 14  22 0.54
 15   1 0.69
 15   2 0.62
 15   3 0.22
 15   4 0.23
 15   5 0.63
 15   6 0.71
 15   7 0.43
 15   8 0.70
 15   9 0.81
 15  10 0.63
 15  11 0.64
 15  12 0.52
 15  13 0.45
 15  14 0.54
 15  15 1.00
 15  16 0.84
 15  17 0.61
 15  18 0.67
 15  19 0.68
 15  20 0.56
 15  21 0.65
 15  22 0.74
 16   1 0.78
 16   2 0.68
 16   3 0.23
 16   4 0.20
 16   5 0.75
 16   6 0.80
 16   7 0.51
 16   8 0.80
 16   9 0.84
 16  10 0.70
 16  11 0.80
 16  12 0.61
 16  13 0.54
 16  14 0.67
 16  15 0.84
 16  16 1.00
 16  17 0.74
 16  18 0.74
 16  19 0.79
 16  20 0.73
 16  21 0.60
 16  22 0.84
 17   1 0.59
 17   2 0.62
 17   3 0.11
 17   4 0.05
 17   5 0.50
 17   6 0.73
 17   7 0.35
 17   8 0.69
 17   9 0.63
 17  10 0.50
 17  11 0.66
 17  12 0.77
 17  13 0.65
 17  14 0.64
 17  15 0.61
 17  16 0.74
 17  17 1.00
 17  18 0.67
 17  19 0.56
 17  20 0.71
 17  21 0.40
 17  22 0.61
 18   1 0.81
 18   2 0.72
 18   3 0.12
 18   4 0.14
 18   5 0.56
 18   6 0.80
 18   7 0.44
 18   8 0.70
 18   9 0.75
 18  10 0.71
 18  11 0.75
 18  12 0.67
 18  13 0.67
 18  14 0.58
 18  15 0.67
 18  16 0.74
 18  17 0.67
 18  18 1.00
 18  19 0.64
 18  20 0.59
 18  21 0.70
 18  22 0.74
 19   1 0.74
 19   2 0.56
 19   3 0.12
 19   4 0.23
 19   5 0.70
 19   6 0.73
 19   7 0.44
 19   8 0.68
 19   9 0.79
 19  10 0.56
 19  11 0.59
 19  12 0.41
 19  13 0.36
 19  14 0.56
 19  15 0.68
 19  16 0.79
 19  17 0.56
 19  18 0.64
 19  19 1.00
 19  20 0.64
 19  21 0.51
 19  22 0.66
 20   1 0.60
 20   2 0.61
 20   3 0.18
 20   4 0.12
 20   5 0.53
 20   6 0.72
 20   7 0.36
 20   8 0.61
 20   9 0.61
 20  10 0.56
 20  11 0.64
 20  12 0.65
 20  13 0.66
 20  14 0.66
 20  15 0.56
 20  16 0.73
 20  17 0.71
 20  18 0.59
 20  19 0.64
 20  20 1.00
 20  21 0.40
 20  22 0.58
 21   1 0.61
 21   2 0.61
 21   3 0.24
 21   4 0.33
 21   5 0.54
 21   6 0.61
 21   7 0.45
 21   8 0.56
 21   9 0.66
 21  10 0.71
 21  11 0.63
 21  12 0.47
 21  13 0.43
 21  14 0.39
 21  15 0.65
 21  16 0.60
 21  17 0.40
 21  18 0.70
 21  19 0.51
 21  20 0.40
 21  21 1.00
 21  22 0.60
 22   1 0.77
 22   2 0.67
 22   3 0.22
 22   4 0.17
 22   5 0.76
 22   6 0.71
 22   7 0.59
 22   8 0.74
 22   9 0.78
 22  10 0.79
 22  11 0.81
 22  12 0.51
 22  13 0.51
 22  14 0.54
 22  15 0.74
 22  16 0.84
 22  17 0.61
 22  18 0.74
 22  19 0.66
 22  20 0.58
 22  21 0.60
 22  22 1.00
  1   1 1.00
  1   2 0.74
  1   3 0.23
  1   4 0.15
  1   5 0.71
  1   6 0.77
  1   7 0.52
  1   8 0.72
  1   9 0.75
  1  10 0.79
  1  11 0.74
  1  12 0.48
  1  13 0.52
  1  14 0.58
  1  15 0.69
  1  16 0.78
  1  17 0.59
  1  18 0.81
  1  19 0.74
  1  20 0.60
  1  21 0.61
  1  22 0.77
  2   1 0.74
  2   2 1.00
  2   3 0.12
  2   4 0.13
  2   5 0.59
  2   6 0.77
  2   7 0.53
  2   8 0.68
  2   9 0.67
  2  10 0.71
  2  11 0.75
  2  12 0.61
  2  13 0.65
  2  14 0.52
  2  15 0.62
  2  16 0.68
  2  17 0.62
  2  18 0.72
  2  19 0.56
  2  20 0.61
  2  21 0.61
  2  22 0.67
  3   1 0.23
  3   2 0.12
  3   3 1.00
  3   4 0.25
  3   5 0.27
  3   6 0.10
  3   7 0.15
  3   8 0.14
  3   9 0.16
  3  10 0.29
  3  11 0.17
  3  12 0.08
  3  13 0.05
  3  14 0.13
  3  15 0.22
  3  16 0.23
  3  17 0.11
  3  18 0.12
  3  19 0.12
  3  20 0.18
  3  21 0.24
  3  22 0.22
  4   1 0.15
  4   2 0.13
  4   3 0.25
  4   4 1.00
  4   5 0.23
  4   6 0.15
  4   7 0.08
  4   8 0.11
  4   9 0.25
  4  10 0.24
  4  11 0.11
  4  12 0.05
  4  13 0.06
  4  14 0.08
  4  15 0.23
  4  16 0.20
  4  17 0.05
  4  18 0.14
  4  19 0.23
  4  20 0.12
  4  21 0.33
  4  22 0.17
  5   1 0.71
  5   2 0.59
  5   3 0.27
  5   4 0.23
  5   5 1.00
  5   6 0.59
  5   7 0.58
  5   8 0.64
  5   9 0.74
  5  10 0.73
  5  11 0.70
  5  12 0.37
  5  13 0.36
  5  14 0.51
  5  15 0.63
  5  16 0.75
  5  17 0.50
  5  18 0.56
  5  19 0.70
  5  20 0.53
  5  21 0.54
  5  22 0.76
  6   1 0.77
  6   2 0.77
  6   3 0.10
  6   4 0.15
  6   5 0.59
  6   6 1.00
  6   7 0.46
  6   8 0.69
  6   9 0.81
  6  10 0.67
  6  11 0.70
  6  12 0.61
  6  13 0.64
  6  14 0.59
  6  15 0.71
  6  16 0.80
  6  17 0.73
  6  18 0.80
  6  19 0.73
  6  20 0.72
  6  21 0.61
  6  22 0.71
  7   1 0.52
  7   2 0.53
  7   3 0.15
  7   4 0.08
  7   5 0.58
  7   6 0.46
  7   7 1.00
  7   8 0.52
  7   9 0.54
  7  10 0.63
  7  11 0.62
  7  12 0.32
  7  13 0.35
  7  14 0.39
  7  15 0.43
  7  16 0.51
  7  17 0.35
  7  18 0.44
  7  19 0.44
  7  20 0.36
  7  21 0.45
  7  22 0.59
  8   1 0.72
  8   2 0.68
  8   3 0.14
  8   4 0.11
  8   5 0.64
  8   6 0.69
  8   7 0.52
  8   8 1.00
  8   9 0.72
  8  10 0.64
  8  11 0.78
  8  12 0.56
  8  13 0.51
  8  14 0.69
  8  15 0.70
  8  16 0.80
  8  17 0.69
  8  18 0.70
  8  19 0.68
  8  20 0.61
  8  21 0.56
  8  22 0.74
  9   1 0.75
  9   2 0.67
  9   3 0.16
  9   4 0.25
  9   5 0.74
  9   6 0.81
  9   7 0.54
  9   8 0.72
  9   9 1.00
  9  10 0.71
  9  11 0.69
  9  12 0.53
  9  13 0.48
  9  14 0.59
  9  15 0.81
  9  16 0.84
  9  17 0.63
  9  18 0.75
  9  19 0.79
  9  20 0.61
  9  21 0.66
  9  22 0.78
 10   1 0.79
 10   2 0.71
 10   3 0.29
 10   4 0.24
 10   5 0.73
 10   6 0.67
 10   7 0.63
 10   8 0.64
 10   9 0.71
 10  10 1.00
 10  11 0.80
 10  12 0.48
 10  13 0.55
 10  14 0.49
 10  15 0.63
 10  16 0.70
 10  17 0.50
 10  18 0.71
 10  19 0.56
 10  20 0.56
 10  21 0.71
 10  22 0.79
 11   1 0.74
 11   2 0.75
 11   3 0.17
 11   4 0.11
 11   5 0.70
 11   6 0.70
 11   7 0.62
 11   8 0.78
 11   9 0.69
 11  10 0.80
 11  11 1.00
 11  12 0.61
 11  13 0.65
 11  14 0.61
 11  15 0.64
 11  16 0.80
 11  17 0.66
 11  18 0.75
 11  19 0.59
 11  20 0.64
 11  21 0.63
 11  22 0.81
 12   1 0.48
 12   2 0.61
 12   3 0.08
 12   4 0.05
 12   5 0.37
 12   6 0.61
 12   7 0.32
 12   8 0.56
 12   9 0.53
 12  10 0.48
 12  11 0.61
 12  12 1.00
 12  13 0.80
 12  14 0.58
 12  15 0.52
 12  16 0.61
 12  17 0.77
 12  18 0.67
 12  19 0.41
 12  20 0.65
 12  21 0.47
 12  22 0.51
 13   1 0.52
 13   2 0.65
 13   3 0.05
 13   4 0.06
 13   5 0.36
 13   6 0.64
 13   7 0.35
 13   8 0.51
 13   9 0.48
 13  10 0.55
 13  11 0.65
 13  12 0.80
 13  13 1.00
 13  14 0.56
 13  15 0.45
 13  16 0.54
 13  17 0.65
 13  18 0.67
 13  19 0.36
 13  20 0.66
 13  21 0.43
 13  22 0.51
 14   1 0.58
 14   2 0.52
 14   3 0.13
 14   4 0.08
 14   5 0.51
 14   6 0.59
 14   7 0.39
 14   8 0.69
 14   9 0.59
 14  10 0.49
 14  11 0.61
 14  12 0.58
 14  13 0.56
 14  14 1.00
 14  15 0.54
 14  16 0.67
 14  17 0.64
 14  18 0.58
 14  19 0.56
 14  20 0.66
 14  21 0.39
 14  22 0.54
 15   1 0.69
 15   2 0.62
 15   3 0.22
 15   4 0.23
 15   5 0.63
 15   6 0.71
 15   7 0.43
 15   8 0.70
 15   9 0.81
 15  10 0.63
 15  11 0.64
 15  12 0.52
 15  13 0.45
 15  14 0.54
 15  15 1.00
 15  16 0.84
 15  17 0.61
 15  18 0.67
 15  19 0.68
 15  20 0.56
 15  21 0.65
 15  22 0.74
 16   1 0.78
 16   2 0.68
 16   3 0.23
 16   4 0.20
 16   5 0.75
 16   6 0.80
 16   7 0.51
 16   8 0.80
 16   9 0.84
 16  10 0.70
 16  11 0.80
 16  12 0.61
 16  13 0.54
 16  14 0.67
 16  15 0.84
 16  16 1.00
 16  17 0.74
 16  18 0.74
 16  19 0.79
 16  20 0.73
 16  21 0.60
 16  22 0.84
 17   1 0.59
 17   2 0.62
 17   3 0.11
 17   4 0.05
 17   5 0.50
 17   6 0.73
 17   7 0.35
 17   8 0.69
 17   9 0.63
 17  10 0.50
 17  11 0.66
 17  12 0.77
 17  13 0.65
 17  14 0.64
 17  15 0.61
 17  16 0.74
 17  17 1.00
 17  18 0.67
 17  19 0.56
 17  20 0.71
 17  21 0.40
 17  22 0.61
 18   1 0.81
 18   2 0.72
 18   3 0.12
 18   4 0.14
 18   5 0.56
 18   6 0.80
 18   7 0.44
 18   8 0.70
 18   9 0.75
 18  10 0.71
 18  11 0.75
 18  12 0.67
 18  13 0.67
 18  14 0.58
 18  15 0.67
 18  16 0.74
 18  17 0.67
 18  18 1.00
 18  19 0.64
 18  20 0.59
 18  21 0.70
 18  22 0.74
 19   1 0.74
 19   2 0.56
 19   3 0.12
 19   4 0.23
 19   5 0.70
 19   6 0.73
 19   7 0.44
 19   8 0.68
 19   9 0.79
 19  10 0.56
 19  11 0.59
 19  12 0.41
 19  13 0.36
 19  14 0.56
 19  15 0.68
 19  16 0.79
 19  17 0.56
 19  18 0.64
 19  19 1.00
 19  20 0.64
 19  21 0.51
 19  22 0.66
 20   1 0.60
 20   2 0.61
 20   3 0.18
 20   4 0.12
 20   5 0.53
 20   6 0.72
 20   7 0.36
 20   8 0.61
 20   9 0.61
 20  10 0.56
 20  11 0.64
 20  12 0.65
 20  13 0.66
 20  14 0.66
 20  15 0.56
 20  16 0.73
 20  17 0.71
 20  18 0.59
 20  19 0.64
 20  20 1.00
 20  21 0.40
 20  22 0.58
 21   1 0.61
 21   2 0.61
 21   3 0.24
 21   4 0.33
 21   5 0.54
 21   6 0.61
 21   7 0.45
 21   8 0.56
 21   9 0.66
 21  10 0.71
 21  11 0.63
 21  12 0.47
 21  13 0.43
 21  14 0.39
 21  15 0.65
 21  16 0.60
 21  17 0.40
 21  18 0.70
 21  19 0.51
 21  20 0.40
 21  21 1.00
 21  22 0.60
 22   1 0.77
 22   2 0.67
 22   3 0.22
 22   4 0.17
 22   5 0.76
 22   6 0.71
 22   7 0.59
 22   8 0.74
 22   9 0.78
 22  10 0.79
 22  11 0.81
 22  12 0.51
 22  13 0.51
 22  14 0.54
 22  15 0.74
 22  16 0.84
 22  17 0.61
 22  18 0.74
 22  19 0.66
 22  20 0.58
 22  21 0.60
 22  22 1.00
