  1   1 1.00
  1   2 0.78
  1   3 0.65
  1   4 0.45
  1   5 0.69
  1   6 0.69
  1   7 0.44
  1   8 0.68
  1   9 0.60
  1  10 0.66
  1  11 0.70
  1  12 0.58
  1  13 0.71
  1  14 0.77
  1  15 0.68
  1  16 0.58
  1  17 0.61
  1  18 0.71
  1  19 0.63
  1  20 0.73
  1  21 0.60
  1  22 0.62
  2   1 0.78
  2   2 1.00
  2   3 0.60
  2   4 0.49
  2   5 0.60
  2   6 0.67
  2   7 0.43
  2   8 0.57
  2   9 0.65
  2  10 0.54
  2  11 0.68
  2  12 0.53
  2  13 0.65
  2  14 0.77
  2  15 0.63
  2  16 0.59
  2  17 0.52
  2  18 0.67
  2  19 0.55
  2  20 0.66
  2  21 0.53
  2  22 0.68
  3   1 0.65
  3   2 0.60
  3   3 1.00
  3   4 0.61
  3   5 0.74
  3   6 0.66
  3   7 0.53
  3   8 0.64
  3   9 0.60
  3  10 0.65
  3  11 0.75
  3  12 0.63
  3  13 0.72
  3  14 0.60
  3  15 0.66
  3  16 0.55
  3  17 0.55
  3  18 0.64
  3  19 0.63
  3  20 0.74
  3  21 0.66
  3  22 0.68
  4   1 0.45
  4   2 0.49
  4   3 0.61
  4   4 1.00
  4   5 0.56
  4   6 0.45
  4   7 0.50
  4   8 0.46
  4   9 0.61
  4  10 0.51
  4  11 0.56
  4  12 0.59
  4  13 0.50
  4  14 0.45
  4  15 0.45
  4  16 0.44
  4  17 0.47
  4  18 0.47
  4  19 0.43
  4  20 0.52
  4  21 0.49
  4  22 0.58
  5   1 0.69
  5   2 0.60
  5   3 0.74
  5   4 0.56
  5   5 1.00
  5   6 0.67
  5   7 0.60
  5   8 0.67
  5   9 0.60
  5  10 0.75
  5  11 0.74
  5  12 0.63
  5  13 0.72
  5  14 0.64
  5  15 0.72
  5  16 0.55
  5  17 0.65
  5  18 0.70
  5  19 0.61
  5  20 0.72
  5  21 0.67
  5  22 0.68
  6   1 0.69
  6   2 0.67
  6   3 0.66
  6   4 0.45
  6   5 0.67
  6   6 1.00
  6   7 0.50
  6   8 0.62
  6   9 0.63
  6  10 0.66
  6  11 0.70
  6  12 0.65
  6  13 0.72
  6  14 0.68
  6  15 0.74
  6  16 0.75
  6  17 0.60
  6  18 0.74
  6  19 0.73
  6  20 0.73
  6  21 0.70
  6  22 0.69
  7   1 0.44
  7   2 0.43
  7   3 0.53
  7   4 0.50
  7   5 0.60
  7   6 0.50
  7   7 1.00
  7   8 0.68
  7   9 0.53
  7  10 0.65
  7  11 0.60
  7  12 0.57
  7  13 0.62
  7  14 0.39
  7  15 0.55
  7  16 0.41
  7  17 0.54
  7  18 0.56
  7  19 0.55
  7  20 0.55
  7  21 0.59
  7  22 0.58
  8   1 0.68
  8   2 0.57
  8   3 0.64
  8   4 0.46
  8   5 0.67
  8   6 0.62
  8   7 0.68
  8   8 1.00
  8   9 0.57
  8  10 0.74
  8  11 0.68
  8  12 0.62
  8  13 0.75
  8  14 0.60
  8  15 0.62
  8  16 0.50
  8  17 0.70
  8  18 0.71
  8  19 0.63
  8  20 0.65
  8  21 0.62
  8  22 0.57
  9   1 0.60
  9   2 0.65
  9   3 0.60
  9   4 0.61
  9   5 0.60
  9   6 0.63
  9   7 0.53
  9   8 0.57
  9   9 1.00
  9  10 0.61
  9  11 0.69
  9  12 0.65
  9  13 0.60
  9  14 0.68
  9  15 0.62
  9  16 0.63
  9  17 0.56
  9  18 0.67
  9  19 0.60
  9  20 0.66
  9  21 0.55
  9  22 0.71
 10   1 0.66
 10   2 0.54
 10   3 0.65
 10   4 0.51
 10   5 0.75
 10   6 0.66
 10   7 0.65
 10   8 0.74
 10   9 0.61
 10  10 1.00
 10  11 0.76
 10  12 0.66
 10  13 0.79
 10  14 0.60
 10  15 0.74
 10  16 0.57
 10  17 0.72
 10  18 0.74
 10  19 0.67
 10  20 0.74
 10  21 0.70
 10  22 0.62
 11   1 0.70
 11   2 0.68
 11   3 0.75
 11   4 0.56
 11   5 0.74
 11   6 0.70
 11   7 0.60
 11   8 0.68
 11   9 0.69
 11  10 0.76
 11  11 1.00
 11  12 0.71
 11  13 0.75
 11  14 0.71
 11  15 0.73
 11  16 0.64
 11  17 0.68
 11  18 0.80
 11  19 0.67
 11  20 0.71
 11  21 0.67
 11  22 0.72
 12   1 0.58
 12   2 0.53
 12   3 0.63
 12   4 0.59
 12   5 0.63
 12   6 0.65
 12   7 0.57
 12   8 0.62
 12   9 0.65
 12  10 0.66
 12  11 0.71
 12  12 1.00
 12  13 0.66
 12  14 0.58
 12  15 0.62
 12  16 0.69
 12  17 0.65
 12  18 0.75
 12  19 0.73
 12  20 0.65
 12  21 0.64
 12  22 0.73
 13   1 0.71
 13   2 0.65
 13   3 0.72
 13   4 0.50
 13   5 0.72
 13   6 0.72
 13   7 0.62
 13   8 0.75
 13   9 0.60
 13  10 0.79
 13  11 0.75
 13  12 0.66
 13  13 1.00
 13  14 0.72
 13  15 0.74
 13  16 0.64
 13  17 0.66
 13  18 0.77
 13  19 0.69
 13  20 0.72
 13  21 0.72
 13  22 0.70
 14   1 0.77
 14   2 0.77
 14   3 0.60
 14   4 0.45
 14   5 0.64
 14   6 0.68
 14   7 0.39
 14   8 0.60
 14   9 0.68
 14  10 0.60
 14  11 0.71
 14  12 0.58
 14  13 0.72
 14  14 1.00
 14  15 0.66
 14  16 0.63
 14  17 0.54
 14  18 0.72
 14  19 0.59
 14  20 0.67
 14  21 0.55
 14  22 0.66
 15   1 0.68
 15   2 0.63
 15   3 0.66
 15   4 0.45
 15   5 0.72
 15   6 0.74
 15   7 0.55
 15   8 0.62
 15   9 0.62
 15  10 0.74
 15  11 0.73
 15  12 0.62
 15  13 0.74
 15  14 0.66
 15  15 1.00
 15  16 0.65
 15  17 0.64
 15  18 0.72
 15  19 0.68
 15  20 0.75
 15  21 0.78
 15  22 0.68
 16   1 0.58
 16   2 0.59
 16   3 0.55
 16   4 0.44
 16   5 0.55
 16   6 0.75
 16   7 0.41
 16   8 0.50
 16   9 0.63
 16  10 0.57
 16  11 0.64
 16  12 0.69
 16  13 0.64
 16  14 0.63
 16  15 0.65
 16  16 1.00
 16  17 0.53
 16  18 0.71
 16  19 0.70
 16  20 0.59
 16  21 0.62
 16  22 0.64
 17   1 0.61
 17   2 0.52
 17   3 0.55
 17   4 0.47
 17   5 0.65
 17   6 0.60
 17   7 0.54
 17   8 0.70
 17   9 0.56
 17  10 0.72
 17  11 0.68
 17  12 0.65
 17  13 0.66
 17  14 0.54
 17  15 0.64
 17  16 0.53
 17  17 1.00
 17  18 0.68
 17  19 0.55
 17  20 0.63
 17  21 0.64
 17  22 0.59
 18   1 0.71
 18   2 0.67
 18   3 0.64
 18   4 0.47
 18   5 0.70
 18   6 0.74
 18   7 0.56
 18   8 0.71
 18   9 0.67
 18  10 0.74
 18  11 0.80
 18  12 0.75
 18  13 0.77
 18  14 0.72
 18  15 0.72
 18  16 0.71
 18  17 0.68
 18  18 1.00
 18  19 0.71
 18  20 0.69
 18  21 0.67
 18  22 0.72
 19   1 0.63
 19   2 0.55
 19   3 0.63
 19   4 0.43
 19   5 0.61
 19   6 0.73
 19   7 0.55
 19   8 0.63
 19   9 0.60
 19  10 0.67
 19  11 0.67
 19  12 0.73
 19  13 0.69
 19  14 0.59
 19  15 0.68
 19  16 0.70
 19  17 0.55
 19  18 0.71
 19  19 1.00
 19  20 0.67
 19  21 0.67
 19  22 0.67
 20   1 0.73
 20   2 0.66
 20   3 0.74
 20   4 0.52
 20   5 0.72
 20   6 0.73
 20   7 0.55
 20   8 0.65
 20   9 0.66
 20  10 0.74
 20  11 0.71
 20  12 0.65
 20  13 0.72
 20  14 0.67
 20  15 0.75
 20  16 0.59
 20  17 0.63
 20  18 0.69
 20  19 0.67
 20  20 1.00
 20  21 0.68
 20  22 0.70
 21   1 0.60
 21   2 0.53
 21   3 0.66
 21   4 0.49
 21   5 0.67
 21   6 0.70
 21   7 0.59
 21   8 0.62
 21   9 0.55
 21  10 0.70
 21  11 0.67
 21  12 0.64
 21  13 0.72
 21  14 0.55
 21  15 0.78
 21  16 0.62
 21  17 0.64
 21  18 0.67
 21  19 0.67
 21  20 0.68
 21  21 1.00
 21  22 0.64
 22   1 0.62
 22   2 0.68
 22   3 0.68
 22   4 0.58
 22   5 0.68
 22   6 0.69
 22   7 0.58
 22   8 0.57
 22   9 0.71
 22  10 0.62
 22  11 0.72
 22  12 0.73
 22  13 0.70
 22  14 0.66
 22  15 0.68
 22  16 0.64
 22  17 0.59
 22  18 0.72
 22  19 0.67
 22  20 0.70
 22  21 0.64
 22  22 1.00
  1   1 1.00
  1   2 0.77
  1   3 0.64
  1   4 0.45
  1   5 0.68
  1   6 0.68
  1   7 0.44
  1   8 0.68
  1   9 0.59
  1  10 0.65
  1  11 0.69
  1  12 0.57
  1  13 0.71
  1  14 0.76
  1  15 0.67
  1  16 0.57
  1  17 0.61
  1  18 0.71
  1  19 0.63
  1  20 0.73
  1  21 0.60
  1  22 0.61
  2   1 0.77
  2   2 1.00
  2   3 0.60
  2   4 0.49
  2   5 0.60
  2   6 0.67
  2   7 0.43
  2   8 0.56
  2   9 0.64
  2  10 0.53
  2  11 0.68
  2  12 0.53
  2  13 0.65
  2  14 0.76
  2  15 0.62
  2  16 0.59
  2  17 0.52
  2  18 0.67
  2  19 0.55
  2  20 0.65
  2  21 0.52
  2  22 0.68
  3   1 0.64
  3   2 0.60
  3   3 1.00
  3   4 0.61
  3   5 0.74
  3   6 0.66
  3   7 0.53
  3   8 0.64
  3   9 0.60
  3  10 0.65
  3  11 0.75
  3  12 0.63
  3  13 0.72
  3  14 0.60
  3  15 0.65
  3  16 0.55
  3  17 0.54
  3  18 0.64
  3  19 0.63
  3  20 0.74
  3  21 0.66
  3  22 0.68
  4   1 0.45
  4   2 0.49
  4   3 0.61
  4   4 1.00
  4   5 0.56
  4   6 0.45
  4   7 0.50
  4   8 0.46
  4   9 0.60
  4  10 0.51
  4  11 0.56
  4  12 0.58
  4  13 0.50
  4  14 0.45
  4  15 0.45
  4  16 0.43
  4  17 0.47
  4  18 0.47
  4  19 0.43
  4  20 0.52
  4  21 0.48
  4  22 0.58
  5   1 0.68
  5   2 0.60
  5   3 0.74
  5   4 0.56
  5   5 1.00
  5   6 0.67
  5   7 0.59
  5   8 0.66
  5   9 0.60
  5  10 0.75
  5  11 0.74
  5  12 0.63
  5  13 0.72
  5  14 0.63
  5  15 0.72
  5  16 0.55
  5  17 0.65
  5  18 0.70
  5  19 0.61
  5  20 0.72
  5  21 0.66
  5  22 0.67
  6   1 0.68
  6   2 0.67
  6   3 0.66
  6   4 0.45
  6   5 0.67
  6   6 1.00
  6   7 0.50
  6   8 0.61
  6   9 0.63
  6  10 0.65
  6  11 0.70
  6  12 0.65
  6  13 0.72
  6  14 0.68
  6  15 0.74
  6  16 0.74
  6  17 0.59
  6  18 0.73
  6  19 0.73
  6  20 0.73
  6  21 0.69
  6  22 0.69
  7   1 0.44
  7   2 0.43
  7   3 0.53
  7   4 0.50
  7   5 0.59
  7   6 0.50
  7   7 1.00
  7   8 0.67
  7   9 0.53
  7  10 0.65
  7  11 0.59
  7  12 0.57
  7  13 0.62
  7  14 0.39
  7  15 0.55
  7  16 0.41
  7  17 0.54
  7  18 0.55
  7  19 0.54
  7  20 0.54
  7  21 0.58
  7  22 0.58
  8   1 0.68
  8   2 0.56
  8   3 0.64
  8   4 0.46
  8   5 0.66
  8   6 0.61
  8   7 0.67
  8   8 1.00
  8   9 0.56
  8  10 0.74
  8  11 0.68
  8  12 0.62
  8  13 0.75
  8  14 0.59
  8  15 0.62
  8  16 0.49
  8  17 0.69
  8  18 0.70
  8  19 0.63
  8  20 0.64
  8  21 0.62
  8  22 0.56
  9   1 0.59
  9   2 0.64
  9   3 0.60
  9   4 0.60
  9   5 0.60
  9   6 0.63
  9   7 0.53
  9   8 0.56
  9   9 1.00
  9  10 0.61
  9  11 0.68
  9  12 0.65
  9  13 0.60
  9  14 0.68
  9  15 0.61
  9  16 0.62
  9  17 0.55
  9  18 0.67
  9  19 0.59
  9  20 0.65
  9  21 0.54
  9  22 0.71
 10   1 0.65
 10   2 0.53
 10   3 0.65
 10   4 0.51
 10   5 0.75
 10   6 0.65
 10   7 0.65
 10   8 0.74
 10   9 0.61
 10  10 1.00
 10  11 0.76
 10  12 0.66
 10  13 0.78
 10  14 0.60
 10  15 0.73
 10  16 0.56
 10  17 0.72
 10  18 0.73
 10  19 0.66
 10  20 0.73
 10  21 0.70
 10  22 0.62
 11   1 0.69
 11   2 0.68
 11   3 0.75
 11   4 0.56
 11   5 0.74
 11   6 0.70
 11   7 0.59
 11   8 0.68
 11   9 0.68
 11  10 0.76
 11  11 1.00
 11  12 0.71
 11  13 0.75
 11  14 0.71
 11  15 0.72
 11  16 0.64
 11  17 0.67
 11  18 0.79
 11  19 0.66
 11  20 0.71
 11  21 0.67
 11  22 0.72
 12   1 0.57
 12   2 0.53
 12   3 0.63
 12   4 0.58
 12   5 0.63
 12   6 0.65
 12   7 0.57
 12   8 0.62
 12   9 0.65
 12  10 0.66
 12  11 0.71
 12  12 1.00
 12  13 0.66
 12  14 0.58
 12  15 0.62
 12  16 0.69
 12  17 0.64
 12  18 0.74
 12  19 0.73
 12  20 0.65
 12  21 0.64
 12  22 0.73
 13   1 0.71
 13   2 0.65
 13   3 0.72
 13   4 0.50
 13   5 0.72
 13   6 0.72
 13   7 0.62
 13   8 0.75
 13   9 0.60
 13  10 0.78
 13  11 0.75
 13  12 0.66
 13  13 1.00
 13  14 0.71
 13  15 0.74
 13  16 0.63
 13  17 0.66
 13  18 0.77
 13  19 0.69
 13  20 0.71
 13  21 0.71
 13  22 0.70
 14   1 0.76
 14   2 0.76
 14   3 0.60
 14   4 0.45
 14   5 0.63
 14   6 0.68
 14   7 0.39
 14   8 0.59
 14   9 0.68
 14  10 0.60
 14  11 0.71
 14  12 0.58
 14  13 0.71
 14  14 1.00
 14  15 0.65
 14  16 0.62
 14  17 0.53
 14  18 0.72
 14  19 0.58
 14  20 0.67
 14  21 0.54
 14  22 0.65
 15   1 0.67
 15   2 0.62
 15   3 0.65
 15   4 0.45
 15   5 0.72
 15   6 0.74
 15   7 0.55
 15   8 0.62
 15   9 0.61
 15  10 0.73
 15  11 0.72
 15  12 0.62
 15  13 0.74
 15  14 0.65
 15  15 1.00
 15  16 0.64
 15  17 0.64
 15  18 0.71
 15  19 0.68
 15  20 0.75
 15  21 0.77
 15  22 0.67
 16   1 0.57
 16   2 0.59
 16   3 0.55
 16   4 0.43
 16   5 0.55
 16   6 0.74
 16   7 0.41
 16   8 0.49
 16   9 0.62
 16  10 0.56
 16  11 0.64
 16  12 0.69
 16  13 0.63
 16  14 0.62
 16  15 0.64
 16  16 1.00
 16  17 0.52
 16  18 0.70
 16  19 0.69
 16  20 0.58
 16  21 0.61
 16  22 0.64
 17   1 0.61
 17   2 0.52
 17   3 0.54
 17   4 0.47
 17   5 0.65
 17   6 0.59
 17   7 0.54
 17   8 0.69
 17   9 0.55
 17  10 0.72
 17  11 0.67
 17  12 0.64
 17  13 0.66
 17  14 0.53
 17  15 0.64
 17  16 0.52
 17  17 1.00
 17  18 0.67
 17  19 0.54
 17  20 0.63
 17  21 0.64
 17  22 0.59
 18   1 0.71
 18   2 0.67
 18   3 0.64
 18   4 0.47
 18   5 0.70
 18   6 0.73
 18   7 0.55
 18   8 0.70
 18   9 0.67
 18  10 0.73
 18  11 0.79
 18  12 0.74
 18  13 0.77
 18  14 0.72
 18  15 0.71
 18  16 0.70
 18  17 0.67
 18  18 1.00
 18  19 0.71
 18  20 0.69
 18  21 0.66
 18  22 0.72
 19   1 0.63
 19   2 0.55
 19   3 0.63
 19   4 0.43
 19   5 0.61
 19   6 0.73
 19   7 0.54
 19   8 0.63
 19   9 0.59
 19  10 0.66
 19  11 0.66
 19  12 0.73
 19  13 0.69
 19  14 0.58
 19  15 0.68
 19  16 0.69
 19  17 0.54
 19  18 0.71
 19  19 1.00
 19  20 0.67
 19  21 0.67
 19  22 0.67
 20   1 0.73
 20   2 0.65
 20   3 0.74
 20   4 0.52
 20   5 0.72
 20   6 0.73
 20   7 0.54
 20   8 0.64
 20   9 0.65
 20  10 0.73
 20  11 0.71
 20  12 0.65
 20  13 0.71
 20  14 0.67
 20  15 0.75
 20  16 0.58
 20  17 0.63
 20  18 0.69
 20  19 0.67
 20  20 1.00
 20  21 0.68
 20  22 0.69
 21   1 0.60
 21   2 0.52
 21   3 0.66
 21   4 0.48
 21   5 0.66
 21   6 0.69
 21   7 0.58
 21   8 0.62
 21   9 0.54
 21  10 0.70
 21  11 0.67
 21  12 0.64
 21  13 0.71
 21  14 0.54
 21  15 0.77
 21  16 0.61
 21  17 0.64
 21  18 0.66
 21  19 0.67
 21  20 0.68
 21  21 1.00
 21  22 0.63
 22   1 0.61
 22   2 0.68
 22   3 0.68
 22   4 0.58
 22   5 0.67
 22   6 0.69
 22   7 0.58
 22   8 0.56
 22   9 0.71
 22  10 0.62
 22  11 0.72
 22  12 0.73
 22  13 0.70
 22  14 0.65
 22  15 0.67
 22  16 0.64
 22  17 0.59
 22  18 0.72
 22  19 0.67
 22  20 0.69
 22  21 0.63
 22  22 1.00
  1   1 1.00
  1   2 0.77
  1   3 0.64
  1   4 0.45
  1   5 0.68
  1   6 0.68
  1   7 0.44
  1   8 0.68
  1   9 0.59
  1  10 0.65
  1  11 0.69
  1  12 0.57
  1  13 0.71
  1  14 0.76
  1  15 0.67
  1  16 0.57
  1  17 0.61
  1  18 0.71
  1  19 0.63
  1  20 0.73
  1  21 0.60
  1  22 0.61
  2   1 0.77
  2   2 1.00
  2   3 0.60
  2   4 0.49
  2   5 0.60
  2   6 0.67
  2   7 0.43
  2   8 0.56
  2   9 0.64
  2  10 0.53
  2  11 0.68
  2  12 0.53
  2  13 0.65
  2  14 0.76
  2  15 0.62
  2  16 0.59
  2  17 0.52
  2  18 0.67
  2  19 0.55
  2  20 0.65
  2  21 0.52
  2  22 0.68
  3   1 0.64
  3   2 0.60
  3   3 1.00
  3   4 0.61
  3   5 0.74
  3   6 0.66
  3   7 0.53
  3   8 0.64
  3   9 0.60
  3  10 0.65
  3  11 0.75
  3  12 0.63
  3  13 0.72
  3  14 0.60
  3  15 0.65
  3  16 0.55
  3  17 0.54
  3  18 0.64
  3  19 0.63
  3  20 0.74
  3  21 0.66
  3  22 0.68
  4   1 0.45
  4   2 0.49
  4   3 0.61
  4   4 1.00
  4   5 0.56
  4   6 0.45
  4   7 0.50
  4   8 0.46
  4   9 0.60
  4  10 0.51
  4  11 0.56
  4  12 0.58
  4  13 0.50
  4  14 0.45
  4  15 0.45
  4  16 0.43
  4  17 0.47
  4  18 0.47
  4  19 0.43
  4  20 0.52
  4  21 0.48
  4  22 0.58
  5   1 0.68
  5   2 0.60
  5   3 0.74
  5   4 0.56
  5   5 1.00
  5   6 0.67
  5   7 0.59
  5   8 0.66
  5   9 0.60
  5  10 0.75
  5  11 0.74
  5  12 0.63
  5  13 0.72
  5  14 0.63
  5  15 0.72
  5  16 0.55
  5  17 0.65
  5  18 0.70
  5  19 0.61
  5  20 0.72
  5  21 0.66
  5  22 0.67
  6   1 0.68
  6   2 0.67
  6   3 0.66
  6   4 0.45
  6   5 0.67
  6   6 1.00
  6   7 0.50
  6   8 0.61
  6   9 0.63
  6  10 0.65
  6  11 0.70
  6  12 0.65
  6  13 0.72
  6  14 0.68
  6  15 0.74
  6  16 0.74
  6  17 0.59
  6  18 0.73
  6  19 0.73
  6  20 0.73
  6  21 0.69
  6  22 0.69
  7   1 0.44
  7   2 0.43
  7   3 0.53
  7   4 0.50
  7   5 0.59
  7   6 0.50
  7   7 1.00
  7   8 0.67
  7   9 0.53
  7  10 0.65
  7  11 0.59
  7  12 0.57
  7  13 0.62
  7  14 0.39
  7  15 0.55
  7  16 0.41
  7  17 0.54
  7  18 0.55
  7  19 0.54
  7  20 0.54
  7  21 0.58
  7  22 0.58
  8   1 0.68
  8   2 0.56
  8   3 0.64
  8   4 0.46
  8   5 0.66
  8   6 0.61
  8   7 0.67
  8   8 1.00
  8   9 0.56
  8  10 0.74
  8  11 0.68
  8  12 0.62
  8  13 0.75
  8  14 0.59
  8  15 0.62
  8  16 0.49
  8  17 0.69
  8  18 0.70
  8  19 0.63
  8  20 0.64
  8  21 0.62
  8  22 0.56
  9   1 0.59
  9   2 0.64
  9   3 0.60
  9   4 0.60
  9   5 0.60
  9   6 0.63
  9   7 0.53
  9   8 0.56
  9   9 1.00
  9  10 0.61
  9  11 0.68
  9  12 0.65
  9  13 0.60
  9  14 0.68
  9  15 0.61
  9  16 0.62
  9  17 0.55
  9  18 0.67
  9  19 0.59
  9  20 0.65
  9  21 0.54
  9  22 0.71
 10   1 0.65
 10   2 0.53
 10   3 0.65
 10   4 0.51
 10   5 0.75
 10   6 0.65
 10   7 0.65
 10   8 0.74
 10   9 0.61
 10  10 1.00
 10  11 0.76
 10  12 0.66
 10  13 0.78
 10  14 0.60
 10  15 0.73
 10  16 0.56
 10  17 0.72
 10  18 0.73
 10  19 0.66
 10  20 0.73
 10  21 0.70
 10  22 0.62
 11   1 0.69
 11   2 0.68
 11   3 0.75
 11   4 0.56
 11   5 0.74
 11   6 0.70
 11   7 0.59
 11   8 0.68
 11   9 0.68
 11  10 0.76
 11  11 1.00
 11  12 0.71
 11  13 0.75
 11  14 0.71
 11  15 0.72
 11  16 0.64
 11  17 0.67
 11  18 0.79
 11  19 0.66
 11  20 0.71
 11  21 0.67
 11  22 0.72
 12   1 0.57
 12   2 0.53
 12   3 0.63
 12   4 0.58
 12   5 0.63
 12   6 0.65
 12   7 0.57
 12   8 0.62
 12   9 0.65
 12  10 0.66
 12  11 0.71
 12  12 1.00
 12  13 0.66
 12  14 0.58
 12  15 0.62
 12  16 0.69
 12  17 0.64
 12  18 0.74
 12  19 0.73
 12  20 0.65
 12  21 0.64
 12  22 0.73
 13   1 0.71
 13   2 0.65
 13   3 0.72
 13   4 0.50
 13   5 0.72
 13   6 0.72
 13   7 0.62
 13   8 0.75
 13   9 0.60
 13  10 0.78
 13  11 0.75
 13  12 0.66
 13  13 1.00
 13  14 0.71
 13  15 0.74
 13  16 0.63
 13  17 0.66
 13  18 0.77
 13  19 0.69
 13  20 0.71
 13  21 0.71
 13  22 0.70
 14   1 0.76
 14   2 0.76
 14   3 0.60
 14   4 0.45
 14   5 0.63
 14   6 0.68
 14   7 0.39
 14   8 0.59
 14   9 0.68
 14  10 0.60
 14  11 0.71
 14  12 0.58
 14  13 0.71
 14  14 1.00
 14  15 0.65
 14  16 0.62
 14  17 0.53
 14  18 0.72
 14  19 0.58
 14  20 0.67
 14  21 0.54
 14  22 0.65
 15   1 0.67
 15   2 0.62
 15   3 0.65
 15   4 0.45
 15   5 0.72
 15   6 0.74
 15   7 0.55
 15   8 0.62
 15   9 0.61
 15  10 0.73
 15  11 0.72
 15  12 0.62
 15  13 0.74
 15  14 0.65
 15  15 1.00
 15  16 0.64
 15  17 0.64
 15  18 0.71
 15  19 0.68
 15  20 0.75
 15  21 0.77
 15  22 0.67
 16   1 0.57
 16   2 0.59
 16   3 0.55
 16   4 0.43
 16   5 0.55
 16   6 0.74
 16   7 0.41
 16   8 0.49
 16   9 0.62
 16  10 0.56
 16  11 0.64
 16  12 0.69
 16  13 0.63
 16  14 0.62
 16  15 0.64
 16  16 1.00
 16  17 0.52
 16  18 0.70
 16  19 0.69
 16  20 0.58
 16  21 0.61
 16  22 0.64
 17   1 0.61
 17   2 0.52
 17   3 0.54
 17   4 0.47
 17   5 0.65
 17   6 0.59
 17   7 0.54
 17   8 0.69
 17   9 0.55
 17  10 0.72
 17  11 0.67
 17  12 0.64
 17  13 0.66
 17  14 0.53
 17  15 0.64
 17  16 0.52
 17  17 1.00
 17  18 0.67
 17  19 0.54
 17  20 0.63
 17  21 0.64
 17  22 0.59
 18   1 0.71
 18   2 0.67
 18   3 0.64
 18   4 0.47
 18   5 0.70
 18   6 0.73
 18   7 0.55
 18   8 0.70
 18   9 0.67
 18  10 0.73
 18  11 0.79
 18  12 0.74
 18  13 0.77
 18  14 0.72
 18  15 0.71
 18  16 0.70
 18  17 0.67
 18  18 1.00
 18  19 0.71
 18  20 0.69
 18  21 0.66
 18  22 0.72
 19   1 0.63
 19   2 0.55
 19   3 0.63
 19   4 0.43
 19   5 0.61
 19   6 0.73
 19   7 0.54
 19   8 0.63
 19   9 0.59
 19  10 0.66
 19  11 0.66
 19  12 0.73
 19  13 0.69
 19  14 0.58
 19  15 0.68
 19  16 0.69
 19  17 0.54
 19  18 0.71
 19  19 1.00
 19  20 0.67
 19  21 0.67
 19  22 0.67
 20   1 0.73
 20   2 0.65
 20   3 0.74
 20   4 0.52
 20   5 0.72
 20   6 0.73
 20   7 0.54
 20   8 0.64
 20   9 0.65
 20  10 0.73
 20  11 0.71
 20  12 0.65
 20  13 0.71
 20  14 0.67
 20  15 0.75
 20  16 0.58
 20  17 0.63
 20  18 0.69
 20  19 0.67
 20  20 1.00
 20  21 0.68
 20  22 0.69
 21   1 0.60
 21   2 0.52
 21   3 0.66
 21   4 0.48
 21   5 0.66
 21   6 0.69
 21   7 0.58
 21   8 0.62
 21   9 0.54
 21  10 0.70
 21  11 0.67
 21  12 0.64
 21  13 0.71
 21  14 0.54
 21  15 0.77
 21  16 0.61
 21  17 0.64
 21  18 0.66
 21  19 0.67
 21  20 0.68
 21  21 1.00
 21  22 0.63
 22   1 0.61
 22   2 0.68
 22   3 0.68
 22   4 0.58
 22   5 0.67
 22   6 0.69
 22   7 0.58
 22   8 0.56
 22   9 0.71
 22  10 0.62
 22  11 0.72
 22  12 0.73
 22  13 0.70
 22  14 0.65
 22  15 0.67
 22  16 0.64
 22  17 0.59
 22  18 0.72
 22  19 0.67
 22  20 0.69
 22  21 0.63
 22  22 1.00
