  1   1 1.00
  1   2 0.45
  1   3 0.39
  1   4 0.13
  1   5 0.34
  1   6 0.42
  1   7 0.30
  1   8 0.29
  1   9 0.45
  1  10 0.13
  1  11 0.40
  1  12 0.42
  1  13 0.59
  1  14 0.34
  1  15 0.27
  1  16 0.29
  1  17 0.47
  1  18 0.17
  1  19 0.36
  1  20 0.39
  1  21 0.52
  1  22 0.41
  2   1 0.45
  2   2 1.00
  2   3 0.34
  2   4 0.20
  2   5 0.23
  2   6 0.24
  2   7 0.11
  2   8 0.31
  2   9 0.23
  2  10 0.06
  2  11 0.15
  2  12 0.32
  2  13 0.45
  2  14 0.19
  2  15 0.34
  2  16 0.30
  2  17 0.37
  2  18 0.09
  2  19 0.11
  2  20 0.10
  2  21 0.64
  2  22 0.46
  3   1 0.39
  3   2 0.34
  3   3 1.00
  3   4 0.10
  3   5 0.47
  3   6 0.51
  3   7 0.40
  3   8 0.25
  3   9 0.50
  3  10 0.21
  3  11 0.43
  3  12 0.45
  3  13 0.39
  3  14 0.47
  3  15 0.33
  3  16 0.48
  3  17 0.42
  3  18 0.27
  3  19 0.60
  3  20 0.20
  3  21 0.38
  3  22 0.51
  4   1 0.13
  4   2 0.20
  4   3 0.10
  4   4 1.00
  4   5 0.09
  4   6 0.22
  4   7 0.17
  4   8 0.34
  4   9 0.08
  4  10 0.12
  4  11 0.05
  4  12 0.11
  4  13 0.18
  4  14 0.07
  4  15 0.28
  4  16 0.20
  4  17 0.26
  4  18 0.13
  4  19 0.08
  4  20 0.02
  4  21 0.19
  4  22 0.18
  5   1 0.34
  5   2 0.23
  5   3 0.47
  5   4 0.09
  5   5 1.00
  5   6 0.44
  5   7 0.33
  5   8 0.28
  5   9 0.28
  5  10 0.30
  5  11 0.37
  5  12 0.27
  5  13 0.21
  5  14 0.26
  5  15 0.35
  5  16 0.20
  5  17 0.30
  5  18 0.25
  5  19 0.41
  5  20 0.18
  5  21 0.23
  5  22 0.35
  6   1 0.42
  6   2 0.24
  6   3 0.51
  6   4 0.22
  6   5 0.44
  6   6 1.00
  6   7 0.56
  6   8 0.41
  6   9 0.46
  6  10 0.34
  6  11 0.49
  6  12 0.53
  6  13 0.38
  6  14 0.51
  6  15 0.43
  6  16 0.53
  6  17 0.50
  6  18 0.50
  6  19 0.57
  6  20 0.33
  6  21 0.28
  6  22 0.51
  7   1 0.30
  7   2 0.11
  7   3 0.40
  7   4 0.17
  7   5 0.33
  7   6 0.56
  7   7 1.00
  7   8 0.29
  7   9 0.41
  7  10 0.28
  7  11 0.48
  7  12 0.52
  7  13 0.28
  7  14 0.40
  7  15 0.36
  7  16 0.40
  7  17 0.30
  7  18 0.47
  7  19 0.48
  7  20 0.30
  7  21 0.22
  7  22 0.44
  8   1 0.29
  8   2 0.31
  8   3 0.25
  8   4 0.34
  8   5 0.28
  8   6 0.41
  8   7 0.29
  8   8 1.00
  8   9 0.29
  8  10 0.33
  8  11 0.11
  8  12 0.26
  8  13 0.31
  8  14 0.31
  8  15 0.47
  8  16 0.36
  8  17 0.37
  8  18 0.32
  8  19 0.23
  8  20 0.15
  8  21 0.29
  8  22 0.40
  9   1 0.45
  9   2 0.23
  9   3 0.50
  9   4 0.08
  9   5 0.28
  9   6 0.46
  9   7 0.41
  9   8 0.29
  9   9 1.00
  9  10 0.17
  9  11 0.29
  9  12 0.38
  9  13 0.44
  9  14 0.47
  9  15 0.24
  9  16 0.45
  9  17 0.49
  9  18 0.29
  9  19 0.55
  9  20 0.32
  9  21 0.36
  9  22 0.42
 10   1 0.13
 10   2 0.06
 10   3 0.21
 10   4 0.12
 10   5 0.30
 10   6 0.34
 10   7 0.28
 10   8 0.33
 10   9 0.17
 10  10 1.00
 10  11 0.19
 10  12 0.19
 10  13 0.15
 10  14 0.36
 10  15 0.48
 10  16 0.21
 10  17 0.25
 10  18 0.48
 10  19 0.32
 10  20 0.09
 10  21 0.08
 10  22 0.36
 11   1 0.40
 11   2 0.15
 11   3 0.43
 11   4 0.05
 11   5 0.37
 11   6 0.49
 11   7 0.48
 11   8 0.11
 11   9 0.29
 11  10 0.19
 11  11 1.00
 11  12 0.49
 11  13 0.26
 11  14 0.28
 11  15 0.24
 11  16 0.31
 11  17 0.32
 11  18 0.32
 11  19 0.49
 11  20 0.29
 11  21 0.24
 11  22 0.28
 12   1 0.42
 12   2 0.32
 12   3 0.45
 12   4 0.11
 12   5 0.27
 12   6 0.53
 12   7 0.52
 12   8 0.26
 12   9 0.38
 12  10 0.19
 12  11 0.49
 12  12 1.00
 12  13 0.47
 12  14 0.34
 12  15 0.38
 12  16 0.41
 12  17 0.43
 12  18 0.33
 12  19 0.43
 12  20 0.38
 12  21 0.51
 12  22 0.54
 13   1 0.59
 13   2 0.45
 13   3 0.39
 13   4 0.18
 13   5 0.21
 13   6 0.38
 13   7 0.28
 13   8 0.31
 13   9 0.44
 13  10 0.15
 13  11 0.26
 13  12 0.47
 13  13 1.00
 13  14 0.34
 13  15 0.27
 13  16 0.38
 13  17 0.49
 13  18 0.21
 13  19 0.32
 13  20 0.27
 13  21 0.62
 13  22 0.57
 14   1 0.34
 14   2 0.19
 14   3 0.47
 14   4 0.07
 14   5 0.26
 14   6 0.51
 14   7 0.40
 14   8 0.31
 14   9 0.47
 14  10 0.36
 14  11 0.28
 14  12 0.34
 14  13 0.34
 14  14 1.00
 14  15 0.38
 14  16 0.59
 14  17 0.47
 14  18 0.45
 14  19 0.60
 14  20 0.30
 14  21 0.24
 14  22 0.53
 15   1 0.27
 15   2 0.34
 15   3 0.33
 15   4 0.28
 15   5 0.35
 15   6 0.43
 15   7 0.36
 15   8 0.47
 15   9 0.24
 15  10 0.48
 15  11 0.24
 15  12 0.38
 15  13 0.27
 15  14 0.38
 15  15 1.00
 15  16 0.34
 15  17 0.44
 15  18 0.49
 15  19 0.34
 15  20 0.15
 15  21 0.29
 15  22 0.50
 16   1 0.29
 16   2 0.30
 16   3 0.48
 16   4 0.20
 16   5 0.20
 16   6 0.53
 16   7 0.40
 16   8 0.36
 16   9 0.45
 16  10 0.21
 16  11 0.31
 16  12 0.41
 16  13 0.38
 16  14 0.59
 16  15 0.34
 16  16 1.00
 16  17 0.52
 16  18 0.49
 16  19 0.53
 16  20 0.23
 16  21 0.35
 16  22 0.54
 17   1 0.47
 17   2 0.37
 17   3 0.42
 17   4 0.26
 17   5 0.30
 17   6 0.50
 17   7 0.30
 17   8 0.37
 17   9 0.49
 17  10 0.25
 17  11 0.32
 17  12 0.43
 17  13 0.49
 17  14 0.47
 17  15 0.44
 17  16 0.52
 17  17 1.00
 17  18 0.26
 17  19 0.50
 17  20 0.30
 17  21 0.52
 17  22 0.57
 18   1 0.17
 18   2 0.09
 18   3 0.27
 18   4 0.13
 18   5 0.25
 18   6 0.50
 18   7 0.47
 18   8 0.32
 18   9 0.29
 18  10 0.48
 18  11 0.32
 18  12 0.33
 18  13 0.21
 18  14 0.45
 18  15 0.49
 18  16 0.49
 18  17 0.26
 18  18 1.00
 18  19 0.42
 18  20 0.15
 18  21 0.12
 18  22 0.45
 19   1 0.36
 19   2 0.11
 19   3 0.60
 19   4 0.08
 19   5 0.41
 19   6 0.57
 19   7 0.48
 19   8 0.23
 19   9 0.55
 19  10 0.32
 19  11 0.49
 19  12 0.43
 19  13 0.32
 19  14 0.60
 19  15 0.34
 19  16 0.53
 19  17 0.50
 19  18 0.42
 19  19 1.00
 19  20 0.27
 19  21 0.23
 19  22 0.50
 20   1 0.39
 20   2 0.10
 20   3 0.20
 20   4 0.02
 20   5 0.18
 20   6 0.33
 20   7 0.30
 20   8 0.15
 20   9 0.32
 20  10 0.09
 20  11 0.29
 20  12 0.38
 20  13 0.27
 20  14 0.30
 20  15 0.15
 20  16 0.23
 20  17 0.30
 20  18 0.15
 20  19 0.27
 20  20 1.00
 20  21 0.22
 20  22 0.18
 21   1 0.52
 21   2 0.64
 21   3 0.38
 21   4 0.19
 21   5 0.23
 21   6 0.28
 21   7 0.22
 21   8 0.29
 21   9 0.36
 21  10 0.08
 21  11 0.24
 21  12 0.51
 21  13 0.62
 21  14 0.24
 21  15 0.29
 21  16 0.35
 21  17 0.52
 21  18 0.12
 21  19 0.23
 21  20 0.22
 21  21 1.00
 21  22 0.58
 22   1 0.41
 22   2 0.46
 22   3 0.51
 22   4 0.18
 22   5 0.35
 22   6 0.51
 22   7 0.44
 22   8 0.40
 22   9 0.42
 22  10 0.36
 22  11 0.28
 22  12 0.54
 22  13 0.57
 22  14 0.53
 22  15 0.50
 22  16 0.54
 22  17 0.57
 22  18 0.45
 22  19 0.50
 22  20 0.18
 22  21 0.58
 22  22 1.00
  1   1 1.00
  1   2 0.44
  1   3 0.39
  1   4 0.13
  1   5 0.34
  1   6 0.42
  1   7 0.29
  1   8 0.29
  1   9 0.45
  1  10 0.12
  1  11 0.40
  1  12 0.41
  1  13 0.59
  1  14 0.34
  1  15 0.26
  1  16 0.29
  1  17 0.47
  1  18 0.17
  1  19 0.36
  1  20 0.38
  1  21 0.52
  1  22 0.41
  2   1 0.44
  2   2 1.00
  2   3 0.33
  2   4 0.20
  2   5 0.23
  2   6 0.23
  2   7 0.10
  2   8 0.30
  2   9 0.22
  2  10 0.05
  2  11 0.14
  2  12 0.31
  2  13 0.45
  2  14 0.18
  2  15 0.33
  2  16 0.30
  2  17 0.37
  2  18 0.08
  2  19 0.11
  2  20 0.10
  2  21 0.63
  2  22 0.45
  3   1 0.39
  3   2 0.33
  3   3 1.00
  3   4 0.10
  3   5 0.46
  3   6 0.50
  3   7 0.40
  3   8 0.25
  3   9 0.50
  3  10 0.20
  3  11 0.43
  3  12 0.44
  3  13 0.38
  3  14 0.46
  3  15 0.32
  3  16 0.48
  3  17 0.41
  3  18 0.27
  3  19 0.60
  3  20 0.19
  3  21 0.38
  3  22 0.51
  4   1 0.13
  4   2 0.20
  4   3 0.10
  4   4 1.00
  4   5 0.09
  4   6 0.22
  4   7 0.17
  4   8 0.33
  4   9 0.08
  4  10 0.11
  4  11 0.05
  4  12 0.10
  4  13 0.17
  4  14 0.07
  4  15 0.28
  4  16 0.19
  4  17 0.26
  4  18 0.12
  4  19 0.07
  4  20 0.01
  4  21 0.18
  4  22 0.17
  5   1 0.34
  5   2 0.23
  5   3 0.46
  5   4 0.09
  5   5 1.00
  5   6 0.43
  5   7 0.33
  5   8 0.27
  5   9 0.27
  5  10 0.30
  5  11 0.36
  5  12 0.26
  5  13 0.20
  5  14 0.26
  5  15 0.34
  5  16 0.20
  5  17 0.30
  5  18 0.24
  5  19 0.41
  5  20 0.17
  5  21 0.22
  5  22 0.34
  6   1 0.42
  6   2 0.23
  6   3 0.50
  6   4 0.22
  6   5 0.43
  6   6 1.00
  6   7 0.56
  6   8 0.40
  6   9 0.46
  6  10 0.33
  6  11 0.48
  6  12 0.53
  6  13 0.37
  6  14 0.50
  6  15 0.42
  6  16 0.52
  6  17 0.49
  6  18 0.50
  6  19 0.57
  6  20 0.33
  6  21 0.27
  6  22 0.50
  7   1 0.29
  7   2 0.10
  7   3 0.40
  7   4 0.17
  7   5 0.33
  7   6 0.56
  7   7 1.00
  7   8 0.29
  7   9 0.40
  7  10 0.27
  7  11 0.47
  7  12 0.52
  7  13 0.28
  7  14 0.39
  7  15 0.36
  7  16 0.40
  7  17 0.30
  7  18 0.47
  7  19 0.48
  7  20 0.30
  7  21 0.22
  7  22 0.43
  8   1 0.29
  8   2 0.30
  8   3 0.25
  8   4 0.33
  8   5 0.27
  8   6 0.40
  8   7 0.29
  8   8 1.00
  8   9 0.28
  8  10 0.33
  8  11 0.10
  8  12 0.25
  8  13 0.30
  8  14 0.31
  8  15 0.46
  8  16 0.35
  8  17 0.37
  8  18 0.32
  8  19 0.23
  8  20 0.15
  8  21 0.29
  8  22 0.40
  9   1 0.45
  9   2 0.22
  9   3 0.50
  9   4 0.08
  9   5 0.27
  9   6 0.46
  9   7 0.40
  9   8 0.28
  9   9 1.00
  9  10 0.16
  9  11 0.28
  9  12 0.37
  9  13 0.44
  9  14 0.47
  9  15 0.23
  9  16 0.44
  9  17 0.49
  9  18 0.28
  9  19 0.55
  9  20 0.32
  9  21 0.36
  9  22 0.42
 10   1 0.12
 10   2 0.05
 10   3 0.20
 10   4 0.11
 10   5 0.30
 10   6 0.33
 10   7 0.27
 10   8 0.33
 10   9 0.16
 10  10 1.00
 10  11 0.18
 10  12 0.18
 10  13 0.14
 10  14 0.36
 10  15 0.48
 10  16 0.21
 10  17 0.24
 10  18 0.47
 10  19 0.32
 10  20 0.09
 10  21 0.08
 10  22 0.36
 11   1 0.40
 11   2 0.14
 11   3 0.43
 11   4 0.05
 11   5 0.36
 11   6 0.48
 11   7 0.47
 11   8 0.10
 11   9 0.28
 11  10 0.18
 11  11 1.00
 11  12 0.49
 11  13 0.26
 11  14 0.28
 11  15 0.24
 11  16 0.31
 11  17 0.32
 11  18 0.31
 11  19 0.48
 11  20 0.28
 11  21 0.23
 11  22 0.27
 12   1 0.41
 12   2 0.31
 12   3 0.44
 12   4 0.10
 12   5 0.26
 12   6 0.53
 12   7 0.52
 12   8 0.25
 12   9 0.37
 12  10 0.18
 12  11 0.49
 12  12 1.00
 12  13 0.47
 12  14 0.33
 12  15 0.37
 12  16 0.41
 12  17 0.43
 12  18 0.33
 12  19 0.42
 12  20 0.37
 12  21 0.51
 12  22 0.53
 13   1 0.59
 13   2 0.45
 13   3 0.38
 13   4 0.17
 13   5 0.20
 13   6 0.37
 13   7 0.28
 13   8 0.30
 13   9 0.44
 13  10 0.14
 13  11 0.26
 13  12 0.47
 13  13 1.00
 13  14 0.34
 13  15 0.27
 13  16 0.37
 13  17 0.49
 13  18 0.21
 13  19 0.31
 13  20 0.27
 13  21 0.62
 13  22 0.57
 14   1 0.34
 14   2 0.18
 14   3 0.46
 14   4 0.07
 14   5 0.26
 14   6 0.50
 14   7 0.39
 14   8 0.31
 14   9 0.47
 14  10 0.36
 14  11 0.28
 14  12 0.33
 14  13 0.34
 14  14 1.00
 14  15 0.38
 14  16 0.59
 14  17 0.47
 14  18 0.45
 14  19 0.60
 14  20 0.30
 14  21 0.24
 14  22 0.53
 15   1 0.26
 15   2 0.33
 15   3 0.32
 15   4 0.28
 15   5 0.34
 15   6 0.42
 15   7 0.36
 15   8 0.46
 15   9 0.23
 15  10 0.48
 15  11 0.24
 15  12 0.37
 15  13 0.27
 15  14 0.38
 15  15 1.00
 15  16 0.33
 15  17 0.43
 15  18 0.49
 15  19 0.33
 15  20 0.14
 15  21 0.29
 15  22 0.49
 16   1 0.29
 16   2 0.30
 16   3 0.48
 16   4 0.19
 16   5 0.20
 16   6 0.52
 16   7 0.40
 16   8 0.35
 16   9 0.44
 16  10 0.21
 16  11 0.31
 16  12 0.41
 16  13 0.37
 16  14 0.59
 16  15 0.33
 16  16 1.00
 16  17 0.52
 16  18 0.48
 16  19 0.52
 16  20 0.22
 16  21 0.34
 16  22 0.54
 17   1 0.47
 17   2 0.37
 17   3 0.41
 17   4 0.26
 17   5 0.30
 17   6 0.49
 17   7 0.30
 17   8 0.37
 17   9 0.49
 17  10 0.24
 17  11 0.32
 17  12 0.43
 17  13 0.49
 17  14 0.47
 17  15 0.43
 17  16 0.52
 17  17 1.00
 17  18 0.25
 17  19 0.49
 17  20 0.30
 17  21 0.51
 17  22 0.57
 18   1 0.17
 18   2 0.08
 18   3 0.27
 18   4 0.12
 18   5 0.24
 18   6 0.50
 18   7 0.47
 18   8 0.32
 18   9 0.28
 18  10 0.47
 18  11 0.31
 18  12 0.33
 18  13 0.21
 18  14 0.45
 18  15 0.49
 18  16 0.48
 18  17 0.25
 18  18 1.00
 18  19 0.42
 18  20 0.14
 18  21 0.11
 18  22 0.44
 19   1 0.36
 19   2 0.11
 19   3 0.60
 19   4 0.07
 19   5 0.41
 19   6 0.57
 19   7 0.48
 19   8 0.23
 19   9 0.55
 19  10 0.32
 19  11 0.48
 19  12 0.42
 19  13 0.31
 19  14 0.60
 19  15 0.33
 19  16 0.52
 19  17 0.49
 19  18 0.42
 19  19 1.00
 19  20 0.27
 19  21 0.23
 19  22 0.50
 20   1 0.38
 20   2 0.10
 20   3 0.19
 20   4 0.01
 20   5 0.17
 20   6 0.33
 20   7 0.30
 20   8 0.15
 20   9 0.32
 20  10 0.09
 20  11 0.28
 20  12 0.37
 20  13 0.27
 20  14 0.30
 20  15 0.14
 20  16 0.22
 20  17 0.30
 20  18 0.14
 20  19 0.27
 20  20 1.00
 20  21 0.22
 20  22 0.18
 21   1 0.52
 21   2 0.63
 21   3 0.38
 21   4 0.18
 21   5 0.22
 21   6 0.27
 21   7 0.22
 21   8 0.29
 21   9 0.36
 21  10 0.08
 21  11 0.23
 21  12 0.51
 21  13 0.62
 21  14 0.24
 21  15 0.29
 21  16 0.34
 21  17 0.51
 21  18 0.11
 21  19 0.23
 21  20 0.22
 21  21 1.00
 21  22 0.57
 22   1 0.41
 22   2 0.45
 22   3 0.51
 22   4 0.17
 22   5 0.34
 22   6 0.50
 22   7 0.43
 22   8 0.40
 22   9 0.42
 22  10 0.36
 22  11 0.27
 22  12 0.53
 22  13 0.57
 22  14 0.53
 22  15 0.49
 22  16 0.54
 22  17 0.57
 22  18 0.44
 22  19 0.50
 22  20 0.18
 22  21 0.57
 22  22 1.00
  1   1 1.00
  1   2 0.44
  1   3 0.39
  1   4 0.13
  1   5 0.34
  1   6 0.42
  1   7 0.29
  1   8 0.29
  1   9 0.45
  1  10 0.12
  1  11 0.40
  1  12 0.41
  1  13 0.59
  1  14 0.34
  1  15 0.26
  1  16 0.29
  1  17 0.47
  1  18 0.17
  1  19 0.36
  1  20 0.38
  1  21 0.52
  1  22 0.41
  2   1 0.44
  2   2 1.00
  2   3 0.33
  2   4 0.20
  2   5 0.23
  2   6 0.23
  2   7 0.10
  2   8 0.30
  2   9 0.22
  2  10 0.05
  2  11 0.14
  2  12 0.31
  2  13 0.45
  2  14 0.18
  2  15 0.33
  2  16 0.30
  2  17 0.37
  2  18 0.08
  2  19 0.11
  2  20 0.10
  2  21 0.63
  2  22 0.45
  3   1 0.39
  3   2 0.33
  3   3 1.00
  3   4 0.10
  3   5 0.46
  3   6 0.50
  3   7 0.40
  3   8 0.25
  3   9 0.50
  3  10 0.20
  3  11 0.43
  3  12 0.44
  3  13 0.38
  3  14 0.46
  3  15 0.32
  3  16 0.48
  3  17 0.41
  3  18 0.27
  3  19 0.60
  3  20 0.19
  3  21 0.38
  3  22 0.51
  4   1 0.13
  4   2 0.20
  4   3 0.10
  4   4 1.00
  4   5 0.09
  4   6 0.22
  4   7 0.17
  4   8 0.33
  4   9 0.08
  4  10 0.11
  4  11 0.05
  4  12 0.10
  4  13 0.17
  4  14 0.07
  4  15 0.28
  4  16 0.19
  4  17 0.26
  4  18 0.12
  4  19 0.07
  4  20 0.01
  4  21 0.18
  4  22 0.17
  5   1 0.34
  5   2 0.23
  5   3 0.46
  5   4 0.09
  5   5 1.00
  5   6 0.43
  5   7 0.33
  5   8 0.27
  5   9 0.27
  5  10 0.30
  5  11 0.36
  5  12 0.26
  5  13 0.20
  5  14 0.26
  5  15 0.34
  5  16 0.20
  5  17 0.30
  5  18 0.24
  5  19 0.41
  5  20 0.17
  5  21 0.22
  5  22 0.34
  6   1 0.42
  6   2 0.23
  6   3 0.50
  6   4 0.22
  6   5 0.43
  6   6 1.00
  6   7 0.56
  6   8 0.40
  6   9 0.46
  6  10 0.33
  6  11 0.48
  6  12 0.53
  6  13 0.37
  6  14 0.50
  6  15 0.42
  6  16 0.52
  6  17 0.49
  6  18 0.50
  6  19 0.57
  6  20 0.33
  6  21 0.27
  6  22 0.50
  7   1 0.29
  7   2 0.10
  7   3 0.40
  7   4 0.17
  7   5 0.33
  7   6 0.56
  7   7 1.00
  7   8 0.29
  7   9 0.40
  7  10 0.27
  7  11 0.47
  7  12 0.52
  7  13 0.28
  7  14 0.39
  7  15 0.36
  7  16 0.40
  7  17 0.30
  7  18 0.47
  7  19 0.48
  7  20 0.30
  7  21 0.22
  7  22 0.43
  8   1 0.29
  8   2 0.30
  8   3 0.25
  8   4 0.33
  8   5 0.27
  8   6 0.40
  8   7 0.29
  8   8 1.00
  8   9 0.28
  8  10 0.33
  8  11 0.10
  8  12 0.25
  8  13 0.30
  8  14 0.31
  8  15 0.46
  8  16 0.35
  8  17 0.37
  8  18 0.32
  8  19 0.23
  8  20 0.15
  8  21 0.29
  8  22 0.40
  9   1 0.45
  9   2 0.22
  9   3 0.50
  9   4 0.08
  9   5 0.27
  9   6 0.46
  9   7 0.40
  9   8 0.28
  9   9 1.00
  9  10 0.16
  9  11 0.28
  9  12 0.37
  9  13 0.44
  9  14 0.47
  9  15 0.23
  9  16 0.44
  9  17 0.49
  9  18 0.28
  9  19 0.55
  9  20 0.32
  9  21 0.36
  9  22 0.42
 10   1 0.12
 10   2 0.05
 10   3 0.20
 10   4 0.11
 10   5 0.30
 10   6 0.33
 10   7 0.27
 10   8 0.33
 10   9 0.16
 10  10 1.00
 10  11 0.18
 10  12 0.18
 10  13 0.14
 10  14 0.36
 10  15 0.48
 10  16 0.21
 10  17 0.24
 10  18 0.47
 10  19 0.32
 10  20 0.09
 10  21 0.08
 10  22 0.36
 11   1 0.40
 11   2 0.14
 11   3 0.43
 11   4 0.05
 11   5 0.36
 11   6 0.48
 11   7 0.47
 11   8 0.10
 11   9 0.28
 11  10 0.18
 11  11 1.00
 11  12 0.49
 11  13 0.26
 11  14 0.28
 11  15 0.24
 11  16 0.31
 11  17 0.32
 11  18 0.31
 11  19 0.48
 11  20 0.28
 11  21 0.23
 11  22 0.27
 12   1 0.41
 12   2 0.31
 12   3 0.44
 12   4 0.10
 12   5 0.26
 12   6 0.53
 12   7 0.52
 12   8 0.25
 12   9 0.37
 12  10 0.18
 12  11 0.49
 12  12 1.00
 12  13 0.47
 12  14 0.33
 12  15 0.37
 12  16 0.41
 12  17 0.43
 12  18 0.33
 12  19 0.42
 12  20 0.37
 12  21 0.51
 12  22 0.53
 13   1 0.59
 13   2 0.45
 13   3 0.38
 13   4 0.17
 13   5 0.20
 13   6 0.37
 13   7 0.28
 13   8 0.30
 13   9 0.44
 13  10 0.14
 13  11 0.26
 13  12 0.47
 13  13 1.00
 13  14 0.34
 13  15 0.27
 13  16 0.37
 13  17 0.49
 13  18 0.21
 13  19 0.31
 13  20 0.27
 13  21 0.62
 13  22 0.57
 14   1 0.34
 14   2 0.18
 14   3 0.46
 14   4 0.07
 14   5 0.26
 14   6 0.50
 14   7 0.39
 14   8 0.31
 14   9 0.47
 14  10 0.36
 14  11 0.28
 14  12 0.33
 14  13 0.34
 14  14 1.00
 14  15 0.38
 14  16 0.59
 14  17 0.47
 14  18 0.45
 14  19 0.60
 14  20 0.30
 14  21 0.24
 14  22 0.53
 15   1 0.26
 15   2 0.33
 15   3 0.32
 15   4 0.28
 15   5 0.34
 15   6 0.42
 15   7 0.36
 15   8 0.46
 15   9 0.23
 15  10 0.48
 15  11 0.24
 15  12 0.37
 15  13 0.27
 15  14 0.38
 15  15 1.00
 15  16 0.33
 15  17 0.43
 15  18 0.49
 15  19 0.33
 15  20 0.14
 15  21 0.29
 15  22 0.49
 16   1 0.29
 16   2 0.30
 16   3 0.48
 16   4 0.19
 16   5 0.20
 16   6 0.52
 16   7 0.40
 16   8 0.35
 16   9 0.44
 16  10 0.21
 16  11 0.31
 16  12 0.41
 16  13 0.37
 16  14 0.59
 16  15 0.33
 16  16 1.00
 16  17 0.52
 16  18 0.48
 16  19 0.52
 16  20 0.22
 16  21 0.34
 16  22 0.54
 17   1 0.47
 17   2 0.37
 17   3 0.41
 17   4 0.26
 17   5 0.30
 17   6 0.49
 17   7 0.30
 17   8 0.37
 17   9 0.49
 17  10 0.24
 17  11 0.32
 17  12 0.43
 17  13 0.49
 17  14 0.47
 17  15 0.43
 17  16 0.52
 17  17 1.00
 17  18 0.25
 17  19 0.49
 17  20 0.30
 17  21 0.51
 17  22 0.57
 18   1 0.17
 18   2 0.08
 18   3 0.27
 18   4 0.12
 18   5 0.24
 18   6 0.50
 18   7 0.47
 18   8 0.32
 18   9 0.28
 18  10 0.47
 18  11 0.31
 18  12 0.33
 18  13 0.21
 18  14 0.45
 18  15 0.49
 18  16 0.48
 18  17 0.25
 18  18 1.00
 18  19 0.42
 18  20 0.14
 18  21 0.11
 18  22 0.44
 19   1 0.36
 19   2 0.11
 19   3 0.60
 19   4 0.07
 19   5 0.41
 19   6 0.57
 19   7 0.48
 19   8 0.23
 19   9 0.55
 19  10 0.32
 19  11 0.48
 19  12 0.42
 19  13 0.31
 19  14 0.60
 19  15 0.33
 19  16 0.52
 19  17 0.49
 19  18 0.42
 19  19 1.00
 19  20 0.27
 19  21 0.23
 19  22 0.50
 20   1 0.38
 20   2 0.10
 20   3 0.19
 20   4 0.01
 20   5 0.17
 20   6 0.33
 20   7 0.30
 20   8 0.15
 20   9 0.32
 20  10 0.09
 20  11 0.28
 20  12 0.37
 20  13 0.27
 20  14 0.30
 20  15 0.14
 20  16 0.22
 20  17 0.30
 20  18 0.14
 20  19 0.27
 20  20 1.00
 20  21 0.22
 20  22 0.18
 21   1 0.52
 21   2 0.63
 21   3 0.38
 21   4 0.18
 21   5 0.22
 21   6 0.27
 21   7 0.22
 21   8 0.29
 21   9 0.36
 21  10 0.08
 21  11 0.23
 21  12 0.51
 21  13 0.62
 21  14 0.24
 21  15 0.29
 21  16 0.34
 21  17 0.51
 21  18 0.11
 21  19 0.23
 21  20 0.22
 21  21 1.00
 21  22 0.57
 22   1 0.41
 22   2 0.45
 22   3 0.51
 22   4 0.17
 22   5 0.34
 22   6 0.50
 22   7 0.43
 22   8 0.40
 22   9 0.42
 22  10 0.36
 22  11 0.27
 22  12 0.53
 22  13 0.57
 22  14 0.53
 22  15 0.49
 22  16 0.54
 22  17 0.57
 22  18 0.44
 22  19 0.50
 22  20 0.18
 22  21 0.57
 22  22 1.00
