  1   1 1.00
  1   2 0.40
  1   3 0.12
  1   5 0.40
  1   6 0.19
  1   7 0.34
  1   8 0.20
  1   9 0.26
  1  10 0.27
  1  11 0.43
  1  12 0.36
  1  13 0.17
  1  14 0.29
  1  15 0.45
  1  16 0.29
  1  17 0.40
  1  18 0.26
  1  19 0.33
  1  20 0.18
  1  21 0.37
  1  22 0.47
  2   1 0.40
  2   2 1.00
  2   3 0.20
  2   5 0.47
  2   6 0.32
  2   7 0.31
  2   8 0.25
  2   9 0.26
  2  10 0.40
  2  11 0.40
  2  12 0.40
  2  13 0.31
  2  14 0.42
  2  15 0.42
  2  16 0.32
  2  17 0.37
  2  18 0.40
  2  19 0.36
  2  20 0.25
  2  21 0.34
  2  22 0.43
  3   1 0.12
  3   2 0.20
  3   3 1.00
  3   5 0.21
  3   6 0.15
  3   7 0.15
  3   8 0.25
  3   9 0.08
  3  10 0.14
  3  11 0.13
  3  12 0.14
  3  13 0.15
  3  14 0.23
  3  15 0.15
  3  16 0.15
  3  17 0.22
  3  18 0.21
  3  19 0.21
  3  20 0.13
  3  21 0.11
  3  22 0.19
  5   1 0.40
  5   2 0.47
  5   3 0.21
  5   5 1.00
  5   6 0.31
  5   7 0.39
  5   8 0.25
  5   9 0.34
  5  10 0.44
  5  11 0.38
  5  12 0.40
  5  13 0.30
  5  14 0.45
  5  15 0.43
  5  16 0.36
  5  17 0.39
  5  18 0.45
  5  19 0.41
  5  20 0.28
  5  21 0.31
  5  22 0.43
  6   1 0.19
  6   2 0.32
  6   3 0.15
  6   5 0.31
  6   6 1.00
  6   7 0.16
  6   8 0.18
  6   9 0.18
  6  10 0.38
  6  11 0.22
  6  12 0.34
  6  13 0.32
  6  14 0.32
  6  15 0.21
  6  16 0.19
  6  17 0.21
  6  18 0.38
  6  19 0.20
  6  20 0.23
  6  21 0.27
  6  22 0.32
  7   1 0.34
  7   2 0.31
  7   3 0.15
  7   5 0.39
  7   6 0.16
  7   7 1.00
  7   8 0.27
  7   9 0.23
  7  10 0.24
  7  11 0.35
  7  12 0.17
  7  13 0.24
  7  14 0.36
  7  15 0.28
  7  16 0.31
  7  17 0.40
  7  18 0.38
  7  19 0.52
  7  20 0.15
  7  21 0.26
  7  22 0.34
  8   1 0.20
  8   2 0.25
  8   3 0.25
  8   5 0.25
  8   6 0.18
  8   7 0.27
  8   8 1.00
  8   9 0.22
  8  10 0.23
  8  11 0.25
  8  12 0.25
  8  13 0.14
  8  14 0.32
  8  15 0.27
  8  16 0.22
  8  17 0.44
  8  18 0.38
  8  19 0.32
  8  20 0.17
  8  21 0.22
  8  22 0.33
  9   1 0.26
  9   2 0.26
  9   3 0.08
  9   5 0.34
  9   6 0.18
  9   7 0.23
  9   8 0.22
  9   9 1.00
  9  10 0.21
  9  11 0.39
  9  12 0.27
  9  13 0.08
  9  14 0.25
  9  15 0.31
  9  16 0.28
  9  17 0.30
  9  18 0.24
  9  19 0.22
  9  20 0.14
  9  21 0.33
  9  22 0.40
 10   1 0.27
 10   2 0.40
 10   3 0.14
 10   5 0.44
 10   6 0.38
 10   7 0.24
 10   8 0.23
 10   9 0.21
 10  10 1.00
 10  11 0.34
 10  12 0.53
 10  13 0.39
 10  14 0.52
 10  15 0.42
 10  16 0.30
 10  17 0.37
 10  18 0.34
 10  19 0.38
 10  20 0.26
 10  21 0.36
 10  22 0.45
 11   1 0.43
 11   2 0.40
 11   3 0.13
 11   5 0.38
 11   6 0.22
 11   7 0.35
 11   8 0.25
 11   9 0.39
 11  10 0.34
 11  11 1.00
 11  12 0.44
 11  13 0.26
 11  14 0.37
 11  15 0.37
 11  16 0.41
 11  17 0.45
 11  18 0.42
 11  19 0.52
 11  20 0.20
 11  21 0.47
 11  22 0.64
 12   1 0.36
 12   2 0.40
 12   3 0.14
 12   5 0.40
 12   6 0.34
 12   7 0.17
 12   8 0.25
 12   9 0.27
 12  10 0.53
 12  11 0.44
 12  12 1.00
 12  13 0.21
 12  14 0.32
 12  15 0.38
 12  16 0.30
 12  17 0.29
 12  18 0.37
 12  19 0.33
 12  20 0.25
 12  21 0.41
 12  22 0.58
 13   1 0.17
 13   2 0.31
 13   3 0.15
 13   5 0.30
 13   6 0.32
 13   7 0.24
 13   8 0.14
 13   9 0.08
 13  10 0.39
 13  11 0.26
 13  12 0.21
 13  13 1.00
 13  14 0.36
 13  15 0.28
 13  16 0.20
 13  17 0.25
 13  18 0.47
 13  19 0.29
 13  20 0.26
 13  21 0.21
 13  22 0.26
 14   1 0.29
 14   2 0.42
 14   3 0.23
 14   5 0.45
 14   6 0.32
 14   7 0.36
 14   8 0.32
 14   9 0.25
 14  10 0.52
 14  11 0.37
 14  12 0.32
 14  13 0.36
 14  14 1.00
 14  15 0.40
 14  16 0.33
 14  17 0.39
 14  18 0.41
 14  19 0.44
 14  20 0.28
 14  21 0.27
 14  22 0.40
 15   1 0.45
 15   2 0.42
 15   3 0.15
 15   5 0.43
 15   6 0.21
 15   7 0.28
 15   8 0.27
 15   9 0.31
 15  10 0.42
 15  11 0.37
 15  12 0.38
 15  13 0.28
 15  14 0.40
 15  15 1.00
 15  16 0.32
 15  17 0.43
 15  18 0.28
 15  19 0.36
 15  20 0.19
 15  21 0.36
 15  22 0.42
 16   1 0.29
 16   2 0.32
 16   3 0.15
 16   5 0.36
 16   6 0.19
 16   7 0.31
 16   8 0.22
 16   9 0.28
 16  10 0.30
 16  11 0.41
 16  12 0.30
 16  13 0.20
 16  14 0.33
 16  15 0.32
 16  16 1.00
 16  17 0.41
 16  18 0.27
 16  19 0.37
 16  20 0.19
 16  21 0.36
 16  22 0.40
 17   1 0.40
 17   2 0.37
 17   3 0.22
 17   5 0.39
 17   6 0.21
 17   7 0.40
 17   8 0.44
 17   9 0.30
 17  10 0.37
 17  11 0.45
 17  12 0.29
 17  13 0.25
 17  14 0.39
 17  15 0.43
 17  16 0.41
 17  17 1.00
 17  18 0.42
 17  19 0.44
 17  20 0.21
 17  21 0.39
 17  22 0.43
 18   1 0.26
 18   2 0.40
 18   3 0.21
 18   5 0.45
 18   6 0.38
 18   7 0.38
 18   8 0.38
 18   9 0.24
 18  10 0.34
 18  11 0.42
 18  12 0.37
 18  13 0.47
 18  14 0.41
 18  15 0.28
 18  16 0.27
 18  17 0.42
 18  18 1.00
 18  19 0.37
 18  20 0.29
 18  21 0.35
 18  22 0.45
 19   1 0.33
 19   2 0.36
 19   3 0.21
 19   5 0.41
 19   6 0.20
 19   7 0.52
 19   8 0.32
 19   9 0.22
 19  10 0.38
 19  11 0.52
 19  12 0.33
 19  13 0.29
 19  14 0.44
 19  15 0.36
 19  16 0.37
 19  17 0.44
 19  18 0.37
 19  19 1.00
 19  20 0.20
 19  21 0.30
 19  22 0.53
 20   1 0.18
 20   2 0.25
 20   3 0.13
 20   5 0.28
 20   6 0.23
 20   7 0.15
 20   8 0.17
 20   9 0.14
 20  10 0.26
 20  11 0.20
 20  12 0.25
 20  13 0.26
 20  14 0.28
 20  15 0.19
 20  16 0.19
 20  17 0.21
 20  18 0.29
 20  19 0.20
 20  20 1.00
 20  21 0.18
 20  22 0.28
 21   1 0.37
 21   2 0.34
 21   3 0.11
 21   5 0.31
 21   6 0.27
 21   7 0.26
 21   8 0.22
 21   9 0.33
 21  10 0.36
 21  11 0.47
 21  12 0.41
 21  13 0.21
 21  14 0.27
 21  15 0.36
 21  16 0.36
 21  17 0.39
 21  18 0.35
 21  19 0.30
 21  20 0.18
 21  21 1.00
 21  22 0.45
 22   1 0.47
 22   2 0.43
 22   3 0.19
 22   5 0.43
 22   6 0.32
 22   7 0.34
 22   8 0.33
 22   9 0.40
 22  10 0.45
 22  11 0.64
 22  12 0.58
 22  13 0.26
 22  14 0.40
 22  15 0.42
 22  16 0.40
 22  17 0.43
 22  18 0.45
 22  19 0.53
 22  20 0.28
 22  21 0.45
 22  22 1.00
  1   1 1.00
  1   2 0.39
  1   3 0.12
  1   5 0.40
  1   6 0.19
  1   7 0.34
  1   8 0.20
  1   9 0.26
  1  10 0.27
  1  11 0.43
  1  12 0.35
  1  13 0.16
  1  14 0.29
  1  15 0.45
  1  16 0.29
  1  17 0.40
  1  18 0.26
  1  19 0.33
  1  20 0.18
  1  21 0.37
  1  22 0.47
  2   1 0.39
  2   2 1.00
  2   3 0.20
  2   5 0.47
  2   6 0.32
  2   7 0.31
  2   8 0.25
  2   9 0.26
  2  10 0.40
  2  11 0.40
  2  12 0.40
  2  13 0.30
  2  14 0.42
  2  15 0.42
  2  16 0.32
  2  17 0.37
  2  18 0.40
  2  19 0.36
  2  20 0.25
  2  21 0.34
  2  22 0.43
  3   1 0.12
  3   2 0.20
  3   3 1.00
  3   5 0.21
  3   6 0.15
  3   7 0.15
  3   8 0.25
  3   9 0.08
  3  10 0.14
  3  11 0.13
  3  12 0.14
  3  13 0.15
  3  14 0.23
  3  15 0.15
  3  16 0.15
  3  17 0.22
  3  18 0.21
  3  19 0.20
  3  20 0.13
  3  21 0.11
  3  22 0.19
  5   1 0.40
  5   2 0.47
  5   3 0.21
  5   5 1.00
  5   6 0.31
  5   7 0.39
  5   8 0.25
  5   9 0.34
  5  10 0.44
  5  11 0.38
  5  12 0.40
  5  13 0.30
  5  14 0.45
  5  15 0.43
  5  16 0.36
  5  17 0.39
  5  18 0.45
  5  19 0.41
  5  20 0.28
  5  21 0.31
  5  22 0.43
  6   1 0.19
  6   2 0.32
  6   3 0.15
  6   5 0.31
  6   6 1.00
  6   7 0.16
  6   8 0.18
  6   9 0.18
  6  10 0.37
  6  11 0.22
  6  12 0.34
  6  13 0.32
  6  14 0.32
  6  15 0.21
  6  16 0.19
  6  17 0.21
  6  18 0.38
  6  19 0.20
  6  20 0.23
  6  21 0.27
  6  22 0.32
  7   1 0.34
  7   2 0.31
  7   3 0.15
  7   5 0.39
  7   6 0.16
  7   7 1.00
  7   8 0.27
  7   9 0.23
  7  10 0.24
  7  11 0.35
  7  12 0.17
  7  13 0.24
  7  14 0.36
  7  15 0.28
  7  16 0.31
  7  17 0.40
  7  18 0.38
  7  19 0.51
  7  20 0.15
  7  21 0.26
  7  22 0.34
  8   1 0.20
  8   2 0.25
  8   3 0.25
  8   5 0.25
  8   6 0.18
  8   7 0.27
  8   8 1.00
  8   9 0.22
  8  10 0.23
  8  11 0.25
  8  12 0.25
  8  13 0.14
  8  14 0.32
  8  15 0.27
  8  16 0.22
  8  17 0.44
  8  18 0.38
  8  19 0.32
  8  20 0.17
  8  21 0.22
  8  22 0.33
  9   1 0.26
  9   2 0.26
  9   3 0.08
  9   5 0.34
  9   6 0.18
  9   7 0.23
  9   8 0.22
  9   9 1.00
  9  10 0.21
  9  11 0.39
  9  12 0.27
  9  13 0.08
  9  14 0.25
  9  15 0.31
  9  16 0.28
  9  17 0.30
  9  18 0.24
  9  19 0.22
  9  20 0.14
  9  21 0.33
  9  22 0.40
 10   1 0.27
 10   2 0.40
 10   3 0.14
 10   5 0.44
 10   6 0.37
 10   7 0.24
 10   8 0.23
 10   9 0.21
 10  10 1.00
 10  11 0.34
 10  12 0.53
 10  13 0.39
 10  14 0.52
 10  15 0.42
 10  16 0.30
 10  17 0.37
 10  18 0.34
 10  19 0.38
 10  20 0.26
 10  21 0.36
 10  22 0.44
 11   1 0.43
 11   2 0.40
 11   3 0.13
 11   5 0.38
 11   6 0.22
 11   7 0.35
 11   8 0.25
 11   9 0.39
 11  10 0.34
 11  11 1.00
 11  12 0.44
 11  13 0.26
 11  14 0.37
 11  15 0.37
 11  16 0.41
 11  17 0.45
 11  18 0.42
 11  19 0.52
 11  20 0.20
 11  21 0.47
 11  22 0.64
 12   1 0.35
 12   2 0.40
 12   3 0.14
 12   5 0.40
 12   6 0.34
 12   7 0.17
 12   8 0.25
 12   9 0.27
 12  10 0.53
 12  11 0.44
 12  12 1.00
 12  13 0.21
 12  14 0.32
 12  15 0.38
 12  16 0.30
 12  17 0.29
 12  18 0.37
 12  19 0.33
 12  20 0.25
 12  21 0.41
 12  22 0.57
 13   1 0.16
 13   2 0.30
 13   3 0.15
 13   5 0.30
 13   6 0.32
 13   7 0.24
 13   8 0.14
 13   9 0.08
 13  10 0.39
 13  11 0.26
 13  12 0.21
 13  13 1.00
 13  14 0.36
 13  15 0.28
 13  16 0.20
 13  17 0.25
 13  18 0.47
 13  19 0.29
 13  20 0.26
 13  21 0.21
 13  22 0.26
 14   1 0.29
 14   2 0.42
 14   3 0.23
 14   5 0.45
 14   6 0.32
 14   7 0.36
 14   8 0.32
 14   9 0.25
 14  10 0.52
 14  11 0.37
 14  12 0.32
 14  13 0.36
 14  14 1.00
 14  15 0.40
 14  16 0.33
 14  17 0.39
 14  18 0.41
 14  19 0.44
 14  20 0.28
 14  21 0.27
 14  22 0.40
 15   1 0.45
 15   2 0.42
 15   3 0.15
 15   5 0.43
 15   6 0.21
 15   7 0.28
 15   8 0.27
 15   9 0.31
 15  10 0.42
 15  11 0.37
 15  12 0.38
 15  13 0.28
 15  14 0.40
 15  15 1.00
 15  16 0.32
 15  17 0.43
 15  18 0.28
 15  19 0.35
 15  20 0.19
 15  21 0.36
 15  22 0.41
 16   1 0.29
 16   2 0.32
 16   3 0.15
 16   5 0.36
 16   6 0.19
 16   7 0.31
 16   8 0.22
 16   9 0.28
 16  10 0.30
 16  11 0.41
 16  12 0.30
 16  13 0.20
 16  14 0.33
 16  15 0.32
 16  16 1.00
 16  17 0.41
 16  18 0.27
 16  19 0.37
 16  20 0.19
 16  21 0.36
 16  22 0.39
 17   1 0.40
 17   2 0.37
 17   3 0.22
 17   5 0.39
 17   6 0.21
 17   7 0.40
 17   8 0.44
 17   9 0.30
 17  10 0.37
 17  11 0.45
 17  12 0.29
 17  13 0.25
 17  14 0.39
 17  15 0.43
 17  16 0.41
 17  17 1.00
 17  18 0.42
 17  19 0.44
 17  20 0.21
 17  21 0.39
 17  22 0.42
 18   1 0.26
 18   2 0.40
 18   3 0.21
 18   5 0.45
 18   6 0.38
 18   7 0.38
 18   8 0.38
 18   9 0.24
 18  10 0.34
 18  11 0.42
 18  12 0.37
 18  13 0.47
 18  14 0.41
 18  15 0.28
 18  16 0.27
 18  17 0.42
 18  18 1.00
 18  19 0.37
 18  20 0.29
 18  21 0.35
 18  22 0.44
 19   1 0.33
 19   2 0.36
 19   3 0.20
 19   5 0.41
 19   6 0.20
 19   7 0.51
 19   8 0.32
 19   9 0.22
 19  10 0.38
 19  11 0.52
 19  12 0.33
 19  13 0.29
 19  14 0.44
 19  15 0.35
 19  16 0.37
 19  17 0.44
 19  18 0.37
 19  19 1.00
 19  20 0.20
 19  21 0.30
 19  22 0.53
 20   1 0.18
 20   2 0.25
 20   3 0.13
 20   5 0.28
 20   6 0.23
 20   7 0.15
 20   8 0.17
 20   9 0.14
 20  10 0.26
 20  11 0.20
 20  12 0.25
 20  13 0.26
 20  14 0.28
 20  15 0.19
 20  16 0.19
 20  17 0.21
 20  18 0.29
 20  19 0.20
 20  20 1.00
 20  21 0.18
 20  22 0.27
 21   1 0.37
 21   2 0.34
 21   3 0.11
 21   5 0.31
 21   6 0.27
 21   7 0.26
 21   8 0.22
 21   9 0.33
 21  10 0.36
 21  11 0.47
 21  12 0.41
 21  13 0.21
 21  14 0.27
 21  15 0.36
 21  16 0.36
 21  17 0.39
 21  18 0.35
 21  19 0.30
 21  20 0.18
 21  21 1.00
 21  22 0.44
 22   1 0.47
 22   2 0.43
 22   3 0.19
 22   5 0.43
 22   6 0.32
 22   7 0.34
 22   8 0.33
 22   9 0.40
 22  10 0.44
 22  11 0.64
 22  12 0.57
 22  13 0.26
 22  14 0.40
 22  15 0.41
 22  16 0.39
 22  17 0.42
 22  18 0.44
 22  19 0.53
 22  20 0.27
 22  21 0.44
 22  22 1.00
  1   1 1.00
  1   2 0.39
  1   3 0.12
  1   5 0.40
  1   6 0.19
  1   7 0.34
  1   8 0.20
  1   9 0.26
  1  10 0.27
  1  11 0.43
  1  12 0.35
  1  13 0.16
  1  14 0.29
  1  15 0.45
  1  16 0.29
  1  17 0.40
  1  18 0.26
  1  19 0.33
  1  20 0.18
  1  21 0.37
  1  22 0.47
  2   1 0.39
  2   2 1.00
  2   3 0.20
  2   5 0.47
  2   6 0.32
  2   7 0.31
  2   8 0.25
  2   9 0.26
  2  10 0.40
  2  11 0.40
  2  12 0.40
  2  13 0.30
  2  14 0.42
  2  15 0.42
  2  16 0.32
  2  17 0.37
  2  18 0.40
  2  19 0.36
  2  20 0.25
  2  21 0.34
  2  22 0.43
  3   1 0.12
  3   2 0.20
  3   3 1.00
  3   5 0.21
  3   6 0.15
  3   7 0.15
  3   8 0.25
  3   9 0.08
  3  10 0.14
  3  11 0.13
  3  12 0.14
  3  13 0.15
  3  14 0.23
  3  15 0.15
  3  16 0.15
  3  17 0.22
  3  18 0.21
  3  19 0.20
  3  20 0.13
  3  21 0.11
  3  22 0.19
  5   1 0.40
  5   2 0.47
  5   3 0.21
  5   5 1.00
  5   6 0.31
  5   7 0.39
  5   8 0.25
  5   9 0.34
  5  10 0.44
  5  11 0.38
  5  12 0.40
  5  13 0.30
  5  14 0.45
  5  15 0.43
  5  16 0.36
  5  17 0.39
  5  18 0.45
  5  19 0.41
  5  20 0.28
  5  21 0.31
  5  22 0.43
  6   1 0.19
  6   2 0.32
  6   3 0.15
  6   5 0.31
  6   6 1.00
  6   7 0.16
  6   8 0.18
  6   9 0.18
  6  10 0.37
  6  11 0.22
  6  12 0.34
  6  13 0.32
  6  14 0.32
  6  15 0.21
  6  16 0.19
  6  17 0.21
  6  18 0.38
  6  19 0.20
  6  20 0.23
  6  21 0.27
  6  22 0.32
  7   1 0.34
  7   2 0.31
  7   3 0.15
  7   5 0.39
  7   6 0.16
  7   7 1.00
  7   8 0.27
  7   9 0.23
  7  10 0.24
  7  11 0.35
  7  12 0.17
  7  13 0.24
  7  14 0.36
  7  15 0.28
  7  16 0.31
  7  17 0.40
  7  18 0.38
  7  19 0.51
  7  20 0.15
  7  21 0.26
  7  22 0.34
  8   1 0.20
  8   2 0.25
  8   3 0.25
  8   5 0.25
  8   6 0.18
  8   7 0.27
  8   8 1.00
  8   9 0.22
  8  10 0.23
  8  11 0.25
  8  12 0.25
  8  13 0.14
  8  14 0.32
  8  15 0.27
  8  16 0.22
  8  17 0.44
  8  18 0.38
  8  19 0.32
  8  20 0.17
  8  21 0.22
  8  22 0.33
  9   1 0.26
  9   2 0.26
  9   3 0.08
  9   5 0.34
  9   6 0.18
  9   7 0.23
  9   8 0.22
  9   9 1.00
  9  10 0.21
  9  11 0.39
  9  12 0.27
  9  13 0.08
  9  14 0.25
  9  15 0.31
  9  16 0.28
  9  17 0.30
  9  18 0.24
  9  19 0.22
  9  20 0.14
  9  21 0.33
  9  22 0.40
 10   1 0.27
 10   2 0.40
 10   3 0.14
 10   5 0.44
 10   6 0.37
 10   7 0.24
 10   8 0.23
 10   9 0.21
 10  10 1.00
 10  11 0.34
 10  12 0.53
 10  13 0.39
 10  14 0.52
 10  15 0.42
 10  16 0.30
 10  17 0.37
 10  18 0.34
 10  19 0.38
 10  20 0.26
 10  21 0.36
 10  22 0.44
 11   1 0.43
 11   2 0.40
 11   3 0.13
 11   5 0.38
 11   6 0.22
 11   7 0.35
 11   8 0.25
 11   9 0.39
 11  10 0.34
 11  11 1.00
 11  12 0.44
 11  13 0.26
 11  14 0.37
 11  15 0.37
 11  16 0.41
 11  17 0.45
 11  18 0.42
 11  19 0.52
 11  20 0.20
 11  21 0.47
 11  22 0.64
 12   1 0.35
 12   2 0.40
 12   3 0.14
 12   5 0.40
 12   6 0.34
 12   7 0.17
 12   8 0.25
 12   9 0.27
 12  10 0.53
 12  11 0.44
 12  12 1.00
 12  13 0.21
 12  14 0.32
 12  15 0.38
 12  16 0.30
 12  17 0.29
 12  18 0.37
 12  19 0.33
 12  20 0.25
 12  21 0.41
 12  22 0.57
 13   1 0.16
 13   2 0.30
 13   3 0.15
 13   5 0.30
 13   6 0.32
 13   7 0.24
 13   8 0.14
 13   9 0.08
 13  10 0.39
 13  11 0.26
 13  12 0.21
 13  13 1.00
 13  14 0.36
 13  15 0.28
 13  16 0.20
 13  17 0.25
 13  18 0.47
 13  19 0.29
 13  20 0.26
 13  21 0.21
 13  22 0.26
 14   1 0.29
 14   2 0.42
 14   3 0.23
 14   5 0.45
 14   6 0.32
 14   7 0.36
 14   8 0.32
 14   9 0.25
 14  10 0.52
 14  11 0.37
 14  12 0.32
 14  13 0.36
 14  14 1.00
 14  15 0.40
 14  16 0.33
 14  17 0.39
 14  18 0.41
 14  19 0.44
 14  20 0.28
 14  21 0.27
 14  22 0.40
 15   1 0.45
 15   2 0.42
 15   3 0.15
 15   5 0.43
 15   6 0.21
 15   7 0.28
 15   8 0.27
 15   9 0.31
 15  10 0.42
 15  11 0.37
 15  12 0.38
 15  13 0.28
 15  14 0.40
 15  15 1.00
 15  16 0.32
 15  17 0.43
 15  18 0.28
 15  19 0.35
 15  20 0.19
 15  21 0.36
 15  22 0.41
 16   1 0.29
 16   2 0.32
 16   3 0.15
 16   5 0.36
 16   6 0.19
 16   7 0.31
 16   8 0.22
 16   9 0.28
 16  10 0.30
 16  11 0.41
 16  12 0.30
 16  13 0.20
 16  14 0.33
 16  15 0.32
 16  16 1.00
 16  17 0.41
 16  18 0.27
 16  19 0.37
 16  20 0.19
 16  21 0.36
 16  22 0.39
 17   1 0.40
 17   2 0.37
 17   3 0.22
 17   5 0.39
 17   6 0.21
 17   7 0.40
 17   8 0.44
 17   9 0.30
 17  10 0.37
 17  11 0.45
 17  12 0.29
 17  13 0.25
 17  14 0.39
 17  15 0.43
 17  16 0.41
 17  17 1.00
 17  18 0.42
 17  19 0.44
 17  20 0.21
 17  21 0.39
 17  22 0.42
 18   1 0.26
 18   2 0.40
 18   3 0.21
 18   5 0.45
 18   6 0.38
 18   7 0.38
 18   8 0.38
 18   9 0.24
 18  10 0.34
 18  11 0.42
 18  12 0.37
 18  13 0.47
 18  14 0.41
 18  15 0.28
 18  16 0.27
 18  17 0.42
 18  18 1.00
 18  19 0.37
 18  20 0.29
 18  21 0.35
 18  22 0.44
 19   1 0.33
 19   2 0.36
 19   3 0.20
 19   5 0.41
 19   6 0.20
 19   7 0.51
 19   8 0.32
 19   9 0.22
 19  10 0.38
 19  11 0.52
 19  12 0.33
 19  13 0.29
 19  14 0.44
 19  15 0.35
 19  16 0.37
 19  17 0.44
 19  18 0.37
 19  19 1.00
 19  20 0.20
 19  21 0.30
 19  22 0.53
 20   1 0.18
 20   2 0.25
 20   3 0.13
 20   5 0.28
 20   6 0.23
 20   7 0.15
 20   8 0.17
 20   9 0.14
 20  10 0.26
 20  11 0.20
 20  12 0.25
 20  13 0.26
 20  14 0.28
 20  15 0.19
 20  16 0.19
 20  17 0.21
 20  18 0.29
 20  19 0.20
 20  20 1.00
 20  21 0.18
 20  22 0.27
 21   1 0.37
 21   2 0.34
 21   3 0.11
 21   5 0.31
 21   6 0.27
 21   7 0.26
 21   8 0.22
 21   9 0.33
 21  10 0.36
 21  11 0.47
 21  12 0.41
 21  13 0.21
 21  14 0.27
 21  15 0.36
 21  16 0.36
 21  17 0.39
 21  18 0.35
 21  19 0.30
 21  20 0.18
 21  21 1.00
 21  22 0.44
 22   1 0.47
 22   2 0.43
 22   3 0.19
 22   5 0.43
 22   6 0.32
 22   7 0.34
 22   8 0.33
 22   9 0.40
 22  10 0.44
 22  11 0.64
 22  12 0.57
 22  13 0.26
 22  14 0.40
 22  15 0.41
 22  16 0.39
 22  17 0.42
 22  18 0.44
 22  19 0.53
 22  20 0.27
 22  21 0.44
 22  22 1.00
