  1   1 1.00
  1   2 0.34
  1   3 0.32
  1   5 0.45
  1   6 0.35
  1   7 0.21
  1   8 0.37
  1   9 0.46
  1  10 0.52
  1  11 0.44
  1  12 0.43
  1  13 0.43
  1  14 0.35
  1  15 0.28
  1  16 0.32
  1  17 0.47
  1  18 0.53
  1  19 0.45
  1  20 0.18
  1  21 0.46
  1  22 0.47
  2   1 0.34
  2   2 1.00
  2   3 0.22
  2   5 0.18
  2   6 0.27
  2   7 0.22
  2   8 0.31
  2   9 0.22
  2  10 0.36
  2  11 0.21
  2  12 0.35
  2  13 0.19
  2  14 0.25
  2  15 0.26
  2  16 0.34
  2  17 0.27
  2  18 0.48
  2  19 0.27
  2  20 0.13
  2  21 0.34
  2  22 0.42
  3   1 0.32
  3   2 0.22
  3   3 1.00
  3   5 0.19
  3   6 0.35
  3   7 0.28
  3   8 0.35
  3   9 0.34
  3  10 0.42
  3  11 0.46
  3  12 0.50
  3  13 0.50
  3  14 0.32
  3  15 0.34
  3  16 0.31
  3  17 0.34
  3  18 0.39
  3  19 0.50
  3  20 0.33
  3  21 0.27
  3  22 0.35
  5   1 0.45
  5   2 0.18
  5   3 0.19
  5   5 1.00
  5   6 0.14
  5   7 0.10
  5   8 0.25
  5   9 0.50
  5  10 0.42
  5  11 0.41
  5  12 0.26
  5  13 0.33
  5  14 0.37
  5  15 0.23
  5  16 0.27
  5  17 0.41
  5  18 0.33
  5  19 0.34
  5  20 0.17
  5  21 0.43
  5  22 0.36
  6   1 0.35
  6   2 0.27
  6   3 0.35
  6   5 0.14
  6   6 1.00
  6   7 0.43
  6   8 0.52
  6   9 0.20
  6  10 0.37
  6  11 0.33
  6  12 0.51
  6  13 0.25
  6  14 0.22
  6  15 0.41
  6  16 0.52
  6  17 0.36
  6  18 0.48
  6  19 0.56
  6  20 0.27
  6  21 0.42
  6  22 0.53
  7   1 0.21
  7   2 0.22
  7   3 0.28
  7   5 0.10
  7   6 0.43
  7   7 1.00
  7   8 0.58
  7   9 0.16
  7  10 0.26
  7  11 0.22
  7  12 0.46
  7  13 0.24
  7  14 0.18
  7  15 0.31
  7  16 0.39
  7  17 0.23
  7  18 0.25
  7  19 0.44
  7  20 0.13
  7  21 0.34
  7  22 0.48
  8   1 0.37
  8   2 0.31
  8   3 0.35
  8   5 0.25
  8   6 0.52
  8   7 0.58
  8   8 1.00
  8   9 0.30
  8  10 0.41
  8  11 0.47
  8  12 0.52
  8  13 0.40
  8  14 0.35
  8  15 0.43
  8  16 0.53
  8  17 0.51
  8  18 0.45
  8  19 0.55
  8  20 0.27
  8  21 0.54
  8  22 0.58
  9   1 0.46
  9   2 0.22
  9   3 0.34
  9   5 0.50
  9   6 0.20
  9   7 0.16
  9   8 0.30
  9   9 1.00
  9  10 0.53
  9  11 0.50
  9  12 0.37
  9  13 0.56
  9  14 0.38
  9  15 0.28
  9  16 0.30
  9  17 0.52
  9  18 0.42
  9  19 0.53
  9  20 0.24
  9  21 0.37
  9  22 0.37
 10   1 0.52
 10   2 0.36
 10   3 0.42
 10   5 0.42
 10   6 0.37
 10   7 0.26
 10   8 0.41
 10   9 0.53
 10  10 1.00
 10  11 0.57
 10  12 0.50
 10  13 0.51
 10  14 0.40
 10  15 0.38
 10  16 0.51
 10  17 0.55
 10  18 0.62
 10  19 0.62
 10  20 0.22
 10  21 0.44
 10  22 0.53
 11   1 0.44
 11   2 0.21
 11   3 0.46
 11   5 0.41
 11   6 0.33
 11   7 0.22
 11   8 0.47
 11   9 0.50
 11  10 0.57
 11  11 1.00
 11  12 0.53
 11  13 0.63
 11  14 0.42
 11  15 0.43
 11  16 0.46
 11  17 0.62
 11  18 0.55
 11  19 0.67
 11  20 0.36
 11  21 0.42
 11  22 0.49
 12   1 0.43
 12   2 0.35
 12   3 0.50
 12   5 0.26
 12   6 0.51
 12   7 0.46
 12   8 0.52
 12   9 0.37
 12  10 0.50
 12  11 0.53
 12  12 1.00
 12  13 0.46
 12  14 0.39
 12  15 0.51
 12  16 0.50
 12  17 0.45
 12  18 0.51
 12  19 0.64
 12  20 0.32
 12  21 0.36
 12  22 0.50
 13   1 0.43
 13   2 0.19
 13   3 0.50
 13   5 0.33
 13   6 0.25
 13   7 0.24
 13   8 0.40
 13   9 0.56
 13  10 0.51
 13  11 0.63
 13  12 0.46
 13  13 1.00
 13  14 0.43
 13  15 0.38
 13  16 0.38
 13  17 0.54
 13  18 0.47
 13  19 0.63
 13  20 0.39
 13  21 0.35
 13  22 0.34
 14   1 0.35
 14   2 0.25
 14   3 0.32
 14   5 0.37
 14   6 0.22
 14   7 0.18
 14   8 0.35
 14   9 0.38
 14  10 0.40
 14  11 0.42
 14  12 0.39
 14  13 0.43
 14  14 1.00
 14  15 0.34
 14  16 0.33
 14  17 0.48
 14  18 0.38
 14  19 0.42
 14  20 0.28
 14  21 0.28
 14  22 0.32
 15   1 0.28
 15   2 0.26
 15   3 0.34
 15   5 0.23
 15   6 0.41
 15   7 0.31
 15   8 0.43
 15   9 0.28
 15  10 0.38
 15  11 0.43
 15  12 0.51
 15  13 0.38
 15  14 0.34
 15  15 1.00
 15  16 0.53
 15  17 0.43
 15  18 0.39
 15  19 0.54
 15  20 0.29
 15  21 0.29
 15  22 0.38
 16   1 0.32
 16   2 0.34
 16   3 0.31
 16   5 0.27
 16   6 0.52
 16   7 0.39
 16   8 0.53
 16   9 0.30
 16  10 0.51
 16  11 0.46
 16  12 0.50
 16  13 0.38
 16  14 0.33
 16  15 0.53
 16  16 1.00
 16  17 0.50
 16  18 0.55
 16  19 0.60
 16  20 0.40
 16  21 0.35
 16  22 0.57
 17   1 0.47
 17   2 0.27
 17   3 0.34
 17   5 0.41
 17   6 0.36
 17   7 0.23
 17   8 0.51
 17   9 0.52
 17  10 0.55
 17  11 0.62
 17  12 0.45
 17  13 0.54
 17  14 0.48
 17  15 0.43
 17  16 0.50
 17  17 1.00
 17  18 0.50
 17  19 0.58
 17  20 0.37
 17  21 0.45
 17  22 0.44
 18   1 0.53
 18   2 0.48
 18   3 0.39
 18   5 0.33
 18   6 0.48
 18   7 0.25
 18   8 0.45
 18   9 0.42
 18  10 0.62
 18  11 0.55
 18  12 0.51
 18  13 0.47
 18  14 0.38
 18  15 0.39
 18  16 0.55
 18  17 0.50
 18  18 1.00
 18  19 0.54
 18  20 0.32
 18  21 0.53
 18  22 0.63
 19   1 0.45
 19   2 0.27
 19   3 0.50
 19   5 0.34
 19   6 0.56
 19   7 0.44
 19   8 0.55
 19   9 0.53
 19  10 0.62
 19  11 0.67
 19  12 0.64
 19  13 0.63
 19  14 0.42
 19  15 0.54
 19  16 0.60
 19  17 0.58
 19  18 0.54
 19  19 1.00
 19  20 0.33
 19  21 0.41
 19  22 0.53
 20   1 0.18
 20   2 0.13
 20   3 0.33
 20   5 0.17
 20   6 0.27
 20   7 0.13
 20   8 0.27
 20   9 0.24
 20  10 0.22
 20  11 0.36
 20  12 0.32
 20  13 0.39
 20  14 0.28
 20  15 0.29
 20  16 0.40
 20  17 0.37
 20  18 0.32
 20  19 0.33
 20  20 1.00
 20  21 0.17
 20  22 0.24
 21   1 0.46
 21   2 0.34
 21   3 0.27
 21   5 0.43
 21   6 0.42
 21   7 0.34
 21   8 0.54
 21   9 0.37
 21  10 0.44
 21  11 0.42
 21  12 0.36
 21  13 0.35
 21  14 0.28
 21  15 0.29
 21  16 0.35
 21  17 0.45
 21  18 0.53
 21  19 0.41
 21  20 0.17
 21  21 1.00
 21  22 0.51
 22   1 0.47
 22   2 0.42
 22   3 0.35
 22   5 0.36
 22   6 0.53
 22   7 0.48
 22   8 0.58
 22   9 0.37
 22  10 0.53
 22  11 0.49
 22  12 0.50
 22  13 0.34
 22  14 0.32
 22  15 0.38
 22  16 0.57
 22  17 0.44
 22  18 0.63
 22  19 0.53
 22  20 0.24
 22  21 0.51
 22  22 1.00
  1   1 1.00
  1   2 0.34
  1   3 0.32
  1   5 0.45
  1   6 0.35
  1   7 0.20
  1   8 0.36
  1   9 0.46
  1  10 0.52
  1  11 0.44
  1  12 0.43
  1  13 0.43
  1  14 0.35
  1  15 0.28
  1  16 0.32
  1  17 0.47
  1  18 0.53
  1  19 0.45
  1  20 0.18
  1  21 0.46
  1  22 0.47
  2   1 0.34
  2   2 1.00
  2   3 0.22
  2   5 0.18
  2   6 0.27
  2   7 0.22
  2   8 0.31
  2   9 0.22
  2  10 0.36
  2  11 0.20
  2  12 0.34
  2  13 0.19
  2  14 0.25
  2  15 0.26
  2  16 0.34
  2  17 0.27
  2  18 0.48
  2  19 0.27
  2  20 0.13
  2  21 0.34
  2  22 0.42
  3   1 0.32
  3   2 0.22
  3   3 1.00
  3   5 0.19
  3   6 0.35
  3   7 0.28
  3   8 0.34
  3   9 0.34
  3  10 0.42
  3  11 0.46
  3  12 0.50
  3  13 0.50
  3  14 0.32
  3  15 0.34
  3  16 0.31
  3  17 0.34
  3  18 0.39
  3  19 0.50
  3  20 0.33
  3  21 0.27
  3  22 0.35
  5   1 0.45
  5   2 0.18
  5   3 0.19
  5   5 1.00
  5   6 0.14
  5   7 0.10
  5   8 0.25
  5   9 0.50
  5  10 0.42
  5  11 0.41
  5  12 0.26
  5  13 0.32
  5  14 0.37
  5  15 0.23
  5  16 0.27
  5  17 0.41
  5  18 0.33
  5  19 0.34
  5  20 0.17
  5  21 0.43
  5  22 0.36
  6   1 0.35
  6   2 0.27
  6   3 0.35
  6   5 0.14
  6   6 1.00
  6   7 0.43
  6   8 0.51
  6   9 0.20
  6  10 0.37
  6  11 0.33
  6  12 0.51
  6  13 0.25
  6  14 0.22
  6  15 0.41
  6  16 0.52
  6  17 0.36
  6  18 0.48
  6  19 0.55
  6  20 0.27
  6  21 0.42
  6  22 0.53
  7   1 0.20
  7   2 0.22
  7   3 0.28
  7   5 0.10
  7   6 0.43
  7   7 1.00
  7   8 0.58
  7   9 0.16
  7  10 0.26
  7  11 0.22
  7  12 0.45
  7  13 0.24
  7  14 0.18
  7  15 0.31
  7  16 0.39
  7  17 0.23
  7  18 0.24
  7  19 0.43
  7  20 0.13
  7  21 0.34
  7  22 0.48
  8   1 0.36
  8   2 0.31
  8   3 0.34
  8   5 0.25
  8   6 0.51
  8   7 0.58
  8   8 1.00
  8   9 0.30
  8  10 0.41
  8  11 0.47
  8  12 0.52
  8  13 0.40
  8  14 0.35
  8  15 0.43
  8  16 0.53
  8  17 0.51
  8  18 0.45
  8  19 0.55
  8  20 0.27
  8  21 0.54
  8  22 0.58
  9   1 0.46
  9   2 0.22
  9   3 0.34
  9   5 0.50
  9   6 0.20
  9   7 0.16
  9   8 0.30
  9   9 1.00
  9  10 0.53
  9  11 0.50
  9  12 0.37
  9  13 0.56
  9  14 0.38
  9  15 0.28
  9  16 0.30
  9  17 0.52
  9  18 0.42
  9  19 0.53
  9  20 0.24
  9  21 0.37
  9  22 0.37
 10   1 0.52
 10   2 0.36
 10   3 0.42
 10   5 0.42
 10   6 0.37
 10   7 0.26
 10   8 0.41
 10   9 0.53
 10  10 1.00
 10  11 0.56
 10  12 0.50
 10  13 0.51
 10  14 0.40
 10  15 0.38
 10  16 0.51
 10  17 0.55
 10  18 0.61
 10  19 0.62
 10  20 0.22
 10  21 0.44
 10  22 0.53
 11   1 0.44
 11   2 0.20
 11   3 0.46
 11   5 0.41
 11   6 0.33
 11   7 0.22
 11   8 0.47
 11   9 0.50
 11  10 0.56
 11  11 1.00
 11  12 0.53
 11  13 0.63
 11  14 0.42
 11  15 0.43
 11  16 0.46
 11  17 0.62
 11  18 0.55
 11  19 0.66
 11  20 0.36
 11  21 0.42
 11  22 0.48
 12   1 0.43
 12   2 0.34
 12   3 0.50
 12   5 0.26
 12   6 0.51
 12   7 0.45
 12   8 0.52
 12   9 0.37
 12  10 0.50
 12  11 0.53
 12  12 1.00
 12  13 0.45
 12  14 0.39
 12  15 0.51
 12  16 0.50
 12  17 0.44
 12  18 0.51
 12  19 0.63
 12  20 0.32
 12  21 0.36
 12  22 0.50
 13   1 0.43
 13   2 0.19
 13   3 0.50
 13   5 0.32
 13   6 0.25
 13   7 0.24
 13   8 0.40
 13   9 0.56
 13  10 0.51
 13  11 0.63
 13  12 0.45
 13  13 1.00
 13  14 0.43
 13  15 0.38
 13  16 0.38
 13  17 0.54
 13  18 0.47
 13  19 0.63
 13  20 0.39
 13  21 0.35
 13  22 0.34
 14   1 0.35
 14   2 0.25
 14   3 0.32
 14   5 0.37
 14   6 0.22
 14   7 0.18
 14   8 0.35
 14   9 0.38
 14  10 0.40
 14  11 0.42
 14  12 0.39
 14  13 0.43
 14  14 1.00
 14  15 0.34
 14  16 0.33
 14  17 0.48
 14  18 0.38
 14  19 0.42
 14  20 0.28
 14  21 0.28
 14  22 0.32
 15   1 0.28
 15   2 0.26
 15   3 0.34
 15   5 0.23
 15   6 0.41
 15   7 0.31
 15   8 0.43
 15   9 0.28
 15  10 0.38
 15  11 0.43
 15  12 0.51
 15  13 0.38
 15  14 0.34
 15  15 1.00
 15  16 0.53
 15  17 0.43
 15  18 0.39
 15  19 0.54
 15  20 0.29
 15  21 0.29
 15  22 0.38
 16   1 0.32
 16   2 0.34
 16   3 0.31
 16   5 0.27
 16   6 0.52
 16   7 0.39
 16   8 0.53
 16   9 0.30
 16  10 0.51
 16  11 0.46
 16  12 0.50
 16  13 0.38
 16  14 0.33
 16  15 0.53
 16  16 1.00
 16  17 0.50
 16  18 0.55
 16  19 0.60
 16  20 0.40
 16  21 0.35
 16  22 0.57
 17   1 0.47
 17   2 0.27
 17   3 0.34
 17   5 0.41
 17   6 0.36
 17   7 0.23
 17   8 0.51
 17   9 0.52
 17  10 0.55
 17  11 0.62
 17  12 0.44
 17  13 0.54
 17  14 0.48
 17  15 0.43
 17  16 0.50
 17  17 1.00
 17  18 0.50
 17  19 0.58
 17  20 0.37
 17  21 0.45
 17  22 0.44
 18   1 0.53
 18   2 0.48
 18   3 0.39
 18   5 0.33
 18   6 0.48
 18   7 0.24
 18   8 0.45
 18   9 0.42
 18  10 0.61
 18  11 0.55
 18  12 0.51
 18  13 0.47
 18  14 0.38
 18  15 0.39
 18  16 0.55
 18  17 0.50
 18  18 1.00
 18  19 0.53
 18  20 0.32
 18  21 0.53
 18  22 0.63
 19   1 0.45
 19   2 0.27
 19   3 0.50
 19   5 0.34
 19   6 0.55
 19   7 0.43
 19   8 0.55
 19   9 0.53
 19  10 0.62
 19  11 0.66
 19  12 0.63
 19  13 0.63
 19  14 0.42
 19  15 0.54
 19  16 0.60
 19  17 0.58
 19  18 0.53
 19  19 1.00
 19  20 0.33
 19  21 0.41
 19  22 0.52
 20   1 0.18
 20   2 0.13
 20   3 0.33
 20   5 0.17
 20   6 0.27
 20   7 0.13
 20   8 0.27
 20   9 0.24
 20  10 0.22
 20  11 0.36
 20  12 0.32
 20  13 0.39
 20  14 0.28
 20  15 0.29
 20  16 0.40
 20  17 0.37
 20  18 0.32
 20  19 0.33
 20  20 1.00
 20  21 0.16
 20  22 0.24
 21   1 0.46
 21   2 0.34
 21   3 0.27
 21   5 0.43
 21   6 0.42
 21   7 0.34
 21   8 0.54
 21   9 0.37
 21  10 0.44
 21  11 0.42
 21  12 0.36
 21  13 0.35
 21  14 0.28
 21  15 0.29
 21  16 0.35
 21  17 0.45
 21  18 0.53
 21  19 0.41
 21  20 0.16
 21  21 1.00
 21  22 0.50
 22   1 0.47
 22   2 0.42
 22   3 0.35
 22   5 0.36
 22   6 0.53
 22   7 0.48
 22   8 0.58
 22   9 0.37
 22  10 0.53
 22  11 0.48
 22  12 0.50
 22  13 0.34
 22  14 0.32
 22  15 0.38
 22  16 0.57
 22  17 0.44
 22  18 0.63
 22  19 0.52
 22  20 0.24
 22  21 0.50
 22  22 1.00
  1   1 1.00
  1   2 0.34
  1   3 0.32
  1   5 0.45
  1   6 0.35
  1   7 0.20
  1   8 0.36
  1   9 0.46
  1  10 0.52
  1  11 0.44
  1  12 0.43
  1  13 0.43
  1  14 0.35
  1  15 0.28
  1  16 0.32
  1  17 0.47
  1  18 0.53
  1  19 0.45
  1  20 0.18
  1  21 0.46
  1  22 0.47
  2   1 0.34
  2   2 1.00
  2   3 0.22
  2   5 0.18
  2   6 0.27
  2   7 0.22
  2   8 0.31
  2   9 0.22
  2  10 0.36
  2  11 0.20
  2  12 0.34
  2  13 0.19
  2  14 0.25
  2  15 0.26
  2  16 0.34
  2  17 0.27
  2  18 0.48
  2  19 0.27
  2  20 0.13
  2  21 0.34
  2  22 0.42
  3   1 0.32
  3   2 0.22
  3   3 1.00
  3   5 0.19
  3   6 0.35
  3   7 0.28
  3   8 0.34
  3   9 0.34
  3  10 0.42
  3  11 0.46
  3  12 0.50
  3  13 0.50
  3  14 0.32
  3  15 0.34
  3  16 0.31
  3  17 0.34
  3  18 0.39
  3  19 0.50
  3  20 0.33
  3  21 0.27
  3  22 0.35
  5   1 0.45
  5   2 0.18
  5   3 0.19
  5   5 1.00
  5   6 0.14
  5   7 0.10
  5   8 0.25
  5   9 0.50
  5  10 0.42
  5  11 0.41
  5  12 0.26
  5  13 0.32
  5  14 0.37
  5  15 0.23
  5  16 0.27
  5  17 0.41
  5  18 0.33
  5  19 0.34
  5  20 0.17
  5  21 0.43
  5  22 0.36
  6   1 0.35
  6   2 0.27
  6   3 0.35
  6   5 0.14
  6   6 1.00
  6   7 0.43
  6   8 0.51
  6   9 0.20
  6  10 0.37
  6  11 0.33
  6  12 0.51
  6  13 0.25
  6  14 0.22
  6  15 0.41
  6  16 0.52
  6  17 0.36
  6  18 0.48
  6  19 0.55
  6  20 0.27
  6  21 0.42
  6  22 0.53
  7   1 0.20
  7   2 0.22
  7   3 0.28
  7   5 0.10
  7   6 0.43
  7   7 1.00
  7   8 0.58
  7   9 0.16
  7  10 0.26
  7  11 0.22
  7  12 0.45
  7  13 0.24
  7  14 0.18
  7  15 0.31
  7  16 0.39
  7  17 0.23
  7  18 0.24
  7  19 0.43
  7  20 0.13
  7  21 0.34
  7  22 0.48
  8   1 0.36
  8   2 0.31
  8   3 0.34
  8   5 0.25
  8   6 0.51
  8   7 0.58
  8   8 1.00
  8   9 0.30
  8  10 0.41
  8  11 0.47
  8  12 0.52
  8  13 0.40
  8  14 0.35
  8  15 0.43
  8  16 0.53
  8  17 0.51
  8  18 0.45
  8  19 0.55
  8  20 0.27
  8  21 0.54
  8  22 0.58
  9   1 0.46
  9   2 0.22
  9   3 0.34
  9   5 0.50
  9   6 0.20
  9   7 0.16
  9   8 0.30
  9   9 1.00
  9  10 0.53
  9  11 0.50
  9  12 0.37
  9  13 0.56
  9  14 0.38
  9  15 0.28
  9  16 0.30
  9  17 0.52
  9  18 0.42
  9  19 0.53
  9  20 0.24
  9  21 0.37
  9  22 0.37
 10   1 0.52
 10   2 0.36
 10   3 0.42
 10   5 0.42
 10   6 0.37
 10   7 0.26
 10   8 0.41
 10   9 0.53
 10  10 1.00
 10  11 0.56
 10  12 0.50
 10  13 0.51
 10  14 0.40
 10  15 0.38
 10  16 0.51
 10  17 0.55
 10  18 0.61
 10  19 0.62
 10  20 0.22
 10  21 0.44
 10  22 0.53
 11   1 0.44
 11   2 0.20
 11   3 0.46
 11   5 0.41
 11   6 0.33
 11   7 0.22
 11   8 0.47
 11   9 0.50
 11  10 0.56
 11  11 1.00
 11  12 0.53
 11  13 0.63
 11  14 0.42
 11  15 0.43
 11  16 0.46
 11  17 0.62
 11  18 0.55
 11  19 0.66
 11  20 0.36
 11  21 0.42
 11  22 0.48
 12   1 0.43
 12   2 0.34
 12   3 0.50
 12   5 0.26
 12   6 0.51
 12   7 0.45
 12   8 0.52
 12   9 0.37
 12  10 0.50
 12  11 0.53
 12  12 1.00
 12  13 0.45
 12  14 0.39
 12  15 0.51
 12  16 0.50
 12  17 0.44
 12  18 0.51
 12  19 0.63
 12  20 0.32
 12  21 0.36
 12  22 0.50
 13   1 0.43
 13   2 0.19
 13   3 0.50
 13   5 0.32
 13   6 0.25
 13   7 0.24
 13   8 0.40
 13   9 0.56
 13  10 0.51
 13  11 0.63
 13  12 0.45
 13  13 1.00
 13  14 0.43
 13  15 0.38
 13  16 0.38
 13  17 0.54
 13  18 0.47
 13  19 0.63
 13  20 0.39
 13  21 0.35
 13  22 0.34
 14   1 0.35
 14   2 0.25
 14   3 0.32
 14   5 0.37
 14   6 0.22
 14   7 0.18
 14   8 0.35
 14   9 0.38
 14  10 0.40
 14  11 0.42
 14  12 0.39
 14  13 0.43
 14  14 1.00
 14  15 0.34
 14  16 0.33
 14  17 0.48
 14  18 0.38
 14  19 0.42
 14  20 0.28
 14  21 0.28
 14  22 0.32
 15   1 0.28
 15   2 0.26
 15   3 0.34
 15   5 0.23
 15   6 0.41
 15   7 0.31
 15   8 0.43
 15   9 0.28
 15  10 0.38
 15  11 0.43
 15  12 0.51
 15  13 0.38
 15  14 0.34
 15  15 1.00
 15  16 0.53
 15  17 0.43
 15  18 0.39
 15  19 0.54
 15  20 0.29
 15  21 0.29
 15  22 0.38
 16   1 0.32
 16   2 0.34
 16   3 0.31
 16   5 0.27
 16   6 0.52
 16   7 0.39
 16   8 0.53
 16   9 0.30
 16  10 0.51
 16  11 0.46
 16  12 0.50
 16  13 0.38
 16  14 0.33
 16  15 0.53
 16  16 1.00
 16  17 0.50
 16  18 0.55
 16  19 0.60
 16  20 0.40
 16  21 0.35
 16  22 0.57
 17   1 0.47
 17   2 0.27
 17   3 0.34
 17   5 0.41
 17   6 0.36
 17   7 0.23
 17   8 0.51
 17   9 0.52
 17  10 0.55
 17  11 0.62
 17  12 0.44
 17  13 0.54
 17  14 0.48
 17  15 0.43
 17  16 0.50
 17  17 1.00
 17  18 0.50
 17  19 0.58
 17  20 0.37
 17  21 0.45
 17  22 0.44
 18   1 0.53
 18   2 0.48
 18   3 0.39
 18   5 0.33
 18   6 0.48
 18   7 0.24
 18   8 0.45
 18   9 0.42
 18  10 0.61
 18  11 0.55
 18  12 0.51
 18  13 0.47
 18  14 0.38
 18  15 0.39
 18  16 0.55
 18  17 0.50
 18  18 1.00
 18  19 0.53
 18  20 0.32
 18  21 0.53
 18  22 0.63
 19   1 0.45
 19   2 0.27
 19   3 0.50
 19   5 0.34
 19   6 0.55
 19   7 0.43
 19   8 0.55
 19   9 0.53
 19  10 0.62
 19  11 0.66
 19  12 0.63
 19  13 0.63
 19  14 0.42
 19  15 0.54
 19  16 0.60
 19  17 0.58
 19  18 0.53
 19  19 1.00
 19  20 0.33
 19  21 0.41
 19  22 0.52
 20   1 0.18
 20   2 0.13
 20   3 0.33
 20   5 0.17
 20   6 0.27
 20   7 0.13
 20   8 0.27
 20   9 0.24
 20  10 0.22
 20  11 0.36
 20  12 0.32
 20  13 0.39
 20  14 0.28
 20  15 0.29
 20  16 0.40
 20  17 0.37
 20  18 0.32
 20  19 0.33
 20  20 1.00
 20  21 0.16
 20  22 0.24
 21   1 0.46
 21   2 0.34
 21   3 0.27
 21   5 0.43
 21   6 0.42
 21   7 0.34
 21   8 0.54
 21   9 0.37
 21  10 0.44
 21  11 0.42
 21  12 0.36
 21  13 0.35
 21  14 0.28
 21  15 0.29
 21  16 0.35
 21  17 0.45
 21  18 0.53
 21  19 0.41
 21  20 0.16
 21  21 1.00
 21  22 0.50
 22   1 0.47
 22   2 0.42
 22   3 0.35
 22   5 0.36
 22   6 0.53
 22   7 0.48
 22   8 0.58
 22   9 0.37
 22  10 0.53
 22  11 0.48
 22  12 0.50
 22  13 0.34
 22  14 0.32
 22  15 0.38
 22  16 0.57
 22  17 0.44
 22  18 0.63
 22  19 0.52
 22  20 0.24
 22  21 0.50
 22  22 1.00
