  1   1 1.00
  1   2 0.79
  1   3 0.45
  1   4 0.20
  1   5 0.81
  1   6 0.63
  1   7 0.51
  1   8 0.77
  1   9 0.73
  1  10 0.74
  1  11 0.59
  1  12 0.71
  1  13 0.74
  1  14 0.71
  1  15 0.67
  1  16 0.59
  1  17 0.70
  1  18 0.58
  1  19 0.76
  1  20 0.59
  1  21 0.59
  1  22 0.40
  2   1 0.79
  2   2 1.00
  2   3 0.35
  2   4 0.18
  2   5 0.76
  2   6 0.58
  2   7 0.43
  2   8 0.73
  2   9 0.65
  2  10 0.69
  2  11 0.49
  2  12 0.69
  2  13 0.70
  2  14 0.67
  2  15 0.58
  2  16 0.54
  2  17 0.66
  2  18 0.51
  2  19 0.71
  2  20 0.49
  2  21 0.50
  2  22 0.43
  3   1 0.45
  3   2 0.35
  3   3 1.00
  3   4 0.20
  3   5 0.35
  3   6 0.59
  3   7 0.58
  3   8 0.40
  3   9 0.38
  3  10 0.61
  3  11 0.69
  3  12 0.58
  3  13 0.50
  3  14 0.65
  3  15 0.54
  3  16 0.71
  3  17 0.61
  3  18 0.63
  3  19 0.57
  3  20 0.39
  3  21 0.51
  3  22 0.34
  4   1 0.20
  4   2 0.18
  4   3 0.20
  4   4 1.00
  4   5 0.17
  4   6 0.32
  4   7 0.24
  4   8 0.25
  4   9 0.23
  4  10 0.24
  4  11 0.31
  4  12 0.26
  4  13 0.24
  4  14 0.29
  4  15 0.25
  4  16 0.24
  4  17 0.22
  4  18 0.36
  4  19 0.27
  4  20 0.27
  4  21 0.19
  4  22 0.44
  5   1 0.81
  5   2 0.76
  5   3 0.35
  5   4 0.17
  5   5 1.00
  5   6 0.53
  5   7 0.45
  5   8 0.69
  5   9 0.74
  5  10 0.74
  5  11 0.51
  5  12 0.65
  5  13 0.72
  5  14 0.67
  5  15 0.62
  5  16 0.51
  5  17 0.70
  5  18 0.49
  5  19 0.66
  5  20 0.51
  5  21 0.48
  5  22 0.30
  6   1 0.63
  6   2 0.58
  6   3 0.59
  6   4 0.32
  6   5 0.53
  6   6 1.00
  6   7 0.77
  6   8 0.65
  6   9 0.57
  6  10 0.71
  6  11 0.77
  6  12 0.73
  6  13 0.65
  6  14 0.72
  6  15 0.73
  6  16 0.68
  6  17 0.75
  6  18 0.82
  6  19 0.77
  6  20 0.67
  6  21 0.76
  6  22 0.50
  7   1 0.51
  7   2 0.43
  7   3 0.58
  7   4 0.24
  7   5 0.45
  7   6 0.77
  7   7 1.00
  7   8 0.51
  7   9 0.47
  7  10 0.61
  7  11 0.68
  7  12 0.64
  7  13 0.52
  7  14 0.63
  7  15 0.60
  7  16 0.68
  7  17 0.66
  7  18 0.71
  7  19 0.63
  7  20 0.57
  7  21 0.72
  7  22 0.33
  8   1 0.77
  8   2 0.73
  8   3 0.40
  8   4 0.25
  8   5 0.69
  8   6 0.65
  8   7 0.51
  8   8 1.00
  8   9 0.69
  8  10 0.72
  8  11 0.52
  8  12 0.72
  8  13 0.75
  8  14 0.70
  8  15 0.61
  8  16 0.58
  8  17 0.68
  8  18 0.60
  8  19 0.74
  8  20 0.60
  8  21 0.56
  8  22 0.48
  9   1 0.73
  9   2 0.65
  9   3 0.38
  9   4 0.23
  9   5 0.74
  9   6 0.57
  9   7 0.47
  9   8 0.69
  9   9 1.00
  9  10 0.72
  9  11 0.54
  9  12 0.65
  9  13 0.73
  9  14 0.69
  9  15 0.68
  9  16 0.46
  9  17 0.69
  9  18 0.57
  9  19 0.73
  9  20 0.70
  9  21 0.55
  9  22 0.43
 10   1 0.74
 10   2 0.69
 10   3 0.61
 10   4 0.24
 10   5 0.74
 10   6 0.71
 10   7 0.61
 10   8 0.72
 10   9 0.72
 10  10 1.00
 10  11 0.73
 10  12 0.83
 10  13 0.83
 10  14 0.84
 10  15 0.70
 10  16 0.70
 10  17 0.85
 10  18 0.71
 10  19 0.78
 10  20 0.61
 10  21 0.60
 10  22 0.48
 11   1 0.59
 11   2 0.49
 11   3 0.69
 11   4 0.31
 11   5 0.51
 11   6 0.77
 11   7 0.68
 11   8 0.52
 11   9 0.54
 11  10 0.73
 11  11 1.00
 11  12 0.74
 11  13 0.65
 11  14 0.78
 11  15 0.70
 11  16 0.70
 11  17 0.78
 11  18 0.78
 11  19 0.69
 11  20 0.58
 11  21 0.66
 11  22 0.50
 12   1 0.71
 12   2 0.69
 12   3 0.58
 12   4 0.26
 12   5 0.65
 12   6 0.73
 12   7 0.64
 12   8 0.72
 12   9 0.65
 12  10 0.83
 12  11 0.74
 12  12 1.00
 12  13 0.80
 12  14 0.78
 12  15 0.72
 12  16 0.73
 12  17 0.80
 12  18 0.74
 12  19 0.79
 12  20 0.61
 12  21 0.70
 12  22 0.50
 13   1 0.74
 13   2 0.70
 13   3 0.50
 13   4 0.24
 13   5 0.72
 13   6 0.65
 13   7 0.52
 13   8 0.75
 13   9 0.73
 13  10 0.83
 13  11 0.65
 13  12 0.80
 13  13 1.00
 13  14 0.80
 13  15 0.64
 13  16 0.65
 13  17 0.77
 13  18 0.65
 13  19 0.78
 13  20 0.61
 13  21 0.55
 13  22 0.54
 14   1 0.71
 14   2 0.67
 14   3 0.65
 14   4 0.29
 14   5 0.67
 14   6 0.72
 14   7 0.63
 14   8 0.70
 14   9 0.69
 14  10 0.84
 14  11 0.78
 14  12 0.78
 14  13 0.80
 14  14 1.00
 14  15 0.69
 14  16 0.68
 14  17 0.83
 14  18 0.74
 14  19 0.78
 14  20 0.62
 14  21 0.60
 14  22 0.56
 15   1 0.67
 15   2 0.58
 15   3 0.54
 15   4 0.25
 15   5 0.62
 15   6 0.73
 15   7 0.60
 15   8 0.61
 15   9 0.68
 15  10 0.70
 15  11 0.70
 15  12 0.72
 15  13 0.64
 15  14 0.69
 15  15 1.00
 15  16 0.55
 15  17 0.74
 15  18 0.71
 15  19 0.73
 15  20 0.65
 15  21 0.70
 15  22 0.36
 16   1 0.59
 16   2 0.54
 16   3 0.71
 16   4 0.24
 16   5 0.51
 16   6 0.68
 16   7 0.68
 16   8 0.58
 16   9 0.46
 16  10 0.70
 16  11 0.70
 16  12 0.73
 16  13 0.65
 16  14 0.68
 16  15 0.55
 16  16 1.00
 16  17 0.68
 16  18 0.67
 16  19 0.66
 16  20 0.48
 16  21 0.64
 16  22 0.38
 17   1 0.70
 17   2 0.66
 17   3 0.61
 17   4 0.22
 17   5 0.70
 17   6 0.75
 17   7 0.66
 17   8 0.68
 17   9 0.69
 17  10 0.85
 17  11 0.78
 17  12 0.80
 17  13 0.77
 17  14 0.83
 17  15 0.74
 17  16 0.68
 17  17 1.00
 17  18 0.76
 17  19 0.77
 17  20 0.60
 17  21 0.67
 17  22 0.45
 18   1 0.58
 18   2 0.51
 18   3 0.63
 18   4 0.36
 18   5 0.49
 18   6 0.82
 18   7 0.71
 18   8 0.60
 18   9 0.57
 18  10 0.71
 18  11 0.78
 18  12 0.74
 18  13 0.65
 18  14 0.74
 18  15 0.71
 18  16 0.67
 18  17 0.76
 18  18 1.00
 18  19 0.74
 18  20 0.64
 18  21 0.69
 18  22 0.56
 19   1 0.76
 19   2 0.71
 19   3 0.57
 19   4 0.27
 19   5 0.66
 19   6 0.77
 19   7 0.63
 19   8 0.74
 19   9 0.73
 19  10 0.78
 19  11 0.69
 19  12 0.79
 19  13 0.78
 19  14 0.78
 19  15 0.73
 19  16 0.66
 19  17 0.77
 19  18 0.74
 19  19 1.00
 19  20 0.69
 19  21 0.70
 19  22 0.52
 20   1 0.59
 20   2 0.49
 20   3 0.39
 20   4 0.27
 20   5 0.51
 20   6 0.67
 20   7 0.57
 20   8 0.60
 20   9 0.70
 20  10 0.61
 20  11 0.58
 20  12 0.61
 20  13 0.61
 20  14 0.62
 20  15 0.65
 20  16 0.48
 20  17 0.60
 20  18 0.64
 20  19 0.69
 20  20 1.00
 20  21 0.62
 20  22 0.44
 21   1 0.59
 21   2 0.50
 21   3 0.51
 21   4 0.19
 21   5 0.48
 21   6 0.76
 21   7 0.72
 21   8 0.56
 21   9 0.55
 21  10 0.60
 21  11 0.66
 21  12 0.70
 21  13 0.55
 21  14 0.60
 21  15 0.70
 21  16 0.64
 21  17 0.67
 21  18 0.69
 21  19 0.70
 21  20 0.62
 21  21 1.00
 21  22 0.28
 22   1 0.40
 22   2 0.43
 22   3 0.34
 22   4 0.44
 22   5 0.30
 22   6 0.50
 22   7 0.33
 22   8 0.48
 22   9 0.43
 22  10 0.48
 22  11 0.50
 22  12 0.50
 22  13 0.54
 22  14 0.56
 22  15 0.36
 22  16 0.38
 22  17 0.45
 22  18 0.56
 22  19 0.52
 22  20 0.44
 22  21 0.28
 22  22 1.00
  1   1 1.00
  1   2 0.78
  1   3 0.44
  1   4 0.19
  1   5 0.80
  1   6 0.63
  1   7 0.50
  1   8 0.77
  1   9 0.72
  1  10 0.73
  1  11 0.59
  1  12 0.71
  1  13 0.74
  1  14 0.70
  1  15 0.67
  1  16 0.58
  1  17 0.70
  1  18 0.57
  1  19 0.75
  1  20 0.59
  1  21 0.59
  1  22 0.40
  2   1 0.78
  2   2 1.00
  2   3 0.35
  2   4 0.18
  2   5 0.76
  2   6 0.57
  2   7 0.43
  2   8 0.73
  2   9 0.65
  2  10 0.69
  2  11 0.49
  2  12 0.68
  2  13 0.70
  2  14 0.67
  2  15 0.57
  2  16 0.53
  2  17 0.66
  2  18 0.50
  2  19 0.70
  2  20 0.49
  2  21 0.50
  2  22 0.42
  3   1 0.44
  3   2 0.35
  3   3 1.00
  3   4 0.20
  3   5 0.35
  3   6 0.58
  3   7 0.57
  3   8 0.39
  3   9 0.38
  3  10 0.61
  3  11 0.69
  3  12 0.58
  3  13 0.50
  3  14 0.64
  3  15 0.54
  3  16 0.70
  3  17 0.61
  3  18 0.63
  3  19 0.57
  3  20 0.39
  3  21 0.51
  3  22 0.34
  4   1 0.19
  4   2 0.18
  4   3 0.20
  4   4 1.00
  4   5 0.17
  4   6 0.31
  4   7 0.24
  4   8 0.24
  4   9 0.22
  4  10 0.23
  4  11 0.31
  4  12 0.25
  4  13 0.23
  4  14 0.28
  4  15 0.24
  4  16 0.23
  4  17 0.22
  4  18 0.35
  4  19 0.27
  4  20 0.26
  4  21 0.18
  4  22 0.44
  5   1 0.80
  5   2 0.76
  5   3 0.35
  5   4 0.17
  5   5 1.00
  5   6 0.52
  5   7 0.44
  5   8 0.69
  5   9 0.74
  5  10 0.74
  5  11 0.51
  5  12 0.65
  5  13 0.72
  5  14 0.67
  5  15 0.62
  5  16 0.50
  5  17 0.70
  5  18 0.48
  5  19 0.65
  5  20 0.51
  5  21 0.48
  5  22 0.30
  6   1 0.63
  6   2 0.57
  6   3 0.58
  6   4 0.31
  6   5 0.52
  6   6 1.00
  6   7 0.76
  6   8 0.64
  6   9 0.56
  6  10 0.70
  6  11 0.77
  6  12 0.73
  6  13 0.65
  6  14 0.71
  6  15 0.73
  6  16 0.67
  6  17 0.74
  6  18 0.81
  6  19 0.77
  6  20 0.66
  6  21 0.76
  6  22 0.50
  7   1 0.50
  7   2 0.43
  7   3 0.57
  7   4 0.24
  7   5 0.44
  7   6 0.76
  7   7 1.00
  7   8 0.51
  7   9 0.46
  7  10 0.61
  7  11 0.68
  7  12 0.64
  7  13 0.51
  7  14 0.63
  7  15 0.60
  7  16 0.67
  7  17 0.65
  7  18 0.71
  7  19 0.62
  7  20 0.57
  7  21 0.72
  7  22 0.32
  8   1 0.77
  8   2 0.73
  8   3 0.39
  8   4 0.24
  8   5 0.69
  8   6 0.64
  8   7 0.51
  8   8 1.00
  8   9 0.69
  8  10 0.72
  8  11 0.51
  8  12 0.72
  8  13 0.75
  8  14 0.70
  8  15 0.61
  8  16 0.57
  8  17 0.67
  8  18 0.59
  8  19 0.73
  8  20 0.60
  8  21 0.55
  8  22 0.47
  9   1 0.72
  9   2 0.65
  9   3 0.38
  9   4 0.22
  9   5 0.74
  9   6 0.56
  9   7 0.46
  9   8 0.69
  9   9 1.00
  9  10 0.72
  9  11 0.53
  9  12 0.65
  9  13 0.72
  9  14 0.69
  9  15 0.68
  9  16 0.46
  9  17 0.69
  9  18 0.56
  9  19 0.73
  9  20 0.70
  9  21 0.55
  9  22 0.43
 10   1 0.73
 10   2 0.69
 10   3 0.61
 10   4 0.23
 10   5 0.74
 10   6 0.70
 10   7 0.61
 10   8 0.72
 10   9 0.72
 10  10 1.00
 10  11 0.73
 10  12 0.83
 10  13 0.82
 10  14 0.84
 10  15 0.69
 10  16 0.70
 10  17 0.85
 10  18 0.71
 10  19 0.77
 10  20 0.60
 10  21 0.59
 10  22 0.48
 11   1 0.59
 11   2 0.49
 11   3 0.69
 11   4 0.31
 11   5 0.51
 11   6 0.77
 11   7 0.68
 11   8 0.51
 11   9 0.53
 11  10 0.73
 11  11 1.00
 11  12 0.73
 11  13 0.65
 11  14 0.78
 11  15 0.69
 11  16 0.70
 11  17 0.78
 11  18 0.78
 11  19 0.68
 11  20 0.58
 11  21 0.65
 11  22 0.49
 12   1 0.71
 12   2 0.68
 12   3 0.58
 12   4 0.25
 12   5 0.65
 12   6 0.73
 12   7 0.64
 12   8 0.72
 12   9 0.65
 12  10 0.83
 12  11 0.73
 12  12 1.00
 12  13 0.79
 12  14 0.78
 12  15 0.72
 12  16 0.72
 12  17 0.80
 12  18 0.73
 12  19 0.79
 12  20 0.61
 12  21 0.69
 12  22 0.49
 13   1 0.74
 13   2 0.70
 13   3 0.50
 13   4 0.23
 13   5 0.72
 13   6 0.65
 13   7 0.51
 13   8 0.75
 13   9 0.72
 13  10 0.82
 13  11 0.65
 13  12 0.79
 13  13 1.00
 13  14 0.80
 13  15 0.64
 13  16 0.65
 13  17 0.77
 13  18 0.65
 13  19 0.78
 13  20 0.60
 13  21 0.55
 13  22 0.53
 14   1 0.70
 14   2 0.67
 14   3 0.64
 14   4 0.28
 14   5 0.67
 14   6 0.71
 14   7 0.63
 14   8 0.70
 14   9 0.69
 14  10 0.84
 14  11 0.78
 14  12 0.78
 14  13 0.80
 14  14 1.00
 14  15 0.69
 14  16 0.68
 14  17 0.83
 14  18 0.73
 14  19 0.78
 14  20 0.62
 14  21 0.59
 14  22 0.56
 15   1 0.67
 15   2 0.57
 15   3 0.54
 15   4 0.24
 15   5 0.62
 15   6 0.73
 15   7 0.60
 15   8 0.61
 15   9 0.68
 15  10 0.69
 15  11 0.69
 15  12 0.72
 15  13 0.64
 15  14 0.69
 15  15 1.00
 15  16 0.55
 15  17 0.74
 15  18 0.71
 15  19 0.72
 15  20 0.64
 15  21 0.69
 15  22 0.35
 16   1 0.58
 16   2 0.53
 16   3 0.70
 16   4 0.23
 16   5 0.50
 16   6 0.67
 16   7 0.67
 16   8 0.57
 16   9 0.46
 16  10 0.70
 16  11 0.70
 16  12 0.72
 16  13 0.65
 16  14 0.68
 16  15 0.55
 16  16 1.00
 16  17 0.68
 16  18 0.67
 16  19 0.66
 16  20 0.47
 16  21 0.64
 16  22 0.38
 17   1 0.70
 17   2 0.66
 17   3 0.61
 17   4 0.22
 17   5 0.70
 17   6 0.74
 17   7 0.65
 17   8 0.67
 17   9 0.69
 17  10 0.85
 17  11 0.78
 17  12 0.80
 17  13 0.77
 17  14 0.83
 17  15 0.74
 17  16 0.68
 17  17 1.00
 17  18 0.75
 17  19 0.77
 17  20 0.59
 17  21 0.67
 17  22 0.44
 18   1 0.57
 18   2 0.50
 18   3 0.63
 18   4 0.35
 18   5 0.48
 18   6 0.81
 18   7 0.71
 18   8 0.59
 18   9 0.56
 18  10 0.71
 18  11 0.78
 18  12 0.73
 18  13 0.65
 18  14 0.73
 18  15 0.71
 18  16 0.67
 18  17 0.75
 18  18 1.00
 18  19 0.73
 18  20 0.64
 18  21 0.69
 18  22 0.55
 19   1 0.75
 19   2 0.70
 19   3 0.57
 19   4 0.27
 19   5 0.65
 19   6 0.77
 19   7 0.62
 19   8 0.73
 19   9 0.73
 19  10 0.77
 19  11 0.68
 19  12 0.79
 19  13 0.78
 19  14 0.78
 19  15 0.72
 19  16 0.66
 19  17 0.77
 19  18 0.73
 19  19 1.00
 19  20 0.68
 19  21 0.70
 19  22 0.51
 20   1 0.59
 20   2 0.49
 20   3 0.39
 20   4 0.26
 20   5 0.51
 20   6 0.66
 20   7 0.57
 20   8 0.60
 20   9 0.70
 20  10 0.60
 20  11 0.58
 20  12 0.61
 20  13 0.60
 20  14 0.62
 20  15 0.64
 20  16 0.47
 20  17 0.59
 20  18 0.64
 20  19 0.68
 20  20 1.00
 20  21 0.62
 20  22 0.44
 21   1 0.59
 21   2 0.50
 21   3 0.51
 21   4 0.18
 21   5 0.48
 21   6 0.76
 21   7 0.72
 21   8 0.55
 21   9 0.55
 21  10 0.59
 21  11 0.65
 21  12 0.69
 21  13 0.55
 21  14 0.59
 21  15 0.69
 21  16 0.64
 21  17 0.67
 21  18 0.69
 21  19 0.70
 21  20 0.62
 21  21 1.00
 21  22 0.28
 22   1 0.40
 22   2 0.42
 22   3 0.34
 22   4 0.44
 22   5 0.30
 22   6 0.50
 22   7 0.32
 22   8 0.47
 22   9 0.43
 22  10 0.48
 22  11 0.49
 22  12 0.49
 22  13 0.53
 22  14 0.56
 22  15 0.35
 22  16 0.38
 22  17 0.44
 22  18 0.55
 22  19 0.51
 22  20 0.44
 22  21 0.28
 22  22 1.00
  1   1 1.00
  1   2 0.78
  1   3 0.44
  1   4 0.19
  1   5 0.80
  1   6 0.63
  1   7 0.50
  1   8 0.77
  1   9 0.72
  1  10 0.73
  1  11 0.59
  1  12 0.71
  1  13 0.74
  1  14 0.70
  1  15 0.67
  1  16 0.58
  1  17 0.70
  1  18 0.57
  1  19 0.75
  1  20 0.59
  1  21 0.59
  1  22 0.40
  2   1 0.78
  2   2 1.00
  2   3 0.35
  2   4 0.18
  2   5 0.76
  2   6 0.57
  2   7 0.43
  2   8 0.73
  2   9 0.65
  2  10 0.69
  2  11 0.49
  2  12 0.68
  2  13 0.70
  2  14 0.67
  2  15 0.57
  2  16 0.53
  2  17 0.66
  2  18 0.50
  2  19 0.70
  2  20 0.49
  2  21 0.50
  2  22 0.42
  3   1 0.44
  3   2 0.35
  3   3 1.00
  3   4 0.20
  3   5 0.35
  3   6 0.58
  3   7 0.57
  3   8 0.39
  3   9 0.38
  3  10 0.61
  3  11 0.69
  3  12 0.58
  3  13 0.50
  3  14 0.64
  3  15 0.54
  3  16 0.70
  3  17 0.61
  3  18 0.63
  3  19 0.57
  3  20 0.39
  3  21 0.51
  3  22 0.34
  4   1 0.19
  4   2 0.18
  4   3 0.20
  4   4 1.00
  4   5 0.17
  4   6 0.31
  4   7 0.24
  4   8 0.24
  4   9 0.22
  4  10 0.23
  4  11 0.31
  4  12 0.25
  4  13 0.23
  4  14 0.28
  4  15 0.24
  4  16 0.23
  4  17 0.22
  4  18 0.35
  4  19 0.27
  4  20 0.26
  4  21 0.18
  4  22 0.44
  5   1 0.80
  5   2 0.76
  5   3 0.35
  5   4 0.17
  5   5 1.00
  5   6 0.52
  5   7 0.44
  5   8 0.69
  5   9 0.74
  5  10 0.74
  5  11 0.51
  5  12 0.65
  5  13 0.72
  5  14 0.67
  5  15 0.62
  5  16 0.50
  5  17 0.70
  5  18 0.48
  5  19 0.65
  5  20 0.51
  5  21 0.48
  5  22 0.30
  6   1 0.63
  6   2 0.57
  6   3 0.58
  6   4 0.31
  6   5 0.52
  6   6 1.00
  6   7 0.76
  6   8 0.64
  6   9 0.56
  6  10 0.70
  6  11 0.77
  6  12 0.73
  6  13 0.65
  6  14 0.71
  6  15 0.73
  6  16 0.67
  6  17 0.74
  6  18 0.81
  6  19 0.77
  6  20 0.66
  6  21 0.76
  6  22 0.50
  7   1 0.50
  7   2 0.43
  7   3 0.57
  7   4 0.24
  7   5 0.44
  7   6 0.76
  7   7 1.00
  7   8 0.51
  7   9 0.46
  7  10 0.61
  7  11 0.68
  7  12 0.64
  7  13 0.51
  7  14 0.63
  7  15 0.60
  7  16 0.67
  7  17 0.65
  7  18 0.71
  7  19 0.62
  7  20 0.57
  7  21 0.72
  7  22 0.32
  8   1 0.77
  8   2 0.73
  8   3 0.39
  8   4 0.24
  8   5 0.69
  8   6 0.64
  8   7 0.51
  8   8 1.00
  8   9 0.69
  8  10 0.72
  8  11 0.51
  8  12 0.72
  8  13 0.75
  8  14 0.70
  8  15 0.61
  8  16 0.57
  8  17 0.67
  8  18 0.59
  8  19 0.73
  8  20 0.60
  8  21 0.55
  8  22 0.47
  9   1 0.72
  9   2 0.65
  9   3 0.38
  9   4 0.22
  9   5 0.74
  9   6 0.56
  9   7 0.46
  9   8 0.69
  9   9 1.00
  9  10 0.72
  9  11 0.53
  9  12 0.65
  9  13 0.72
  9  14 0.69
  9  15 0.68
  9  16 0.46
  9  17 0.69
  9  18 0.56
  9  19 0.73
  9  20 0.70
  9  21 0.55
  9  22 0.43
 10   1 0.73
 10   2 0.69
 10   3 0.61
 10   4 0.23
 10   5 0.74
 10   6 0.70
 10   7 0.61
 10   8 0.72
 10   9 0.72
 10  10 1.00
 10  11 0.73
 10  12 0.83
 10  13 0.82
 10  14 0.84
 10  15 0.69
 10  16 0.70
 10  17 0.85
 10  18 0.71
 10  19 0.77
 10  20 0.60
 10  21 0.59
 10  22 0.48
 11   1 0.59
 11   2 0.49
 11   3 0.69
 11   4 0.31
 11   5 0.51
 11   6 0.77
 11   7 0.68
 11   8 0.51
 11   9 0.53
 11  10 0.73
 11  11 1.00
 11  12 0.73
 11  13 0.65
 11  14 0.78
 11  15 0.69
 11  16 0.70
 11  17 0.78
 11  18 0.78
 11  19 0.68
 11  20 0.58
 11  21 0.65
 11  22 0.49
 12   1 0.71
 12   2 0.68
 12   3 0.58
 12   4 0.25
 12   5 0.65
 12   6 0.73
 12   7 0.64
 12   8 0.72
 12   9 0.65
 12  10 0.83
 12  11 0.73
 12  12 1.00
 12  13 0.79
 12  14 0.78
 12  15 0.72
 12  16 0.72
 12  17 0.80
 12  18 0.73
 12  19 0.79
 12  20 0.61
 12  21 0.69
 12  22 0.49
 13   1 0.74
 13   2 0.70
 13   3 0.50
 13   4 0.23
 13   5 0.72
 13   6 0.65
 13   7 0.51
 13   8 0.75
 13   9 0.72
 13  10 0.82
 13  11 0.65
 13  12 0.79
 13  13 1.00
 13  14 0.80
 13  15 0.64
 13  16 0.65
 13  17 0.77
 13  18 0.65
 13  19 0.78
 13  20 0.60
 13  21 0.55
 13  22 0.53
 14   1 0.70
 14   2 0.67
 14   3 0.64
 14   4 0.28
 14   5 0.67
 14   6 0.71
 14   7 0.63
 14   8 0.70
 14   9 0.69
 14  10 0.84
 14  11 0.78
 14  12 0.78
 14  13 0.80
 14  14 1.00
 14  15 0.69
 14  16 0.68
 14  17 0.83
 14  18 0.73
 14  19 0.78
 14  20 0.62
 14  21 0.59
 14  22 0.56
 15   1 0.67
 15   2 0.57
 15   3 0.54
 15   4 0.24
 15   5 0.62
 15   6 0.73
 15   7 0.60
 15   8 0.61
 15   9 0.68
 15  10 0.69
 15  11 0.69
 15  12 0.72
 15  13 0.64
 15  14 0.69
 15  15 1.00
 15  16 0.55
 15  17 0.74
 15  18 0.71
 15  19 0.72
 15  20 0.64
 15  21 0.69
 15  22 0.35
 16   1 0.58
 16   2 0.53
 16   3 0.70
 16   4 0.23
 16   5 0.50
 16   6 0.67
 16   7 0.67
 16   8 0.57
 16   9 0.46
 16  10 0.70
 16  11 0.70
 16  12 0.72
 16  13 0.65
 16  14 0.68
 16  15 0.55
 16  16 1.00
 16  17 0.68
 16  18 0.67
 16  19 0.66
 16  20 0.47
 16  21 0.64
 16  22 0.38
 17   1 0.70
 17   2 0.66
 17   3 0.61
 17   4 0.22
 17   5 0.70
 17   6 0.74
 17   7 0.65
 17   8 0.67
 17   9 0.69
 17  10 0.85
 17  11 0.78
 17  12 0.80
 17  13 0.77
 17  14 0.83
 17  15 0.74
 17  16 0.68
 17  17 1.00
 17  18 0.75
 17  19 0.77
 17  20 0.59
 17  21 0.67
 17  22 0.44
 18   1 0.57
 18   2 0.50
 18   3 0.63
 18   4 0.35
 18   5 0.48
 18   6 0.81
 18   7 0.71
 18   8 0.59
 18   9 0.56
 18  10 0.71
 18  11 0.78
 18  12 0.73
 18  13 0.65
 18  14 0.73
 18  15 0.71
 18  16 0.67
 18  17 0.75
 18  18 1.00
 18  19 0.73
 18  20 0.64
 18  21 0.69
 18  22 0.55
 19   1 0.75
 19   2 0.70
 19   3 0.57
 19   4 0.27
 19   5 0.65
 19   6 0.77
 19   7 0.62
 19   8 0.73
 19   9 0.73
 19  10 0.77
 19  11 0.68
 19  12 0.79
 19  13 0.78
 19  14 0.78
 19  15 0.72
 19  16 0.66
 19  17 0.77
 19  18 0.73
 19  19 1.00
 19  20 0.68
 19  21 0.70
 19  22 0.51
 20   1 0.59
 20   2 0.49
 20   3 0.39
 20   4 0.26
 20   5 0.51
 20   6 0.66
 20   7 0.57
 20   8 0.60
 20   9 0.70
 20  10 0.60
 20  11 0.58
 20  12 0.61
 20  13 0.60
 20  14 0.62
 20  15 0.64
 20  16 0.47
 20  17 0.59
 20  18 0.64
 20  19 0.68
 20  20 1.00
 20  21 0.62
 20  22 0.44
 21   1 0.59
 21   2 0.50
 21   3 0.51
 21   4 0.18
 21   5 0.48
 21   6 0.76
 21   7 0.72
 21   8 0.55
 21   9 0.55
 21  10 0.59
 21  11 0.65
 21  12 0.69
 21  13 0.55
 21  14 0.59
 21  15 0.69
 21  16 0.64
 21  17 0.67
 21  18 0.69
 21  19 0.70
 21  20 0.62
 21  21 1.00
 21  22 0.28
 22   1 0.40
 22   2 0.42
 22   3 0.34
 22   4 0.44
 22   5 0.30
 22   6 0.50
 22   7 0.32
 22   8 0.47
 22   9 0.43
 22  10 0.48
 22  11 0.49
 22  12 0.49
 22  13 0.53
 22  14 0.56
 22  15 0.35
 22  16 0.38
 22  17 0.44
 22  18 0.55
 22  19 0.51
 22  20 0.44
 22  21 0.28
 22  22 1.00
