  1   1 1.00
  1   2 0.61
  1   3 0.70
  1   4 0.48
  1   5 0.51
  1   6 0.68
  1   7 0.63
  1   8 0.63
  1   9 0.56
  1  10 0.62
  1  11 0.69
  1  12 0.77
  1  13 0.75
  1  14 0.62
  1  15 0.63
  1  16 0.55
  1  17 0.64
  1  18 0.69
  1  19 0.81
  1  20 0.71
  1  21 0.65
  1  22 0.55
  2   1 0.61
  2   2 1.00
  2   3 0.44
  2   4 0.40
  2   5 0.53
  2   6 0.62
  2   7 0.63
  2   8 0.73
  2   9 0.43
  2  10 0.47
  2  11 0.44
  2  12 0.56
  2  13 0.55
  2  14 0.55
  2  15 0.51
  2  16 0.57
  2  17 0.47
  2  18 0.52
  2  19 0.51
  2  20 0.57
  2  21 0.56
  2  22 0.48
  3   1 0.70
  3   2 0.44
  3   3 1.00
  3   4 0.61
  3   5 0.54
  3   6 0.60
  3   7 0.54
  3   8 0.51
  3   9 0.65
  3  10 0.55
  3  11 0.62
  3  12 0.65
  3  13 0.76
  3  14 0.74
  3  15 0.52
  3  16 0.40
  3  17 0.52
  3  18 0.64
  3  19 0.76
  3  20 0.62
  3  21 0.48
  3  22 0.61
  4   1 0.48
  4   2 0.40
  4   3 0.61
  4   4 1.00
  4   5 0.44
  4   6 0.43
  4   7 0.52
  4   8 0.42
  4   9 0.52
  4  10 0.36
  4  11 0.43
  4  12 0.40
  4  13 0.45
  4  14 0.62
  4  15 0.32
  4  16 0.29
  4  17 0.33
  4  18 0.53
  4  19 0.46
  4  20 0.57
  4  21 0.33
  4  22 0.56
  5   1 0.51
  5   2 0.53
  5   3 0.54
  5   4 0.44
  5   5 1.00
  5   6 0.76
  5   7 0.62
  5   8 0.66
  5   9 0.69
  5  10 0.64
  5  11 0.54
  5  12 0.49
  5  13 0.54
  5  14 0.68
  5  15 0.75
  5  16 0.73
  5  17 0.51
  5  18 0.54
  5  19 0.58
  5  20 0.60
  5  21 0.55
  5  22 0.52
  6   1 0.68
  6   2 0.62
  6   3 0.60
  6   4 0.43
  6   5 0.76
  6   6 1.00
  6   7 0.67
  6   8 0.71
  6   9 0.65
  6  10 0.74
  6  11 0.68
  6  12 0.68
  6  13 0.68
  6  14 0.68
  6  15 0.83
  6  16 0.78
  6  17 0.65
  6  18 0.69
  6  19 0.73
  6  20 0.70
  6  21 0.69
  6  22 0.52
  7   1 0.63
  7   2 0.63
  7   3 0.54
  7   4 0.52
  7   5 0.62
  7   6 0.67
  7   7 1.00
  7   8 0.73
  7   9 0.57
  7  10 0.50
  7  11 0.62
  7  12 0.62
  7  13 0.58
  7  14 0.55
  7  15 0.53
  7  16 0.58
  7  17 0.49
  7  18 0.67
  7  19 0.57
  7  20 0.66
  7  21 0.59
  7  22 0.64
  8   1 0.63
  8   2 0.73
  8   3 0.51
  8   4 0.42
  8   5 0.66
  8   6 0.71
  8   7 0.73
  8   8 1.00
  8   9 0.51
  8  10 0.55
  8  11 0.55
  8  12 0.67
  8  13 0.62
  8  14 0.57
  8  15 0.64
  8  16 0.69
  8  17 0.51
  8  18 0.62
  8  19 0.59
  8  20 0.65
  8  21 0.69
  8  22 0.53
  9   1 0.56
  9   2 0.43
  9   3 0.65
  9   4 0.52
  9   5 0.69
  9   6 0.65
  9   7 0.57
  9   8 0.51
  9   9 1.00
  9  10 0.71
  9  11 0.70
  9  12 0.54
  9  13 0.61
  9  14 0.68
  9  15 0.60
  9  16 0.55
  9  17 0.62
  9  18 0.62
  9  19 0.60
  9  20 0.60
  9  21 0.49
  9  22 0.43
 10   1 0.62
 10   2 0.47
 10   3 0.55
 10   4 0.36
 10   5 0.64
 10   6 0.74
 10   7 0.50
 10   8 0.55
 10   9 0.71
 10  10 1.00
 10  11 0.65
 10  12 0.61
 10  13 0.65
 10  14 0.64
 10  15 0.72
 10  16 0.71
 10  17 0.79
 10  18 0.55
 10  19 0.64
 10  20 0.57
 10  21 0.64
 10  22 0.36
 11   1 0.69
 11   2 0.44
 11   3 0.62
 11   4 0.43
 11   5 0.54
 11   6 0.68
 11   7 0.62
 11   8 0.55
 11   9 0.70
 11  10 0.65
 11  11 1.00
 11  12 0.75
 11  13 0.69
 11  14 0.54
 11  15 0.61
 11  16 0.57
 11  17 0.72
 11  18 0.76
 11  19 0.70
 11  20 0.68
 11  21 0.66
 11  22 0.53
 12   1 0.77
 12   2 0.56
 12   3 0.65
 12   4 0.40
 12   5 0.49
 12   6 0.68
 12   7 0.62
 12   8 0.67
 12   9 0.54
 12  10 0.61
 12  11 0.75
 12  12 1.00
 12  13 0.75
 12  14 0.56
 12  15 0.59
 12  16 0.61
 12  17 0.66
 12  18 0.73
 12  19 0.76
 12  20 0.68
 12  21 0.74
 12  22 0.53
 13   1 0.75
 13   2 0.55
 13   3 0.76
 13   4 0.45
 13   5 0.54
 13   6 0.68
 13   7 0.58
 13   8 0.62
 13   9 0.61
 13  10 0.65
 13  11 0.69
 13  12 0.75
 13  13 1.00
 13  14 0.69
 13  15 0.60
 13  16 0.55
 13  17 0.69
 13  18 0.64
 13  19 0.74
 13  20 0.62
 13  21 0.64
 13  22 0.54
 14   1 0.62
 14   2 0.55
 14   3 0.74
 14   4 0.62
 14   5 0.68
 14   6 0.68
 14   7 0.55
 14   8 0.57
 14   9 0.68
 14  10 0.64
 14  11 0.54
 14  12 0.56
 14  13 0.69
 14  14 1.00
 14  15 0.62
 14  16 0.54
 14  17 0.55
 14  18 0.59
 14  19 0.66
 14  20 0.61
 14  21 0.49
 14  22 0.60
 15   1 0.63
 15   2 0.51
 15   3 0.52
 15   4 0.32
 15   5 0.75
 15   6 0.83
 15   7 0.53
 15   8 0.64
 15   9 0.60
 15  10 0.72
 15  11 0.61
 15  12 0.59
 15  13 0.60
 15  14 0.62
 15  15 1.00
 15  16 0.77
 15  17 0.62
 15  18 0.56
 15  19 0.63
 15  20 0.58
 15  21 0.62
 15  22 0.42
 16   1 0.55
 16   2 0.57
 16   3 0.40
 16   4 0.29
 16   5 0.73
 16   6 0.78
 16   7 0.58
 16   8 0.69
 16   9 0.55
 16  10 0.71
 16  11 0.57
 16  12 0.61
 16  13 0.55
 16  14 0.54
 16  15 0.77
 16  16 1.00
 16  17 0.63
 16  18 0.55
 16  19 0.56
 16  20 0.64
 16  21 0.64
 16  22 0.40
 17   1 0.64
 17   2 0.47
 17   3 0.52
 17   4 0.33
 17   5 0.51
 17   6 0.65
 17   7 0.49
 17   8 0.51
 17   9 0.62
 17  10 0.79
 17  11 0.72
 17  12 0.66
 17  13 0.69
 17  14 0.55
 17  15 0.62
 17  16 0.63
 17  17 1.00
 17  18 0.56
 17  19 0.60
 17  20 0.57
 17  21 0.67
 17  22 0.35
 18   1 0.69
 18   2 0.52
 18   3 0.64
 18   4 0.53
 18   5 0.54
 18   6 0.69
 18   7 0.67
 18   8 0.62
 18   9 0.62
 18  10 0.55
 18  11 0.76
 18  12 0.73
 18  13 0.64
 18  14 0.59
 18  15 0.56
 18  16 0.55
 18  17 0.56
 18  18 1.00
 18  19 0.71
 18  20 0.76
 18  21 0.60
 18  22 0.57
 19   1 0.81
 19   2 0.51
 19   3 0.76
 19   4 0.46
 19   5 0.58
 19   6 0.73
 19   7 0.57
 19   8 0.59
 19   9 0.60
 19  10 0.64
 19  11 0.70
 19  12 0.76
 19  13 0.74
 19  14 0.66
 19  15 0.63
 19  16 0.56
 19  17 0.60
 19  18 0.71
 19  19 1.00
 19  20 0.70
 19  21 0.63
 19  22 0.58
 20   1 0.71
 20   2 0.57
 20   3 0.62
 20   4 0.57
 20   5 0.60
 20   6 0.70
 20   7 0.66
 20   8 0.65
 20   9 0.60
 20  10 0.57
 20  11 0.68
 20  12 0.68
 20  13 0.62
 20  14 0.61
 20  15 0.58
 20  16 0.64
 20  17 0.57
 20  18 0.76
 20  19 0.70
 20  20 1.00
 20  21 0.61
 20  22 0.59
 21   1 0.65
 21   2 0.56
 21   3 0.48
 21   4 0.33
 21   5 0.55
 21   6 0.69
 21   7 0.59
 21   8 0.69
 21   9 0.49
 21  10 0.64
 21  11 0.66
 21  12 0.74
 21  13 0.64
 21  14 0.49
 21  15 0.62
 21  16 0.64
 21  17 0.67
 21  18 0.60
 21  19 0.63
 21  20 0.61
 21  21 1.00
 21  22 0.49
 22   1 0.55
 22   2 0.48
 22   3 0.61
 22   4 0.56
 22   5 0.52
 22   6 0.52
 22   7 0.64
 22   8 0.53
 22   9 0.43
 22  10 0.36
 22  11 0.53
 22  12 0.53
 22  13 0.54
 22  14 0.60
 22  15 0.42
 22  16 0.40
 22  17 0.35
 22  18 0.57
 22  19 0.58
 22  20 0.59
 22  21 0.49
 22  22 1.00
  1   1 1.00
  1   2 0.61
  1   3 0.69
  1   4 0.48
  1   5 0.51
  1   6 0.68
  1   7 0.63
  1   8 0.63
  1   9 0.56
  1  10 0.62
  1  11 0.69
  1  12 0.76
  1  13 0.75
  1  14 0.62
  1  15 0.63
  1  16 0.55
  1  17 0.63
  1  18 0.69
  1  19 0.81
  1  20 0.71
  1  21 0.64
  1  22 0.55
  2   1 0.61
  2   2 1.00
  2   3 0.43
  2   4 0.39
  2   5 0.53
  2   6 0.61
  2   7 0.63
  2   8 0.73
  2   9 0.43
  2  10 0.46
  2  11 0.44
  2  12 0.56
  2  13 0.54
  2  14 0.55
  2  15 0.51
  2  16 0.57
  2  17 0.47
  2  18 0.52
  2  19 0.51
  2  20 0.57
  2  21 0.56
  2  22 0.48
  3   1 0.69
  3   2 0.43
  3   3 1.00
  3   4 0.61
  3   5 0.54
  3   6 0.60
  3   7 0.53
  3   8 0.51
  3   9 0.65
  3  10 0.54
  3  11 0.62
  3  12 0.65
  3  13 0.76
  3  14 0.74
  3  15 0.52
  3  16 0.40
  3  17 0.52
  3  18 0.63
  3  19 0.76
  3  20 0.62
  3  21 0.48
  3  22 0.61
  4   1 0.48
  4   2 0.39
  4   3 0.61
  4   4 1.00
  4   5 0.43
  4   6 0.43
  4   7 0.52
  4   8 0.41
  4   9 0.52
  4  10 0.36
  4  11 0.43
  4  12 0.40
  4  13 0.45
  4  14 0.62
  4  15 0.32
  4  16 0.29
  4  17 0.33
  4  18 0.52
  4  19 0.46
  4  20 0.57
  4  21 0.32
  4  22 0.56
  5   1 0.51
  5   2 0.53
  5   3 0.54
  5   4 0.43
  5   5 1.00
  5   6 0.75
  5   7 0.62
  5   8 0.66
  5   9 0.69
  5  10 0.63
  5  11 0.54
  5  12 0.49
  5  13 0.53
  5  14 0.68
  5  15 0.75
  5  16 0.73
  5  17 0.51
  5  18 0.54
  5  19 0.58
  5  20 0.60
  5  21 0.55
  5  22 0.52
  6   1 0.68
  6   2 0.61
  6   3 0.60
  6   4 0.43
  6   5 0.75
  6   6 1.00
  6   7 0.67
  6   8 0.71
  6   9 0.65
  6  10 0.74
  6  11 0.68
  6  12 0.67
  6  13 0.68
  6  14 0.67
  6  15 0.83
  6  16 0.78
  6  17 0.64
  6  18 0.69
  6  19 0.73
  6  20 0.70
  6  21 0.68
  6  22 0.52
  7   1 0.63
  7   2 0.63
  7   3 0.53
  7   4 0.52
  7   5 0.62
  7   6 0.67
  7   7 1.00
  7   8 0.72
  7   9 0.57
  7  10 0.50
  7  11 0.62
  7  12 0.62
  7  13 0.58
  7  14 0.55
  7  15 0.52
  7  16 0.58
  7  17 0.49
  7  18 0.66
  7  19 0.57
  7  20 0.66
  7  21 0.59
  7  22 0.64
  8   1 0.63
  8   2 0.73
  8   3 0.51
  8   4 0.41
  8   5 0.66
  8   6 0.71
  8   7 0.72
  8   8 1.00
  8   9 0.51
  8  10 0.55
  8  11 0.55
  8  12 0.66
  8  13 0.61
  8  14 0.57
  8  15 0.64
  8  16 0.69
  8  17 0.51
  8  18 0.62
  8  19 0.59
  8  20 0.65
  8  21 0.68
  8  22 0.53
  9   1 0.56
  9   2 0.43
  9   3 0.65
  9   4 0.52
  9   5 0.69
  9   6 0.65
  9   7 0.57
  9   8 0.51
  9   9 1.00
  9  10 0.71
  9  11 0.69
  9  12 0.54
  9  13 0.61
  9  14 0.68
  9  15 0.60
  9  16 0.55
  9  17 0.62
  9  18 0.61
  9  19 0.59
  9  20 0.60
  9  21 0.48
  9  22 0.42
 10   1 0.62
 10   2 0.46
 10   3 0.54
 10   4 0.36
 10   5 0.63
 10   6 0.74
 10   7 0.50
 10   8 0.55
 10   9 0.71
 10  10 1.00
 10  11 0.65
 10  12 0.60
 10  13 0.65
 10  14 0.64
 10  15 0.72
 10  16 0.71
 10  17 0.79
 10  18 0.54
 10  19 0.64
 10  20 0.57
 10  21 0.64
 10  22 0.36
 11   1 0.69
 11   2 0.44
 11   3 0.62
 11   4 0.43
 11   5 0.54
 11   6 0.68
 11   7 0.62
 11   8 0.55
 11   9 0.69
 11  10 0.65
 11  11 1.00
 11  12 0.75
 11  13 0.69
 11  14 0.53
 11  15 0.61
 11  16 0.57
 11  17 0.72
 11  18 0.76
 11  19 0.70
 11  20 0.68
 11  21 0.65
 11  22 0.53
 12   1 0.76
 12   2 0.56
 12   3 0.65
 12   4 0.40
 12   5 0.49
 12   6 0.67
 12   7 0.62
 12   8 0.66
 12   9 0.54
 12  10 0.60
 12  11 0.75
 12  12 1.00
 12  13 0.74
 12  14 0.56
 12  15 0.59
 12  16 0.61
 12  17 0.66
 12  18 0.73
 12  19 0.76
 12  20 0.68
 12  21 0.74
 12  22 0.53
 13   1 0.75
 13   2 0.54
 13   3 0.76
 13   4 0.45
 13   5 0.53
 13   6 0.68
 13   7 0.58
 13   8 0.61
 13   9 0.61
 13  10 0.65
 13  11 0.69
 13  12 0.74
 13  13 1.00
 13  14 0.69
 13  15 0.60
 13  16 0.54
 13  17 0.69
 13  18 0.64
 13  19 0.74
 13  20 0.62
 13  21 0.64
 13  22 0.54
 14   1 0.62
 14   2 0.55
 14   3 0.74
 14   4 0.62
 14   5 0.68
 14   6 0.67
 14   7 0.55
 14   8 0.57
 14   9 0.68
 14  10 0.64
 14  11 0.53
 14  12 0.56
 14  13 0.69
 14  14 1.00
 14  15 0.61
 14  16 0.54
 14  17 0.55
 14  18 0.58
 14  19 0.66
 14  20 0.60
 14  21 0.48
 14  22 0.59
 15   1 0.63
 15   2 0.51
 15   3 0.52
 15   4 0.32
 15   5 0.75
 15   6 0.83
 15   7 0.52
 15   8 0.64
 15   9 0.60
 15  10 0.72
 15  11 0.61
 15  12 0.59
 15  13 0.60
 15  14 0.61
 15  15 1.00
 15  16 0.77
 15  17 0.62
 15  18 0.56
 15  19 0.63
 15  20 0.58
 15  21 0.62
 15  22 0.42
 16   1 0.55
 16   2 0.57
 16   3 0.40
 16   4 0.29
 16   5 0.73
 16   6 0.78
 16   7 0.58
 16   8 0.69
 16   9 0.55
 16  10 0.71
 16  11 0.57
 16  12 0.61
 16  13 0.54
 16  14 0.54
 16  15 0.77
 16  16 1.00
 16  17 0.63
 16  18 0.55
 16  19 0.56
 16  20 0.64
 16  21 0.64
 16  22 0.40
 17   1 0.63
 17   2 0.47
 17   3 0.52
 17   4 0.33
 17   5 0.51
 17   6 0.64
 17   7 0.49
 17   8 0.51
 17   9 0.62
 17  10 0.79
 17  11 0.72
 17  12 0.66
 17  13 0.69
 17  14 0.55
 17  15 0.62
 17  16 0.63
 17  17 1.00
 17  18 0.56
 17  19 0.60
 17  20 0.57
 17  21 0.66
 17  22 0.35
 18   1 0.69
 18   2 0.52
 18   3 0.63
 18   4 0.52
 18   5 0.54
 18   6 0.69
 18   7 0.66
 18   8 0.62
 18   9 0.61
 18  10 0.54
 18  11 0.76
 18  12 0.73
 18  13 0.64
 18  14 0.58
 18  15 0.56
 18  16 0.55
 18  17 0.56
 18  18 1.00
 18  19 0.71
 18  20 0.76
 18  21 0.60
 18  22 0.57
 19   1 0.81
 19   2 0.51
 19   3 0.76
 19   4 0.46
 19   5 0.58
 19   6 0.73
 19   7 0.57
 19   8 0.59
 19   9 0.59
 19  10 0.64
 19  11 0.70
 19  12 0.76
 19  13 0.74
 19  14 0.66
 19  15 0.63
 19  16 0.56
 19  17 0.60
 19  18 0.71
 19  19 1.00
 19  20 0.70
 19  21 0.63
 19  22 0.58
 20   1 0.71
 20   2 0.57
 20   3 0.62
 20   4 0.57
 20   5 0.60
 20   6 0.70
 20   7 0.66
 20   8 0.65
 20   9 0.60
 20  10 0.57
 20  11 0.68
 20  12 0.68
 20  13 0.62
 20  14 0.60
 20  15 0.58
 20  16 0.64
 20  17 0.57
 20  18 0.76
 20  19 0.70
 20  20 1.00
 20  21 0.60
 20  22 0.59
 21   1 0.64
 21   2 0.56
 21   3 0.48
 21   4 0.32
 21   5 0.55
 21   6 0.68
 21   7 0.59
 21   8 0.68
 21   9 0.48
 21  10 0.64
 21  11 0.65
 21  12 0.74
 21  13 0.64
 21  14 0.48
 21  15 0.62
 21  16 0.64
 21  17 0.66
 21  18 0.60
 21  19 0.63
 21  20 0.60
 21  21 1.00
 21  22 0.49
 22   1 0.55
 22   2 0.48
 22   3 0.61
 22   4 0.56
 22   5 0.52
 22   6 0.52
 22   7 0.64
 22   8 0.53
 22   9 0.42
 22  10 0.36
 22  11 0.53
 22  12 0.53
 22  13 0.54
 22  14 0.59
 22  15 0.42
 22  16 0.40
 22  17 0.35
 22  18 0.57
 22  19 0.58
 22  20 0.59
 22  21 0.49
 22  22 1.00
  1   1 1.00
  1   2 0.61
  1   3 0.69
  1   4 0.48
  1   5 0.51
  1   6 0.68
  1   7 0.63
  1   8 0.63
  1   9 0.56
  1  10 0.62
  1  11 0.69
  1  12 0.76
  1  13 0.75
  1  14 0.62
  1  15 0.63
  1  16 0.55
  1  17 0.63
  1  18 0.69
  1  19 0.81
  1  20 0.71
  1  21 0.64
  1  22 0.55
  2   1 0.61
  2   2 1.00
  2   3 0.43
  2   4 0.39
  2   5 0.53
  2   6 0.61
  2   7 0.63
  2   8 0.73
  2   9 0.43
  2  10 0.46
  2  11 0.44
  2  12 0.56
  2  13 0.54
  2  14 0.55
  2  15 0.51
  2  16 0.57
  2  17 0.47
  2  18 0.52
  2  19 0.51
  2  20 0.57
  2  21 0.56
  2  22 0.48
  3   1 0.69
  3   2 0.43
  3   3 1.00
  3   4 0.61
  3   5 0.54
  3   6 0.60
  3   7 0.53
  3   8 0.51
  3   9 0.65
  3  10 0.54
  3  11 0.62
  3  12 0.65
  3  13 0.76
  3  14 0.74
  3  15 0.52
  3  16 0.40
  3  17 0.52
  3  18 0.63
  3  19 0.76
  3  20 0.62
  3  21 0.48
  3  22 0.61
  4   1 0.48
  4   2 0.39
  4   3 0.61
  4   4 1.00
  4   5 0.43
  4   6 0.43
  4   7 0.52
  4   8 0.41
  4   9 0.52
  4  10 0.36
  4  11 0.43
  4  12 0.40
  4  13 0.45
  4  14 0.62
  4  15 0.32
  4  16 0.29
  4  17 0.33
  4  18 0.52
  4  19 0.46
  4  20 0.57
  4  21 0.32
  4  22 0.56
  5   1 0.51
  5   2 0.53
  5   3 0.54
  5   4 0.43
  5   5 1.00
  5   6 0.75
  5   7 0.62
  5   8 0.66
  5   9 0.69
  5  10 0.63
  5  11 0.54
  5  12 0.49
  5  13 0.53
  5  14 0.68
  5  15 0.75
  5  16 0.73
  5  17 0.51
  5  18 0.54
  5  19 0.58
  5  20 0.60
  5  21 0.55
  5  22 0.52
  6   1 0.68
  6   2 0.61
  6   3 0.60
  6   4 0.43
  6   5 0.75
  6   6 1.00
  6   7 0.67
  6   8 0.71
  6   9 0.65
  6  10 0.74
  6  11 0.68
  6  12 0.67
  6  13 0.68
  6  14 0.67
  6  15 0.83
  6  16 0.78
  6  17 0.64
  6  18 0.69
  6  19 0.73
  6  20 0.70
  6  21 0.68
  6  22 0.52
  7   1 0.63
  7   2 0.63
  7   3 0.53
  7   4 0.52
  7   5 0.62
  7   6 0.67
  7   7 1.00
  7   8 0.72
  7   9 0.57
  7  10 0.50
  7  11 0.62
  7  12 0.62
  7  13 0.58
  7  14 0.55
  7  15 0.52
  7  16 0.58
  7  17 0.49
  7  18 0.66
  7  19 0.57
  7  20 0.66
  7  21 0.59
  7  22 0.64
  8   1 0.63
  8   2 0.73
  8   3 0.51
  8   4 0.41
  8   5 0.66
  8   6 0.71
  8   7 0.72
  8   8 1.00
  8   9 0.51
  8  10 0.55
  8  11 0.55
  8  12 0.66
  8  13 0.61
  8  14 0.57
  8  15 0.64
  8  16 0.69
  8  17 0.51
  8  18 0.62
  8  19 0.59
  8  20 0.65
  8  21 0.68
  8  22 0.53
  9   1 0.56
  9   2 0.43
  9   3 0.65
  9   4 0.52
  9   5 0.69
  9   6 0.65
  9   7 0.57
  9   8 0.51
  9   9 1.00
  9  10 0.71
  9  11 0.69
  9  12 0.54
  9  13 0.61
  9  14 0.68
  9  15 0.60
  9  16 0.55
  9  17 0.62
  9  18 0.61
  9  19 0.59
  9  20 0.60
  9  21 0.48
  9  22 0.42
 10   1 0.62
 10   2 0.46
 10   3 0.54
 10   4 0.36
 10   5 0.63
 10   6 0.74
 10   7 0.50
 10   8 0.55
 10   9 0.71
 10  10 1.00
 10  11 0.65
 10  12 0.60
 10  13 0.65
 10  14 0.64
 10  15 0.72
 10  16 0.71
 10  17 0.79
 10  18 0.54
 10  19 0.64
 10  20 0.57
 10  21 0.64
 10  22 0.36
 11   1 0.69
 11   2 0.44
 11   3 0.62
 11   4 0.43
 11   5 0.54
 11   6 0.68
 11   7 0.62
 11   8 0.55
 11   9 0.69
 11  10 0.65
 11  11 1.00
 11  12 0.75
 11  13 0.69
 11  14 0.53
 11  15 0.61
 11  16 0.57
 11  17 0.72
 11  18 0.76
 11  19 0.70
 11  20 0.68
 11  21 0.65
 11  22 0.53
 12   1 0.76
 12   2 0.56
 12   3 0.65
 12   4 0.40
 12   5 0.49
 12   6 0.67
 12   7 0.62
 12   8 0.66
 12   9 0.54
 12  10 0.60
 12  11 0.75
 12  12 1.00
 12  13 0.74
 12  14 0.56
 12  15 0.59
 12  16 0.61
 12  17 0.66
 12  18 0.73
 12  19 0.76
 12  20 0.68
 12  21 0.74
 12  22 0.53
 13   1 0.75
 13   2 0.54
 13   3 0.76
 13   4 0.45
 13   5 0.53
 13   6 0.68
 13   7 0.58
 13   8 0.61
 13   9 0.61
 13  10 0.65
 13  11 0.69
 13  12 0.74
 13  13 1.00
 13  14 0.69
 13  15 0.60
 13  16 0.54
 13  17 0.69
 13  18 0.64
 13  19 0.74
 13  20 0.62
 13  21 0.64
 13  22 0.54
 14   1 0.62
 14   2 0.55
 14   3 0.74
 14   4 0.62
 14   5 0.68
 14   6 0.67
 14   7 0.55
 14   8 0.57
 14   9 0.68
 14  10 0.64
 14  11 0.53
 14  12 0.56
 14  13 0.69
 14  14 1.00
 14  15 0.61
 14  16 0.54
 14  17 0.55
 14  18 0.58
 14  19 0.66
 14  20 0.60
 14  21 0.48
 14  22 0.59
 15   1 0.63
 15   2 0.51
 15   3 0.52
 15   4 0.32
 15   5 0.75
 15   6 0.83
 15   7 0.52
 15   8 0.64
 15   9 0.60
 15  10 0.72
 15  11 0.61
 15  12 0.59
 15  13 0.60
 15  14 0.61
 15  15 1.00
 15  16 0.77
 15  17 0.62
 15  18 0.56
 15  19 0.63
 15  20 0.58
 15  21 0.62
 15  22 0.42
 16   1 0.55
 16   2 0.57
 16   3 0.40
 16   4 0.29
 16   5 0.73
 16   6 0.78
 16   7 0.58
 16   8 0.69
 16   9 0.55
 16  10 0.71
 16  11 0.57
 16  12 0.61
 16  13 0.54
 16  14 0.54
 16  15 0.77
 16  16 1.00
 16  17 0.63
 16  18 0.55
 16  19 0.56
 16  20 0.64
 16  21 0.64
 16  22 0.40
 17   1 0.63
 17   2 0.47
 17   3 0.52
 17   4 0.33
 17   5 0.51
 17   6 0.64
 17   7 0.49
 17   8 0.51
 17   9 0.62
 17  10 0.79
 17  11 0.72
 17  12 0.66
 17  13 0.69
 17  14 0.55
 17  15 0.62
 17  16 0.63
 17  17 1.00
 17  18 0.56
 17  19 0.60
 17  20 0.57
 17  21 0.66
 17  22 0.35
 18   1 0.69
 18   2 0.52
 18   3 0.63
 18   4 0.52
 18   5 0.54
 18   6 0.69
 18   7 0.66
 18   8 0.62
 18   9 0.61
 18  10 0.54
 18  11 0.76
 18  12 0.73
 18  13 0.64
 18  14 0.58
 18  15 0.56
 18  16 0.55
 18  17 0.56
 18  18 1.00
 18  19 0.71
 18  20 0.76
 18  21 0.60
 18  22 0.57
 19   1 0.81
 19   2 0.51
 19   3 0.76
 19   4 0.46
 19   5 0.58
 19   6 0.73
 19   7 0.57
 19   8 0.59
 19   9 0.59
 19  10 0.64
 19  11 0.70
 19  12 0.76
 19  13 0.74
 19  14 0.66
 19  15 0.63
 19  16 0.56
 19  17 0.60
 19  18 0.71
 19  19 1.00
 19  20 0.70
 19  21 0.63
 19  22 0.58
 20   1 0.71
 20   2 0.57
 20   3 0.62
 20   4 0.57
 20   5 0.60
 20   6 0.70
 20   7 0.66
 20   8 0.65
 20   9 0.60
 20  10 0.57
 20  11 0.68
 20  12 0.68
 20  13 0.62
 20  14 0.60
 20  15 0.58
 20  16 0.64
 20  17 0.57
 20  18 0.76
 20  19 0.70
 20  20 1.00
 20  21 0.60
 20  22 0.59
 21   1 0.64
 21   2 0.56
 21   3 0.48
 21   4 0.32
 21   5 0.55
 21   6 0.68
 21   7 0.59
 21   8 0.68
 21   9 0.48
 21  10 0.64
 21  11 0.65
 21  12 0.74
 21  13 0.64
 21  14 0.48
 21  15 0.62
 21  16 0.64
 21  17 0.66
 21  18 0.60
 21  19 0.63
 21  20 0.60
 21  21 1.00
 21  22 0.49
 22   1 0.55
 22   2 0.48
 22   3 0.61
 22   4 0.56
 22   5 0.52
 22   6 0.52
 22   7 0.64
 22   8 0.53
 22   9 0.42
 22  10 0.36
 22  11 0.53
 22  12 0.53
 22  13 0.54
 22  14 0.59
 22  15 0.42
 22  16 0.40
 22  17 0.35
 22  18 0.57
 22  19 0.58
 22  20 0.59
 22  21 0.49
 22  22 1.00
