  1   1 1.00
  1   2 0.62
  1   3 0.46
  1   4 0.19
  1   5 0.46
  1   6 0.40
  1   7 0.40
  1   8 0.74
  1   9 0.38
  1  10 0.39
  1  11 0.48
  1  12 0.36
  1  13 0.31
  1  14 0.54
  1  15 0.38
  1  16 0.40
  1  17 0.34
  1  18 0.33
  1  19 0.48
  1  20 0.49
  1  21 0.61
  1  22 0.49
  2   1 0.62
  2   2 1.00
  2   3 0.45
  2   4 0.18
  2   5 0.42
  2   6 0.28
  2   7 0.38
  2   8 0.75
  2   9 0.33
  2  10 0.24
  2  11 0.42
  2  12 0.22
  2  13 0.28
  2  14 0.44
  2  15 0.33
  2  16 0.32
  2  17 0.24
  2  18 0.33
  2  19 0.43
  2  20 0.41
  2  21 0.46
  2  22 0.28
  3   1 0.46
  3   2 0.45
  3   3 1.00
  3   4 0.25
  3   5 0.45
  3   6 0.26
  3   7 0.68
  3   8 0.52
  3   9 0.65
  3  10 0.32
  3  11 0.42
  3  12 0.19
  3  13 0.39
  3  14 0.48
  3  15 0.54
  3  16 0.27
  3  17 0.32
  3  18 0.30
  3  19 0.54
  3  20 0.42
  3  21 0.37
  3  22 0.41
  4   1 0.19
  4   2 0.18
  4   3 0.25
  4   4 1.00
  4   5 0.25
  4   6 0.11
  4   7 0.21
  4   8 0.19
  4   9 0.22
  4  10 0.13
  4  11 0.14
  4  12 0.12
  4  13 0.22
  4  14 0.21
  4  15 0.28
  4  16 0.16
  4  17 0.17
  4  18 0.13
  4  19 0.27
  4  20 0.21
  4  21 0.16
  4  22 0.16
  5   1 0.46
  5   2 0.42
  5   3 0.45
  5   4 0.25
  5   5 1.00
  5   6 0.60
  5   7 0.59
  5   8 0.45
  5   9 0.48
  5  10 0.76
  5  11 0.74
  5  12 0.50
  5  13 0.41
  5  14 0.74
  5  15 0.61
  5  16 0.72
  5  17 0.67
  5  18 0.51
  5  19 0.74
  5  20 0.78
  5  21 0.49
  5  22 0.59
  6   1 0.40
  6   2 0.28
  6   3 0.26
  6   4 0.11
  6   5 0.60
  6   6 1.00
  6   7 0.38
  6   8 0.38
  6   9 0.38
  6  10 0.66
  6  11 0.66
  6  12 0.68
  6  13 0.34
  6  14 0.66
  6  15 0.38
  6  16 0.63
  6  17 0.63
  6  18 0.51
  6  19 0.56
  6  20 0.69
  6  21 0.59
  6  22 0.59
  7   1 0.40
  7   2 0.38
  7   3 0.68
  7   4 0.21
  7   5 0.59
  7   6 0.38
  7   7 1.00
  7   8 0.47
  7   9 0.77
  7  10 0.42
  7  11 0.58
  7  12 0.25
  7  13 0.43
  7  14 0.65
  7  15 0.55
  7  16 0.38
  7  17 0.43
  7  18 0.40
  7  19 0.60
  7  20 0.49
  7  21 0.44
  7  22 0.47
  8   1 0.74
  8   2 0.75
  8   3 0.52
  8   4 0.19
  8   5 0.45
  8   6 0.38
  8   7 0.47
  8   8 1.00
  8   9 0.43
  8  10 0.30
  8  11 0.55
  8  12 0.30
  8  13 0.33
  8  14 0.57
  8  15 0.40
  8  16 0.34
  8  17 0.28
  8  18 0.44
  8  19 0.45
  8  20 0.46
  8  21 0.63
  8  22 0.38
  9   1 0.38
  9   2 0.33
  9   3 0.65
  9   4 0.22
  9   5 0.48
  9   6 0.38
  9   7 0.77
  9   8 0.43
  9   9 1.00
  9  10 0.38
  9  11 0.53
  9  12 0.24
  9  13 0.40
  9  14 0.55
  9  15 0.55
  9  16 0.32
  9  17 0.37
  9  18 0.30
  9  19 0.55
  9  20 0.44
  9  21 0.47
  9  22 0.53
 10   1 0.39
 10   2 0.24
 10   3 0.32
 10   4 0.13
 10   5 0.76
 10   6 0.66
 10   7 0.42
 10   8 0.30
 10   9 0.38
 10  10 1.00
 10  11 0.64
 10  12 0.62
 10  13 0.44
 10  14 0.60
 10  15 0.53
 10  16 0.67
 10  17 0.83
 10  18 0.45
 10  19 0.68
 10  20 0.65
 10  21 0.41
 10  22 0.66
 11   1 0.48
 11   2 0.42
 11   3 0.42
 11   4 0.14
 11   5 0.74
 11   6 0.66
 11   7 0.58
 11   8 0.55
 11   9 0.53
 11  10 0.64
 11  11 1.00
 11  12 0.56
 11  13 0.32
 11  14 0.81
 11  15 0.48
 11  16 0.59
 11  17 0.67
 11  18 0.62
 11  19 0.51
 11  20 0.67
 11  21 0.64
 11  22 0.50
 12   1 0.36
 12   2 0.22
 12   3 0.19
 12   4 0.12
 12   5 0.50
 12   6 0.68
 12   7 0.25
 12   8 0.30
 12   9 0.24
 12  10 0.62
 12  11 0.56
 12  12 1.00
 12  13 0.34
 12  14 0.53
 12  15 0.32
 12  16 0.66
 12  17 0.68
 12  18 0.49
 12  19 0.47
 12  20 0.63
 12  21 0.45
 12  22 0.42
 13   1 0.31
 13   2 0.28
 13   3 0.39
 13   4 0.22
 13   5 0.41
 13   6 0.34
 13   7 0.43
 13   8 0.33
 13   9 0.40
 13  10 0.44
 13  11 0.32
 13  12 0.34
 13  13 1.00
 13  14 0.42
 13  15 0.60
 13  16 0.40
 13  17 0.42
 13  18 0.32
 13  19 0.56
 13  20 0.45
 13  21 0.31
 13  22 0.49
 14   1 0.54
 14   2 0.44
 14   3 0.48
 14   4 0.21
 14   5 0.74
 14   6 0.66
 14   7 0.65
 14   8 0.57
 14   9 0.55
 14  10 0.60
 14  11 0.81
 14  12 0.53
 14  13 0.42
 14  14 1.00
 14  15 0.52
 14  16 0.68
 14  17 0.63
 14  18 0.55
 14  19 0.62
 14  20 0.73
 14  21 0.67
 14  22 0.55
 15   1 0.38
 15   2 0.33
 15   3 0.54
 15   4 0.28
 15   5 0.61
 15   6 0.38
 15   7 0.55
 15   8 0.40
 15   9 0.55
 15  10 0.53
 15  11 0.48
 15  12 0.32
 15  13 0.60
 15  14 0.52
 15  15 1.00
 15  16 0.49
 15  17 0.51
 15  18 0.37
 15  19 0.67
 15  20 0.48
 15  21 0.38
 15  22 0.52
 16   1 0.40
 16   2 0.32
 16   3 0.27
 16   4 0.16
 16   5 0.72
 16   6 0.63
 16   7 0.38
 16   8 0.34
 16   9 0.32
 16  10 0.67
 16  11 0.59
 16  12 0.66
 16  13 0.40
 16  14 0.68
 16  15 0.49
 16  16 1.00
 16  17 0.65
 16  18 0.46
 16  19 0.59
 16  20 0.70
 16  21 0.47
 16  22 0.46
 17   1 0.34
 17   2 0.24
 17   3 0.32
 17   4 0.17
 17   5 0.67
 17   6 0.63
 17   7 0.43
 17   8 0.28
 17   9 0.37
 17  10 0.83
 17  11 0.67
 17  12 0.68
 17  13 0.42
 17  14 0.63
 17  15 0.51
 17  16 0.65
 17  17 1.00
 17  18 0.48
 17  19 0.59
 17  20 0.55
 17  21 0.42
 17  22 0.49
 18   1 0.33
 18   2 0.33
 18   3 0.30
 18   4 0.13
 18   5 0.51
 18   6 0.51
 18   7 0.40
 18   8 0.44
 18   9 0.30
 18  10 0.45
 18  11 0.62
 18  12 0.49
 18  13 0.32
 18  14 0.55
 18  15 0.37
 18  16 0.46
 18  17 0.48
 18  18 1.00
 18  19 0.38
 18  20 0.49
 18  21 0.44
 18  22 0.28
 19   1 0.48
 19   2 0.43
 19   3 0.54
 19   4 0.27
 19   5 0.74
 19   6 0.56
 19   7 0.60
 19   8 0.45
 19   9 0.55
 19  10 0.68
 19  11 0.51
 19  12 0.47
 19  13 0.56
 19  14 0.62
 19  15 0.67
 19  16 0.59
 19  17 0.59
 19  18 0.38
 19  19 1.00
 19  20 0.69
 19  21 0.45
 19  22 0.68
 20   1 0.49
 20   2 0.41
 20   3 0.42
 20   4 0.21
 20   5 0.78
 20   6 0.69
 20   7 0.49
 20   8 0.46
 20   9 0.44
 20  10 0.65
 20  11 0.67
 20  12 0.63
 20  13 0.45
 20  14 0.73
 20  15 0.48
 20  16 0.70
 20  17 0.55
 20  18 0.49
 20  19 0.69
 20  20 1.00
 20  21 0.53
 20  22 0.58
 21   1 0.61
 21   2 0.46
 21   3 0.37
 21   4 0.16
 21   5 0.49
 21   6 0.59
 21   7 0.44
 21   8 0.63
 21   9 0.47
 21  10 0.41
 21  11 0.64
 21  12 0.45
 21  13 0.31
 21  14 0.67
 21  15 0.38
 21  16 0.47
 21  17 0.42
 21  18 0.44
 21  19 0.45
 21  20 0.53
 21  21 1.00
 21  22 0.44
 22   1 0.49
 22   2 0.28
 22   3 0.41
 22   4 0.16
 22   5 0.59
 22   6 0.59
 22   7 0.47
 22   8 0.38
 22   9 0.53
 22  10 0.66
 22  11 0.50
 22  12 0.42
 22  13 0.49
 22  14 0.55
 22  15 0.52
 22  16 0.46
 22  17 0.49
 22  18 0.28
 22  19 0.68
 22  20 0.58
 22  21 0.44
 22  22 1.00
  1   1 1.00
  1   2 0.62
  1   3 0.46
  1   4 0.19
  1   5 0.46
  1   6 0.39
  1   7 0.40
  1   8 0.74
  1   9 0.38
  1  10 0.39
  1  11 0.48
  1  12 0.36
  1  13 0.31
  1  14 0.54
  1  15 0.38
  1  16 0.40
  1  17 0.34
  1  18 0.33
  1  19 0.47
  1  20 0.49
  1  21 0.61
  1  22 0.49
  2   1 0.62
  2   2 1.00
  2   3 0.45
  2   4 0.17
  2   5 0.42
  2   6 0.28
  2   7 0.38
  2   8 0.75
  2   9 0.33
  2  10 0.24
  2  11 0.42
  2  12 0.22
  2  13 0.28
  2  14 0.44
  2  15 0.33
  2  16 0.32
  2  17 0.24
  2  18 0.32
  2  19 0.43
  2  20 0.41
  2  21 0.45
  2  22 0.28
  3   1 0.46
  3   2 0.45
  3   3 1.00
  3   4 0.24
  3   5 0.45
  3   6 0.26
  3   7 0.68
  3   8 0.52
  3   9 0.65
  3  10 0.31
  3  11 0.42
  3  12 0.19
  3  13 0.39
  3  14 0.48
  3  15 0.54
  3  16 0.27
  3  17 0.32
  3  18 0.30
  3  19 0.54
  3  20 0.42
  3  21 0.37
  3  22 0.41
  4   1 0.19
  4   2 0.17
  4   3 0.24
  4   4 1.00
  4   5 0.25
  4   6 0.11
  4   7 0.21
  4   8 0.19
  4   9 0.22
  4  10 0.13
  4  11 0.14
  4  12 0.12
  4  13 0.22
  4  14 0.21
  4  15 0.28
  4  16 0.16
  4  17 0.17
  4  18 0.13
  4  19 0.27
  4  20 0.21
  4  21 0.16
  4  22 0.16
  5   1 0.46
  5   2 0.42
  5   3 0.45
  5   4 0.25
  5   5 1.00
  5   6 0.60
  5   7 0.59
  5   8 0.45
  5   9 0.48
  5  10 0.76
  5  11 0.74
  5  12 0.50
  5  13 0.41
  5  14 0.74
  5  15 0.61
  5  16 0.71
  5  17 0.67
  5  18 0.51
  5  19 0.74
  5  20 0.78
  5  21 0.49
  5  22 0.59
  6   1 0.39
  6   2 0.28
  6   3 0.26
  6   4 0.11
  6   5 0.60
  6   6 1.00
  6   7 0.38
  6   8 0.38
  6   9 0.38
  6  10 0.66
  6  11 0.66
  6  12 0.68
  6  13 0.34
  6  14 0.66
  6  15 0.38
  6  16 0.63
  6  17 0.63
  6  18 0.51
  6  19 0.56
  6  20 0.69
  6  21 0.59
  6  22 0.59
  7   1 0.40
  7   2 0.38
  7   3 0.68
  7   4 0.21
  7   5 0.59
  7   6 0.38
  7   7 1.00
  7   8 0.47
  7   9 0.77
  7  10 0.42
  7  11 0.58
  7  12 0.25
  7  13 0.43
  7  14 0.65
  7  15 0.55
  7  16 0.38
  7  17 0.43
  7  18 0.40
  7  19 0.60
  7  20 0.48
  7  21 0.44
  7  22 0.47
  8   1 0.74
  8   2 0.75
  8   3 0.52
  8   4 0.19
  8   5 0.45
  8   6 0.38
  8   7 0.47
  8   8 1.00
  8   9 0.43
  8  10 0.30
  8  11 0.55
  8  12 0.29
  8  13 0.33
  8  14 0.57
  8  15 0.40
  8  16 0.34
  8  17 0.28
  8  18 0.44
  8  19 0.45
  8  20 0.46
  8  21 0.63
  8  22 0.38
  9   1 0.38
  9   2 0.33
  9   3 0.65
  9   4 0.22
  9   5 0.48
  9   6 0.38
  9   7 0.77
  9   8 0.43
  9   9 1.00
  9  10 0.38
  9  11 0.53
  9  12 0.24
  9  13 0.40
  9  14 0.55
  9  15 0.55
  9  16 0.32
  9  17 0.37
  9  18 0.30
  9  19 0.55
  9  20 0.44
  9  21 0.47
  9  22 0.52
 10   1 0.39
 10   2 0.24
 10   3 0.31
 10   4 0.13
 10   5 0.76
 10   6 0.66
 10   7 0.42
 10   8 0.30
 10   9 0.38
 10  10 1.00
 10  11 0.64
 10  12 0.62
 10  13 0.44
 10  14 0.60
 10  15 0.53
 10  16 0.67
 10  17 0.83
 10  18 0.45
 10  19 0.68
 10  20 0.65
 10  21 0.41
 10  22 0.66
 11   1 0.48
 11   2 0.42
 11   3 0.42
 11   4 0.14
 11   5 0.74
 11   6 0.66
 11   7 0.58
 11   8 0.55
 11   9 0.53
 11  10 0.64
 11  11 1.00
 11  12 0.56
 11  13 0.32
 11  14 0.81
 11  15 0.48
 11  16 0.59
 11  17 0.67
 11  18 0.62
 11  19 0.51
 11  20 0.67
 11  21 0.64
 11  22 0.50
 12   1 0.36
 12   2 0.22
 12   3 0.19
 12   4 0.12
 12   5 0.50
 12   6 0.68
 12   7 0.25
 12   8 0.29
 12   9 0.24
 12  10 0.62
 12  11 0.56
 12  12 1.00
 12  13 0.34
 12  14 0.53
 12  15 0.32
 12  16 0.66
 12  17 0.68
 12  18 0.49
 12  19 0.47
 12  20 0.63
 12  21 0.45
 12  22 0.42
 13   1 0.31
 13   2 0.28
 13   3 0.39
 13   4 0.22
 13   5 0.41
 13   6 0.34
 13   7 0.43
 13   8 0.33
 13   9 0.40
 13  10 0.44
 13  11 0.32
 13  12 0.34
 13  13 1.00
 13  14 0.42
 13  15 0.60
 13  16 0.40
 13  17 0.42
 13  18 0.32
 13  19 0.56
 13  20 0.45
 13  21 0.31
 13  22 0.49
 14   1 0.54
 14   2 0.44
 14   3 0.48
 14   4 0.21
 14   5 0.74
 14   6 0.66
 14   7 0.65
 14   8 0.57
 14   9 0.55
 14  10 0.60
 14  11 0.81
 14  12 0.53
 14  13 0.42
 14  14 1.00
 14  15 0.52
 14  16 0.68
 14  17 0.63
 14  18 0.55
 14  19 0.62
 14  20 0.73
 14  21 0.67
 14  22 0.55
 15   1 0.38
 15   2 0.33
 15   3 0.54
 15   4 0.28
 15   5 0.61
 15   6 0.38
 15   7 0.55
 15   8 0.40
 15   9 0.55
 15  10 0.53
 15  11 0.48
 15  12 0.32
 15  13 0.60
 15  14 0.52
 15  15 1.00
 15  16 0.49
 15  17 0.51
 15  18 0.37
 15  19 0.67
 15  20 0.48
 15  21 0.38
 15  22 0.52
 16   1 0.40
 16   2 0.32
 16   3 0.27
 16   4 0.16
 16   5 0.71
 16   6 0.63
 16   7 0.38
 16   8 0.34
 16   9 0.32
 16  10 0.67
 16  11 0.59
 16  12 0.66
 16  13 0.40
 16  14 0.68
 16  15 0.49
 16  16 1.00
 16  17 0.65
 16  18 0.46
 16  19 0.59
 16  20 0.70
 16  21 0.46
 16  22 0.46
 17   1 0.34
 17   2 0.24
 17   3 0.32
 17   4 0.17
 17   5 0.67
 17   6 0.63
 17   7 0.43
 17   8 0.28
 17   9 0.37
 17  10 0.83
 17  11 0.67
 17  12 0.68
 17  13 0.42
 17  14 0.63
 17  15 0.51
 17  16 0.65
 17  17 1.00
 17  18 0.48
 17  19 0.59
 17  20 0.55
 17  21 0.42
 17  22 0.49
 18   1 0.33
 18   2 0.32
 18   3 0.30
 18   4 0.13
 18   5 0.51
 18   6 0.51
 18   7 0.40
 18   8 0.44
 18   9 0.30
 18  10 0.45
 18  11 0.62
 18  12 0.49
 18  13 0.32
 18  14 0.55
 18  15 0.37
 18  16 0.46
 18  17 0.48
 18  18 1.00
 18  19 0.38
 18  20 0.49
 18  21 0.44
 18  22 0.28
 19   1 0.47
 19   2 0.43
 19   3 0.54
 19   4 0.27
 19   5 0.74
 19   6 0.56
 19   7 0.60
 19   8 0.45
 19   9 0.55
 19  10 0.68
 19  11 0.51
 19  12 0.47
 19  13 0.56
 19  14 0.62
 19  15 0.67
 19  16 0.59
 19  17 0.59
 19  18 0.38
 19  19 1.00
 19  20 0.69
 19  21 0.45
 19  22 0.68
 20   1 0.49
 20   2 0.41
 20   3 0.42
 20   4 0.21
 20   5 0.78
 20   6 0.69
 20   7 0.48
 20   8 0.46
 20   9 0.44
 20  10 0.65
 20  11 0.67
 20  12 0.63
 20  13 0.45
 20  14 0.73
 20  15 0.48
 20  16 0.70
 20  17 0.55
 20  18 0.49
 20  19 0.69
 20  20 1.00
 20  21 0.53
 20  22 0.58
 21   1 0.61
 21   2 0.45
 21   3 0.37
 21   4 0.16
 21   5 0.49
 21   6 0.59
 21   7 0.44
 21   8 0.63
 21   9 0.47
 21  10 0.41
 21  11 0.64
 21  12 0.45
 21  13 0.31
 21  14 0.67
 21  15 0.38
 21  16 0.46
 21  17 0.42
 21  18 0.44
 21  19 0.45
 21  20 0.53
 21  21 1.00
 21  22 0.44
 22   1 0.49
 22   2 0.28
 22   3 0.41
 22   4 0.16
 22   5 0.59
 22   6 0.59
 22   7 0.47
 22   8 0.38
 22   9 0.52
 22  10 0.66
 22  11 0.50
 22  12 0.42
 22  13 0.49
 22  14 0.55
 22  15 0.52
 22  16 0.46
 22  17 0.49
 22  18 0.28
 22  19 0.68
 22  20 0.58
 22  21 0.44
 22  22 1.00
  1   1 1.00
  1   2 0.62
  1   3 0.46
  1   4 0.19
  1   5 0.46
  1   6 0.39
  1   7 0.40
  1   8 0.74
  1   9 0.38
  1  10 0.39
  1  11 0.48
  1  12 0.36
  1  13 0.31
  1  14 0.54
  1  15 0.38
  1  16 0.40
  1  17 0.34
  1  18 0.33
  1  19 0.47
  1  20 0.49
  1  21 0.61
  1  22 0.49
  2   1 0.62
  2   2 1.00
  2   3 0.45
  2   4 0.17
  2   5 0.42
  2   6 0.28
  2   7 0.38
  2   8 0.75
  2   9 0.33
  2  10 0.24
  2  11 0.42
  2  12 0.22
  2  13 0.28
  2  14 0.44
  2  15 0.33
  2  16 0.32
  2  17 0.24
  2  18 0.32
  2  19 0.43
  2  20 0.41
  2  21 0.45
  2  22 0.28
  3   1 0.46
  3   2 0.45
  3   3 1.00
  3   4 0.24
  3   5 0.45
  3   6 0.26
  3   7 0.68
  3   8 0.52
  3   9 0.65
  3  10 0.31
  3  11 0.42
  3  12 0.19
  3  13 0.39
  3  14 0.48
  3  15 0.54
  3  16 0.27
  3  17 0.32
  3  18 0.30
  3  19 0.54
  3  20 0.42
  3  21 0.37
  3  22 0.41
  4   1 0.19
  4   2 0.17
  4   3 0.24
  4   4 1.00
  4   5 0.25
  4   6 0.11
  4   7 0.21
  4   8 0.19
  4   9 0.22
  4  10 0.13
  4  11 0.14
  4  12 0.12
  4  13 0.22
  4  14 0.21
  4  15 0.28
  4  16 0.16
  4  17 0.17
  4  18 0.13
  4  19 0.27
  4  20 0.21
  4  21 0.16
  4  22 0.16
  5   1 0.46
  5   2 0.42
  5   3 0.45
  5   4 0.25
  5   5 1.00
  5   6 0.60
  5   7 0.59
  5   8 0.45
  5   9 0.48
  5  10 0.76
  5  11 0.74
  5  12 0.50
  5  13 0.41
  5  14 0.74
  5  15 0.61
  5  16 0.71
  5  17 0.67
  5  18 0.51
  5  19 0.74
  5  20 0.78
  5  21 0.49
  5  22 0.59
  6   1 0.39
  6   2 0.28
  6   3 0.26
  6   4 0.11
  6   5 0.60
  6   6 1.00
  6   7 0.38
  6   8 0.38
  6   9 0.38
  6  10 0.66
  6  11 0.66
  6  12 0.68
  6  13 0.34
  6  14 0.66
  6  15 0.38
  6  16 0.63
  6  17 0.63
  6  18 0.51
  6  19 0.56
  6  20 0.69
  6  21 0.59
  6  22 0.59
  7   1 0.40
  7   2 0.38
  7   3 0.68
  7   4 0.21
  7   5 0.59
  7   6 0.38
  7   7 1.00
  7   8 0.47
  7   9 0.77
  7  10 0.42
  7  11 0.58
  7  12 0.25
  7  13 0.43
  7  14 0.65
  7  15 0.55
  7  16 0.38
  7  17 0.43
  7  18 0.40
  7  19 0.60
  7  20 0.48
  7  21 0.44
  7  22 0.47
  8   1 0.74
  8   2 0.75
  8   3 0.52
  8   4 0.19
  8   5 0.45
  8   6 0.38
  8   7 0.47
  8   8 1.00
  8   9 0.43
  8  10 0.30
  8  11 0.55
  8  12 0.29
  8  13 0.33
  8  14 0.57
  8  15 0.40
  8  16 0.34
  8  17 0.28
  8  18 0.44
  8  19 0.45
  8  20 0.46
  8  21 0.63
  8  22 0.38
  9   1 0.38
  9   2 0.33
  9   3 0.65
  9   4 0.22
  9   5 0.48
  9   6 0.38
  9   7 0.77
  9   8 0.43
  9   9 1.00
  9  10 0.38
  9  11 0.53
  9  12 0.24
  9  13 0.40
  9  14 0.55
  9  15 0.55
  9  16 0.32
  9  17 0.37
  9  18 0.30
  9  19 0.55
  9  20 0.44
  9  21 0.47
  9  22 0.52
 10   1 0.39
 10   2 0.24
 10   3 0.31
 10   4 0.13
 10   5 0.76
 10   6 0.66
 10   7 0.42
 10   8 0.30
 10   9 0.38
 10  10 1.00
 10  11 0.64
 10  12 0.62
 10  13 0.44
 10  14 0.60
 10  15 0.53
 10  16 0.67
 10  17 0.83
 10  18 0.45
 10  19 0.68
 10  20 0.65
 10  21 0.41
 10  22 0.66
 11   1 0.48
 11   2 0.42
 11   3 0.42
 11   4 0.14
 11   5 0.74
 11   6 0.66
 11   7 0.58
 11   8 0.55
 11   9 0.53
 11  10 0.64
 11  11 1.00
 11  12 0.56
 11  13 0.32
 11  14 0.81
 11  15 0.48
 11  16 0.59
 11  17 0.67
 11  18 0.62
 11  19 0.51
 11  20 0.67
 11  21 0.64
 11  22 0.50
 12   1 0.36
 12   2 0.22
 12   3 0.19
 12   4 0.12
 12   5 0.50
 12   6 0.68
 12   7 0.25
 12   8 0.29
 12   9 0.24
 12  10 0.62
 12  11 0.56
 12  12 1.00
 12  13 0.34
 12  14 0.53
 12  15 0.32
 12  16 0.66
 12  17 0.68
 12  18 0.49
 12  19 0.47
 12  20 0.63
 12  21 0.45
 12  22 0.42
 13   1 0.31
 13   2 0.28
 13   3 0.39
 13   4 0.22
 13   5 0.41
 13   6 0.34
 13   7 0.43
 13   8 0.33
 13   9 0.40
 13  10 0.44
 13  11 0.32
 13  12 0.34
 13  13 1.00
 13  14 0.42
 13  15 0.60
 13  16 0.40
 13  17 0.42
 13  18 0.32
 13  19 0.56
 13  20 0.45
 13  21 0.31
 13  22 0.49
 14   1 0.54
 14   2 0.44
 14   3 0.48
 14   4 0.21
 14   5 0.74
 14   6 0.66
 14   7 0.65
 14   8 0.57
 14   9 0.55
 14  10 0.60
 14  11 0.81
 14  12 0.53
 14  13 0.42
 14  14 1.00
 14  15 0.52
 14  16 0.68
 14  17 0.63
 14  18 0.55
 14  19 0.62
 14  20 0.73
 14  21 0.67
 14  22 0.55
 15   1 0.38
 15   2 0.33
 15   3 0.54
 15   4 0.28
 15   5 0.61
 15   6 0.38
 15   7 0.55
 15   8 0.40
 15   9 0.55
 15  10 0.53
 15  11 0.48
 15  12 0.32
 15  13 0.60
 15  14 0.52
 15  15 1.00
 15  16 0.49
 15  17 0.51
 15  18 0.37
 15  19 0.67
 15  20 0.48
 15  21 0.38
 15  22 0.52
 16   1 0.40
 16   2 0.32
 16   3 0.27
 16   4 0.16
 16   5 0.71
 16   6 0.63
 16   7 0.38
 16   8 0.34
 16   9 0.32
 16  10 0.67
 16  11 0.59
 16  12 0.66
 16  13 0.40
 16  14 0.68
 16  15 0.49
 16  16 1.00
 16  17 0.65
 16  18 0.46
 16  19 0.59
 16  20 0.70
 16  21 0.46
 16  22 0.46
 17   1 0.34
 17   2 0.24
 17   3 0.32
 17   4 0.17
 17   5 0.67
 17   6 0.63
 17   7 0.43
 17   8 0.28
 17   9 0.37
 17  10 0.83
 17  11 0.67
 17  12 0.68
 17  13 0.42
 17  14 0.63
 17  15 0.51
 17  16 0.65
 17  17 1.00
 17  18 0.48
 17  19 0.59
 17  20 0.55
 17  21 0.42
 17  22 0.49
 18   1 0.33
 18   2 0.32
 18   3 0.30
 18   4 0.13
 18   5 0.51
 18   6 0.51
 18   7 0.40
 18   8 0.44
 18   9 0.30
 18  10 0.45
 18  11 0.62
 18  12 0.49
 18  13 0.32
 18  14 0.55
 18  15 0.37
 18  16 0.46
 18  17 0.48
 18  18 1.00
 18  19 0.38
 18  20 0.49
 18  21 0.44
 18  22 0.28
 19   1 0.47
 19   2 0.43
 19   3 0.54
 19   4 0.27
 19   5 0.74
 19   6 0.56
 19   7 0.60
 19   8 0.45
 19   9 0.55
 19  10 0.68
 19  11 0.51
 19  12 0.47
 19  13 0.56
 19  14 0.62
 19  15 0.67
 19  16 0.59
 19  17 0.59
 19  18 0.38
 19  19 1.00
 19  20 0.69
 19  21 0.45
 19  22 0.68
 20   1 0.49
 20   2 0.41
 20   3 0.42
 20   4 0.21
 20   5 0.78
 20   6 0.69
 20   7 0.48
 20   8 0.46
 20   9 0.44
 20  10 0.65
 20  11 0.67
 20  12 0.63
 20  13 0.45
 20  14 0.73
 20  15 0.48
 20  16 0.70
 20  17 0.55
 20  18 0.49
 20  19 0.69
 20  20 1.00
 20  21 0.53
 20  22 0.58
 21   1 0.61
 21   2 0.45
 21   3 0.37
 21   4 0.16
 21   5 0.49
 21   6 0.59
 21   7 0.44
 21   8 0.63
 21   9 0.47
 21  10 0.41
 21  11 0.64
 21  12 0.45
 21  13 0.31
 21  14 0.67
 21  15 0.38
 21  16 0.46
 21  17 0.42
 21  18 0.44
 21  19 0.45
 21  20 0.53
 21  21 1.00
 21  22 0.44
 22   1 0.49
 22   2 0.28
 22   3 0.41
 22   4 0.16
 22   5 0.59
 22   6 0.59
 22   7 0.47
 22   8 0.38
 22   9 0.52
 22  10 0.66
 22  11 0.50
 22  12 0.42
 22  13 0.49
 22  14 0.55
 22  15 0.52
 22  16 0.46
 22  17 0.49
 22  18 0.28
 22  19 0.68
 22  20 0.58
 22  21 0.44
 22  22 1.00
