  1   1 1.00
  1   2 0.75
  1   3 0.50
  1   4 0.52
  1   5 0.77
  1   6 0.85
  1   7 0.56
  1   8 0.75
  1   9 0.75
  1  10 0.44
  1  11 0.77
  1  12 0.74
  1  13 0.64
  1  14 0.77
  1  15 0.67
  1  16 0.75
  1  17 0.43
  1  18 0.58
  1  19 0.75
  1  20 0.37
  1  21 0.55
  1  22 0.71
  2   1 0.75
  2   2 1.00
  2   3 0.44
  2   4 0.29
  2   5 0.75
  2   6 0.75
  2   7 0.54
  2   8 0.71
  2   9 0.50
  2  10 0.53
  2  11 0.82
  2  12 0.82
  2  13 0.78
  2  14 0.79
  2  15 0.62
  2  16 0.76
  2  17 0.46
  2  18 0.68
  2  19 0.78
  2  20 0.63
  2  21 0.57
  2  22 0.69
  3   1 0.50
  3   2 0.44
  3   3 1.00
  3   4 0.35
  3   5 0.42
  3   6 0.48
  3   7 0.68
  3   8 0.49
  3   9 0.66
  3  10 0.49
  3  11 0.41
  3  12 0.38
  3  13 0.40
  3  14 0.42
  3  15 0.45
  3  16 0.28
  3  17 0.56
  3  18 0.11
  3  19 0.33
  3  20 0.23
  3  21 0.70
  3  22 0.36
  4   1 0.52
  4   2 0.29
  4   3 0.35
  4   4 1.00
  4   5 0.41
  4   6 0.52
  4   7 0.36
  4   8 0.41
  4   9 0.42
  4  10 0.17
  4  11 0.30
  4  12 0.48
  4  13 0.28
  4  14 0.33
  4  15 0.48
  4  16 0.39
  4  17 0.31
  4  18 0.25
  4  19 0.32
  4  20 0.15
  4  21 0.33
  4  22 0.40
  5   1 0.77
  5   2 0.75
  5   3 0.42
  5   4 0.41
  5   5 1.00
  5   6 0.86
  5   7 0.59
  5   8 0.75
  5   9 0.60
  5  10 0.52
  5  11 0.79
  5  12 0.76
  5  13 0.75
  5  14 0.79
  5  15 0.70
  5  16 0.78
  5  17 0.39
  5  18 0.54
  5  19 0.75
  5  20 0.50
  5  21 0.64
  5  22 0.65
  6   1 0.85
  6   2 0.75
  6   3 0.48
  6   4 0.52
  6   5 0.86
  6   6 1.00
  6   7 0.60
  6   8 0.82
  6   9 0.71
  6  10 0.51
  6  11 0.82
  6  12 0.78
  6  13 0.72
  6  14 0.86
  6  15 0.72
  6  16 0.80
  6  17 0.46
  6  18 0.56
  6  19 0.82
  6  20 0.39
  6  21 0.63
  6  22 0.78
  7   1 0.56
  7   2 0.54
  7   3 0.68
  7   4 0.36
  7   5 0.59
  7   6 0.60
  7   7 1.00
  7   8 0.71
  7   9 0.55
  7  10 0.36
  7  11 0.52
  7  12 0.54
  7  13 0.55
  7  14 0.51
  7  15 0.69
  7  16 0.54
  7  17 0.46
  7  18 0.31
  7  19 0.42
  7  20 0.30
  7  21 0.70
  7  22 0.43
  8   1 0.75
  8   2 0.71
  8   3 0.49
  8   4 0.41
  8   5 0.75
  8   6 0.82
  8   7 0.71
  8   8 1.00
  8   9 0.59
  8  10 0.47
  8  11 0.77
  8  12 0.71
  8  13 0.71
  8  14 0.78
  8  15 0.78
  8  16 0.80
  8  17 0.42
  8  18 0.58
  8  19 0.69
  8  20 0.31
  8  21 0.61
  8  22 0.66
  9   1 0.75
  9   2 0.50
  9   3 0.66
  9   4 0.42
  9   5 0.60
  9   6 0.71
  9   7 0.55
  9   8 0.59
  9   9 1.00
  9  10 0.42
  9  11 0.55
  9  12 0.42
  9  13 0.42
  9  14 0.62
  9  15 0.53
  9  16 0.43
  9  17 0.49
  9  18 0.22
  9  19 0.54
  9  20 0.16
  9  21 0.52
  9  22 0.60
 10   1 0.44
 10   2 0.53
 10   3 0.49
 10   4 0.17
 10   5 0.52
 10   6 0.51
 10   7 0.36
 10   8 0.47
 10   9 0.42
 10  10 1.00
 10  11 0.54
 10  12 0.51
 10  13 0.48
 10  14 0.63
 10  15 0.43
 10  16 0.39
 10  17 0.47
 10  18 0.32
 10  19 0.59
 10  20 0.45
 10  21 0.65
 10  22 0.49
 11   1 0.77
 11   2 0.82
 11   3 0.41
 11   4 0.30
 11   5 0.79
 11   6 0.82
 11   7 0.52
 11   8 0.77
 11   9 0.55
 11  10 0.54
 11  11 1.00
 11  12 0.81
 11  13 0.84
 11  14 0.84
 11  15 0.64
 11  16 0.84
 11  17 0.47
 11  18 0.70
 11  19 0.80
 11  20 0.56
 11  21 0.60
 11  22 0.76
 12   1 0.74
 12   2 0.82
 12   3 0.38
 12   4 0.48
 12   5 0.76
 12   6 0.78
 12   7 0.54
 12   8 0.71
 12   9 0.42
 12  10 0.51
 12  11 0.81
 12  12 1.00
 12  13 0.79
 12  14 0.76
 12  15 0.70
 12  16 0.84
 12  17 0.40
 12  18 0.72
 12  19 0.75
 12  20 0.66
 12  21 0.62
 12  22 0.67
 13   1 0.64
 13   2 0.78
 13   3 0.40
 13   4 0.28
 13   5 0.75
 13   6 0.72
 13   7 0.55
 13   8 0.71
 13   9 0.42
 13  10 0.48
 13  11 0.84
 13  12 0.79
 13  13 1.00
 13  14 0.75
 13  15 0.58
 13  16 0.74
 13  17 0.49
 13  18 0.55
 13  19 0.66
 13  20 0.68
 13  21 0.64
 13  22 0.69
 14   1 0.77
 14   2 0.79
 14   3 0.42
 14   4 0.33
 14   5 0.79
 14   6 0.86
 14   7 0.51
 14   8 0.78
 14   9 0.62
 14  10 0.63
 14  11 0.84
 14  12 0.76
 14  13 0.75
 14  14 1.00
 14  15 0.71
 14  16 0.73
 14  17 0.44
 14  18 0.55
 14  19 0.85
 14  20 0.40
 14  21 0.61
 14  22 0.82
 15   1 0.67
 15   2 0.62
 15   3 0.45
 15   4 0.48
 15   5 0.70
 15   6 0.72
 15   7 0.69
 15   8 0.78
 15   9 0.53
 15  10 0.43
 15  11 0.64
 15  12 0.70
 15  13 0.58
 15  14 0.71
 15  15 1.00
 15  16 0.71
 15  17 0.40
 15  18 0.57
 15  19 0.57
 15  20 0.28
 15  21 0.59
 15  22 0.55
 16   1 0.75
 16   2 0.76
 16   3 0.28
 16   4 0.39
 16   5 0.78
 16   6 0.80
 16   7 0.54
 16   8 0.80
 16   9 0.43
 16  10 0.39
 16  11 0.84
 16  12 0.84
 16  13 0.74
 16  14 0.73
 16  15 0.71
 16  16 1.00
 16  17 0.34
 16  18 0.80
 16  19 0.73
 16  20 0.54
 16  21 0.50
 16  22 0.63
 17   1 0.43
 17   2 0.46
 17   3 0.56
 17   4 0.31
 17   5 0.39
 17   6 0.46
 17   7 0.46
 17   8 0.42
 17   9 0.49
 17  10 0.47
 17  11 0.47
 17  12 0.40
 17  13 0.49
 17  14 0.44
 17  15 0.40
 17  16 0.34
 17  17 1.00
 17  18 0.18
 17  19 0.36
 17  20 0.31
 17  21 0.52
 17  22 0.46
 18   1 0.58
 18   2 0.68
 18   3 0.11
 18   4 0.25
 18   5 0.54
 18   6 0.56
 18   7 0.31
 18   8 0.58
 18   9 0.22
 18  10 0.32
 18  11 0.70
 18  12 0.72
 18  13 0.55
 18  14 0.55
 18  15 0.57
 18  16 0.80
 18  17 0.18
 18  18 1.00
 18  19 0.64
 18  20 0.51
 18  21 0.30
 18  22 0.44
 19   1 0.75
 19   2 0.78
 19   3 0.33
 19   4 0.32
 19   5 0.75
 19   6 0.82
 19   7 0.42
 19   8 0.69
 19   9 0.54
 19  10 0.59
 19  11 0.80
 19  12 0.75
 19  13 0.66
 19  14 0.85
 19  15 0.57
 19  16 0.73
 19  17 0.36
 19  18 0.64
 19  19 1.00
 19  20 0.44
 19  21 0.48
 19  22 0.79
 20   1 0.37
 20   2 0.63
 20   3 0.23
 20   4 0.15
 20   5 0.50
 20   6 0.39
 20   7 0.30
 20   8 0.31
 20   9 0.16
 20  10 0.45
 20  11 0.56
 20  12 0.66
 20  13 0.68
 20  14 0.40
 20  15 0.28
 20  16 0.54
 20  17 0.31
 20  18 0.51
 20  19 0.44
 20  20 1.00
 20  21 0.50
 20  22 0.36
 21   1 0.55
 21   2 0.57
 21   3 0.70
 21   4 0.33
 21   5 0.64
 21   6 0.63
 21   7 0.70
 21   8 0.61
 21   9 0.52
 21  10 0.65
 21  11 0.60
 21  12 0.62
 21  13 0.64
 21  14 0.61
 21  15 0.59
 21  16 0.50
 21  17 0.52
 21  18 0.30
 21  19 0.48
 21  20 0.50
 21  21 1.00
 21  22 0.50
 22   1 0.71
 22   2 0.69
 22   3 0.36
 22   4 0.40
 22   5 0.65
 22   6 0.78
 22   7 0.43
 22   8 0.66
 22   9 0.60
 22  10 0.49
 22  11 0.76
 22  12 0.67
 22  13 0.69
 22  14 0.82
 22  15 0.55
 22  16 0.63
 22  17 0.46
 22  18 0.44
 22  19 0.79
 22  20 0.36
 22  21 0.50
 22  22 1.00
  1   1 1.00
  1   2 0.75
  1   3 0.50
  1   4 0.52
  1   5 0.77
  1   6 0.85
  1   7 0.56
  1   8 0.75
  1   9 0.75
  1  10 0.44
  1  11 0.77
  1  12 0.74
  1  13 0.64
  1  14 0.77
  1  15 0.66
  1  16 0.75
  1  17 0.43
  1  18 0.57
  1  19 0.75
  1  20 0.37
  1  21 0.54
  1  22 0.71
  2   1 0.75
  2   2 1.00
  2   3 0.44
  2   4 0.29
  2   5 0.75
  2   6 0.74
  2   7 0.54
  2   8 0.71
  2   9 0.50
  2  10 0.53
  2  11 0.82
  2  12 0.82
  2  13 0.78
  2  14 0.79
  2  15 0.62
  2  16 0.76
  2  17 0.46
  2  18 0.68
  2  19 0.78
  2  20 0.63
  2  21 0.57
  2  22 0.68
  3   1 0.50
  3   2 0.44
  3   3 1.00
  3   4 0.35
  3   5 0.42
  3   6 0.48
  3   7 0.68
  3   8 0.49
  3   9 0.66
  3  10 0.49
  3  11 0.41
  3  12 0.38
  3  13 0.40
  3  14 0.42
  3  15 0.45
  3  16 0.28
  3  17 0.56
  3  18 0.11
  3  19 0.33
  3  20 0.23
  3  21 0.70
  3  22 0.36
  4   1 0.52
  4   2 0.29
  4   3 0.35
  4   4 1.00
  4   5 0.41
  4   6 0.52
  4   7 0.36
  4   8 0.41
  4   9 0.42
  4  10 0.17
  4  11 0.30
  4  12 0.48
  4  13 0.28
  4  14 0.33
  4  15 0.47
  4  16 0.39
  4  17 0.31
  4  18 0.25
  4  19 0.32
  4  20 0.15
  4  21 0.33
  4  22 0.40
  5   1 0.77
  5   2 0.75
  5   3 0.42
  5   4 0.41
  5   5 1.00
  5   6 0.85
  5   7 0.59
  5   8 0.74
  5   9 0.60
  5  10 0.52
  5  11 0.79
  5  12 0.75
  5  13 0.74
  5  14 0.79
  5  15 0.70
  5  16 0.78
  5  17 0.39
  5  18 0.54
  5  19 0.75
  5  20 0.50
  5  21 0.64
  5  22 0.65
  6   1 0.85
  6   2 0.74
  6   3 0.48
  6   4 0.52
  6   5 0.85
  6   6 1.00
  6   7 0.60
  6   8 0.82
  6   9 0.71
  6  10 0.51
  6  11 0.82
  6  12 0.78
  6  13 0.72
  6  14 0.86
  6  15 0.72
  6  16 0.80
  6  17 0.46
  6  18 0.56
  6  19 0.82
  6  20 0.39
  6  21 0.63
  6  22 0.78
  7   1 0.56
  7   2 0.54
  7   3 0.68
  7   4 0.36
  7   5 0.59
  7   6 0.60
  7   7 1.00
  7   8 0.71
  7   9 0.55
  7  10 0.36
  7  11 0.51
  7  12 0.54
  7  13 0.55
  7  14 0.51
  7  15 0.69
  7  16 0.54
  7  17 0.46
  7  18 0.31
  7  19 0.42
  7  20 0.30
  7  21 0.70
  7  22 0.42
  8   1 0.75
  8   2 0.71
  8   3 0.49
  8   4 0.41
  8   5 0.74
  8   6 0.82
  8   7 0.71
  8   8 1.00
  8   9 0.59
  8  10 0.47
  8  11 0.77
  8  12 0.71
  8  13 0.71
  8  14 0.78
  8  15 0.78
  8  16 0.80
  8  17 0.42
  8  18 0.58
  8  19 0.69
  8  20 0.31
  8  21 0.61
  8  22 0.66
  9   1 0.75
  9   2 0.50
  9   3 0.66
  9   4 0.42
  9   5 0.60
  9   6 0.71
  9   7 0.55
  9   8 0.59
  9   9 1.00
  9  10 0.42
  9  11 0.55
  9  12 0.42
  9  13 0.41
  9  14 0.62
  9  15 0.53
  9  16 0.43
  9  17 0.49
  9  18 0.22
  9  19 0.54
  9  20 0.16
  9  21 0.52
  9  22 0.60
 10   1 0.44
 10   2 0.53
 10   3 0.49
 10   4 0.17
 10   5 0.52
 10   6 0.51
 10   7 0.36
 10   8 0.47
 10   9 0.42
 10  10 1.00
 10  11 0.54
 10  12 0.51
 10  13 0.48
 10  14 0.63
 10  15 0.43
 10  16 0.39
 10  17 0.47
 10  18 0.32
 10  19 0.59
 10  20 0.45
 10  21 0.65
 10  22 0.49
 11   1 0.77
 11   2 0.82
 11   3 0.41
 11   4 0.30
 11   5 0.79
 11   6 0.82
 11   7 0.51
 11   8 0.77
 11   9 0.55
 11  10 0.54
 11  11 1.00
 11  12 0.81
 11  13 0.84
 11  14 0.84
 11  15 0.64
 11  16 0.84
 11  17 0.47
 11  18 0.70
 11  19 0.80
 11  20 0.56
 11  21 0.60
 11  22 0.76
 12   1 0.74
 12   2 0.82
 12   3 0.38
 12   4 0.48
 12   5 0.75
 12   6 0.78
 12   7 0.54
 12   8 0.71
 12   9 0.42
 12  10 0.51
 12  11 0.81
 12  12 1.00
 12  13 0.79
 12  14 0.76
 12  15 0.70
 12  16 0.84
 12  17 0.40
 12  18 0.72
 12  19 0.75
 12  20 0.66
 12  21 0.62
 12  22 0.67
 13   1 0.64
 13   2 0.78
 13   3 0.40
 13   4 0.28
 13   5 0.74
 13   6 0.72
 13   7 0.55
 13   8 0.71
 13   9 0.41
 13  10 0.48
 13  11 0.84
 13  12 0.79
 13  13 1.00
 13  14 0.75
 13  15 0.58
 13  16 0.74
 13  17 0.49
 13  18 0.55
 13  19 0.66
 13  20 0.68
 13  21 0.64
 13  22 0.69
 14   1 0.77
 14   2 0.79
 14   3 0.42
 14   4 0.33
 14   5 0.79
 14   6 0.86
 14   7 0.51
 14   8 0.78
 14   9 0.62
 14  10 0.63
 14  11 0.84
 14  12 0.76
 14  13 0.75
 14  14 1.00
 14  15 0.70
 14  16 0.73
 14  17 0.44
 14  18 0.55
 14  19 0.84
 14  20 0.40
 14  21 0.61
 14  22 0.82
 15   1 0.66
 15   2 0.62
 15   3 0.45
 15   4 0.47
 15   5 0.70
 15   6 0.72
 15   7 0.69
 15   8 0.78
 15   9 0.53
 15  10 0.43
 15  11 0.64
 15  12 0.70
 15  13 0.58
 15  14 0.70
 15  15 1.00
 15  16 0.71
 15  17 0.40
 15  18 0.57
 15  19 0.57
 15  20 0.28
 15  21 0.58
 15  22 0.55
 16   1 0.75
 16   2 0.76
 16   3 0.28
 16   4 0.39
 16   5 0.78
 16   6 0.80
 16   7 0.54
 16   8 0.80
 16   9 0.43
 16  10 0.39
 16  11 0.84
 16  12 0.84
 16  13 0.74
 16  14 0.73
 16  15 0.71
 16  16 1.00
 16  17 0.34
 16  18 0.80
 16  19 0.73
 16  20 0.53
 16  21 0.50
 16  22 0.63
 17   1 0.43
 17   2 0.46
 17   3 0.56
 17   4 0.31
 17   5 0.39
 17   6 0.46
 17   7 0.46
 17   8 0.42
 17   9 0.49
 17  10 0.47
 17  11 0.47
 17  12 0.40
 17  13 0.49
 17  14 0.44
 17  15 0.40
 17  16 0.34
 17  17 1.00
 17  18 0.18
 17  19 0.36
 17  20 0.31
 17  21 0.52
 17  22 0.46
 18   1 0.57
 18   2 0.68
 18   3 0.11
 18   4 0.25
 18   5 0.54
 18   6 0.56
 18   7 0.31
 18   8 0.58
 18   9 0.22
 18  10 0.32
 18  11 0.70
 18  12 0.72
 18  13 0.55
 18  14 0.55
 18  15 0.57
 18  16 0.80
 18  17 0.18
 18  18 1.00
 18  19 0.64
 18  20 0.51
 18  21 0.30
 18  22 0.44
 19   1 0.75
 19   2 0.78
 19   3 0.33
 19   4 0.32
 19   5 0.75
 19   6 0.82
 19   7 0.42
 19   8 0.69
 19   9 0.54
 19  10 0.59
 19  11 0.80
 19  12 0.75
 19  13 0.66
 19  14 0.84
 19  15 0.57
 19  16 0.73
 19  17 0.36
 19  18 0.64
 19  19 1.00
 19  20 0.43
 19  21 0.48
 19  22 0.79
 20   1 0.37
 20   2 0.63
 20   3 0.23
 20   4 0.15
 20   5 0.50
 20   6 0.39
 20   7 0.30
 20   8 0.31
 20   9 0.16
 20  10 0.45
 20  11 0.56
 20  12 0.66
 20  13 0.68
 20  14 0.40
 20  15 0.28
 20  16 0.53
 20  17 0.31
 20  18 0.51
 20  19 0.43
 20  20 1.00
 20  21 0.50
 20  22 0.36
 21   1 0.54
 21   2 0.57
 21   3 0.70
 21   4 0.33
 21   5 0.64
 21   6 0.63
 21   7 0.70
 21   8 0.61
 21   9 0.52
 21  10 0.65
 21  11 0.60
 21  12 0.62
 21  13 0.64
 21  14 0.61
 21  15 0.58
 21  16 0.50
 21  17 0.52
 21  18 0.30
 21  19 0.48
 21  20 0.50
 21  21 1.00
 21  22 0.50
 22   1 0.71
 22   2 0.68
 22   3 0.36
 22   4 0.40
 22   5 0.65
 22   6 0.78
 22   7 0.42
 22   8 0.66
 22   9 0.60
 22  10 0.49
 22  11 0.76
 22  12 0.67
 22  13 0.69
 22  14 0.82
 22  15 0.55
 22  16 0.63
 22  17 0.46
 22  18 0.44
 22  19 0.79
 22  20 0.36
 22  21 0.50
 22  22 1.00
  1   1 1.00
  1   2 0.75
  1   3 0.50
  1   4 0.52
  1   5 0.77
  1   6 0.85
  1   7 0.56
  1   8 0.75
  1   9 0.75
  1  10 0.44
  1  11 0.77
  1  12 0.74
  1  13 0.64
  1  14 0.77
  1  15 0.66
  1  16 0.75
  1  17 0.43
  1  18 0.57
  1  19 0.75
  1  20 0.37
  1  21 0.54
  1  22 0.71
  2   1 0.75
  2   2 1.00
  2   3 0.44
  2   4 0.29
  2   5 0.75
  2   6 0.74
  2   7 0.54
  2   8 0.71
  2   9 0.50
  2  10 0.53
  2  11 0.82
  2  12 0.82
  2  13 0.78
  2  14 0.79
  2  15 0.62
  2  16 0.76
  2  17 0.46
  2  18 0.68
  2  19 0.78
  2  20 0.63
  2  21 0.57
  2  22 0.68
  3   1 0.50
  3   2 0.44
  3   3 1.00
  3   4 0.35
  3   5 0.42
  3   6 0.48
  3   7 0.68
  3   8 0.49
  3   9 0.66
  3  10 0.49
  3  11 0.41
  3  12 0.38
  3  13 0.40
  3  14 0.42
  3  15 0.45
  3  16 0.28
  3  17 0.56
  3  18 0.11
  3  19 0.33
  3  20 0.23
  3  21 0.70
  3  22 0.36
  4   1 0.52
  4   2 0.29
  4   3 0.35
  4   4 1.00
  4   5 0.41
  4   6 0.52
  4   7 0.36
  4   8 0.41
  4   9 0.42
  4  10 0.17
  4  11 0.30
  4  12 0.48
  4  13 0.28
  4  14 0.33
  4  15 0.47
  4  16 0.39
  4  17 0.31
  4  18 0.25
  4  19 0.32
  4  20 0.15
  4  21 0.33
  4  22 0.40
  5   1 0.77
  5   2 0.75
  5   3 0.42
  5   4 0.41
  5   5 1.00
  5   6 0.85
  5   7 0.59
  5   8 0.74
  5   9 0.60
  5  10 0.52
  5  11 0.79
  5  12 0.75
  5  13 0.74
  5  14 0.79
  5  15 0.70
  5  16 0.78
  5  17 0.39
  5  18 0.54
  5  19 0.75
  5  20 0.50
  5  21 0.64
  5  22 0.65
  6   1 0.85
  6   2 0.74
  6   3 0.48
  6   4 0.52
  6   5 0.85
  6   6 1.00
  6   7 0.60
  6   8 0.82
  6   9 0.71
  6  10 0.51
  6  11 0.82
  6  12 0.78
  6  13 0.72
  6  14 0.86
  6  15 0.72
  6  16 0.80
  6  17 0.46
  6  18 0.56
  6  19 0.82
  6  20 0.39
  6  21 0.63
  6  22 0.78
  7   1 0.56
  7   2 0.54
  7   3 0.68
  7   4 0.36
  7   5 0.59
  7   6 0.60
  7   7 1.00
  7   8 0.71
  7   9 0.55
  7  10 0.36
  7  11 0.51
  7  12 0.54
  7  13 0.55
  7  14 0.51
  7  15 0.69
  7  16 0.54
  7  17 0.46
  7  18 0.31
  7  19 0.42
  7  20 0.30
  7  21 0.70
  7  22 0.42
  8   1 0.75
  8   2 0.71
  8   3 0.49
  8   4 0.41
  8   5 0.74
  8   6 0.82
  8   7 0.71
  8   8 1.00
  8   9 0.59
  8  10 0.47
  8  11 0.77
  8  12 0.71
  8  13 0.71
  8  14 0.78
  8  15 0.78
  8  16 0.80
  8  17 0.42
  8  18 0.58
  8  19 0.69
  8  20 0.31
  8  21 0.61
  8  22 0.66
  9   1 0.75
  9   2 0.50
  9   3 0.66
  9   4 0.42
  9   5 0.60
  9   6 0.71
  9   7 0.55
  9   8 0.59
  9   9 1.00
  9  10 0.42
  9  11 0.55
  9  12 0.42
  9  13 0.41
  9  14 0.62
  9  15 0.53
  9  16 0.43
  9  17 0.49
  9  18 0.22
  9  19 0.54
  9  20 0.16
  9  21 0.52
  9  22 0.60
 10   1 0.44
 10   2 0.53
 10   3 0.49
 10   4 0.17
 10   5 0.52
 10   6 0.51
 10   7 0.36
 10   8 0.47
 10   9 0.42
 10  10 1.00
 10  11 0.54
 10  12 0.51
 10  13 0.48
 10  14 0.63
 10  15 0.43
 10  16 0.39
 10  17 0.47
 10  18 0.32
 10  19 0.59
 10  20 0.45
 10  21 0.65
 10  22 0.49
 11   1 0.77
 11   2 0.82
 11   3 0.41
 11   4 0.30
 11   5 0.79
 11   6 0.82
 11   7 0.51
 11   8 0.77
 11   9 0.55
 11  10 0.54
 11  11 1.00
 11  12 0.81
 11  13 0.84
 11  14 0.84
 11  15 0.64
 11  16 0.84
 11  17 0.47
 11  18 0.70
 11  19 0.80
 11  20 0.56
 11  21 0.60
 11  22 0.76
 12   1 0.74
 12   2 0.82
 12   3 0.38
 12   4 0.48
 12   5 0.75
 12   6 0.78
 12   7 0.54
 12   8 0.71
 12   9 0.42
 12  10 0.51
 12  11 0.81
 12  12 1.00
 12  13 0.79
 12  14 0.76
 12  15 0.70
 12  16 0.84
 12  17 0.40
 12  18 0.72
 12  19 0.75
 12  20 0.66
 12  21 0.62
 12  22 0.67
 13   1 0.64
 13   2 0.78
 13   3 0.40
 13   4 0.28
 13   5 0.74
 13   6 0.72
 13   7 0.55
 13   8 0.71
 13   9 0.41
 13  10 0.48
 13  11 0.84
 13  12 0.79
 13  13 1.00
 13  14 0.75
 13  15 0.58
 13  16 0.74
 13  17 0.49
 13  18 0.55
 13  19 0.66
 13  20 0.68
 13  21 0.64
 13  22 0.69
 14   1 0.77
 14   2 0.79
 14   3 0.42
 14   4 0.33
 14   5 0.79
 14   6 0.86
 14   7 0.51
 14   8 0.78
 14   9 0.62
 14  10 0.63
 14  11 0.84
 14  12 0.76
 14  13 0.75
 14  14 1.00
 14  15 0.70
 14  16 0.73
 14  17 0.44
 14  18 0.55
 14  19 0.84
 14  20 0.40
 14  21 0.61
 14  22 0.82
 15   1 0.66
 15   2 0.62
 15   3 0.45
 15   4 0.47
 15   5 0.70
 15   6 0.72
 15   7 0.69
 15   8 0.78
 15   9 0.53
 15  10 0.43
 15  11 0.64
 15  12 0.70
 15  13 0.58
 15  14 0.70
 15  15 1.00
 15  16 0.71
 15  17 0.40
 15  18 0.57
 15  19 0.57
 15  20 0.28
 15  21 0.58
 15  22 0.55
 16   1 0.75
 16   2 0.76
 16   3 0.28
 16   4 0.39
 16   5 0.78
 16   6 0.80
 16   7 0.54
 16   8 0.80
 16   9 0.43
 16  10 0.39
 16  11 0.84
 16  12 0.84
 16  13 0.74
 16  14 0.73
 16  15 0.71
 16  16 1.00
 16  17 0.34
 16  18 0.80
 16  19 0.73
 16  20 0.53
 16  21 0.50
 16  22 0.63
 17   1 0.43
 17   2 0.46
 17   3 0.56
 17   4 0.31
 17   5 0.39
 17   6 0.46
 17   7 0.46
 17   8 0.42
 17   9 0.49
 17  10 0.47
 17  11 0.47
 17  12 0.40
 17  13 0.49
 17  14 0.44
 17  15 0.40
 17  16 0.34
 17  17 1.00
 17  18 0.18
 17  19 0.36
 17  20 0.31
 17  21 0.52
 17  22 0.46
 18   1 0.57
 18   2 0.68
 18   3 0.11
 18   4 0.25
 18   5 0.54
 18   6 0.56
 18   7 0.31
 18   8 0.58
 18   9 0.22
 18  10 0.32
 18  11 0.70
 18  12 0.72
 18  13 0.55
 18  14 0.55
 18  15 0.57
 18  16 0.80
 18  17 0.18
 18  18 1.00
 18  19 0.64
 18  20 0.51
 18  21 0.30
 18  22 0.44
 19   1 0.75
 19   2 0.78
 19   3 0.33
 19   4 0.32
 19   5 0.75
 19   6 0.82
 19   7 0.42
 19   8 0.69
 19   9 0.54
 19  10 0.59
 19  11 0.80
 19  12 0.75
 19  13 0.66
 19  14 0.84
 19  15 0.57
 19  16 0.73
 19  17 0.36
 19  18 0.64
 19  19 1.00
 19  20 0.43
 19  21 0.48
 19  22 0.79
 20   1 0.37
 20   2 0.63
 20   3 0.23
 20   4 0.15
 20   5 0.50
 20   6 0.39
 20   7 0.30
 20   8 0.31
 20   9 0.16
 20  10 0.45
 20  11 0.56
 20  12 0.66
 20  13 0.68
 20  14 0.40
 20  15 0.28
 20  16 0.53
 20  17 0.31
 20  18 0.51
 20  19 0.43
 20  20 1.00
 20  21 0.50
 20  22 0.36
 21   1 0.54
 21   2 0.57
 21   3 0.70
 21   4 0.33
 21   5 0.64
 21   6 0.63
 21   7 0.70
 21   8 0.61
 21   9 0.52
 21  10 0.65
 21  11 0.60
 21  12 0.62
 21  13 0.64
 21  14 0.61
 21  15 0.58
 21  16 0.50
 21  17 0.52
 21  18 0.30
 21  19 0.48
 21  20 0.50
 21  21 1.00
 21  22 0.50
 22   1 0.71
 22   2 0.68
 22   3 0.36
 22   4 0.40
 22   5 0.65
 22   6 0.78
 22   7 0.42
 22   8 0.66
 22   9 0.60
 22  10 0.49
 22  11 0.76
 22  12 0.67
 22  13 0.69
 22  14 0.82
 22  15 0.55
 22  16 0.63
 22  17 0.46
 22  18 0.44
 22  19 0.79
 22  20 0.36
 22  21 0.50
 22  22 1.00
