  1   1 1.00
  1   2 0.59
  1   3 0.41
  1   4 0.17
  1   5 0.69
  1   6 0.48
  1   7 0.13
  1   8 0.54
  1   9 0.63
  1  10 0.60
  1  11 0.59
  1  12 0.52
  1  13 0.59
  1  14 0.53
  1  15 0.46
  1  16 0.61
  1  17 0.53
  1  18 0.50
  1  19 0.74
  1  20 0.42
  1  21 0.21
  1  22 0.58
  2   1 0.59
  2   2 1.00
  2   3 0.41
  2   4 0.21
  2   5 0.56
  2   6 0.46
  2   7 0.09
  2   8 0.40
  2   9 0.65
  2  10 0.56
  2  11 0.59
  2  12 0.47
  2  13 0.64
  2  14 0.56
  2  15 0.67
  2  16 0.44
  2  17 0.56
  2  18 0.35
  2  19 0.53
  2  20 0.33
  2  21 0.18
  2  22 0.44
  3   1 0.41
  3   2 0.41
  3   3 1.00
  3   4 0.23
  3   5 0.55
  3   6 0.43
  3   7 0.28
  3   8 0.39
  3   9 0.41
  3  10 0.42
  3  11 0.40
  3  12 0.37
  3  13 0.44
  3  14 0.67
  3  15 0.40
  3  16 0.42
  3  17 0.59
  3  18 0.33
  3  19 0.46
  3  20 0.37
  3  21 0.22
  3  22 0.51
  4   1 0.17
  4   2 0.21
  4   3 0.23
  4   4 1.00
  4   5 0.21
  4   6 0.27
  4   7 0.09
  4   8 0.15
  4   9 0.27
  4  10 0.17
  4  11 0.23
  4  12 0.38
  4  13 0.21
  4  14 0.33
  4  15 0.24
  4  16 0.20
  4  17 0.31
  4  18 0.17
  4  19 0.24
  4  20 0.17
  4  21 0.12
  4  22 0.18
  5   1 0.69
  5   2 0.56
  5   3 0.55
  5   4 0.21
  5   5 1.00
  5   6 0.52
  5   7 0.28
  5   8 0.67
  5   9 0.67
  5  10 0.73
  5  11 0.54
  5  12 0.43
  5  13 0.57
  5  14 0.51
  5  15 0.54
  5  16 0.56
  5  17 0.51
  5  18 0.53
  5  19 0.72
  5  20 0.45
  5  21 0.27
  5  22 0.61
  6   1 0.48
  6   2 0.46
  6   3 0.43
  6   4 0.27
  6   5 0.52
  6   6 1.00
  6   7 0.11
  6   8 0.56
  6   9 0.37
  6  10 0.38
  6  11 0.44
  6  12 0.44
  6  13 0.47
  6  14 0.52
  6  15 0.48
  6  16 0.57
  6  17 0.48
  6  18 0.52
  6  19 0.63
  6  20 0.46
  6  21 0.18
  6  22 0.51
  7   1 0.13
  7   2 0.09
  7   3 0.28
  7   4 0.09
  7   5 0.28
  7   6 0.11
  7   7 1.00
  7   8 0.19
  7   9 0.23
  7  10 0.24
  7  11 0.10
  7  12 0.07
  7  13 0.07
  7  14 0.15
  7  15 0.10
  7  16 0.12
  7  17 0.11
  7  18 0.15
  7  19 0.15
  7  20 0.21
  7  21 0.39
  7  22 0.23
  8   1 0.54
  8   2 0.40
  8   3 0.39
  8   4 0.15
  8   5 0.67
  8   6 0.56
  8   7 0.19
  8   8 1.00
  8   9 0.42
  8  10 0.43
  8  11 0.35
  8  12 0.35
  8  13 0.38
  8  14 0.36
  8  15 0.34
  8  16 0.49
  8  17 0.36
  8  18 0.46
  8  19 0.63
  8  20 0.50
  8  21 0.23
  8  22 0.62
  9   1 0.63
  9   2 0.65
  9   3 0.41
  9   4 0.27
  9   5 0.67
  9   6 0.37
  9   7 0.23
  9   8 0.42
  9   9 1.00
  9  10 0.65
  9  11 0.55
  9  12 0.38
  9  13 0.49
  9  14 0.44
  9  15 0.57
  9  16 0.47
  9  17 0.47
  9  18 0.41
  9  19 0.60
  9  20 0.29
  9  21 0.21
  9  22 0.43
 10   1 0.60
 10   2 0.56
 10   3 0.42
 10   4 0.17
 10   5 0.73
 10   6 0.38
 10   7 0.24
 10   8 0.43
 10   9 0.65
 10  10 1.00
 10  11 0.64
 10  12 0.45
 10  13 0.66
 10  14 0.38
 10  15 0.57
 10  16 0.47
 10  17 0.44
 10  18 0.50
 10  19 0.65
 10  20 0.33
 10  21 0.29
 10  22 0.48
 11   1 0.59
 11   2 0.59
 11   3 0.40
 11   4 0.23
 11   5 0.54
 11   6 0.44
 11   7 0.10
 11   8 0.35
 11   9 0.55
 11  10 0.64
 11  11 1.00
 11  12 0.47
 11  13 0.78
 11  14 0.42
 11  15 0.56
 11  16 0.40
 11  17 0.50
 11  18 0.47
 11  19 0.55
 11  20 0.25
 11  21 0.15
 11  22 0.37
 12   1 0.52
 12   2 0.47
 12   3 0.37
 12   4 0.38
 12   5 0.43
 12   6 0.44
 12   7 0.07
 12   8 0.35
 12   9 0.38
 12  10 0.45
 12  11 0.47
 12  12 1.00
 12  13 0.66
 12  14 0.55
 12  15 0.40
 12  16 0.47
 12  17 0.66
 12  18 0.44
 12  19 0.66
 12  20 0.31
 12  21 0.17
 12  22 0.44
 13   1 0.59
 13   2 0.64
 13   3 0.44
 13   4 0.21
 13   5 0.57
 13   6 0.47
 13   7 0.07
 13   8 0.38
 13   9 0.49
 13  10 0.66
 13  11 0.78
 13  12 0.66
 13  13 1.00
 13  14 0.47
 13  15 0.57
 13  16 0.45
 13  17 0.62
 13  18 0.41
 13  19 0.62
 13  20 0.28
 13  21 0.13
 13  22 0.41
 14   1 0.53
 14   2 0.56
 14   3 0.67
 14   4 0.33
 14   5 0.51
 14   6 0.52
 14   7 0.15
 14   8 0.36
 14   9 0.44
 14  10 0.38
 14  11 0.42
 14  12 0.55
 14  13 0.47
 14  14 1.00
 14  15 0.46
 14  16 0.51
 14  17 0.74
 14  18 0.41
 14  19 0.55
 14  20 0.33
 14  21 0.20
 14  22 0.47
 15   1 0.46
 15   2 0.67
 15   3 0.40
 15   4 0.24
 15   5 0.54
 15   6 0.48
 15   7 0.10
 15   8 0.34
 15   9 0.57
 15  10 0.57
 15  11 0.56
 15  12 0.40
 15  13 0.57
 15  14 0.46
 15  15 1.00
 15  16 0.47
 15  17 0.47
 15  18 0.37
 15  19 0.48
 15  20 0.33
 15  21 0.18
 15  22 0.39
 16   1 0.61
 16   2 0.44
 16   3 0.42
 16   4 0.20
 16   5 0.56
 16   6 0.57
 16   7 0.12
 16   8 0.49
 16   9 0.47
 16  10 0.47
 16  11 0.40
 16  12 0.47
 16  13 0.45
 16  14 0.51
 16  15 0.47
 16  16 1.00
 16  17 0.43
 16  18 0.58
 16  19 0.72
 16  20 0.57
 16  21 0.19
 16  22 0.63
 17   1 0.53
 17   2 0.56
 17   3 0.59
 17   4 0.31
 17   5 0.51
 17   6 0.48
 17   7 0.11
 17   8 0.36
 17   9 0.47
 17  10 0.44
 17  11 0.50
 17  12 0.66
 17  13 0.62
 17  14 0.74
 17  15 0.47
 17  16 0.43
 17  17 1.00
 17  18 0.34
 17  19 0.55
 17  20 0.27
 17  21 0.16
 17  22 0.37
 18   1 0.50
 18   2 0.35
 18   3 0.33
 18   4 0.17
 18   5 0.53
 18   6 0.52
 18   7 0.15
 18   8 0.46
 18   9 0.41
 18  10 0.50
 18  11 0.47
 18  12 0.44
 18  13 0.41
 18  14 0.41
 18  15 0.37
 18  16 0.58
 18  17 0.34
 18  18 1.00
 18  19 0.69
 18  20 0.49
 18  21 0.18
 18  22 0.60
 19   1 0.74
 19   2 0.53
 19   3 0.46
 19   4 0.24
 19   5 0.72
 19   6 0.63
 19   7 0.15
 19   8 0.63
 19   9 0.60
 19  10 0.65
 19  11 0.55
 19  12 0.66
 19  13 0.62
 19  14 0.55
 19  15 0.48
 19  16 0.72
 19  17 0.55
 19  18 0.69
 19  19 1.00
 19  20 0.53
 19  21 0.23
 19  22 0.67
 20   1 0.42
 20   2 0.33
 20   3 0.37
 20   4 0.17
 20   5 0.45
 20   6 0.46
 20   7 0.21
 20   8 0.50
 20   9 0.29
 20  10 0.33
 20  11 0.25
 20  12 0.31
 20  13 0.28
 20  14 0.33
 20  15 0.33
 20  16 0.57
 20  17 0.27
 20  18 0.49
 20  19 0.53
 20  20 1.00
 20  21 0.27
 20  22 0.67
 21   1 0.21
 21   2 0.18
 21   3 0.22
 21   4 0.12
 21   5 0.27
 21   6 0.18
 21   7 0.39
 21   8 0.23
 21   9 0.21
 21  10 0.29
 21  11 0.15
 21  12 0.17
 21  13 0.13
 21  14 0.20
 21  15 0.18
 21  16 0.19
 21  17 0.16
 21  18 0.18
 21  19 0.23
 21  20 0.27
 21  21 1.00
 21  22 0.28
 22   1 0.58
 22   2 0.44
 22   3 0.51
 22   4 0.18
 22   5 0.61
 22   6 0.51
 22   7 0.23
 22   8 0.62
 22   9 0.43
 22  10 0.48
 22  11 0.37
 22  12 0.44
 22  13 0.41
 22  14 0.47
 22  15 0.39
 22  16 0.63
 22  17 0.37
 22  18 0.60
 22  19 0.67
 22  20 0.67
 22  21 0.28
 22  22 1.00
  1   1 1.00
  1   2 0.59
  1   3 0.41
  1   4 0.17
  1   5 0.69
  1   6 0.48
  1   7 0.13
  1   8 0.54
  1   9 0.63
  1  10 0.60
  1  11 0.59
  1  12 0.52
  1  13 0.59
  1  14 0.53
  1  15 0.46
  1  16 0.61
  1  17 0.53
  1  18 0.50
  1  19 0.74
  1  20 0.42
  1  21 0.21
  1  22 0.58
  2   1 0.59
  2   2 1.00
  2   3 0.41
  2   4 0.21
  2   5 0.56
  2   6 0.46
  2   7 0.09
  2   8 0.40
  2   9 0.65
  2  10 0.56
  2  11 0.59
  2  12 0.47
  2  13 0.64
  2  14 0.56
  2  15 0.67
  2  16 0.44
  2  17 0.56
  2  18 0.35
  2  19 0.53
  2  20 0.33
  2  21 0.18
  2  22 0.44
  3   1 0.41
  3   2 0.41
  3   3 1.00
  3   4 0.23
  3   5 0.55
  3   6 0.43
  3   7 0.28
  3   8 0.38
  3   9 0.41
  3  10 0.42
  3  11 0.40
  3  12 0.37
  3  13 0.44
  3  14 0.67
  3  15 0.40
  3  16 0.42
  3  17 0.59
  3  18 0.33
  3  19 0.46
  3  20 0.37
  3  21 0.22
  3  22 0.51
  4   1 0.17
  4   2 0.21
  4   3 0.23
  4   4 1.00
  4   5 0.21
  4   6 0.27
  4   7 0.09
  4   8 0.15
  4   9 0.27
  4  10 0.17
  4  11 0.23
  4  12 0.38
  4  13 0.21
  4  14 0.33
  4  15 0.24
  4  16 0.20
  4  17 0.31
  4  18 0.17
  4  19 0.24
  4  20 0.17
  4  21 0.12
  4  22 0.18
  5   1 0.69
  5   2 0.56
  5   3 0.55
  5   4 0.21
  5   5 1.00
  5   6 0.52
  5   7 0.28
  5   8 0.67
  5   9 0.67
  5  10 0.73
  5  11 0.54
  5  12 0.43
  5  13 0.57
  5  14 0.51
  5  15 0.54
  5  16 0.56
  5  17 0.51
  5  18 0.53
  5  19 0.72
  5  20 0.44
  5  21 0.27
  5  22 0.61
  6   1 0.48
  6   2 0.46
  6   3 0.43
  6   4 0.27
  6   5 0.52
  6   6 1.00
  6   7 0.11
  6   8 0.56
  6   9 0.37
  6  10 0.38
  6  11 0.44
  6  12 0.44
  6  13 0.47
  6  14 0.52
  6  15 0.48
  6  16 0.57
  6  17 0.48
  6  18 0.52
  6  19 0.63
  6  20 0.46
  6  21 0.18
  6  22 0.51
  7   1 0.13
  7   2 0.09
  7   3 0.28
  7   4 0.09
  7   5 0.28
  7   6 0.11
  7   7 1.00
  7   8 0.19
  7   9 0.23
  7  10 0.24
  7  11 0.10
  7  12 0.07
  7  13 0.07
  7  14 0.15
  7  15 0.10
  7  16 0.12
  7  17 0.11
  7  18 0.15
  7  19 0.15
  7  20 0.21
  7  21 0.39
  7  22 0.23
  8   1 0.54
  8   2 0.40
  8   3 0.38
  8   4 0.15
  8   5 0.67
  8   6 0.56
  8   7 0.19
  8   8 1.00
  8   9 0.42
  8  10 0.43
  8  11 0.35
  8  12 0.35
  8  13 0.38
  8  14 0.36
  8  15 0.34
  8  16 0.49
  8  17 0.36
  8  18 0.46
  8  19 0.63
  8  20 0.50
  8  21 0.23
  8  22 0.62
  9   1 0.63
  9   2 0.65
  9   3 0.41
  9   4 0.27
  9   5 0.67
  9   6 0.37
  9   7 0.23
  9   8 0.42
  9   9 1.00
  9  10 0.65
  9  11 0.55
  9  12 0.38
  9  13 0.49
  9  14 0.44
  9  15 0.57
  9  16 0.47
  9  17 0.47
  9  18 0.41
  9  19 0.60
  9  20 0.28
  9  21 0.21
  9  22 0.43
 10   1 0.60
 10   2 0.56
 10   3 0.42
 10   4 0.17
 10   5 0.73
 10   6 0.38
 10   7 0.24
 10   8 0.43
 10   9 0.65
 10  10 1.00
 10  11 0.64
 10  12 0.45
 10  13 0.66
 10  14 0.38
 10  15 0.57
 10  16 0.47
 10  17 0.44
 10  18 0.50
 10  19 0.65
 10  20 0.33
 10  21 0.29
 10  22 0.48
 11   1 0.59
 11   2 0.59
 11   3 0.40
 11   4 0.23
 11   5 0.54
 11   6 0.44
 11   7 0.10
 11   8 0.35
 11   9 0.55
 11  10 0.64
 11  11 1.00
 11  12 0.47
 11  13 0.78
 11  14 0.42
 11  15 0.56
 11  16 0.40
 11  17 0.50
 11  18 0.47
 11  19 0.55
 11  20 0.25
 11  21 0.15
 11  22 0.37
 12   1 0.52
 12   2 0.47
 12   3 0.37
 12   4 0.38
 12   5 0.43
 12   6 0.44
 12   7 0.07
 12   8 0.35
 12   9 0.38
 12  10 0.45
 12  11 0.47
 12  12 1.00
 12  13 0.66
 12  14 0.55
 12  15 0.40
 12  16 0.47
 12  17 0.66
 12  18 0.44
 12  19 0.66
 12  20 0.31
 12  21 0.17
 12  22 0.44
 13   1 0.59
 13   2 0.64
 13   3 0.44
 13   4 0.21
 13   5 0.57
 13   6 0.47
 13   7 0.07
 13   8 0.38
 13   9 0.49
 13  10 0.66
 13  11 0.78
 13  12 0.66
 13  13 1.00
 13  14 0.47
 13  15 0.57
 13  16 0.45
 13  17 0.62
 13  18 0.41
 13  19 0.62
 13  20 0.28
 13  21 0.13
 13  22 0.41
 14   1 0.53
 14   2 0.56
 14   3 0.67
 14   4 0.33
 14   5 0.51
 14   6 0.52
 14   7 0.15
 14   8 0.36
 14   9 0.44
 14  10 0.38
 14  11 0.42
 14  12 0.55
 14  13 0.47
 14  14 1.00
 14  15 0.46
 14  16 0.51
 14  17 0.74
 14  18 0.41
 14  19 0.55
 14  20 0.33
 14  21 0.19
 14  22 0.47
 15   1 0.46
 15   2 0.67
 15   3 0.40
 15   4 0.24
 15   5 0.54
 15   6 0.48
 15   7 0.10
 15   8 0.34
 15   9 0.57
 15  10 0.57
 15  11 0.56
 15  12 0.40
 15  13 0.57
 15  14 0.46
 15  15 1.00
 15  16 0.47
 15  17 0.47
 15  18 0.37
 15  19 0.48
 15  20 0.32
 15  21 0.18
 15  22 0.39
 16   1 0.61
 16   2 0.44
 16   3 0.42
 16   4 0.20
 16   5 0.56
 16   6 0.57
 16   7 0.12
 16   8 0.49
 16   9 0.47
 16  10 0.47
 16  11 0.40
 16  12 0.47
 16  13 0.45
 16  14 0.51
 16  15 0.47
 16  16 1.00
 16  17 0.43
 16  18 0.58
 16  19 0.72
 16  20 0.57
 16  21 0.19
 16  22 0.63
 17   1 0.53
 17   2 0.56
 17   3 0.59
 17   4 0.31
 17   5 0.51
 17   6 0.48
 17   7 0.11
 17   8 0.36
 17   9 0.47
 17  10 0.44
 17  11 0.50
 17  12 0.66
 17  13 0.62
 17  14 0.74
 17  15 0.47
 17  16 0.43
 17  17 1.00
 17  18 0.34
 17  19 0.55
 17  20 0.27
 17  21 0.16
 17  22 0.37
 18   1 0.50
 18   2 0.35
 18   3 0.33
 18   4 0.17
 18   5 0.53
 18   6 0.52
 18   7 0.15
 18   8 0.46
 18   9 0.41
 18  10 0.50
 18  11 0.47
 18  12 0.44
 18  13 0.41
 18  14 0.41
 18  15 0.37
 18  16 0.58
 18  17 0.34
 18  18 1.00
 18  19 0.69
 18  20 0.49
 18  21 0.18
 18  22 0.60
 19   1 0.74
 19   2 0.53
 19   3 0.46
 19   4 0.24
 19   5 0.72
 19   6 0.63
 19   7 0.15
 19   8 0.63
 19   9 0.60
 19  10 0.65
 19  11 0.55
 19  12 0.66
 19  13 0.62
 19  14 0.55
 19  15 0.48
 19  16 0.72
 19  17 0.55
 19  18 0.69
 19  19 1.00
 19  20 0.53
 19  21 0.23
 19  22 0.67
 20   1 0.42
 20   2 0.33
 20   3 0.37
 20   4 0.17
 20   5 0.44
 20   6 0.46
 20   7 0.21
 20   8 0.50
 20   9 0.28
 20  10 0.33
 20  11 0.25
 20  12 0.31
 20  13 0.28
 20  14 0.33
 20  15 0.32
 20  16 0.57
 20  17 0.27
 20  18 0.49
 20  19 0.53
 20  20 1.00
 20  21 0.27
 20  22 0.67
 21   1 0.21
 21   2 0.18
 21   3 0.22
 21   4 0.12
 21   5 0.27
 21   6 0.18
 21   7 0.39
 21   8 0.23
 21   9 0.21
 21  10 0.29
 21  11 0.15
 21  12 0.17
 21  13 0.13
 21  14 0.19
 21  15 0.18
 21  16 0.19
 21  17 0.16
 21  18 0.18
 21  19 0.23
 21  20 0.27
 21  21 1.00
 21  22 0.28
 22   1 0.58
 22   2 0.44
 22   3 0.51
 22   4 0.18
 22   5 0.61
 22   6 0.51
 22   7 0.23
 22   8 0.62
 22   9 0.43
 22  10 0.48
 22  11 0.37
 22  12 0.44
 22  13 0.41
 22  14 0.47
 22  15 0.39
 22  16 0.63
 22  17 0.37
 22  18 0.60
 22  19 0.67
 22  20 0.67
 22  21 0.28
 22  22 1.00
  1   1 1.00
  1   2 0.59
  1   3 0.41
  1   4 0.17
  1   5 0.69
  1   6 0.48
  1   7 0.13
  1   8 0.54
  1   9 0.63
  1  10 0.60
  1  11 0.59
  1  12 0.52
  1  13 0.59
  1  14 0.53
  1  15 0.46
  1  16 0.61
  1  17 0.53
  1  18 0.50
  1  19 0.74
  1  20 0.42
  1  21 0.21
  1  22 0.58
  2   1 0.59
  2   2 1.00
  2   3 0.41
  2   4 0.21
  2   5 0.56
  2   6 0.46
  2   7 0.09
  2   8 0.40
  2   9 0.65
  2  10 0.56
  2  11 0.59
  2  12 0.47
  2  13 0.64
  2  14 0.56
  2  15 0.67
  2  16 0.44
  2  17 0.56
  2  18 0.35
  2  19 0.53
  2  20 0.33
  2  21 0.18
  2  22 0.44
  3   1 0.41
  3   2 0.41
  3   3 1.00
  3   4 0.23
  3   5 0.55
  3   6 0.43
  3   7 0.28
  3   8 0.38
  3   9 0.41
  3  10 0.42
  3  11 0.40
  3  12 0.37
  3  13 0.44
  3  14 0.67
  3  15 0.40
  3  16 0.42
  3  17 0.59
  3  18 0.33
  3  19 0.46
  3  20 0.37
  3  21 0.22
  3  22 0.51
  4   1 0.17
  4   2 0.21
  4   3 0.23
  4   4 1.00
  4   5 0.21
  4   6 0.27
  4   7 0.09
  4   8 0.15
  4   9 0.27
  4  10 0.17
  4  11 0.23
  4  12 0.38
  4  13 0.21
  4  14 0.33
  4  15 0.24
  4  16 0.20
  4  17 0.31
  4  18 0.17
  4  19 0.24
  4  20 0.17
  4  21 0.12
  4  22 0.18
  5   1 0.69
  5   2 0.56
  5   3 0.55
  5   4 0.21
  5   5 1.00
  5   6 0.52
  5   7 0.28
  5   8 0.67
  5   9 0.67
  5  10 0.73
  5  11 0.54
  5  12 0.43
  5  13 0.57
  5  14 0.51
  5  15 0.54
  5  16 0.56
  5  17 0.51
  5  18 0.53
  5  19 0.72
  5  20 0.44
  5  21 0.27
  5  22 0.61
  6   1 0.48
  6   2 0.46
  6   3 0.43
  6   4 0.27
  6   5 0.52
  6   6 1.00
  6   7 0.11
  6   8 0.56
  6   9 0.37
  6  10 0.38
  6  11 0.44
  6  12 0.44
  6  13 0.47
  6  14 0.52
  6  15 0.48
  6  16 0.57
  6  17 0.48
  6  18 0.52
  6  19 0.63
  6  20 0.46
  6  21 0.18
  6  22 0.51
  7   1 0.13
  7   2 0.09
  7   3 0.28
  7   4 0.09
  7   5 0.28
  7   6 0.11
  7   7 1.00
  7   8 0.19
  7   9 0.23
  7  10 0.24
  7  11 0.10
  7  12 0.07
  7  13 0.07
  7  14 0.15
  7  15 0.10
  7  16 0.12
  7  17 0.11
  7  18 0.15
  7  19 0.15
  7  20 0.21
  7  21 0.39
  7  22 0.23
  8   1 0.54
  8   2 0.40
  8   3 0.38
  8   4 0.15
  8   5 0.67
  8   6 0.56
  8   7 0.19
  8   8 1.00
  8   9 0.42
  8  10 0.43
  8  11 0.35
  8  12 0.35
  8  13 0.38
  8  14 0.36
  8  15 0.34
  8  16 0.49
  8  17 0.36
  8  18 0.46
  8  19 0.63
  8  20 0.50
  8  21 0.23
  8  22 0.62
  9   1 0.63
  9   2 0.65
  9   3 0.41
  9   4 0.27
  9   5 0.67
  9   6 0.37
  9   7 0.23
  9   8 0.42
  9   9 1.00
  9  10 0.65
  9  11 0.55
  9  12 0.38
  9  13 0.49
  9  14 0.44
  9  15 0.57
  9  16 0.47
  9  17 0.47
  9  18 0.41
  9  19 0.60
  9  20 0.28
  9  21 0.21
  9  22 0.43
 10   1 0.60
 10   2 0.56
 10   3 0.42
 10   4 0.17
 10   5 0.73
 10   6 0.38
 10   7 0.24
 10   8 0.43
 10   9 0.65
 10  10 1.00
 10  11 0.64
 10  12 0.45
 10  13 0.66
 10  14 0.38
 10  15 0.57
 10  16 0.47
 10  17 0.44
 10  18 0.50
 10  19 0.65
 10  20 0.33
 10  21 0.29
 10  22 0.48
 11   1 0.59
 11   2 0.59
 11   3 0.40
 11   4 0.23
 11   5 0.54
 11   6 0.44
 11   7 0.10
 11   8 0.35
 11   9 0.55
 11  10 0.64
 11  11 1.00
 11  12 0.47
 11  13 0.78
 11  14 0.42
 11  15 0.56
 11  16 0.40
 11  17 0.50
 11  18 0.47
 11  19 0.55
 11  20 0.25
 11  21 0.15
 11  22 0.37
 12   1 0.52
 12   2 0.47
 12   3 0.37
 12   4 0.38
 12   5 0.43
 12   6 0.44
 12   7 0.07
 12   8 0.35
 12   9 0.38
 12  10 0.45
 12  11 0.47
 12  12 1.00
 12  13 0.66
 12  14 0.55
 12  15 0.40
 12  16 0.47
 12  17 0.66
 12  18 0.44
 12  19 0.66
 12  20 0.31
 12  21 0.17
 12  22 0.44
 13   1 0.59
 13   2 0.64
 13   3 0.44
 13   4 0.21
 13   5 0.57
 13   6 0.47
 13   7 0.07
 13   8 0.38
 13   9 0.49
 13  10 0.66
 13  11 0.78
 13  12 0.66
 13  13 1.00
 13  14 0.47
 13  15 0.57
 13  16 0.45
 13  17 0.62
 13  18 0.41
 13  19 0.62
 13  20 0.28
 13  21 0.13
 13  22 0.41
 14   1 0.53
 14   2 0.56
 14   3 0.67
 14   4 0.33
 14   5 0.51
 14   6 0.52
 14   7 0.15
 14   8 0.36
 14   9 0.44
 14  10 0.38
 14  11 0.42
 14  12 0.55
 14  13 0.47
 14  14 1.00
 14  15 0.46
 14  16 0.51
 14  17 0.74
 14  18 0.41
 14  19 0.55
 14  20 0.33
 14  21 0.19
 14  22 0.47
 15   1 0.46
 15   2 0.67
 15   3 0.40
 15   4 0.24
 15   5 0.54
 15   6 0.48
 15   7 0.10
 15   8 0.34
 15   9 0.57
 15  10 0.57
 15  11 0.56
 15  12 0.40
 15  13 0.57
 15  14 0.46
 15  15 1.00
 15  16 0.47
 15  17 0.47
 15  18 0.37
 15  19 0.48
 15  20 0.32
 15  21 0.18
 15  22 0.39
 16   1 0.61
 16   2 0.44
 16   3 0.42
 16   4 0.20
 16   5 0.56
 16   6 0.57
 16   7 0.12
 16   8 0.49
 16   9 0.47
 16  10 0.47
 16  11 0.40
 16  12 0.47
 16  13 0.45
 16  14 0.51
 16  15 0.47
 16  16 1.00
 16  17 0.43
 16  18 0.58
 16  19 0.72
 16  20 0.57
 16  21 0.19
 16  22 0.63
 17   1 0.53
 17   2 0.56
 17   3 0.59
 17   4 0.31
 17   5 0.51
 17   6 0.48
 17   7 0.11
 17   8 0.36
 17   9 0.47
 17  10 0.44
 17  11 0.50
 17  12 0.66
 17  13 0.62
 17  14 0.74
 17  15 0.47
 17  16 0.43
 17  17 1.00
 17  18 0.34
 17  19 0.55
 17  20 0.27
 17  21 0.16
 17  22 0.37
 18   1 0.50
 18   2 0.35
 18   3 0.33
 18   4 0.17
 18   5 0.53
 18   6 0.52
 18   7 0.15
 18   8 0.46
 18   9 0.41
 18  10 0.50
 18  11 0.47
 18  12 0.44
 18  13 0.41
 18  14 0.41
 18  15 0.37
 18  16 0.58
 18  17 0.34
 18  18 1.00
 18  19 0.69
 18  20 0.49
 18  21 0.18
 18  22 0.60
 19   1 0.74
 19   2 0.53
 19   3 0.46
 19   4 0.24
 19   5 0.72
 19   6 0.63
 19   7 0.15
 19   8 0.63
 19   9 0.60
 19  10 0.65
 19  11 0.55
 19  12 0.66
 19  13 0.62
 19  14 0.55
 19  15 0.48
 19  16 0.72
 19  17 0.55
 19  18 0.69
 19  19 1.00
 19  20 0.53
 19  21 0.23
 19  22 0.67
 20   1 0.42
 20   2 0.33
 20   3 0.37
 20   4 0.17
 20   5 0.44
 20   6 0.46
 20   7 0.21
 20   8 0.50
 20   9 0.28
 20  10 0.33
 20  11 0.25
 20  12 0.31
 20  13 0.28
 20  14 0.33
 20  15 0.32
 20  16 0.57
 20  17 0.27
 20  18 0.49
 20  19 0.53
 20  20 1.00
 20  21 0.27
 20  22 0.67
 21   1 0.21
 21   2 0.18
 21   3 0.22
 21   4 0.12
 21   5 0.27
 21   6 0.18
 21   7 0.39
 21   8 0.23
 21   9 0.21
 21  10 0.29
 21  11 0.15
 21  12 0.17
 21  13 0.13
 21  14 0.19
 21  15 0.18
 21  16 0.19
 21  17 0.16
 21  18 0.18
 21  19 0.23
 21  20 0.27
 21  21 1.00
 21  22 0.28
 22   1 0.58
 22   2 0.44
 22   3 0.51
 22   4 0.18
 22   5 0.61
 22   6 0.51
 22   7 0.23
 22   8 0.62
 22   9 0.43
 22  10 0.48
 22  11 0.37
 22  12 0.44
 22  13 0.41
 22  14 0.47
 22  15 0.39
 22  16 0.63
 22  17 0.37
 22  18 0.60
 22  19 0.67
 22  20 0.67
 22  21 0.28
 22  22 1.00
