  1   1 1.00
  1   2 0.83
  1   3 0.68
  1   4 0.63
  1   5 0.71
  1   6 0.68
  1   7 0.65
  1   8 0.69
  1   9 0.70
  1  10 0.74
  1  11 0.71
  1  12 0.63
  1  13 0.72
  1  14 0.75
  1  15 0.63
  1  16 0.70
  1  17 0.66
  1  18 0.72
  1  19 0.70
  1  20 0.77
  1  21 0.68
  1  22 0.57
  2   1 0.83
  2   2 1.00
  2   3 0.73
  2   4 0.69
  2   5 0.68
  2   6 0.68
  2   7 0.70
  2   8 0.65
  2   9 0.64
  2  10 0.71
  2  11 0.75
  2  12 0.69
  2  13 0.76
  2  14 0.75
  2  15 0.70
  2  16 0.73
  2  17 0.66
  2  18 0.75
  2  19 0.69
  2  20 0.77
  2  21 0.75
  2  22 0.63
  3   1 0.68
  3   2 0.73
  3   3 1.00
  3   4 0.64
  3   5 0.62
  3   6 0.68
  3   7 0.67
  3   8 0.55
  3   9 0.62
  3  10 0.57
  3  11 0.72
  3  12 0.62
  3  13 0.75
  3  14 0.67
  3  15 0.65
  3  16 0.61
  3  17 0.68
  3  18 0.77
  3  19 0.68
  3  20 0.65
  3  21 0.65
  3  22 0.68
  4   1 0.63
  4   2 0.69
  4   3 0.64
  4   4 1.00
  4   5 0.56
  4   6 0.58
  4   7 0.61
  4   8 0.54
  4   9 0.58
  4  10 0.55
  4  11 0.68
  4  12 0.54
  4  13 0.53
  4  14 0.62
  4  15 0.52
  4  16 0.62
  4  17 0.59
  4  18 0.64
  4  19 0.60
  4  20 0.62
  4  21 0.60
  4  22 0.53
  5   1 0.71
  5   2 0.68
  5   3 0.62
  5   4 0.56
  5   5 1.00
  5   6 0.47
  5   7 0.73
  5   8 0.63
  5   9 0.70
  5  10 0.65
  5  11 0.67
  5  12 0.47
  5  13 0.63
  5  14 0.71
  5  15 0.59
  5  16 0.61
  5  17 0.44
  5  18 0.59
  5  19 0.61
  5  20 0.69
  5  21 0.58
  5  22 0.54
  6   1 0.68
  6   2 0.68
  6   3 0.68
  6   4 0.58
  6   5 0.47
  6   6 1.00
  6   7 0.50
  6   8 0.49
  6   9 0.49
  6  10 0.59
  6  11 0.64
  6  12 0.74
  6  13 0.69
  6  14 0.60
  6  15 0.57
  6  16 0.67
  6  17 0.75
  6  18 0.80
  6  19 0.67
  6  20 0.65
  6  21 0.64
  6  22 0.54
  7   1 0.65
  7   2 0.70
  7   3 0.67
  7   4 0.61
  7   5 0.73
  7   6 0.50
  7   7 1.00
  7   8 0.78
  7   9 0.57
  7  10 0.58
  7  11 0.66
  7  12 0.51
  7  13 0.69
  7  14 0.73
  7  15 0.64
  7  16 0.67
  7  17 0.45
  7  18 0.60
  7  19 0.54
  7  20 0.72
  7  21 0.65
  7  22 0.52
  8   1 0.69
  8   2 0.65
  8   3 0.55
  8   4 0.54
  8   5 0.63
  8   6 0.49
  8   7 0.78
  8   8 1.00
  8   9 0.57
  8  10 0.68
  8  11 0.59
  8  12 0.52
  8  13 0.64
  8  14 0.68
  8  15 0.57
  8  16 0.68
  8  17 0.44
  8  18 0.52
  8  19 0.55
  8  20 0.69
  8  21 0.64
  8  22 0.38
  9   1 0.70
  9   2 0.64
  9   3 0.62
  9   4 0.58
  9   5 0.70
  9   6 0.49
  9   7 0.57
  9   8 0.57
  9   9 1.00
  9  10 0.56
  9  11 0.69
  9  12 0.42
  9  13 0.65
  9  14 0.75
  9  15 0.53
  9  16 0.56
  9  17 0.44
  9  18 0.62
  9  19 0.64
  9  20 0.64
  9  21 0.52
  9  22 0.59
 10   1 0.74
 10   2 0.71
 10   3 0.57
 10   4 0.55
 10   5 0.65
 10   6 0.59
 10   7 0.58
 10   8 0.68
 10   9 0.56
 10  10 1.00
 10  11 0.66
 10  12 0.69
 10  13 0.64
 10  14 0.64
 10  15 0.67
 10  16 0.72
 10  17 0.62
 10  18 0.65
 10  19 0.67
 10  20 0.65
 10  21 0.71
 10  22 0.46
 11   1 0.71
 11   2 0.75
 11   3 0.72
 11   4 0.68
 11   5 0.67
 11   6 0.64
 11   7 0.66
 11   8 0.59
 11   9 0.69
 11  10 0.66
 11  11 1.00
 11  12 0.64
 11  13 0.74
 11  14 0.75
 11  15 0.66
 11  16 0.76
 11  17 0.60
 11  18 0.79
 11  19 0.73
 11  20 0.71
 11  21 0.71
 11  22 0.67
 12   1 0.63
 12   2 0.69
 12   3 0.62
 12   4 0.54
 12   5 0.47
 12   6 0.74
 12   7 0.51
 12   8 0.52
 12   9 0.42
 12  10 0.69
 12  11 0.64
 12  12 1.00
 12  13 0.65
 12  14 0.53
 12  15 0.65
 12  16 0.75
 12  17 0.70
 12  18 0.70
 12  19 0.64
 12  20 0.59
 12  21 0.72
 12  22 0.49
 13   1 0.72
 13   2 0.76
 13   3 0.75
 13   4 0.53
 13   5 0.63
 13   6 0.69
 13   7 0.69
 13   8 0.64
 13   9 0.65
 13  10 0.64
 13  11 0.74
 13  12 0.65
 13  13 1.00
 13  14 0.76
 13  15 0.72
 13  16 0.73
 13  17 0.59
 13  18 0.77
 13  19 0.66
 13  20 0.71
 13  21 0.70
 13  22 0.63
 14   1 0.75
 14   2 0.75
 14   3 0.67
 14   4 0.62
 14   5 0.71
 14   6 0.60
 14   7 0.73
 14   8 0.68
 14   9 0.75
 14  10 0.64
 14  11 0.75
 14  12 0.53
 14  13 0.76
 14  14 1.00
 14  15 0.68
 14  16 0.71
 14  17 0.55
 14  18 0.71
 14  19 0.65
 14  20 0.72
 14  21 0.69
 14  22 0.61
 15   1 0.63
 15   2 0.70
 15   3 0.65
 15   4 0.52
 15   5 0.59
 15   6 0.57
 15   7 0.64
 15   8 0.57
 15   9 0.53
 15  10 0.67
 15  11 0.66
 15  12 0.65
 15  13 0.72
 15  14 0.68
 15  15 1.00
 15  16 0.71
 15  17 0.59
 15  18 0.69
 15  19 0.59
 15  20 0.61
 15  21 0.74
 15  22 0.57
 16   1 0.70
 16   2 0.73
 16   3 0.61
 16   4 0.62
 16   5 0.61
 16   6 0.67
 16   7 0.67
 16   8 0.68
 16   9 0.56
 16  10 0.72
 16  11 0.76
 16  12 0.75
 16  13 0.73
 16  14 0.71
 16  15 0.71
 16  16 1.00
 16  17 0.59
 16  18 0.72
 16  19 0.65
 16  20 0.71
 16  21 0.78
 16  22 0.56
 17   1 0.66
 17   2 0.66
 17   3 0.68
 17   4 0.59
 17   5 0.44
 17   6 0.75
 17   7 0.45
 17   8 0.44
 17   9 0.44
 17  10 0.62
 17  11 0.60
 17  12 0.70
 17  13 0.59
 17  14 0.55
 17  15 0.59
 17  16 0.59
 17  17 1.00
 17  18 0.76
 17  19 0.61
 17  20 0.57
 17  21 0.64
 17  22 0.48
 18   1 0.72
 18   2 0.75
 18   3 0.77
 18   4 0.64
 18   5 0.59
 18   6 0.80
 18   7 0.60
 18   8 0.52
 18   9 0.62
 18  10 0.65
 18  11 0.79
 18  12 0.70
 18  13 0.77
 18  14 0.71
 18  15 0.69
 18  16 0.72
 18  17 0.76
 18  18 1.00
 18  19 0.77
 18  20 0.69
 18  21 0.71
 18  22 0.69
 19   1 0.70
 19   2 0.69
 19   3 0.68
 19   4 0.60
 19   5 0.61
 19   6 0.67
 19   7 0.54
 19   8 0.55
 19   9 0.64
 19  10 0.67
 19  11 0.73
 19  12 0.64
 19  13 0.66
 19  14 0.65
 19  15 0.59
 19  16 0.65
 19  17 0.61
 19  18 0.77
 19  19 1.00
 19  20 0.64
 19  21 0.62
 19  22 0.68
 20   1 0.77
 20   2 0.77
 20   3 0.65
 20   4 0.62
 20   5 0.69
 20   6 0.65
 20   7 0.72
 20   8 0.69
 20   9 0.64
 20  10 0.65
 20  11 0.71
 20  12 0.59
 20  13 0.71
 20  14 0.72
 20  15 0.61
 20  16 0.71
 20  17 0.57
 20  18 0.69
 20  19 0.64
 20  20 1.00
 20  21 0.68
 20  22 0.57
 21   1 0.68
 21   2 0.75
 21   3 0.65
 21   4 0.60
 21   5 0.58
 21   6 0.64
 21   7 0.65
 21   8 0.64
 21   9 0.52
 21  10 0.71
 21  11 0.71
 21  12 0.72
 21  13 0.70
 21  14 0.69
 21  15 0.74
 21  16 0.78
 21  17 0.64
 21  18 0.71
 21  19 0.62
 21  20 0.68
 21  21 1.00
 21  22 0.60
 22   1 0.57
 22   2 0.63
 22   3 0.68
 22   4 0.53
 22   5 0.54
 22   6 0.54
 22   7 0.52
 22   8 0.38
 22   9 0.59
 22  10 0.46
 22  11 0.67
 22  12 0.49
 22  13 0.63
 22  14 0.61
 22  15 0.57
 22  16 0.56
 22  17 0.48
 22  18 0.69
 22  19 0.68
 22  20 0.57
 22  21 0.60
 22  22 1.00
  1   1 1.00
  1   2 0.82
  1   3 0.68
  1   4 0.62
  1   5 0.70
  1   6 0.67
  1   7 0.64
  1   8 0.68
  1   9 0.70
  1  10 0.74
  1  11 0.71
  1  12 0.63
  1  13 0.71
  1  14 0.74
  1  15 0.63
  1  16 0.70
  1  17 0.66
  1  18 0.71
  1  19 0.70
  1  20 0.76
  1  21 0.67
  1  22 0.57
  2   1 0.82
  2   2 1.00
  2   3 0.72
  2   4 0.69
  2   5 0.68
  2   6 0.68
  2   7 0.69
  2   8 0.65
  2   9 0.63
  2  10 0.71
  2  11 0.75
  2  12 0.68
  2  13 0.76
  2  14 0.75
  2  15 0.70
  2  16 0.72
  2  17 0.66
  2  18 0.75
  2  19 0.68
  2  20 0.77
  2  21 0.75
  2  22 0.62
  3   1 0.68
  3   2 0.72
  3   3 1.00
  3   4 0.64
  3   5 0.61
  3   6 0.68
  3   7 0.66
  3   8 0.55
  3   9 0.61
  3  10 0.57
  3  11 0.72
  3  12 0.61
  3  13 0.75
  3  14 0.67
  3  15 0.64
  3  16 0.60
  3  17 0.68
  3  18 0.77
  3  19 0.68
  3  20 0.65
  3  21 0.65
  3  22 0.68
  4   1 0.62
  4   2 0.69
  4   3 0.64
  4   4 1.00
  4   5 0.56
  4   6 0.57
  4   7 0.61
  4   8 0.54
  4   9 0.58
  4  10 0.55
  4  11 0.68
  4  12 0.54
  4  13 0.53
  4  14 0.61
  4  15 0.51
  4  16 0.61
  4  17 0.59
  4  18 0.64
  4  19 0.59
  4  20 0.62
  4  21 0.60
  4  22 0.53
  5   1 0.70
  5   2 0.68
  5   3 0.61
  5   4 0.56
  5   5 1.00
  5   6 0.47
  5   7 0.73
  5   8 0.62
  5   9 0.70
  5  10 0.65
  5  11 0.67
  5  12 0.46
  5  13 0.63
  5  14 0.71
  5  15 0.59
  5  16 0.61
  5  17 0.44
  5  18 0.59
  5  19 0.60
  5  20 0.69
  5  21 0.57
  5  22 0.54
  6   1 0.67
  6   2 0.68
  6   3 0.68
  6   4 0.57
  6   5 0.47
  6   6 1.00
  6   7 0.50
  6   8 0.48
  6   9 0.49
  6  10 0.59
  6  11 0.64
  6  12 0.73
  6  13 0.68
  6  14 0.59
  6  15 0.56
  6  16 0.66
  6  17 0.74
  6  18 0.80
  6  19 0.67
  6  20 0.65
  6  21 0.64
  6  22 0.53
  7   1 0.64
  7   2 0.69
  7   3 0.66
  7   4 0.61
  7   5 0.73
  7   6 0.50
  7   7 1.00
  7   8 0.78
  7   9 0.57
  7  10 0.58
  7  11 0.66
  7  12 0.51
  7  13 0.69
  7  14 0.72
  7  15 0.63
  7  16 0.67
  7  17 0.44
  7  18 0.59
  7  19 0.54
  7  20 0.72
  7  21 0.64
  7  22 0.51
  8   1 0.68
  8   2 0.65
  8   3 0.55
  8   4 0.54
  8   5 0.62
  8   6 0.48
  8   7 0.78
  8   8 1.00
  8   9 0.57
  8  10 0.67
  8  11 0.59
  8  12 0.51
  8  13 0.64
  8  14 0.68
  8  15 0.57
  8  16 0.68
  8  17 0.44
  8  18 0.51
  8  19 0.54
  8  20 0.69
  8  21 0.64
  8  22 0.37
  9   1 0.70
  9   2 0.63
  9   3 0.61
  9   4 0.58
  9   5 0.70
  9   6 0.49
  9   7 0.57
  9   8 0.57
  9   9 1.00
  9  10 0.56
  9  11 0.68
  9  12 0.41
  9  13 0.65
  9  14 0.75
  9  15 0.52
  9  16 0.56
  9  17 0.43
  9  18 0.62
  9  19 0.64
  9  20 0.64
  9  21 0.51
  9  22 0.59
 10   1 0.74
 10   2 0.71
 10   3 0.57
 10   4 0.55
 10   5 0.65
 10   6 0.59
 10   7 0.58
 10   8 0.67
 10   9 0.56
 10  10 1.00
 10  11 0.65
 10  12 0.68
 10  13 0.64
 10  14 0.64
 10  15 0.67
 10  16 0.71
 10  17 0.62
 10  18 0.65
 10  19 0.67
 10  20 0.64
 10  21 0.71
 10  22 0.45
 11   1 0.71
 11   2 0.75
 11   3 0.72
 11   4 0.68
 11   5 0.67
 11   6 0.64
 11   7 0.66
 11   8 0.59
 11   9 0.68
 11  10 0.65
 11  11 1.00
 11  12 0.64
 11  13 0.74
 11  14 0.74
 11  15 0.65
 11  16 0.75
 11  17 0.60
 11  18 0.79
 11  19 0.73
 11  20 0.71
 11  21 0.71
 11  22 0.66
 12   1 0.63
 12   2 0.68
 12   3 0.61
 12   4 0.54
 12   5 0.46
 12   6 0.73
 12   7 0.51
 12   8 0.51
 12   9 0.41
 12  10 0.68
 12  11 0.64
 12  12 1.00
 12  13 0.65
 12  14 0.52
 12  15 0.65
 12  16 0.74
 12  17 0.70
 12  18 0.70
 12  19 0.64
 12  20 0.59
 12  21 0.72
 12  22 0.49
 13   1 0.71
 13   2 0.76
 13   3 0.75
 13   4 0.53
 13   5 0.63
 13   6 0.68
 13   7 0.69
 13   8 0.64
 13   9 0.65
 13  10 0.64
 13  11 0.74
 13  12 0.65
 13  13 1.00
 13  14 0.76
 13  15 0.71
 13  16 0.73
 13  17 0.59
 13  18 0.77
 13  19 0.66
 13  20 0.70
 13  21 0.69
 13  22 0.63
 14   1 0.74
 14   2 0.75
 14   3 0.67
 14   4 0.61
 14   5 0.71
 14   6 0.59
 14   7 0.72
 14   8 0.68
 14   9 0.75
 14  10 0.64
 14  11 0.74
 14  12 0.52
 14  13 0.76
 14  14 1.00
 14  15 0.68
 14  16 0.71
 14  17 0.55
 14  18 0.71
 14  19 0.64
 14  20 0.71
 14  21 0.68
 14  22 0.61
 15   1 0.63
 15   2 0.70
 15   3 0.64
 15   4 0.51
 15   5 0.59
 15   6 0.56
 15   7 0.63
 15   8 0.57
 15   9 0.52
 15  10 0.67
 15  11 0.65
 15  12 0.65
 15  13 0.71
 15  14 0.68
 15  15 1.00
 15  16 0.70
 15  17 0.59
 15  18 0.69
 15  19 0.58
 15  20 0.61
 15  21 0.74
 15  22 0.57
 16   1 0.70
 16   2 0.72
 16   3 0.60
 16   4 0.61
 16   5 0.61
 16   6 0.66
 16   7 0.67
 16   8 0.68
 16   9 0.56
 16  10 0.71
 16  11 0.75
 16  12 0.74
 16  13 0.73
 16  14 0.71
 16  15 0.70
 16  16 1.00
 16  17 0.58
 16  18 0.71
 16  19 0.65
 16  20 0.70
 16  21 0.78
 16  22 0.55
 17   1 0.66
 17   2 0.66
 17   3 0.68
 17   4 0.59
 17   5 0.44
 17   6 0.74
 17   7 0.44
 17   8 0.44
 17   9 0.43
 17  10 0.62
 17  11 0.60
 17  12 0.70
 17  13 0.59
 17  14 0.55
 17  15 0.59
 17  16 0.58
 17  17 1.00
 17  18 0.76
 17  19 0.61
 17  20 0.57
 17  21 0.63
 17  22 0.48
 18   1 0.71
 18   2 0.75
 18   3 0.77
 18   4 0.64
 18   5 0.59
 18   6 0.80
 18   7 0.59
 18   8 0.51
 18   9 0.62
 18  10 0.65
 18  11 0.79
 18  12 0.70
 18  13 0.77
 18  14 0.71
 18  15 0.69
 18  16 0.71
 18  17 0.76
 18  18 1.00
 18  19 0.77
 18  20 0.68
 18  21 0.70
 18  22 0.69
 19   1 0.70
 19   2 0.68
 19   3 0.68
 19   4 0.59
 19   5 0.60
 19   6 0.67
 19   7 0.54
 19   8 0.54
 19   9 0.64
 19  10 0.67
 19  11 0.73
 19  12 0.64
 19  13 0.66
 19  14 0.64
 19  15 0.58
 19  16 0.65
 19  17 0.61
 19  18 0.77
 19  19 1.00
 19  20 0.64
 19  21 0.62
 19  22 0.68
 20   1 0.76
 20   2 0.77
 20   3 0.65
 20   4 0.62
 20   5 0.69
 20   6 0.65
 20   7 0.72
 20   8 0.69
 20   9 0.64
 20  10 0.64
 20  11 0.71
 20  12 0.59
 20  13 0.70
 20  14 0.71
 20  15 0.61
 20  16 0.70
 20  17 0.57
 20  18 0.68
 20  19 0.64
 20  20 1.00
 20  21 0.67
 20  22 0.57
 21   1 0.67
 21   2 0.75
 21   3 0.65
 21   4 0.60
 21   5 0.57
 21   6 0.64
 21   7 0.64
 21   8 0.64
 21   9 0.51
 21  10 0.71
 21  11 0.71
 21  12 0.72
 21  13 0.69
 21  14 0.68
 21  15 0.74
 21  16 0.78
 21  17 0.63
 21  18 0.70
 21  19 0.62
 21  20 0.67
 21  21 1.00
 21  22 0.59
 22   1 0.57
 22   2 0.62
 22   3 0.68
 22   4 0.53
 22   5 0.54
 22   6 0.53
 22   7 0.51
 22   8 0.37
 22   9 0.59
 22  10 0.45
 22  11 0.66
 22  12 0.49
 22  13 0.63
 22  14 0.61
 22  15 0.57
 22  16 0.55
 22  17 0.48
 22  18 0.69
 22  19 0.68
 22  20 0.57
 22  21 0.59
 22  22 1.00
  1   1 1.00
  1   2 0.82
  1   3 0.68
  1   4 0.62
  1   5 0.70
  1   6 0.67
  1   7 0.64
  1   8 0.68
  1   9 0.70
  1  10 0.74
  1  11 0.71
  1  12 0.63
  1  13 0.71
  1  14 0.74
  1  15 0.63
  1  16 0.70
  1  17 0.66
  1  18 0.71
  1  19 0.70
  1  20 0.76
  1  21 0.67
  1  22 0.57
  2   1 0.82
  2   2 1.00
  2   3 0.72
  2   4 0.69
  2   5 0.68
  2   6 0.68
  2   7 0.69
  2   8 0.65
  2   9 0.63
  2  10 0.71
  2  11 0.75
  2  12 0.68
  2  13 0.76
  2  14 0.75
  2  15 0.70
  2  16 0.72
  2  17 0.66
  2  18 0.75
  2  19 0.68
  2  20 0.77
  2  21 0.75
  2  22 0.62
  3   1 0.68
  3   2 0.72
  3   3 1.00
  3   4 0.64
  3   5 0.61
  3   6 0.68
  3   7 0.66
  3   8 0.55
  3   9 0.61
  3  10 0.57
  3  11 0.72
  3  12 0.61
  3  13 0.75
  3  14 0.67
  3  15 0.64
  3  16 0.60
  3  17 0.68
  3  18 0.77
  3  19 0.68
  3  20 0.65
  3  21 0.65
  3  22 0.68
  4   1 0.62
  4   2 0.69
  4   3 0.64
  4   4 1.00
  4   5 0.56
  4   6 0.57
  4   7 0.61
  4   8 0.54
  4   9 0.58
  4  10 0.55
  4  11 0.68
  4  12 0.54
  4  13 0.53
  4  14 0.61
  4  15 0.51
  4  16 0.61
  4  17 0.59
  4  18 0.64
  4  19 0.59
  4  20 0.62
  4  21 0.60
  4  22 0.53
  5   1 0.70
  5   2 0.68
  5   3 0.61
  5   4 0.56
  5   5 1.00
  5   6 0.47
  5   7 0.73
  5   8 0.62
  5   9 0.70
  5  10 0.65
  5  11 0.67
  5  12 0.46
  5  13 0.63
  5  14 0.71
  5  15 0.59
  5  16 0.61
  5  17 0.44
  5  18 0.59
  5  19 0.60
  5  20 0.69
  5  21 0.57
  5  22 0.54
  6   1 0.67
  6   2 0.68
  6   3 0.68
  6   4 0.57
  6   5 0.47
  6   6 1.00
  6   7 0.50
  6   8 0.48
  6   9 0.49
  6  10 0.59
  6  11 0.64
  6  12 0.73
  6  13 0.68
  6  14 0.59
  6  15 0.56
  6  16 0.66
  6  17 0.74
  6  18 0.80
  6  19 0.67
  6  20 0.65
  6  21 0.64
  6  22 0.53
  7   1 0.64
  7   2 0.69
  7   3 0.66
  7   4 0.61
  7   5 0.73
  7   6 0.50
  7   7 1.00
  7   8 0.78
  7   9 0.57
  7  10 0.58
  7  11 0.66
  7  12 0.51
  7  13 0.69
  7  14 0.72
  7  15 0.63
  7  16 0.67
  7  17 0.44
  7  18 0.59
  7  19 0.54
  7  20 0.72
  7  21 0.64
  7  22 0.51
  8   1 0.68
  8   2 0.65
  8   3 0.55
  8   4 0.54
  8   5 0.62
  8   6 0.48
  8   7 0.78
  8   8 1.00
  8   9 0.57
  8  10 0.67
  8  11 0.59
  8  12 0.51
  8  13 0.64
  8  14 0.68
  8  15 0.57
  8  16 0.68
  8  17 0.44
  8  18 0.51
  8  19 0.54
  8  20 0.69
  8  21 0.64
  8  22 0.37
  9   1 0.70
  9   2 0.63
  9   3 0.61
  9   4 0.58
  9   5 0.70
  9   6 0.49
  9   7 0.57
  9   8 0.57
  9   9 1.00
  9  10 0.56
  9  11 0.68
  9  12 0.41
  9  13 0.65
  9  14 0.75
  9  15 0.52
  9  16 0.56
  9  17 0.43
  9  18 0.62
  9  19 0.64
  9  20 0.64
  9  21 0.51
  9  22 0.59
 10   1 0.74
 10   2 0.71
 10   3 0.57
 10   4 0.55
 10   5 0.65
 10   6 0.59
 10   7 0.58
 10   8 0.67
 10   9 0.56
 10  10 1.00
 10  11 0.65
 10  12 0.68
 10  13 0.64
 10  14 0.64
 10  15 0.67
 10  16 0.71
 10  17 0.62
 10  18 0.65
 10  19 0.67
 10  20 0.64
 10  21 0.71
 10  22 0.45
 11   1 0.71
 11   2 0.75
 11   3 0.72
 11   4 0.68
 11   5 0.67
 11   6 0.64
 11   7 0.66
 11   8 0.59
 11   9 0.68
 11  10 0.65
 11  11 1.00
 11  12 0.64
 11  13 0.74
 11  14 0.74
 11  15 0.65
 11  16 0.75
 11  17 0.60
 11  18 0.79
 11  19 0.73
 11  20 0.71
 11  21 0.71
 11  22 0.66
 12   1 0.63
 12   2 0.68
 12   3 0.61
 12   4 0.54
 12   5 0.46
 12   6 0.73
 12   7 0.51
 12   8 0.51
 12   9 0.41
 12  10 0.68
 12  11 0.64
 12  12 1.00
 12  13 0.65
 12  14 0.52
 12  15 0.65
 12  16 0.74
 12  17 0.70
 12  18 0.70
 12  19 0.64
 12  20 0.59
 12  21 0.72
 12  22 0.49
 13   1 0.71
 13   2 0.76
 13   3 0.75
 13   4 0.53
 13   5 0.63
 13   6 0.68
 13   7 0.69
 13   8 0.64
 13   9 0.65
 13  10 0.64
 13  11 0.74
 13  12 0.65
 13  13 1.00
 13  14 0.76
 13  15 0.71
 13  16 0.73
 13  17 0.59
 13  18 0.77
 13  19 0.66
 13  20 0.70
 13  21 0.69
 13  22 0.63
 14   1 0.74
 14   2 0.75
 14   3 0.67
 14   4 0.61
 14   5 0.71
 14   6 0.59
 14   7 0.72
 14   8 0.68
 14   9 0.75
 14  10 0.64
 14  11 0.74
 14  12 0.52
 14  13 0.76
 14  14 1.00
 14  15 0.68
 14  16 0.71
 14  17 0.55
 14  18 0.71
 14  19 0.64
 14  20 0.71
 14  21 0.68
 14  22 0.61
 15   1 0.63
 15   2 0.70
 15   3 0.64
 15   4 0.51
 15   5 0.59
 15   6 0.56
 15   7 0.63
 15   8 0.57
 15   9 0.52
 15  10 0.67
 15  11 0.65
 15  12 0.65
 15  13 0.71
 15  14 0.68
 15  15 1.00
 15  16 0.70
 15  17 0.59
 15  18 0.69
 15  19 0.58
 15  20 0.61
 15  21 0.74
 15  22 0.57
 16   1 0.70
 16   2 0.72
 16   3 0.60
 16   4 0.61
 16   5 0.61
 16   6 0.66
 16   7 0.67
 16   8 0.68
 16   9 0.56
 16  10 0.71
 16  11 0.75
 16  12 0.74
 16  13 0.73
 16  14 0.71
 16  15 0.70
 16  16 1.00
 16  17 0.58
 16  18 0.71
 16  19 0.65
 16  20 0.70
 16  21 0.78
 16  22 0.55
 17   1 0.66
 17   2 0.66
 17   3 0.68
 17   4 0.59
 17   5 0.44
 17   6 0.74
 17   7 0.44
 17   8 0.44
 17   9 0.43
 17  10 0.62
 17  11 0.60
 17  12 0.70
 17  13 0.59
 17  14 0.55
 17  15 0.59
 17  16 0.58
 17  17 1.00
 17  18 0.76
 17  19 0.61
 17  20 0.57
 17  21 0.63
 17  22 0.48
 18   1 0.71
 18   2 0.75
 18   3 0.77
 18   4 0.64
 18   5 0.59
 18   6 0.80
 18   7 0.59
 18   8 0.51
 18   9 0.62
 18  10 0.65
 18  11 0.79
 18  12 0.70
 18  13 0.77
 18  14 0.71
 18  15 0.69
 18  16 0.71
 18  17 0.76
 18  18 1.00
 18  19 0.77
 18  20 0.68
 18  21 0.70
 18  22 0.69
 19   1 0.70
 19   2 0.68
 19   3 0.68
 19   4 0.59
 19   5 0.60
 19   6 0.67
 19   7 0.54
 19   8 0.54
 19   9 0.64
 19  10 0.67
 19  11 0.73
 19  12 0.64
 19  13 0.66
 19  14 0.64
 19  15 0.58
 19  16 0.65
 19  17 0.61
 19  18 0.77
 19  19 1.00
 19  20 0.64
 19  21 0.62
 19  22 0.68
 20   1 0.76
 20   2 0.77
 20   3 0.65
 20   4 0.62
 20   5 0.69
 20   6 0.65
 20   7 0.72
 20   8 0.69
 20   9 0.64
 20  10 0.64
 20  11 0.71
 20  12 0.59
 20  13 0.70
 20  14 0.71
 20  15 0.61
 20  16 0.70
 20  17 0.57
 20  18 0.68
 20  19 0.64
 20  20 1.00
 20  21 0.67
 20  22 0.57
 21   1 0.67
 21   2 0.75
 21   3 0.65
 21   4 0.60
 21   5 0.57
 21   6 0.64
 21   7 0.64
 21   8 0.64
 21   9 0.51
 21  10 0.71
 21  11 0.71
 21  12 0.72
 21  13 0.69
 21  14 0.68
 21  15 0.74
 21  16 0.78
 21  17 0.63
 21  18 0.70
 21  19 0.62
 21  20 0.67
 21  21 1.00
 21  22 0.59
 22   1 0.57
 22   2 0.62
 22   3 0.68
 22   4 0.53
 22   5 0.54
 22   6 0.53
 22   7 0.51
 22   8 0.37
 22   9 0.59
 22  10 0.45
 22  11 0.66
 22  12 0.49
 22  13 0.63
 22  14 0.61
 22  15 0.57
 22  16 0.55
 22  17 0.48
 22  18 0.69
 22  19 0.68
 22  20 0.57
 22  21 0.59
 22  22 1.00
