  1   1 1.00
  1   2 0.73
  1   3 0.65
  1   4 0.58
  1   5 0.63
  1   6 0.61
  1   7 0.50
  1   8 0.58
  1   9 0.79
  1  10 0.64
  1  11 0.67
  1  12 0.59
  1  13 0.59
  1  14 0.55
  1  15 0.65
  1  16 0.65
  1  17 0.68
  1  18 0.69
  1  19 0.67
  1  20 0.61
  1  21 0.63
  1  22 0.64
  2   1 0.73
  2   2 1.00
  2   3 0.58
  2   4 0.37
  2   5 0.48
  2   6 0.50
  2   7 0.51
  2   8 0.50
  2   9 0.67
  2  10 0.62
  2  11 0.64
  2  12 0.53
  2  13 0.61
  2  14 0.42
  2  15 0.66
  2  16 0.52
  2  17 0.55
  2  18 0.63
  2  19 0.54
  2  20 0.44
  2  21 0.66
  2  22 0.56
  3   1 0.65
  3   2 0.58
  3   3 1.00
  3   4 0.69
  3   5 0.68
  3   6 0.61
  3   7 0.62
  3   8 0.68
  3   9 0.71
  3  10 0.65
  3  11 0.70
  3  12 0.68
  3  13 0.74
  3  14 0.41
  3  15 0.57
  3  16 0.78
  3  17 0.72
  3  18 0.58
  3  19 0.71
  3  20 0.62
  3  21 0.76
  3  22 0.78
  4   1 0.58
  4   2 0.37
  4   3 0.69
  4   4 1.00
  4   5 0.51
  4   6 0.57
  4   7 0.41
  4   8 0.50
  4   9 0.70
  4  10 0.57
  4  11 0.52
  4  12 0.48
  4  13 0.54
  4  14 0.39
  4  15 0.45
  4  16 0.68
  4  17 0.63
  4  18 0.52
  4  19 0.58
  4  20 0.68
  4  21 0.56
  4  22 0.64
  5   1 0.63
  5   2 0.48
  5   3 0.68
  5   4 0.51
  5   5 1.00
  5   6 0.51
  5   7 0.69
  5   8 0.76
  5   9 0.63
  5  10 0.56
  5  11 0.74
  5  12 0.70
  5  13 0.58
  5  14 0.45
  5  15 0.59
  5  16 0.65
  5  17 0.66
  5  18 0.58
  5  19 0.72
  5  20 0.55
  5  21 0.69
  5  22 0.75
  6   1 0.61
  6   2 0.50
  6   3 0.61
  6   4 0.57
  6   5 0.51
  6   6 1.00
  6   7 0.45
  6   8 0.58
  6   9 0.71
  6  10 0.73
  6  11 0.66
  6  12 0.49
  6  13 0.55
  6  14 0.59
  6  15 0.55
  6  16 0.66
  6  17 0.76
  6  18 0.48
  6  19 0.66
  6  20 0.74
  6  21 0.59
  6  22 0.65
  7   1 0.50
  7   2 0.51
  7   3 0.62
  7   4 0.41
  7   5 0.69
  7   6 0.45
  7   7 1.00
  7   8 0.74
  7   9 0.62
  7  10 0.58
  7  11 0.73
  7  12 0.57
  7  13 0.77
  7  14 0.32
  7  15 0.72
  7  16 0.60
  7  17 0.64
  7  18 0.71
  7  19 0.67
  7  20 0.58
  7  21 0.78
  7  22 0.78
  8   1 0.58
  8   2 0.50
  8   3 0.68
  8   4 0.50
  8   5 0.76
  8   6 0.58
  8   7 0.74
  8   8 1.00
  8   9 0.71
  8  10 0.66
  8  11 0.77
  8  12 0.73
  8  13 0.66
  8  14 0.39
  8  15 0.66
  8  16 0.71
  8  17 0.70
  8  18 0.66
  8  19 0.83
  8  20 0.70
  8  21 0.76
  8  22 0.79
  9   1 0.79
  9   2 0.67
  9   3 0.71
  9   4 0.70
  9   5 0.63
  9   6 0.71
  9   7 0.62
  9   8 0.71
  9   9 1.00
  9  10 0.81
  9  11 0.76
  9  12 0.60
  9  13 0.73
  9  14 0.54
  9  15 0.73
  9  16 0.74
  9  17 0.81
  9  18 0.77
  9  19 0.73
  9  20 0.80
  9  21 0.76
  9  22 0.77
 10   1 0.64
 10   2 0.62
 10   3 0.65
 10   4 0.57
 10   5 0.56
 10   6 0.73
 10   7 0.58
 10   8 0.66
 10   9 0.81
 10  10 1.00
 10  11 0.71
 10  12 0.54
 10  13 0.70
 10  14 0.48
 10  15 0.68
 10  16 0.69
 10  17 0.77
 10  18 0.68
 10  19 0.66
 10  20 0.72
 10  21 0.74
 10  22 0.72
 11   1 0.67
 11   2 0.64
 11   3 0.70
 11   4 0.52
 11   5 0.74
 11   6 0.66
 11   7 0.73
 11   8 0.77
 11   9 0.76
 11  10 0.71
 11  11 1.00
 11  12 0.68
 11  13 0.70
 11  14 0.55
 11  15 0.70
 11  16 0.67
 11  17 0.76
 11  18 0.68
 11  19 0.77
 11  20 0.71
 11  21 0.80
 11  22 0.76
 12   1 0.59
 12   2 0.53
 12   3 0.68
 12   4 0.48
 12   5 0.70
 12   6 0.49
 12   7 0.57
 12   8 0.73
 12   9 0.60
 12  10 0.54
 12  11 0.68
 12  12 1.00
 12  13 0.61
 12  14 0.32
 12  15 0.51
 12  16 0.62
 12  17 0.56
 12  18 0.53
 12  19 0.65
 12  20 0.44
 12  21 0.68
 12  22 0.68
 13   1 0.59
 13   2 0.61
 13   3 0.74
 13   4 0.54
 13   5 0.58
 13   6 0.55
 13   7 0.77
 13   8 0.66
 13   9 0.73
 13  10 0.70
 13  11 0.70
 13  12 0.61
 13  13 1.00
 13  14 0.32
 13  15 0.75
 13  16 0.67
 13  17 0.66
 13  18 0.74
 13  19 0.63
 13  20 0.56
 13  21 0.84
 13  22 0.75
 14   1 0.55
 14   2 0.42
 14   3 0.41
 14   4 0.39
 14   5 0.45
 14   6 0.59
 14   7 0.32
 14   8 0.39
 14   9 0.54
 14  10 0.48
 14  11 0.55
 14  12 0.32
 14  13 0.32
 14  14 1.00
 14  15 0.35
 14  16 0.45
 14  17 0.58
 14  18 0.36
 14  19 0.51
 14  20 0.58
 14  21 0.39
 14  22 0.43
 15   1 0.65
 15   2 0.66
 15   3 0.57
 15   4 0.45
 15   5 0.59
 15   6 0.55
 15   7 0.72
 15   8 0.66
 15   9 0.73
 15  10 0.68
 15  11 0.70
 15  12 0.51
 15  13 0.75
 15  14 0.35
 15  15 1.00
 15  16 0.58
 15  17 0.64
 15  18 0.82
 15  19 0.67
 15  20 0.60
 15  21 0.75
 15  22 0.69
 16   1 0.65
 16   2 0.52
 16   3 0.78
 16   4 0.68
 16   5 0.65
 16   6 0.66
 16   7 0.60
 16   8 0.71
 16   9 0.74
 16  10 0.69
 16  11 0.67
 16  12 0.62
 16  13 0.67
 16  14 0.45
 16  15 0.58
 16  16 1.00
 16  17 0.73
 16  18 0.64
 16  19 0.71
 16  20 0.72
 16  21 0.72
 16  22 0.76
 17   1 0.68
 17   2 0.55
 17   3 0.72
 17   4 0.63
 17   5 0.66
 17   6 0.76
 17   7 0.64
 17   8 0.70
 17   9 0.81
 17  10 0.77
 17  11 0.76
 17  12 0.56
 17  13 0.66
 17  14 0.58
 17  15 0.64
 17  16 0.73
 17  17 1.00
 17  18 0.62
 17  19 0.74
 17  20 0.83
 17  21 0.74
 17  22 0.80
 18   1 0.69
 18   2 0.63
 18   3 0.58
 18   4 0.52
 18   5 0.58
 18   6 0.48
 18   7 0.71
 18   8 0.66
 18   9 0.77
 18  10 0.68
 18  11 0.68
 18  12 0.53
 18  13 0.74
 18  14 0.36
 18  15 0.82
 18  16 0.64
 18  17 0.62
 18  18 1.00
 18  19 0.62
 18  20 0.60
 18  21 0.75
 18  22 0.66
 19   1 0.67
 19   2 0.54
 19   3 0.71
 19   4 0.58
 19   5 0.72
 19   6 0.66
 19   7 0.67
 19   8 0.83
 19   9 0.73
 19  10 0.66
 19  11 0.77
 19  12 0.65
 19  13 0.63
 19  14 0.51
 19  15 0.67
 19  16 0.71
 19  17 0.74
 19  18 0.62
 19  19 1.00
 19  20 0.76
 19  21 0.72
 19  22 0.75
 20   1 0.61
 20   2 0.44
 20   3 0.62
 20   4 0.68
 20   5 0.55
 20   6 0.74
 20   7 0.58
 20   8 0.70
 20   9 0.80
 20  10 0.72
 20  11 0.71
 20  12 0.44
 20  13 0.56
 20  14 0.58
 20  15 0.60
 20  16 0.72
 20  17 0.83
 20  18 0.60
 20  19 0.76
 20  20 1.00
 20  21 0.64
 20  22 0.74
 21   1 0.63
 21   2 0.66
 21   3 0.76
 21   4 0.56
 21   5 0.69
 21   6 0.59
 21   7 0.78
 21   8 0.76
 21   9 0.76
 21  10 0.74
 21  11 0.80
 21  12 0.68
 21  13 0.84
 21  14 0.39
 21  15 0.75
 21  16 0.72
 21  17 0.74
 21  18 0.75
 21  19 0.72
 21  20 0.64
 21  21 1.00
 21  22 0.82
 22   1 0.64
 22   2 0.56
 22   3 0.78
 22   4 0.64
 22   5 0.75
 22   6 0.65
 22   7 0.78
 22   8 0.79
 22   9 0.77
 22  10 0.72
 22  11 0.76
 22  12 0.68
 22  13 0.75
 22  14 0.43
 22  15 0.69
 22  16 0.76
 22  17 0.80
 22  18 0.66
 22  19 0.75
 22  20 0.74
 22  21 0.82
 22  22 1.00
  1   1 1.00
  1   2 0.73
  1   3 0.65
  1   4 0.58
  1   5 0.62
  1   6 0.61
  1   7 0.50
  1   8 0.58
  1   9 0.78
  1  10 0.64
  1  11 0.67
  1  12 0.59
  1  13 0.59
  1  14 0.55
  1  15 0.65
  1  16 0.64
  1  17 0.68
  1  18 0.69
  1  19 0.67
  1  20 0.61
  1  21 0.63
  1  22 0.64
  2   1 0.73
  2   2 1.00
  2   3 0.58
  2   4 0.37
  2   5 0.48
  2   6 0.50
  2   7 0.51
  2   8 0.50
  2   9 0.67
  2  10 0.62
  2  11 0.64
  2  12 0.53
  2  13 0.61
  2  14 0.42
  2  15 0.66
  2  16 0.51
  2  17 0.55
  2  18 0.63
  2  19 0.54
  2  20 0.44
  2  21 0.66
  2  22 0.56
  3   1 0.65
  3   2 0.58
  3   3 1.00
  3   4 0.69
  3   5 0.67
  3   6 0.61
  3   7 0.62
  3   8 0.68
  3   9 0.71
  3  10 0.65
  3  11 0.70
  3  12 0.68
  3  13 0.74
  3  14 0.40
  3  15 0.57
  3  16 0.78
  3  17 0.72
  3  18 0.58
  3  19 0.71
  3  20 0.62
  3  21 0.76
  3  22 0.78
  4   1 0.58
  4   2 0.37
  4   3 0.69
  4   4 1.00
  4   5 0.51
  4   6 0.57
  4   7 0.41
  4   8 0.50
  4   9 0.70
  4  10 0.57
  4  11 0.51
  4  12 0.48
  4  13 0.54
  4  14 0.38
  4  15 0.45
  4  16 0.68
  4  17 0.63
  4  18 0.52
  4  19 0.58
  4  20 0.68
  4  21 0.56
  4  22 0.64
  5   1 0.62
  5   2 0.48
  5   3 0.67
  5   4 0.51
  5   5 1.00
  5   6 0.50
  5   7 0.69
  5   8 0.76
  5   9 0.63
  5  10 0.55
  5  11 0.74
  5  12 0.70
  5  13 0.58
  5  14 0.45
  5  15 0.58
  5  16 0.65
  5  17 0.65
  5  18 0.58
  5  19 0.72
  5  20 0.54
  5  21 0.68
  5  22 0.75
  6   1 0.61
  6   2 0.50
  6   3 0.61
  6   4 0.57
  6   5 0.50
  6   6 1.00
  6   7 0.45
  6   8 0.58
  6   9 0.70
  6  10 0.73
  6  11 0.66
  6  12 0.49
  6  13 0.54
  6  14 0.58
  6  15 0.54
  6  16 0.66
  6  17 0.76
  6  18 0.48
  6  19 0.66
  6  20 0.74
  6  21 0.59
  6  22 0.65
  7   1 0.50
  7   2 0.51
  7   3 0.62
  7   4 0.41
  7   5 0.69
  7   6 0.45
  7   7 1.00
  7   8 0.74
  7   9 0.62
  7  10 0.58
  7  11 0.73
  7  12 0.56
  7  13 0.77
  7  14 0.32
  7  15 0.72
  7  16 0.60
  7  17 0.64
  7  18 0.71
  7  19 0.66
  7  20 0.58
  7  21 0.78
  7  22 0.78
  8   1 0.58
  8   2 0.50
  8   3 0.68
  8   4 0.50
  8   5 0.76
  8   6 0.58
  8   7 0.74
  8   8 1.00
  8   9 0.71
  8  10 0.66
  8  11 0.77
  8  12 0.73
  8  13 0.65
  8  14 0.39
  8  15 0.66
  8  16 0.71
  8  17 0.70
  8  18 0.66
  8  19 0.83
  8  20 0.70
  8  21 0.75
  8  22 0.79
  9   1 0.78
  9   2 0.67
  9   3 0.71
  9   4 0.70
  9   5 0.63
  9   6 0.70
  9   7 0.62
  9   8 0.71
  9   9 1.00
  9  10 0.81
  9  11 0.75
  9  12 0.59
  9  13 0.73
  9  14 0.54
  9  15 0.73
  9  16 0.74
  9  17 0.81
  9  18 0.76
  9  19 0.73
  9  20 0.79
  9  21 0.75
  9  22 0.77
 10   1 0.64
 10   2 0.62
 10   3 0.65
 10   4 0.57
 10   5 0.55
 10   6 0.73
 10   7 0.58
 10   8 0.66
 10   9 0.81
 10  10 1.00
 10  11 0.71
 10  12 0.54
 10  13 0.70
 10  14 0.47
 10  15 0.67
 10  16 0.69
 10  17 0.77
 10  18 0.68
 10  19 0.66
 10  20 0.72
 10  21 0.74
 10  22 0.72
 11   1 0.67
 11   2 0.64
 11   3 0.70
 11   4 0.51
 11   5 0.74
 11   6 0.66
 11   7 0.73
 11   8 0.77
 11   9 0.75
 11  10 0.71
 11  11 1.00
 11  12 0.68
 11  13 0.69
 11  14 0.55
 11  15 0.70
 11  16 0.67
 11  17 0.76
 11  18 0.67
 11  19 0.77
 11  20 0.71
 11  21 0.80
 11  22 0.76
 12   1 0.59
 12   2 0.53
 12   3 0.68
 12   4 0.48
 12   5 0.70
 12   6 0.49
 12   7 0.56
 12   8 0.73
 12   9 0.59
 12  10 0.54
 12  11 0.68
 12  12 1.00
 12  13 0.60
 12  14 0.31
 12  15 0.51
 12  16 0.62
 12  17 0.56
 12  18 0.53
 12  19 0.65
 12  20 0.44
 12  21 0.68
 12  22 0.68
 13   1 0.59
 13   2 0.61
 13   3 0.74
 13   4 0.54
 13   5 0.58
 13   6 0.54
 13   7 0.77
 13   8 0.65
 13   9 0.73
 13  10 0.70
 13  11 0.69
 13  12 0.60
 13  13 1.00
 13  14 0.32
 13  15 0.75
 13  16 0.66
 13  17 0.65
 13  18 0.74
 13  19 0.63
 13  20 0.56
 13  21 0.84
 13  22 0.75
 14   1 0.55
 14   2 0.42
 14   3 0.40
 14   4 0.38
 14   5 0.45
 14   6 0.58
 14   7 0.32
 14   8 0.39
 14   9 0.54
 14  10 0.47
 14  11 0.55
 14  12 0.31
 14  13 0.32
 14  14 1.00
 14  15 0.35
 14  16 0.45
 14  17 0.58
 14  18 0.36
 14  19 0.51
 14  20 0.57
 14  21 0.39
 14  22 0.42
 15   1 0.65
 15   2 0.66
 15   3 0.57
 15   4 0.45
 15   5 0.58
 15   6 0.54
 15   7 0.72
 15   8 0.66
 15   9 0.73
 15  10 0.67
 15  11 0.70
 15  12 0.51
 15  13 0.75
 15  14 0.35
 15  15 1.00
 15  16 0.58
 15  17 0.63
 15  18 0.82
 15  19 0.67
 15  20 0.60
 15  21 0.75
 15  22 0.69
 16   1 0.64
 16   2 0.51
 16   3 0.78
 16   4 0.68
 16   5 0.65
 16   6 0.66
 16   7 0.60
 16   8 0.71
 16   9 0.74
 16  10 0.69
 16  11 0.67
 16  12 0.62
 16  13 0.66
 16  14 0.45
 16  15 0.58
 16  16 1.00
 16  17 0.73
 16  18 0.64
 16  19 0.71
 16  20 0.72
 16  21 0.72
 16  22 0.75
 17   1 0.68
 17   2 0.55
 17   3 0.72
 17   4 0.63
 17   5 0.65
 17   6 0.76
 17   7 0.64
 17   8 0.70
 17   9 0.81
 17  10 0.77
 17  11 0.76
 17  12 0.56
 17  13 0.65
 17  14 0.58
 17  15 0.63
 17  16 0.73
 17  17 1.00
 17  18 0.62
 17  19 0.74
 17  20 0.83
 17  21 0.74
 17  22 0.80
 18   1 0.69
 18   2 0.63
 18   3 0.58
 18   4 0.52
 18   5 0.58
 18   6 0.48
 18   7 0.71
 18   8 0.66
 18   9 0.76
 18  10 0.68
 18  11 0.67
 18  12 0.53
 18  13 0.74
 18  14 0.36
 18  15 0.82
 18  16 0.64
 18  17 0.62
 18  18 1.00
 18  19 0.62
 18  20 0.60
 18  21 0.74
 18  22 0.66
 19   1 0.67
 19   2 0.54
 19   3 0.71
 19   4 0.58
 19   5 0.72
 19   6 0.66
 19   7 0.66
 19   8 0.83
 19   9 0.73
 19  10 0.66
 19  11 0.77
 19  12 0.65
 19  13 0.63
 19  14 0.51
 19  15 0.67
 19  16 0.71
 19  17 0.74
 19  18 0.62
 19  19 1.00
 19  20 0.75
 19  21 0.71
 19  22 0.75
 20   1 0.61
 20   2 0.44
 20   3 0.62
 20   4 0.68
 20   5 0.54
 20   6 0.74
 20   7 0.58
 20   8 0.70
 20   9 0.79
 20  10 0.72
 20  11 0.71
 20  12 0.44
 20  13 0.56
 20  14 0.57
 20  15 0.60
 20  16 0.72
 20  17 0.83
 20  18 0.60
 20  19 0.75
 20  20 1.00
 20  21 0.64
 20  22 0.74
 21   1 0.63
 21   2 0.66
 21   3 0.76
 21   4 0.56
 21   5 0.68
 21   6 0.59
 21   7 0.78
 21   8 0.75
 21   9 0.75
 21  10 0.74
 21  11 0.80
 21  12 0.68
 21  13 0.84
 21  14 0.39
 21  15 0.75
 21  16 0.72
 21  17 0.74
 21  18 0.74
 21  19 0.71
 21  20 0.64
 21  21 1.00
 21  22 0.82
 22   1 0.64
 22   2 0.56
 22   3 0.78
 22   4 0.64
 22   5 0.75
 22   6 0.65
 22   7 0.78
 22   8 0.79
 22   9 0.77
 22  10 0.72
 22  11 0.76
 22  12 0.68
 22  13 0.75
 22  14 0.42
 22  15 0.69
 22  16 0.75
 22  17 0.80
 22  18 0.66
 22  19 0.75
 22  20 0.74
 22  21 0.82
 22  22 1.00
  1   1 1.00
  1   2 0.73
  1   3 0.65
  1   4 0.58
  1   5 0.62
  1   6 0.61
  1   7 0.50
  1   8 0.58
  1   9 0.78
  1  10 0.64
  1  11 0.67
  1  12 0.59
  1  13 0.59
  1  14 0.55
  1  15 0.65
  1  16 0.64
  1  17 0.68
  1  18 0.69
  1  19 0.67
  1  20 0.61
  1  21 0.63
  1  22 0.64
  2   1 0.73
  2   2 1.00
  2   3 0.58
  2   4 0.37
  2   5 0.48
  2   6 0.50
  2   7 0.51
  2   8 0.50
  2   9 0.67
  2  10 0.62
  2  11 0.64
  2  12 0.53
  2  13 0.61
  2  14 0.42
  2  15 0.66
  2  16 0.51
  2  17 0.55
  2  18 0.63
  2  19 0.54
  2  20 0.44
  2  21 0.66
  2  22 0.56
  3   1 0.65
  3   2 0.58
  3   3 1.00
  3   4 0.69
  3   5 0.67
  3   6 0.61
  3   7 0.62
  3   8 0.68
  3   9 0.71
  3  10 0.65
  3  11 0.70
  3  12 0.68
  3  13 0.74
  3  14 0.40
  3  15 0.57
  3  16 0.78
  3  17 0.72
  3  18 0.58
  3  19 0.71
  3  20 0.62
  3  21 0.76
  3  22 0.78
  4   1 0.58
  4   2 0.37
  4   3 0.69
  4   4 1.00
  4   5 0.51
  4   6 0.57
  4   7 0.41
  4   8 0.50
  4   9 0.70
  4  10 0.57
  4  11 0.51
  4  12 0.48
  4  13 0.54
  4  14 0.38
  4  15 0.45
  4  16 0.68
  4  17 0.63
  4  18 0.52
  4  19 0.58
  4  20 0.68
  4  21 0.56
  4  22 0.64
  5   1 0.62
  5   2 0.48
  5   3 0.67
  5   4 0.51
  5   5 1.00
  5   6 0.50
  5   7 0.69
  5   8 0.76
  5   9 0.63
  5  10 0.55
  5  11 0.74
  5  12 0.70
  5  13 0.58
  5  14 0.45
  5  15 0.58
  5  16 0.65
  5  17 0.65
  5  18 0.58
  5  19 0.72
  5  20 0.54
  5  21 0.68
  5  22 0.75
  6   1 0.61
  6   2 0.50
  6   3 0.61
  6   4 0.57
  6   5 0.50
  6   6 1.00
  6   7 0.45
  6   8 0.58
  6   9 0.70
  6  10 0.73
  6  11 0.66
  6  12 0.49
  6  13 0.54
  6  14 0.58
  6  15 0.54
  6  16 0.66
  6  17 0.76
  6  18 0.48
  6  19 0.66
  6  20 0.74
  6  21 0.59
  6  22 0.65
  7   1 0.50
  7   2 0.51
  7   3 0.62
  7   4 0.41
  7   5 0.69
  7   6 0.45
  7   7 1.00
  7   8 0.74
  7   9 0.62
  7  10 0.58
  7  11 0.73
  7  12 0.56
  7  13 0.77
  7  14 0.32
  7  15 0.72
  7  16 0.60
  7  17 0.64
  7  18 0.71
  7  19 0.66
  7  20 0.58
  7  21 0.78
  7  22 0.78
  8   1 0.58
  8   2 0.50
  8   3 0.68
  8   4 0.50
  8   5 0.76
  8   6 0.58
  8   7 0.74
  8   8 1.00
  8   9 0.71
  8  10 0.66
  8  11 0.77
  8  12 0.73
  8  13 0.65
  8  14 0.39
  8  15 0.66
  8  16 0.71
  8  17 0.70
  8  18 0.66
  8  19 0.83
  8  20 0.70
  8  21 0.75
  8  22 0.79
  9   1 0.78
  9   2 0.67
  9   3 0.71
  9   4 0.70
  9   5 0.63
  9   6 0.70
  9   7 0.62
  9   8 0.71
  9   9 1.00
  9  10 0.81
  9  11 0.75
  9  12 0.59
  9  13 0.73
  9  14 0.54
  9  15 0.73
  9  16 0.74
  9  17 0.81
  9  18 0.76
  9  19 0.73
  9  20 0.79
  9  21 0.75
  9  22 0.77
 10   1 0.64
 10   2 0.62
 10   3 0.65
 10   4 0.57
 10   5 0.55
 10   6 0.73
 10   7 0.58
 10   8 0.66
 10   9 0.81
 10  10 1.00
 10  11 0.71
 10  12 0.54
 10  13 0.70
 10  14 0.47
 10  15 0.67
 10  16 0.69
 10  17 0.77
 10  18 0.68
 10  19 0.66
 10  20 0.72
 10  21 0.74
 10  22 0.72
 11   1 0.67
 11   2 0.64
 11   3 0.70
 11   4 0.51
 11   5 0.74
 11   6 0.66
 11   7 0.73
 11   8 0.77
 11   9 0.75
 11  10 0.71
 11  11 1.00
 11  12 0.68
 11  13 0.69
 11  14 0.55
 11  15 0.70
 11  16 0.67
 11  17 0.76
 11  18 0.67
 11  19 0.77
 11  20 0.71
 11  21 0.80
 11  22 0.76
 12   1 0.59
 12   2 0.53
 12   3 0.68
 12   4 0.48
 12   5 0.70
 12   6 0.49
 12   7 0.56
 12   8 0.73
 12   9 0.59
 12  10 0.54
 12  11 0.68
 12  12 1.00
 12  13 0.60
 12  14 0.31
 12  15 0.51
 12  16 0.62
 12  17 0.56
 12  18 0.53
 12  19 0.65
 12  20 0.44
 12  21 0.68
 12  22 0.68
 13   1 0.59
 13   2 0.61
 13   3 0.74
 13   4 0.54
 13   5 0.58
 13   6 0.54
 13   7 0.77
 13   8 0.65
 13   9 0.73
 13  10 0.70
 13  11 0.69
 13  12 0.60
 13  13 1.00
 13  14 0.32
 13  15 0.75
 13  16 0.66
 13  17 0.65
 13  18 0.74
 13  19 0.63
 13  20 0.56
 13  21 0.84
 13  22 0.75
 14   1 0.55
 14   2 0.42
 14   3 0.40
 14   4 0.38
 14   5 0.45
 14   6 0.58
 14   7 0.32
 14   8 0.39
 14   9 0.54
 14  10 0.47
 14  11 0.55
 14  12 0.31
 14  13 0.32
 14  14 1.00
 14  15 0.35
 14  16 0.45
 14  17 0.58
 14  18 0.36
 14  19 0.51
 14  20 0.57
 14  21 0.39
 14  22 0.42
 15   1 0.65
 15   2 0.66
 15   3 0.57
 15   4 0.45
 15   5 0.58
 15   6 0.54
 15   7 0.72
 15   8 0.66
 15   9 0.73
 15  10 0.67
 15  11 0.70
 15  12 0.51
 15  13 0.75
 15  14 0.35
 15  15 1.00
 15  16 0.58
 15  17 0.63
 15  18 0.82
 15  19 0.67
 15  20 0.60
 15  21 0.75
 15  22 0.69
 16   1 0.64
 16   2 0.51
 16   3 0.78
 16   4 0.68
 16   5 0.65
 16   6 0.66
 16   7 0.60
 16   8 0.71
 16   9 0.74
 16  10 0.69
 16  11 0.67
 16  12 0.62
 16  13 0.66
 16  14 0.45
 16  15 0.58
 16  16 1.00
 16  17 0.73
 16  18 0.64
 16  19 0.71
 16  20 0.72
 16  21 0.72
 16  22 0.75
 17   1 0.68
 17   2 0.55
 17   3 0.72
 17   4 0.63
 17   5 0.65
 17   6 0.76
 17   7 0.64
 17   8 0.70
 17   9 0.81
 17  10 0.77
 17  11 0.76
 17  12 0.56
 17  13 0.65
 17  14 0.58
 17  15 0.63
 17  16 0.73
 17  17 1.00
 17  18 0.62
 17  19 0.74
 17  20 0.83
 17  21 0.74
 17  22 0.80
 18   1 0.69
 18   2 0.63
 18   3 0.58
 18   4 0.52
 18   5 0.58
 18   6 0.48
 18   7 0.71
 18   8 0.66
 18   9 0.76
 18  10 0.68
 18  11 0.67
 18  12 0.53
 18  13 0.74
 18  14 0.36
 18  15 0.82
 18  16 0.64
 18  17 0.62
 18  18 1.00
 18  19 0.62
 18  20 0.60
 18  21 0.74
 18  22 0.66
 19   1 0.67
 19   2 0.54
 19   3 0.71
 19   4 0.58
 19   5 0.72
 19   6 0.66
 19   7 0.66
 19   8 0.83
 19   9 0.73
 19  10 0.66
 19  11 0.77
 19  12 0.65
 19  13 0.63
 19  14 0.51
 19  15 0.67
 19  16 0.71
 19  17 0.74
 19  18 0.62
 19  19 1.00
 19  20 0.75
 19  21 0.71
 19  22 0.75
 20   1 0.61
 20   2 0.44
 20   3 0.62
 20   4 0.68
 20   5 0.54
 20   6 0.74
 20   7 0.58
 20   8 0.70
 20   9 0.79
 20  10 0.72
 20  11 0.71
 20  12 0.44
 20  13 0.56
 20  14 0.57
 20  15 0.60
 20  16 0.72
 20  17 0.83
 20  18 0.60
 20  19 0.75
 20  20 1.00
 20  21 0.64
 20  22 0.74
 21   1 0.63
 21   2 0.66
 21   3 0.76
 21   4 0.56
 21   5 0.68
 21   6 0.59
 21   7 0.78
 21   8 0.75
 21   9 0.75
 21  10 0.74
 21  11 0.80
 21  12 0.68
 21  13 0.84
 21  14 0.39
 21  15 0.75
 21  16 0.72
 21  17 0.74
 21  18 0.74
 21  19 0.71
 21  20 0.64
 21  21 1.00
 21  22 0.82
 22   1 0.64
 22   2 0.56
 22   3 0.78
 22   4 0.64
 22   5 0.75
 22   6 0.65
 22   7 0.78
 22   8 0.79
 22   9 0.77
 22  10 0.72
 22  11 0.76
 22  12 0.68
 22  13 0.75
 22  14 0.42
 22  15 0.69
 22  16 0.75
 22  17 0.80
 22  18 0.66
 22  19 0.75
 22  20 0.74
 22  21 0.82
 22  22 1.00
