  1   1 1.00
  1   2 0.72
  1   3 0.46
  1   4 0.36
  1   5 0.69
  1   6 0.53
  1   7 0.59
  1   8 0.48
  1   9 0.68
  1  10 0.64
  1  11 0.76
  1  12 0.75
  1  13 0.72
  1  14 0.72
  1  15 0.57
  1  16 0.56
  1  17 0.71
  1  18 0.61
  1  19 0.52
  1  20 0.51
  1  21 0.56
  1  22 0.59
  2   1 0.72
  2   2 1.00
  2   3 0.56
  2   4 0.44
  2   5 0.78
  2   6 0.60
  2   7 0.43
  2   8 0.54
  2   9 0.62
  2  10 0.63
  2  11 0.69
  2  12 0.67
  2  13 0.60
  2  14 0.69
  2  15 0.49
  2  16 0.53
  2  17 0.77
  2  18 0.63
  2  19 0.69
  2  20 0.66
  2  21 0.46
  2  22 0.55
  3   1 0.46
  3   2 0.56
  3   3 1.00
  3   4 0.32
  3   5 0.54
  3   6 0.74
  3   7 0.27
  3   8 0.67
  3   9 0.71
  3  10 0.72
  3  11 0.52
  3  12 0.68
  3  13 0.53
  3  14 0.65
  3  15 0.70
  3  16 0.66
  3  17 0.61
  3  18 0.77
  3  19 0.61
  3  20 0.64
  3  21 0.67
  3  22 0.66
  4   1 0.36
  4   2 0.44
  4   3 0.32
  4   4 1.00
  4   5 0.31
  4   6 0.40
  4   7 0.13
  4   8 0.26
  4   9 0.39
  4  10 0.32
  4  11 0.27
  4  12 0.34
  4  13 0.27
  4  14 0.32
  4  15 0.29
  4  16 0.27
  4  17 0.35
  4  18 0.34
  4  19 0.45
  4  20 0.43
  4  21 0.27
  4  22 0.31
  5   1 0.69
  5   2 0.78
  5   3 0.54
  5   4 0.31
  5   5 1.00
  5   6 0.61
  5   7 0.46
  5   8 0.61
  5   9 0.63
  5  10 0.67
  5  11 0.62
  5  12 0.61
  5  13 0.59
  5  14 0.74
  5  15 0.46
  5  16 0.50
  5  17 0.79
  5  18 0.70
  5  19 0.68
  5  20 0.65
  5  21 0.50
  5  22 0.51
  6   1 0.53
  6   2 0.60
  6   3 0.74
  6   4 0.40
  6   5 0.61
  6   6 1.00
  6   7 0.22
  6   8 0.67
  6   9 0.76
  6  10 0.75
  6  11 0.55
  6  12 0.72
  6  13 0.57
  6  14 0.72
  6  15 0.68
  6  16 0.69
  6  17 0.64
  6  18 0.80
  6  19 0.67
  6  20 0.66
  6  21 0.64
  6  22 0.64
  7   1 0.59
  7   2 0.43
  7   3 0.27
  7   4 0.13
  7   5 0.46
  7   6 0.22
  7   7 1.00
  7   8 0.33
  7   9 0.33
  7  10 0.42
  7  11 0.52
  7  12 0.43
  7  13 0.38
  7  14 0.49
  7  15 0.29
  7  16 0.27
  7  17 0.36
  7  18 0.38
  7  19 0.35
  7  20 0.38
  7  21 0.36
  7  22 0.31
  8   1 0.48
  8   2 0.54
  8   3 0.67
  8   4 0.26
  8   5 0.61
  8   6 0.67
  8   7 0.33
  8   8 1.00
  8   9 0.60
  8  10 0.73
  8  11 0.53
  8  12 0.58
  8  13 0.39
  8  14 0.68
  8  15 0.48
  8  16 0.52
  8  17 0.53
  8  18 0.69
  8  19 0.68
  8  20 0.67
  8  21 0.47
  8  22 0.44
  9   1 0.68
  9   2 0.62
  9   3 0.71
  9   4 0.39
  9   5 0.63
  9   6 0.76
  9   7 0.33
  9   8 0.60
  9   9 1.00
  9  10 0.76
  9  11 0.62
  9  12 0.76
  9  13 0.71
  9  14 0.78
  9  15 0.76
  9  16 0.73
  9  17 0.68
  9  18 0.75
  9  19 0.58
  9  20 0.59
  9  21 0.70
  9  22 0.77
 10   1 0.64
 10   2 0.63
 10   3 0.72
 10   4 0.32
 10   5 0.67
 10   6 0.75
 10   7 0.42
 10   8 0.73
 10   9 0.76
 10  10 1.00
 10  11 0.68
 10  12 0.76
 10  13 0.68
 10  14 0.83
 10  15 0.74
 10  16 0.76
 10  17 0.68
 10  18 0.83
 10  19 0.66
 10  20 0.66
 10  21 0.73
 10  22 0.72
 11   1 0.76
 11   2 0.69
 11   3 0.52
 11   4 0.27
 11   5 0.62
 11   6 0.55
 11   7 0.52
 11   8 0.53
 11   9 0.62
 11  10 0.68
 11  11 1.00
 11  12 0.79
 11  13 0.68
 11  14 0.71
 11  15 0.58
 11  16 0.62
 11  17 0.69
 11  18 0.62
 11  19 0.49
 11  20 0.49
 11  21 0.60
 11  22 0.58
 12   1 0.75
 12   2 0.67
 12   3 0.68
 12   4 0.34
 12   5 0.61
 12   6 0.72
 12   7 0.43
 12   8 0.58
 12   9 0.76
 12  10 0.76
 12  11 0.79
 12  12 1.00
 12  13 0.75
 12  14 0.76
 12  15 0.79
 12  16 0.76
 12  17 0.70
 12  18 0.78
 12  19 0.56
 12  20 0.57
 12  21 0.71
 12  22 0.72
 13   1 0.72
 13   2 0.60
 13   3 0.53
 13   4 0.27
 13   5 0.59
 13   6 0.57
 13   7 0.38
 13   8 0.39
 13   9 0.71
 13  10 0.68
 13  11 0.68
 13  12 0.75
 13  13 1.00
 13  14 0.72
 13  15 0.73
 13  16 0.72
 13  17 0.75
 13  18 0.66
 13  19 0.39
 13  20 0.38
 13  21 0.71
 13  22 0.65
 14   1 0.72
 14   2 0.69
 14   3 0.65
 14   4 0.32
 14   5 0.74
 14   6 0.72
 14   7 0.49
 14   8 0.68
 14   9 0.78
 14  10 0.83
 14  11 0.71
 14  12 0.76
 14  13 0.72
 14  14 1.00
 14  15 0.69
 14  16 0.71
 14  17 0.70
 14  18 0.76
 14  19 0.64
 14  20 0.66
 14  21 0.66
 14  22 0.65
 15   1 0.57
 15   2 0.49
 15   3 0.70
 15   4 0.29
 15   5 0.46
 15   6 0.68
 15   7 0.29
 15   8 0.48
 15   9 0.76
 15  10 0.74
 15  11 0.58
 15  12 0.79
 15  13 0.73
 15  14 0.69
 15  15 1.00
 15  16 0.88
 15  17 0.58
 15  18 0.76
 15  19 0.40
 15  20 0.47
 15  21 0.79
 15  22 0.75
 16   1 0.56
 16   2 0.53
 16   3 0.66
 16   4 0.27
 16   5 0.50
 16   6 0.69
 16   7 0.27
 16   8 0.52
 16   9 0.73
 16  10 0.76
 16  11 0.62
 16  12 0.76
 16  13 0.72
 16  14 0.71
 16  15 0.88
 16  16 1.00
 16  17 0.59
 16  18 0.76
 16  19 0.42
 16  20 0.47
 16  21 0.81
 16  22 0.73
 17   1 0.71
 17   2 0.77
 17   3 0.61
 17   4 0.35
 17   5 0.79
 17   6 0.64
 17   7 0.36
 17   8 0.53
 17   9 0.68
 17  10 0.68
 17  11 0.69
 17  12 0.70
 17  13 0.75
 17  14 0.70
 17  15 0.58
 17  16 0.59
 17  17 1.00
 17  18 0.71
 17  19 0.60
 17  20 0.55
 17  21 0.57
 17  22 0.62
 18   1 0.61
 18   2 0.63
 18   3 0.77
 18   4 0.34
 18   5 0.70
 18   6 0.80
 18   7 0.38
 18   8 0.69
 18   9 0.75
 18  10 0.83
 18  11 0.62
 18  12 0.78
 18  13 0.66
 18  14 0.76
 18  15 0.76
 18  16 0.76
 18  17 0.71
 18  18 1.00
 18  19 0.63
 18  20 0.68
 18  21 0.74
 18  22 0.72
 19   1 0.52
 19   2 0.69
 19   3 0.61
 19   4 0.45
 19   5 0.68
 19   6 0.67
 19   7 0.35
 19   8 0.68
 19   9 0.58
 19  10 0.66
 19  11 0.49
 19  12 0.56
 19  13 0.39
 19  14 0.64
 19  15 0.40
 19  16 0.42
 19  17 0.60
 19  18 0.63
 19  19 1.00
 19  20 0.77
 19  21 0.41
 19  22 0.55
 20   1 0.51
 20   2 0.66
 20   3 0.64
 20   4 0.43
 20   5 0.65
 20   6 0.66
 20   7 0.38
 20   8 0.67
 20   9 0.59
 20  10 0.66
 20  11 0.49
 20  12 0.57
 20  13 0.38
 20  14 0.66
 20  15 0.47
 20  16 0.47
 20  17 0.55
 20  18 0.68
 20  19 0.77
 20  20 1.00
 20  21 0.47
 20  22 0.48
 21   1 0.56
 21   2 0.46
 21   3 0.67
 21   4 0.27
 21   5 0.50
 21   6 0.64
 21   7 0.36
 21   8 0.47
 21   9 0.70
 21  10 0.73
 21  11 0.60
 21  12 0.71
 21  13 0.71
 21  14 0.66
 21  15 0.79
 21  16 0.81
 21  17 0.57
 21  18 0.74
 21  19 0.41
 21  20 0.47
 21  21 1.00
 21  22 0.72
 22   1 0.59
 22   2 0.55
 22   3 0.66
 22   4 0.31
 22   5 0.51
 22   6 0.64
 22   7 0.31
 22   8 0.44
 22   9 0.77
 22  10 0.72
 22  11 0.58
 22  12 0.72
 22  13 0.65
 22  14 0.65
 22  15 0.75
 22  16 0.73
 22  17 0.62
 22  18 0.72
 22  19 0.55
 22  20 0.48
 22  21 0.72
 22  22 1.00
  1   1 1.00
  1   2 0.72
  1   3 0.45
  1   4 0.36
  1   5 0.69
  1   6 0.52
  1   7 0.59
  1   8 0.48
  1   9 0.68
  1  10 0.63
  1  11 0.75
  1  12 0.75
  1  13 0.72
  1  14 0.72
  1  15 0.57
  1  16 0.56
  1  17 0.71
  1  18 0.61
  1  19 0.51
  1  20 0.51
  1  21 0.55
  1  22 0.59
  2   1 0.72
  2   2 1.00
  2   3 0.56
  2   4 0.44
  2   5 0.78
  2   6 0.60
  2   7 0.42
  2   8 0.54
  2   9 0.62
  2  10 0.63
  2  11 0.69
  2  12 0.67
  2  13 0.60
  2  14 0.68
  2  15 0.49
  2  16 0.53
  2  17 0.77
  2  18 0.63
  2  19 0.69
  2  20 0.66
  2  21 0.46
  2  22 0.55
  3   1 0.45
  3   2 0.56
  3   3 1.00
  3   4 0.32
  3   5 0.54
  3   6 0.74
  3   7 0.27
  3   8 0.67
  3   9 0.71
  3  10 0.72
  3  11 0.51
  3  12 0.68
  3  13 0.53
  3  14 0.65
  3  15 0.70
  3  16 0.66
  3  17 0.61
  3  18 0.77
  3  19 0.61
  3  20 0.64
  3  21 0.67
  3  22 0.66
  4   1 0.36
  4   2 0.44
  4   3 0.32
  4   4 1.00
  4   5 0.31
  4   6 0.40
  4   7 0.13
  4   8 0.26
  4   9 0.39
  4  10 0.32
  4  11 0.27
  4  12 0.34
  4  13 0.27
  4  14 0.32
  4  15 0.29
  4  16 0.27
  4  17 0.35
  4  18 0.34
  4  19 0.45
  4  20 0.43
  4  21 0.27
  4  22 0.31
  5   1 0.69
  5   2 0.78
  5   3 0.54
  5   4 0.31
  5   5 1.00
  5   6 0.60
  5   7 0.46
  5   8 0.61
  5   9 0.63
  5  10 0.67
  5  11 0.62
  5  12 0.61
  5  13 0.59
  5  14 0.74
  5  15 0.46
  5  16 0.50
  5  17 0.79
  5  18 0.70
  5  19 0.68
  5  20 0.65
  5  21 0.50
  5  22 0.51
  6   1 0.52
  6   2 0.60
  6   3 0.74
  6   4 0.40
  6   5 0.60
  6   6 1.00
  6   7 0.22
  6   8 0.67
  6   9 0.76
  6  10 0.75
  6  11 0.55
  6  12 0.71
  6  13 0.57
  6  14 0.72
  6  15 0.68
  6  16 0.69
  6  17 0.64
  6  18 0.80
  6  19 0.67
  6  20 0.66
  6  21 0.64
  6  22 0.63
  7   1 0.59
  7   2 0.42
  7   3 0.27
  7   4 0.13
  7   5 0.46
  7   6 0.22
  7   7 1.00
  7   8 0.33
  7   9 0.33
  7  10 0.42
  7  11 0.52
  7  12 0.43
  7  13 0.38
  7  14 0.49
  7  15 0.29
  7  16 0.27
  7  17 0.36
  7  18 0.38
  7  19 0.35
  7  20 0.38
  7  21 0.36
  7  22 0.31
  8   1 0.48
  8   2 0.54
  8   3 0.67
  8   4 0.26
  8   5 0.61
  8   6 0.67
  8   7 0.33
  8   8 1.00
  8   9 0.60
  8  10 0.73
  8  11 0.53
  8  12 0.58
  8  13 0.39
  8  14 0.68
  8  15 0.48
  8  16 0.52
  8  17 0.53
  8  18 0.69
  8  19 0.68
  8  20 0.67
  8  21 0.47
  8  22 0.44
  9   1 0.68
  9   2 0.62
  9   3 0.71
  9   4 0.39
  9   5 0.63
  9   6 0.76
  9   7 0.33
  9   8 0.60
  9   9 1.00
  9  10 0.76
  9  11 0.62
  9  12 0.76
  9  13 0.71
  9  14 0.77
  9  15 0.76
  9  16 0.73
  9  17 0.68
  9  18 0.75
  9  19 0.58
  9  20 0.59
  9  21 0.70
  9  22 0.77
 10   1 0.63
 10   2 0.63
 10   3 0.72
 10   4 0.32
 10   5 0.67
 10   6 0.75
 10   7 0.42
 10   8 0.73
 10   9 0.76
 10  10 1.00
 10  11 0.68
 10  12 0.76
 10  13 0.68
 10  14 0.83
 10  15 0.74
 10  16 0.76
 10  17 0.68
 10  18 0.83
 10  19 0.66
 10  20 0.66
 10  21 0.73
 10  22 0.72
 11   1 0.75
 11   2 0.69
 11   3 0.51
 11   4 0.27
 11   5 0.62
 11   6 0.55
 11   7 0.52
 11   8 0.53
 11   9 0.62
 11  10 0.68
 11  11 1.00
 11  12 0.79
 11  13 0.68
 11  14 0.71
 11  15 0.58
 11  16 0.62
 11  17 0.68
 11  18 0.62
 11  19 0.49
 11  20 0.49
 11  21 0.59
 11  22 0.58
 12   1 0.75
 12   2 0.67
 12   3 0.68
 12   4 0.34
 12   5 0.61
 12   6 0.71
 12   7 0.43
 12   8 0.58
 12   9 0.76
 12  10 0.76
 12  11 0.79
 12  12 1.00
 12  13 0.75
 12  14 0.76
 12  15 0.79
 12  16 0.76
 12  17 0.70
 12  18 0.78
 12  19 0.56
 12  20 0.57
 12  21 0.71
 12  22 0.71
 13   1 0.72
 13   2 0.60
 13   3 0.53
 13   4 0.27
 13   5 0.59
 13   6 0.57
 13   7 0.38
 13   8 0.39
 13   9 0.71
 13  10 0.68
 13  11 0.68
 13  12 0.75
 13  13 1.00
 13  14 0.72
 13  15 0.73
 13  16 0.72
 13  17 0.75
 13  18 0.66
 13  19 0.39
 13  20 0.38
 13  21 0.71
 13  22 0.65
 14   1 0.72
 14   2 0.68
 14   3 0.65
 14   4 0.32
 14   5 0.74
 14   6 0.72
 14   7 0.49
 14   8 0.68
 14   9 0.77
 14  10 0.83
 14  11 0.71
 14  12 0.76
 14  13 0.72
 14  14 1.00
 14  15 0.69
 14  16 0.71
 14  17 0.69
 14  18 0.76
 14  19 0.64
 14  20 0.66
 14  21 0.66
 14  22 0.65
 15   1 0.57
 15   2 0.49
 15   3 0.70
 15   4 0.29
 15   5 0.46
 15   6 0.68
 15   7 0.29
 15   8 0.48
 15   9 0.76
 15  10 0.74
 15  11 0.58
 15  12 0.79
 15  13 0.73
 15  14 0.69
 15  15 1.00
 15  16 0.87
 15  17 0.58
 15  18 0.76
 15  19 0.40
 15  20 0.47
 15  21 0.79
 15  22 0.74
 16   1 0.56
 16   2 0.53
 16   3 0.66
 16   4 0.27
 16   5 0.50
 16   6 0.69
 16   7 0.27
 16   8 0.52
 16   9 0.73
 16  10 0.76
 16  11 0.62
 16  12 0.76
 16  13 0.72
 16  14 0.71
 16  15 0.87
 16  16 1.00
 16  17 0.59
 16  18 0.76
 16  19 0.42
 16  20 0.47
 16  21 0.81
 16  22 0.73
 17   1 0.71
 17   2 0.77
 17   3 0.61
 17   4 0.35
 17   5 0.79
 17   6 0.64
 17   7 0.36
 17   8 0.53
 17   9 0.68
 17  10 0.68
 17  11 0.68
 17  12 0.70
 17  13 0.75
 17  14 0.69
 17  15 0.58
 17  16 0.59
 17  17 1.00
 17  18 0.71
 17  19 0.60
 17  20 0.55
 17  21 0.57
 17  22 0.61
 18   1 0.61
 18   2 0.63
 18   3 0.77
 18   4 0.34
 18   5 0.70
 18   6 0.80
 18   7 0.38
 18   8 0.69
 18   9 0.75
 18  10 0.83
 18  11 0.62
 18  12 0.78
 18  13 0.66
 18  14 0.76
 18  15 0.76
 18  16 0.76
 18  17 0.71
 18  18 1.00
 18  19 0.63
 18  20 0.68
 18  21 0.74
 18  22 0.72
 19   1 0.51
 19   2 0.69
 19   3 0.61
 19   4 0.45
 19   5 0.68
 19   6 0.67
 19   7 0.35
 19   8 0.68
 19   9 0.58
 19  10 0.66
 19  11 0.49
 19  12 0.56
 19  13 0.39
 19  14 0.64
 19  15 0.40
 19  16 0.42
 19  17 0.60
 19  18 0.63
 19  19 1.00
 19  20 0.76
 19  21 0.40
 19  22 0.54
 20   1 0.51
 20   2 0.66
 20   3 0.64
 20   4 0.43
 20   5 0.65
 20   6 0.66
 20   7 0.38
 20   8 0.67
 20   9 0.59
 20  10 0.66
 20  11 0.49
 20  12 0.57
 20  13 0.38
 20  14 0.66
 20  15 0.47
 20  16 0.47
 20  17 0.55
 20  18 0.68
 20  19 0.76
 20  20 1.00
 20  21 0.47
 20  22 0.48
 21   1 0.55
 21   2 0.46
 21   3 0.67
 21   4 0.27
 21   5 0.50
 21   6 0.64
 21   7 0.36
 21   8 0.47
 21   9 0.70
 21  10 0.73
 21  11 0.59
 21  12 0.71
 21  13 0.71
 21  14 0.66
 21  15 0.79
 21  16 0.81
 21  17 0.57
 21  18 0.74
 21  19 0.40
 21  20 0.47
 21  21 1.00
 21  22 0.71
 22   1 0.59
 22   2 0.55
 22   3 0.66
 22   4 0.31
 22   5 0.51
 22   6 0.63
 22   7 0.31
 22   8 0.44
 22   9 0.77
 22  10 0.72
 22  11 0.58
 22  12 0.71
 22  13 0.65
 22  14 0.65
 22  15 0.74
 22  16 0.73
 22  17 0.61
 22  18 0.72
 22  19 0.54
 22  20 0.48
 22  21 0.71
 22  22 1.00
  1   1 1.00
  1   2 0.72
  1   3 0.45
  1   4 0.36
  1   5 0.69
  1   6 0.52
  1   7 0.59
  1   8 0.48
  1   9 0.68
  1  10 0.63
  1  11 0.75
  1  12 0.75
  1  13 0.72
  1  14 0.72
  1  15 0.57
  1  16 0.56
  1  17 0.71
  1  18 0.61
  1  19 0.51
  1  20 0.51
  1  21 0.55
  1  22 0.59
  2   1 0.72
  2   2 1.00
  2   3 0.56
  2   4 0.44
  2   5 0.78
  2   6 0.60
  2   7 0.42
  2   8 0.54
  2   9 0.62
  2  10 0.63
  2  11 0.69
  2  12 0.67
  2  13 0.60
  2  14 0.68
  2  15 0.49
  2  16 0.53
  2  17 0.77
  2  18 0.63
  2  19 0.69
  2  20 0.66
  2  21 0.46
  2  22 0.55
  3   1 0.45
  3   2 0.56
  3   3 1.00
  3   4 0.32
  3   5 0.54
  3   6 0.74
  3   7 0.27
  3   8 0.67
  3   9 0.71
  3  10 0.72
  3  11 0.51
  3  12 0.68
  3  13 0.53
  3  14 0.65
  3  15 0.70
  3  16 0.66
  3  17 0.61
  3  18 0.77
  3  19 0.61
  3  20 0.64
  3  21 0.67
  3  22 0.66
  4   1 0.36
  4   2 0.44
  4   3 0.32
  4   4 1.00
  4   5 0.31
  4   6 0.40
  4   7 0.13
  4   8 0.26
  4   9 0.39
  4  10 0.32
  4  11 0.27
  4  12 0.34
  4  13 0.27
  4  14 0.32
  4  15 0.29
  4  16 0.27
  4  17 0.35
  4  18 0.34
  4  19 0.45
  4  20 0.43
  4  21 0.27
  4  22 0.31
  5   1 0.69
  5   2 0.78
  5   3 0.54
  5   4 0.31
  5   5 1.00
  5   6 0.60
  5   7 0.46
  5   8 0.61
  5   9 0.63
  5  10 0.67
  5  11 0.62
  5  12 0.61
  5  13 0.59
  5  14 0.74
  5  15 0.46
  5  16 0.50
  5  17 0.79
  5  18 0.70
  5  19 0.68
  5  20 0.65
  5  21 0.50
  5  22 0.51
  6   1 0.52
  6   2 0.60
  6   3 0.74
  6   4 0.40
  6   5 0.60
  6   6 1.00
  6   7 0.22
  6   8 0.67
  6   9 0.76
  6  10 0.75
  6  11 0.55
  6  12 0.71
  6  13 0.57
  6  14 0.72
  6  15 0.68
  6  16 0.69
  6  17 0.64
  6  18 0.80
  6  19 0.67
  6  20 0.66
  6  21 0.64
  6  22 0.63
  7   1 0.59
  7   2 0.42
  7   3 0.27
  7   4 0.13
  7   5 0.46
  7   6 0.22
  7   7 1.00
  7   8 0.33
  7   9 0.33
  7  10 0.42
  7  11 0.52
  7  12 0.43
  7  13 0.38
  7  14 0.49
  7  15 0.29
  7  16 0.27
  7  17 0.36
  7  18 0.38
  7  19 0.35
  7  20 0.38
  7  21 0.36
  7  22 0.31
  8   1 0.48
  8   2 0.54
  8   3 0.67
  8   4 0.26
  8   5 0.61
  8   6 0.67
  8   7 0.33
  8   8 1.00
  8   9 0.60
  8  10 0.73
  8  11 0.53
  8  12 0.58
  8  13 0.39
  8  14 0.68
  8  15 0.48
  8  16 0.52
  8  17 0.53
  8  18 0.69
  8  19 0.68
  8  20 0.67
  8  21 0.47
  8  22 0.44
  9   1 0.68
  9   2 0.62
  9   3 0.71
  9   4 0.39
  9   5 0.63
  9   6 0.76
  9   7 0.33
  9   8 0.60
  9   9 1.00
  9  10 0.76
  9  11 0.62
  9  12 0.76
  9  13 0.71
  9  14 0.77
  9  15 0.76
  9  16 0.73
  9  17 0.68
  9  18 0.75
  9  19 0.58
  9  20 0.59
  9  21 0.70
  9  22 0.77
 10   1 0.63
 10   2 0.63
 10   3 0.72
 10   4 0.32
 10   5 0.67
 10   6 0.75
 10   7 0.42
 10   8 0.73
 10   9 0.76
 10  10 1.00
 10  11 0.68
 10  12 0.76
 10  13 0.68
 10  14 0.83
 10  15 0.74
 10  16 0.76
 10  17 0.68
 10  18 0.83
 10  19 0.66
 10  20 0.66
 10  21 0.73
 10  22 0.72
 11   1 0.75
 11   2 0.69
 11   3 0.51
 11   4 0.27
 11   5 0.62
 11   6 0.55
 11   7 0.52
 11   8 0.53
 11   9 0.62
 11  10 0.68
 11  11 1.00
 11  12 0.79
 11  13 0.68
 11  14 0.71
 11  15 0.58
 11  16 0.62
 11  17 0.68
 11  18 0.62
 11  19 0.49
 11  20 0.49
 11  21 0.59
 11  22 0.58
 12   1 0.75
 12   2 0.67
 12   3 0.68
 12   4 0.34
 12   5 0.61
 12   6 0.71
 12   7 0.43
 12   8 0.58
 12   9 0.76
 12  10 0.76
 12  11 0.79
 12  12 1.00
 12  13 0.75
 12  14 0.76
 12  15 0.79
 12  16 0.76
 12  17 0.70
 12  18 0.78
 12  19 0.56
 12  20 0.57
 12  21 0.71
 12  22 0.71
 13   1 0.72
 13   2 0.60
 13   3 0.53
 13   4 0.27
 13   5 0.59
 13   6 0.57
 13   7 0.38
 13   8 0.39
 13   9 0.71
 13  10 0.68
 13  11 0.68
 13  12 0.75
 13  13 1.00
 13  14 0.72
 13  15 0.73
 13  16 0.72
 13  17 0.75
 13  18 0.66
 13  19 0.39
 13  20 0.38
 13  21 0.71
 13  22 0.65
 14   1 0.72
 14   2 0.68
 14   3 0.65
 14   4 0.32
 14   5 0.74
 14   6 0.72
 14   7 0.49
 14   8 0.68
 14   9 0.77
 14  10 0.83
 14  11 0.71
 14  12 0.76
 14  13 0.72
 14  14 1.00
 14  15 0.69
 14  16 0.71
 14  17 0.69
 14  18 0.76
 14  19 0.64
 14  20 0.66
 14  21 0.66
 14  22 0.65
 15   1 0.57
 15   2 0.49
 15   3 0.70
 15   4 0.29
 15   5 0.46
 15   6 0.68
 15   7 0.29
 15   8 0.48
 15   9 0.76
 15  10 0.74
 15  11 0.58
 15  12 0.79
 15  13 0.73
 15  14 0.69
 15  15 1.00
 15  16 0.87
 15  17 0.58
 15  18 0.76
 15  19 0.40
 15  20 0.47
 15  21 0.79
 15  22 0.74
 16   1 0.56
 16   2 0.53
 16   3 0.66
 16   4 0.27
 16   5 0.50
 16   6 0.69
 16   7 0.27
 16   8 0.52
 16   9 0.73
 16  10 0.76
 16  11 0.62
 16  12 0.76
 16  13 0.72
 16  14 0.71
 16  15 0.87
 16  16 1.00
 16  17 0.59
 16  18 0.76
 16  19 0.42
 16  20 0.47
 16  21 0.81
 16  22 0.73
 17   1 0.71
 17   2 0.77
 17   3 0.61
 17   4 0.35
 17   5 0.79
 17   6 0.64
 17   7 0.36
 17   8 0.53
 17   9 0.68
 17  10 0.68
 17  11 0.68
 17  12 0.70
 17  13 0.75
 17  14 0.69
 17  15 0.58
 17  16 0.59
 17  17 1.00
 17  18 0.71
 17  19 0.60
 17  20 0.55
 17  21 0.57
 17  22 0.61
 18   1 0.61
 18   2 0.63
 18   3 0.77
 18   4 0.34
 18   5 0.70
 18   6 0.80
 18   7 0.38
 18   8 0.69
 18   9 0.75
 18  10 0.83
 18  11 0.62
 18  12 0.78
 18  13 0.66
 18  14 0.76
 18  15 0.76
 18  16 0.76
 18  17 0.71
 18  18 1.00
 18  19 0.63
 18  20 0.68
 18  21 0.74
 18  22 0.72
 19   1 0.51
 19   2 0.69
 19   3 0.61
 19   4 0.45
 19   5 0.68
 19   6 0.67
 19   7 0.35
 19   8 0.68
 19   9 0.58
 19  10 0.66
 19  11 0.49
 19  12 0.56
 19  13 0.39
 19  14 0.64
 19  15 0.40
 19  16 0.42
 19  17 0.60
 19  18 0.63
 19  19 1.00
 19  20 0.76
 19  21 0.40
 19  22 0.54
 20   1 0.51
 20   2 0.66
 20   3 0.64
 20   4 0.43
 20   5 0.65
 20   6 0.66
 20   7 0.38
 20   8 0.67
 20   9 0.59
 20  10 0.66
 20  11 0.49
 20  12 0.57
 20  13 0.38
 20  14 0.66
 20  15 0.47
 20  16 0.47
 20  17 0.55
 20  18 0.68
 20  19 0.76
 20  20 1.00
 20  21 0.47
 20  22 0.48
 21   1 0.55
 21   2 0.46
 21   3 0.67
 21   4 0.27
 21   5 0.50
 21   6 0.64
 21   7 0.36
 21   8 0.47
 21   9 0.70
 21  10 0.73
 21  11 0.59
 21  12 0.71
 21  13 0.71
 21  14 0.66
 21  15 0.79
 21  16 0.81
 21  17 0.57
 21  18 0.74
 21  19 0.40
 21  20 0.47
 21  21 1.00
 21  22 0.71
 22   1 0.59
 22   2 0.55
 22   3 0.66
 22   4 0.31
 22   5 0.51
 22   6 0.63
 22   7 0.31
 22   8 0.44
 22   9 0.77
 22  10 0.72
 22  11 0.58
 22  12 0.71
 22  13 0.65
 22  14 0.65
 22  15 0.74
 22  16 0.73
 22  17 0.61
 22  18 0.72
 22  19 0.54
 22  20 0.48
 22  21 0.71
 22  22 1.00
