  1   1 1.00
  1   2 0.40
  1   3 0.44
  1   4 0.21
  1   5 0.40
  1   6 0.25
  1   7 0.21
  1   8 0.24
  1   9 0.56
  1  10 0.32
  1  11 0.20
  1  12 0.28
  1  13 0.53
  1  14 0.44
  1  15 0.26
  1  16 0.20
  1  17 0.43
  1  18 0.37
  1  19 0.33
  1  20 0.26
  1  21 0.41
  1  22 0.62
  2   1 0.40
  2   2 1.00
  2   3 0.38
  2   4 0.43
  2   5 0.59
  2   6 0.40
  2   7 0.43
  2   8 0.44
  2   9 0.61
  2  10 0.45
  2  11 0.59
  2  12 0.39
  2  13 0.59
  2  14 0.49
  2  15 0.52
  2  16 0.38
  2  17 0.52
  2  18 0.57
  2  19 0.39
  2  20 0.45
  2  21 0.51
  2  22 0.45
  3   1 0.44
  3   2 0.38
  3   3 1.00
  3   4 0.43
  3   5 0.58
  3   6 0.37
  3   7 0.37
  3   8 0.45
  3   9 0.43
  3  10 0.56
  3  11 0.39
  3  12 0.50
  3  13 0.46
  3  14 0.57
  3  15 0.34
  3  16 0.44
  3  17 0.45
  3  18 0.47
  3  19 0.43
  3  20 0.48
  3  21 0.47
  3  22 0.37
  4   1 0.21
  4   2 0.43
  4   3 0.43
  4   4 1.00
  4   5 0.50
  4   6 0.40
  4   7 0.55
  4   8 0.59
  4   9 0.43
  4  10 0.64
  4  11 0.47
  4  12 0.29
  4  13 0.53
  4  14 0.39
  4  15 0.45
  4  16 0.59
  4  17 0.39
  4  18 0.44
  4  19 0.56
  4  20 0.58
  4  21 0.36
  4  22 0.23
  5   1 0.40
  5   2 0.59
  5   3 0.58
  5   4 0.50
  5   5 1.00
  5   6 0.42
  5   7 0.54
  5   8 0.48
  5   9 0.56
  5  10 0.56
  5  11 0.65
  5  12 0.49
  5  13 0.64
  5  14 0.64
  5  15 0.50
  5  16 0.39
  5  17 0.53
  5  18 0.61
  5  19 0.43
  5  20 0.51
  5  21 0.71
  5  22 0.46
  6   1 0.25
  6   2 0.40
  6   3 0.37
  6   4 0.40
  6   5 0.42
  6   6 1.00
  6   7 0.50
  6   8 0.68
  6   9 0.40
  6  10 0.62
  6  11 0.56
  6  12 0.60
  6  13 0.58
  6  14 0.50
  6  15 0.65
  6  16 0.51
  6  17 0.63
  6  18 0.50
  6  19 0.69
  6  20 0.69
  6  21 0.43
  6  22 0.39
  7   1 0.21
  7   2 0.43
  7   3 0.37
  7   4 0.55
  7   5 0.54
  7   6 0.50
  7   7 1.00
  7   8 0.61
  7   9 0.44
  7  10 0.54
  7  11 0.51
  7  12 0.40
  7  13 0.62
  7  14 0.55
  7  15 0.68
  7  16 0.41
  7  17 0.52
  7  18 0.50
  7  19 0.45
  7  20 0.49
  7  21 0.47
  7  22 0.33
  8   1 0.24
  8   2 0.44
  8   3 0.45
  8   4 0.59
  8   5 0.48
  8   6 0.68
  8   7 0.61
  8   8 1.00
  8   9 0.43
  8  10 0.70
  8  11 0.58
  8  12 0.49
  8  13 0.58
  8  14 0.50
  8  15 0.66
  8  16 0.60
  8  17 0.63
  8  18 0.53
  8  19 0.72
  8  20 0.76
  8  21 0.40
  8  22 0.30
  9   1 0.56
  9   2 0.61
  9   3 0.43
  9   4 0.43
  9   5 0.56
  9   6 0.40
  9   7 0.44
  9   8 0.43
  9   9 1.00
  9  10 0.45
  9  11 0.43
  9  12 0.34
  9  13 0.70
  9  14 0.53
  9  15 0.51
  9  16 0.32
  9  17 0.50
  9  18 0.51
  9  19 0.43
  9  20 0.47
  9  21 0.53
  9  22 0.65
 10   1 0.32
 10   2 0.45
 10   3 0.56
 10   4 0.64
 10   5 0.56
 10   6 0.62
 10   7 0.54
 10   8 0.70
 10   9 0.45
 10  10 1.00
 10  11 0.53
 10  12 0.42
 10  13 0.55
 10  14 0.51
 10  15 0.61
 10  16 0.62
 10  17 0.62
 10  18 0.52
 10  19 0.66
 10  20 0.70
 10  21 0.47
 10  22 0.35
 11   1 0.20
 11   2 0.59
 11   3 0.39
 11   4 0.47
 11   5 0.65
 11   6 0.56
 11   7 0.51
 11   8 0.58
 11   9 0.43
 11  10 0.53
 11  11 1.00
 11  12 0.51
 11  13 0.62
 11  14 0.52
 11  15 0.59
 11  16 0.44
 11  17 0.59
 11  18 0.64
 11  19 0.50
 11  20 0.59
 11  21 0.48
 11  22 0.29
 12   1 0.28
 12   2 0.39
 12   3 0.50
 12   4 0.29
 12   5 0.49
 12   6 0.60
 12   7 0.40
 12   8 0.49
 12   9 0.34
 12  10 0.42
 12  11 0.51
 12  12 1.00
 12  13 0.50
 12  14 0.58
 12  15 0.49
 12  16 0.41
 12  17 0.55
 12  18 0.54
 12  19 0.54
 12  20 0.57
 12  21 0.44
 12  22 0.39
 13   1 0.53
 13   2 0.59
 13   3 0.46
 13   4 0.53
 13   5 0.64
 13   6 0.58
 13   7 0.62
 13   8 0.58
 13   9 0.70
 13  10 0.55
 13  11 0.62
 13  12 0.50
 13  13 1.00
 13  14 0.64
 13  15 0.64
 13  16 0.43
 13  17 0.67
 13  18 0.66
 13  19 0.55
 13  20 0.57
 13  21 0.57
 13  22 0.64
 14   1 0.44
 14   2 0.49
 14   3 0.57
 14   4 0.39
 14   5 0.64
 14   6 0.50
 14   7 0.55
 14   8 0.50
 14   9 0.53
 14  10 0.51
 14  11 0.52
 14  12 0.58
 14  13 0.64
 14  14 1.00
 14  15 0.56
 14  16 0.36
 14  17 0.56
 14  18 0.55
 14  19 0.43
 14  20 0.51
 14  21 0.61
 14  22 0.47
 15   1 0.26
 15   2 0.52
 15   3 0.34
 15   4 0.45
 15   5 0.50
 15   6 0.65
 15   7 0.68
 15   8 0.66
 15   9 0.51
 15  10 0.61
 15  11 0.59
 15  12 0.49
 15  13 0.64
 15  14 0.56
 15  15 1.00
 15  16 0.46
 15  17 0.62
 15  18 0.53
 15  19 0.57
 15  20 0.67
 15  21 0.48
 15  22 0.43
 16   1 0.20
 16   2 0.38
 16   3 0.44
 16   4 0.59
 16   5 0.39
 16   6 0.51
 16   7 0.41
 16   8 0.60
 16   9 0.32
 16  10 0.62
 16  11 0.44
 16  12 0.41
 16  13 0.43
 16  14 0.36
 16  15 0.46
 16  16 1.00
 16  17 0.47
 16  18 0.45
 16  19 0.62
 16  20 0.61
 16  21 0.38
 16  22 0.28
 17   1 0.43
 17   2 0.52
 17   3 0.45
 17   4 0.39
 17   5 0.53
 17   6 0.63
 17   7 0.52
 17   8 0.63
 17   9 0.50
 17  10 0.62
 17  11 0.59
 17  12 0.55
 17  13 0.67
 17  14 0.56
 17  15 0.62
 17  16 0.47
 17  17 1.00
 17  18 0.62
 17  19 0.61
 17  20 0.60
 17  21 0.48
 17  22 0.49
 18   1 0.37
 18   2 0.57
 18   3 0.47
 18   4 0.44
 18   5 0.61
 18   6 0.50
 18   7 0.50
 18   8 0.53
 18   9 0.51
 18  10 0.52
 18  11 0.64
 18  12 0.54
 18  13 0.66
 18  14 0.55
 18  15 0.53
 18  16 0.45
 18  17 0.62
 18  18 1.00
 18  19 0.49
 18  20 0.49
 18  21 0.62
 18  22 0.47
 19   1 0.33
 19   2 0.39
 19   3 0.43
 19   4 0.56
 19   5 0.43
 19   6 0.69
 19   7 0.45
 19   8 0.72
 19   9 0.43
 19  10 0.66
 19  11 0.50
 19  12 0.54
 19  13 0.55
 19  14 0.43
 19  15 0.57
 19  16 0.62
 19  17 0.61
 19  18 0.49
 19  19 1.00
 19  20 0.71
 19  21 0.40
 19  22 0.40
 20   1 0.26
 20   2 0.45
 20   3 0.48
 20   4 0.58
 20   5 0.51
 20   6 0.69
 20   7 0.49
 20   8 0.76
 20   9 0.47
 20  10 0.70
 20  11 0.59
 20  12 0.57
 20  13 0.57
 20  14 0.51
 20  15 0.67
 20  16 0.61
 20  17 0.60
 20  18 0.49
 20  19 0.71
 20  20 1.00
 20  21 0.45
 20  22 0.31
 21   1 0.41
 21   2 0.51
 21   3 0.47
 21   4 0.36
 21   5 0.71
 21   6 0.43
 21   7 0.47
 21   8 0.40
 21   9 0.53
 21  10 0.47
 21  11 0.48
 21  12 0.44
 21  13 0.57
 21  14 0.61
 21  15 0.48
 21  16 0.38
 21  17 0.48
 21  18 0.62
 21  19 0.40
 21  20 0.45
 21  21 1.00
 21  22 0.52
 22   1 0.62
 22   2 0.45
 22   3 0.37
 22   4 0.23
 22   5 0.46
 22   6 0.39
 22   7 0.33
 22   8 0.30
 22   9 0.65
 22  10 0.35
 22  11 0.29
 22  12 0.39
 22  13 0.64
 22  14 0.47
 22  15 0.43
 22  16 0.28
 22  17 0.49
 22  18 0.47
 22  19 0.40
 22  20 0.31
 22  21 0.52
 22  22 1.00
  1   1 1.00
  1   2 0.40
  1   3 0.43
  1   4 0.21
  1   5 0.40
  1   6 0.25
  1   7 0.21
  1   8 0.23
  1   9 0.56
  1  10 0.31
  1  11 0.20
  1  12 0.27
  1  13 0.53
  1  14 0.44
  1  15 0.25
  1  16 0.20
  1  17 0.43
  1  18 0.36
  1  19 0.33
  1  20 0.25
  1  21 0.41
  1  22 0.62
  2   1 0.40
  2   2 1.00
  2   3 0.38
  2   4 0.43
  2   5 0.58
  2   6 0.39
  2   7 0.43
  2   8 0.43
  2   9 0.61
  2  10 0.44
  2  11 0.59
  2  12 0.38
  2  13 0.58
  2  14 0.49
  2  15 0.51
  2  16 0.38
  2  17 0.51
  2  18 0.57
  2  19 0.39
  2  20 0.44
  2  21 0.51
  2  22 0.45
  3   1 0.43
  3   2 0.38
  3   3 1.00
  3   4 0.43
  3   5 0.58
  3   6 0.37
  3   7 0.37
  3   8 0.44
  3   9 0.43
  3  10 0.56
  3  11 0.39
  3  12 0.50
  3  13 0.45
  3  14 0.57
  3  15 0.34
  3  16 0.44
  3  17 0.45
  3  18 0.47
  3  19 0.43
  3  20 0.48
  3  21 0.47
  3  22 0.37
  4   1 0.21
  4   2 0.43
  4   3 0.43
  4   4 1.00
  4   5 0.50
  4   6 0.40
  4   7 0.55
  4   8 0.59
  4   9 0.42
  4  10 0.64
  4  11 0.47
  4  12 0.29
  4  13 0.52
  4  14 0.39
  4  15 0.45
  4  16 0.59
  4  17 0.39
  4  18 0.44
  4  19 0.56
  4  20 0.58
  4  21 0.36
  4  22 0.23
  5   1 0.40
  5   2 0.58
  5   3 0.58
  5   4 0.50
  5   5 1.00
  5   6 0.41
  5   7 0.54
  5   8 0.48
  5   9 0.56
  5  10 0.55
  5  11 0.64
  5  12 0.49
  5  13 0.63
  5  14 0.63
  5  15 0.50
  5  16 0.39
  5  17 0.52
  5  18 0.61
  5  19 0.42
  5  20 0.51
  5  21 0.70
  5  22 0.46
  6   1 0.25
  6   2 0.39
  6   3 0.37
  6   4 0.40
  6   5 0.41
  6   6 1.00
  6   7 0.50
  6   8 0.68
  6   9 0.39
  6  10 0.62
  6  11 0.55
  6  12 0.59
  6  13 0.58
  6  14 0.50
  6  15 0.65
  6  16 0.51
  6  17 0.62
  6  18 0.50
  6  19 0.69
  6  20 0.69
  6  21 0.42
  6  22 0.38
  7   1 0.21
  7   2 0.43
  7   3 0.37
  7   4 0.55
  7   5 0.54
  7   6 0.50
  7   7 1.00
  7   8 0.61
  7   9 0.43
  7  10 0.54
  7  11 0.51
  7  12 0.40
  7  13 0.61
  7  14 0.54
  7  15 0.68
  7  16 0.41
  7  17 0.52
  7  18 0.50
  7  19 0.45
  7  20 0.49
  7  21 0.47
  7  22 0.33
  8   1 0.23
  8   2 0.43
  8   3 0.44
  8   4 0.59
  8   5 0.48
  8   6 0.68
  8   7 0.61
  8   8 1.00
  8   9 0.42
  8  10 0.69
  8  11 0.58
  8  12 0.49
  8  13 0.57
  8  14 0.50
  8  15 0.66
  8  16 0.59
  8  17 0.63
  8  18 0.52
  8  19 0.72
  8  20 0.76
  8  21 0.40
  8  22 0.30
  9   1 0.56
  9   2 0.61
  9   3 0.43
  9   4 0.42
  9   5 0.56
  9   6 0.39
  9   7 0.43
  9   8 0.42
  9   9 1.00
  9  10 0.44
  9  11 0.43
  9  12 0.33
  9  13 0.70
  9  14 0.52
  9  15 0.50
  9  16 0.32
  9  17 0.50
  9  18 0.51
  9  19 0.42
  9  20 0.47
  9  21 0.52
  9  22 0.64
 10   1 0.31
 10   2 0.44
 10   3 0.56
 10   4 0.64
 10   5 0.55
 10   6 0.62
 10   7 0.54
 10   8 0.69
 10   9 0.44
 10  10 1.00
 10  11 0.53
 10  12 0.42
 10  13 0.55
 10  14 0.51
 10  15 0.61
 10  16 0.62
 10  17 0.62
 10  18 0.51
 10  19 0.66
 10  20 0.70
 10  21 0.47
 10  22 0.34
 11   1 0.20
 11   2 0.59
 11   3 0.39
 11   4 0.47
 11   5 0.64
 11   6 0.55
 11   7 0.51
 11   8 0.58
 11   9 0.43
 11  10 0.53
 11  11 1.00
 11  12 0.51
 11  13 0.62
 11  14 0.51
 11  15 0.59
 11  16 0.44
 11  17 0.59
 11  18 0.64
 11  19 0.50
 11  20 0.59
 11  21 0.47
 11  22 0.28
 12   1 0.27
 12   2 0.38
 12   3 0.50
 12   4 0.29
 12   5 0.49
 12   6 0.59
 12   7 0.40
 12   8 0.49
 12   9 0.33
 12  10 0.42
 12  11 0.51
 12  12 1.00
 12  13 0.49
 12  14 0.58
 12  15 0.49
 12  16 0.41
 12  17 0.54
 12  18 0.54
 12  19 0.53
 12  20 0.56
 12  21 0.43
 12  22 0.39
 13   1 0.53
 13   2 0.58
 13   3 0.45
 13   4 0.52
 13   5 0.63
 13   6 0.58
 13   7 0.61
 13   8 0.57
 13   9 0.70
 13  10 0.55
 13  11 0.62
 13  12 0.49
 13  13 1.00
 13  14 0.63
 13  15 0.64
 13  16 0.42
 13  17 0.67
 13  18 0.66
 13  19 0.55
 13  20 0.57
 13  21 0.57
 13  22 0.63
 14   1 0.44
 14   2 0.49
 14   3 0.57
 14   4 0.39
 14   5 0.63
 14   6 0.50
 14   7 0.54
 14   8 0.50
 14   9 0.52
 14  10 0.51
 14  11 0.51
 14  12 0.58
 14  13 0.63
 14  14 1.00
 14  15 0.56
 14  16 0.35
 14  17 0.56
 14  18 0.54
 14  19 0.43
 14  20 0.50
 14  21 0.61
 14  22 0.46
 15   1 0.25
 15   2 0.51
 15   3 0.34
 15   4 0.45
 15   5 0.50
 15   6 0.65
 15   7 0.68
 15   8 0.66
 15   9 0.50
 15  10 0.61
 15  11 0.59
 15  12 0.49
 15  13 0.64
 15  14 0.56
 15  15 1.00
 15  16 0.46
 15  17 0.62
 15  18 0.53
 15  19 0.57
 15  20 0.66
 15  21 0.48
 15  22 0.42
 16   1 0.20
 16   2 0.38
 16   3 0.44
 16   4 0.59
 16   5 0.39
 16   6 0.51
 16   7 0.41
 16   8 0.59
 16   9 0.32
 16  10 0.62
 16  11 0.44
 16  12 0.41
 16  13 0.42
 16  14 0.35
 16  15 0.46
 16  16 1.00
 16  17 0.47
 16  18 0.44
 16  19 0.62
 16  20 0.61
 16  21 0.37
 16  22 0.28
 17   1 0.43
 17   2 0.51
 17   3 0.45
 17   4 0.39
 17   5 0.52
 17   6 0.62
 17   7 0.52
 17   8 0.63
 17   9 0.50
 17  10 0.62
 17  11 0.59
 17  12 0.54
 17  13 0.67
 17  14 0.56
 17  15 0.62
 17  16 0.47
 17  17 1.00
 17  18 0.61
 17  19 0.60
 17  20 0.60
 17  21 0.48
 17  22 0.48
 18   1 0.36
 18   2 0.57
 18   3 0.47
 18   4 0.44
 18   5 0.61
 18   6 0.50
 18   7 0.50
 18   8 0.52
 18   9 0.51
 18  10 0.51
 18  11 0.64
 18  12 0.54
 18  13 0.66
 18  14 0.54
 18  15 0.53
 18  16 0.44
 18  17 0.61
 18  18 1.00
 18  19 0.49
 18  20 0.49
 18  21 0.61
 18  22 0.46
 19   1 0.33
 19   2 0.39
 19   3 0.43
 19   4 0.56
 19   5 0.42
 19   6 0.69
 19   7 0.45
 19   8 0.72
 19   9 0.42
 19  10 0.66
 19  11 0.50
 19  12 0.53
 19  13 0.55
 19  14 0.43
 19  15 0.57
 19  16 0.62
 19  17 0.60
 19  18 0.49
 19  19 1.00
 19  20 0.70
 19  21 0.40
 19  22 0.40
 20   1 0.25
 20   2 0.44
 20   3 0.48
 20   4 0.58
 20   5 0.51
 20   6 0.69
 20   7 0.49
 20   8 0.76
 20   9 0.47
 20  10 0.70
 20  11 0.59
 20  12 0.56
 20  13 0.57
 20  14 0.50
 20  15 0.66
 20  16 0.61
 20  17 0.60
 20  18 0.49
 20  19 0.70
 20  20 1.00
 20  21 0.44
 20  22 0.31
 21   1 0.41
 21   2 0.51
 21   3 0.47
 21   4 0.36
 21   5 0.70
 21   6 0.42
 21   7 0.47
 21   8 0.40
 21   9 0.52
 21  10 0.47
 21  11 0.47
 21  12 0.43
 21  13 0.57
 21  14 0.61
 21  15 0.48
 21  16 0.37
 21  17 0.48
 21  18 0.61
 21  19 0.40
 21  20 0.44
 21  21 1.00
 21  22 0.52
 22   1 0.62
 22   2 0.45
 22   3 0.37
 22   4 0.23
 22   5 0.46
 22   6 0.38
 22   7 0.33
 22   8 0.30
 22   9 0.64
 22  10 0.34
 22  11 0.28
 22  12 0.39
 22  13 0.63
 22  14 0.46
 22  15 0.42
 22  16 0.28
 22  17 0.48
 22  18 0.46
 22  19 0.40
 22  20 0.31
 22  21 0.52
 22  22 1.00
  1   1 1.00
  1   2 0.40
  1   3 0.43
  1   4 0.21
  1   5 0.40
  1   6 0.25
  1   7 0.21
  1   8 0.23
  1   9 0.56
  1  10 0.31
  1  11 0.20
  1  12 0.27
  1  13 0.53
  1  14 0.44
  1  15 0.25
  1  16 0.20
  1  17 0.43
  1  18 0.36
  1  19 0.33
  1  20 0.25
  1  21 0.41
  1  22 0.62
  2   1 0.40
  2   2 1.00
  2   3 0.38
  2   4 0.43
  2   5 0.58
  2   6 0.39
  2   7 0.43
  2   8 0.43
  2   9 0.61
  2  10 0.44
  2  11 0.59
  2  12 0.38
  2  13 0.58
  2  14 0.49
  2  15 0.51
  2  16 0.38
  2  17 0.51
  2  18 0.57
  2  19 0.39
  2  20 0.44
  2  21 0.51
  2  22 0.45
  3   1 0.43
  3   2 0.38
  3   3 1.00
  3   4 0.43
  3   5 0.58
  3   6 0.37
  3   7 0.37
  3   8 0.44
  3   9 0.43
  3  10 0.56
  3  11 0.39
  3  12 0.50
  3  13 0.45
  3  14 0.57
  3  15 0.34
  3  16 0.44
  3  17 0.45
  3  18 0.47
  3  19 0.43
  3  20 0.48
  3  21 0.47
  3  22 0.37
  4   1 0.21
  4   2 0.43
  4   3 0.43
  4   4 1.00
  4   5 0.50
  4   6 0.40
  4   7 0.55
  4   8 0.59
  4   9 0.42
  4  10 0.64
  4  11 0.47
  4  12 0.29
  4  13 0.52
  4  14 0.39
  4  15 0.45
  4  16 0.59
  4  17 0.39
  4  18 0.44
  4  19 0.56
  4  20 0.58
  4  21 0.36
  4  22 0.23
  5   1 0.40
  5   2 0.58
  5   3 0.58
  5   4 0.50
  5   5 1.00
  5   6 0.41
  5   7 0.54
  5   8 0.48
  5   9 0.56
  5  10 0.55
  5  11 0.64
  5  12 0.49
  5  13 0.63
  5  14 0.63
  5  15 0.50
  5  16 0.39
  5  17 0.52
  5  18 0.61
  5  19 0.42
  5  20 0.51
  5  21 0.70
  5  22 0.46
  6   1 0.25
  6   2 0.39
  6   3 0.37
  6   4 0.40
  6   5 0.41
  6   6 1.00
  6   7 0.50
  6   8 0.68
  6   9 0.39
  6  10 0.62
  6  11 0.55
  6  12 0.59
  6  13 0.58
  6  14 0.50
  6  15 0.65
  6  16 0.51
  6  17 0.62
  6  18 0.50
  6  19 0.69
  6  20 0.69
  6  21 0.42
  6  22 0.38
  7   1 0.21
  7   2 0.43
  7   3 0.37
  7   4 0.55
  7   5 0.54
  7   6 0.50
  7   7 1.00
  7   8 0.61
  7   9 0.43
  7  10 0.54
  7  11 0.51
  7  12 0.40
  7  13 0.61
  7  14 0.54
  7  15 0.68
  7  16 0.41
  7  17 0.52
  7  18 0.50
  7  19 0.45
  7  20 0.49
  7  21 0.47
  7  22 0.33
  8   1 0.23
  8   2 0.43
  8   3 0.44
  8   4 0.59
  8   5 0.48
  8   6 0.68
  8   7 0.61
  8   8 1.00
  8   9 0.42
  8  10 0.69
  8  11 0.58
  8  12 0.49
  8  13 0.57
  8  14 0.50
  8  15 0.66
  8  16 0.59
  8  17 0.63
  8  18 0.52
  8  19 0.72
  8  20 0.76
  8  21 0.40
  8  22 0.30
  9   1 0.56
  9   2 0.61
  9   3 0.43
  9   4 0.42
  9   5 0.56
  9   6 0.39
  9   7 0.43
  9   8 0.42
  9   9 1.00
  9  10 0.44
  9  11 0.43
  9  12 0.33
  9  13 0.70
  9  14 0.52
  9  15 0.50
  9  16 0.32
  9  17 0.50
  9  18 0.51
  9  19 0.42
  9  20 0.47
  9  21 0.52
  9  22 0.64
 10   1 0.31
 10   2 0.44
 10   3 0.56
 10   4 0.64
 10   5 0.55
 10   6 0.62
 10   7 0.54
 10   8 0.69
 10   9 0.44
 10  10 1.00
 10  11 0.53
 10  12 0.42
 10  13 0.55
 10  14 0.51
 10  15 0.61
 10  16 0.62
 10  17 0.62
 10  18 0.51
 10  19 0.66
 10  20 0.70
 10  21 0.47
 10  22 0.34
 11   1 0.20
 11   2 0.59
 11   3 0.39
 11   4 0.47
 11   5 0.64
 11   6 0.55
 11   7 0.51
 11   8 0.58
 11   9 0.43
 11  10 0.53
 11  11 1.00
 11  12 0.51
 11  13 0.62
 11  14 0.51
 11  15 0.59
 11  16 0.44
 11  17 0.59
 11  18 0.64
 11  19 0.50
 11  20 0.59
 11  21 0.47
 11  22 0.28
 12   1 0.27
 12   2 0.38
 12   3 0.50
 12   4 0.29
 12   5 0.49
 12   6 0.59
 12   7 0.40
 12   8 0.49
 12   9 0.33
 12  10 0.42
 12  11 0.51
 12  12 1.00
 12  13 0.49
 12  14 0.58
 12  15 0.49
 12  16 0.41
 12  17 0.54
 12  18 0.54
 12  19 0.53
 12  20 0.56
 12  21 0.43
 12  22 0.39
 13   1 0.53
 13   2 0.58
 13   3 0.45
 13   4 0.52
 13   5 0.63
 13   6 0.58
 13   7 0.61
 13   8 0.57
 13   9 0.70
 13  10 0.55
 13  11 0.62
 13  12 0.49
 13  13 1.00
 13  14 0.63
 13  15 0.64
 13  16 0.42
 13  17 0.67
 13  18 0.66
 13  19 0.55
 13  20 0.57
 13  21 0.57
 13  22 0.63
 14   1 0.44
 14   2 0.49
 14   3 0.57
 14   4 0.39
 14   5 0.63
 14   6 0.50
 14   7 0.54
 14   8 0.50
 14   9 0.52
 14  10 0.51
 14  11 0.51
 14  12 0.58
 14  13 0.63
 14  14 1.00
 14  15 0.56
 14  16 0.35
 14  17 0.56
 14  18 0.54
 14  19 0.43
 14  20 0.50
 14  21 0.61
 14  22 0.46
 15   1 0.25
 15   2 0.51
 15   3 0.34
 15   4 0.45
 15   5 0.50
 15   6 0.65
 15   7 0.68
 15   8 0.66
 15   9 0.50
 15  10 0.61
 15  11 0.59
 15  12 0.49
 15  13 0.64
 15  14 0.56
 15  15 1.00
 15  16 0.46
 15  17 0.62
 15  18 0.53
 15  19 0.57
 15  20 0.66
 15  21 0.48
 15  22 0.42
 16   1 0.20
 16   2 0.38
 16   3 0.44
 16   4 0.59
 16   5 0.39
 16   6 0.51
 16   7 0.41
 16   8 0.59
 16   9 0.32
 16  10 0.62
 16  11 0.44
 16  12 0.41
 16  13 0.42
 16  14 0.35
 16  15 0.46
 16  16 1.00
 16  17 0.47
 16  18 0.44
 16  19 0.62
 16  20 0.61
 16  21 0.37
 16  22 0.28
 17   1 0.43
 17   2 0.51
 17   3 0.45
 17   4 0.39
 17   5 0.52
 17   6 0.62
 17   7 0.52
 17   8 0.63
 17   9 0.50
 17  10 0.62
 17  11 0.59
 17  12 0.54
 17  13 0.67
 17  14 0.56
 17  15 0.62
 17  16 0.47
 17  17 1.00
 17  18 0.61
 17  19 0.60
 17  20 0.60
 17  21 0.48
 17  22 0.48
 18   1 0.36
 18   2 0.57
 18   3 0.47
 18   4 0.44
 18   5 0.61
 18   6 0.50
 18   7 0.50
 18   8 0.52
 18   9 0.51
 18  10 0.51
 18  11 0.64
 18  12 0.54
 18  13 0.66
 18  14 0.54
 18  15 0.53
 18  16 0.44
 18  17 0.61
 18  18 1.00
 18  19 0.49
 18  20 0.49
 18  21 0.61
 18  22 0.46
 19   1 0.33
 19   2 0.39
 19   3 0.43
 19   4 0.56
 19   5 0.42
 19   6 0.69
 19   7 0.45
 19   8 0.72
 19   9 0.42
 19  10 0.66
 19  11 0.50
 19  12 0.53
 19  13 0.55
 19  14 0.43
 19  15 0.57
 19  16 0.62
 19  17 0.60
 19  18 0.49
 19  19 1.00
 19  20 0.70
 19  21 0.40
 19  22 0.40
 20   1 0.25
 20   2 0.44
 20   3 0.48
 20   4 0.58
 20   5 0.51
 20   6 0.69
 20   7 0.49
 20   8 0.76
 20   9 0.47
 20  10 0.70
 20  11 0.59
 20  12 0.56
 20  13 0.57
 20  14 0.50
 20  15 0.66
 20  16 0.61
 20  17 0.60
 20  18 0.49
 20  19 0.70
 20  20 1.00
 20  21 0.44
 20  22 0.31
 21   1 0.41
 21   2 0.51
 21   3 0.47
 21   4 0.36
 21   5 0.70
 21   6 0.42
 21   7 0.47
 21   8 0.40
 21   9 0.52
 21  10 0.47
 21  11 0.47
 21  12 0.43
 21  13 0.57
 21  14 0.61
 21  15 0.48
 21  16 0.37
 21  17 0.48
 21  18 0.61
 21  19 0.40
 21  20 0.44
 21  21 1.00
 21  22 0.52
 22   1 0.62
 22   2 0.45
 22   3 0.37
 22   4 0.23
 22   5 0.46
 22   6 0.38
 22   7 0.33
 22   8 0.30
 22   9 0.64
 22  10 0.34
 22  11 0.28
 22  12 0.39
 22  13 0.63
 22  14 0.46
 22  15 0.42
 22  16 0.28
 22  17 0.48
 22  18 0.46
 22  19 0.40
 22  20 0.31
 22  21 0.52
 22  22 1.00
