  1   1 1.00
  1   2 0.65
  1   3 0.31
  1   4 0.35
  1   5 0.24
  1   6 0.56
  1   7 0.08
  1   8 0.16
  1   9 0.36
  1  10 0.26
  1  11 0.10
  1  12 0.18
  1  13 0.11
  1  14 0.15
  1  15 0.20
  1  16 0.26
  1  17 0.22
  1  18 0.33
  1  19 0.20
  1  20 0.23
  1  21 0.27
  1  22 0.15
  2   1 0.65
  2   2 1.00
  2   3 0.57
  2   4 0.32
  2   5 0.26
  2   6 0.64
  2   7 0.14
  2   8 0.24
  2   9 0.45
  2  10 0.41
  2  11 0.10
  2  12 0.30
  2  13 0.17
  2  14 0.30
  2  15 0.34
  2  16 0.37
  2  17 0.31
  2  18 0.47
  2  19 0.26
  2  20 0.34
  2  21 0.34
  2  22 0.21
  3   1 0.31
  3   2 0.57
  3   3 1.00
  3   4 0.20
  3   5 0.20
  3   6 0.63
  3   7 0.02
  3   8 0.20
  3   9 0.29
  3  10 0.62
  3  11 0.10
  3  12 0.65
  3  13 0.08
  3  14 0.67
  3  15 0.50
  3  16 0.45
  3  17 0.41
  3  18 0.59
  3  19 0.31
  3  20 0.67
  3  21 0.42
  3  22 0.12
  4   1 0.35
  4   2 0.32
  4   3 0.20
  4   4 1.00
  4   5 0.40
  4   6 0.38
  4   7 0.21
  4   8 0.41
  4   9 0.41
  4  10 0.29
  4  11 0.29
  4  12 0.28
  4  13 0.31
  4  14 0.22
  4  15 0.29
  4  16 0.45
  4  17 0.23
  4  18 0.40
  4  19 0.36
  4  20 0.31
  4  21 0.39
  4  22 0.36
  5   1 0.24
  5   2 0.26
  5   3 0.20
  5   4 0.40
  5   5 1.00
  5   6 0.42
  5   7 0.13
  5   8 0.58
  5   9 0.65
  5  10 0.39
  5  11 0.30
  5  12 0.51
  5  13 0.66
  5  14 0.42
  5  15 0.46
  5  16 0.38
  5  17 0.41
  5  18 0.35
  5  19 0.35
  5  20 0.44
  5  21 0.51
  5  22 0.42
  6   1 0.56
  6   2 0.64
  6   3 0.63
  6   4 0.38
  6   5 0.42
  6   6 1.00
  6   7 0.05
  6   8 0.54
  6   9 0.50
  6  10 0.61
  6  11 0.27
  6  12 0.55
  6  13 0.31
  6  14 0.59
  6  15 0.47
  6  16 0.45
  6  17 0.41
  6  18 0.52
  6  19 0.40
  6  20 0.62
  6  21 0.65
  6  22 0.23
  7   1 0.08
  7   2 0.14
  7   3 0.02
  7   4 0.21
  7   5 0.13
  7   6 0.05
  7   7 1.00
  7   8 0.11
  7   9 0.19
  7  10 0.09
  7  11 0.11
  7  12 0.09
  7  13 0.15
  7  14 0.05
  7  15 0.11
  7  16 0.11
  7  17 0.07
  7  18 0.17
  7  19 0.30
  7  20 0.03
  7  21 0.08
  7  22 0.12
  8   1 0.16
  8   2 0.24
  8   3 0.20
  8   4 0.41
  8   5 0.58
  8   6 0.54
  8   7 0.11
  8   8 1.00
  8   9 0.54
  8  10 0.35
  8  11 0.38
  8  12 0.35
  8  13 0.69
  8  14 0.38
  8  15 0.37
  8  16 0.38
  8  17 0.16
  8  18 0.44
  8  19 0.39
  8  20 0.52
  8  21 0.57
  8  22 0.61
  9   1 0.36
  9   2 0.45
  9   3 0.29
  9   4 0.41
  9   5 0.65
  9   6 0.50
  9   7 0.19
  9   8 0.54
  9   9 1.00
  9  10 0.44
  9  11 0.14
  9  12 0.49
  9  13 0.58
  9  14 0.35
  9  15 0.51
  9  16 0.44
  9  17 0.33
  9  18 0.47
  9  19 0.42
  9  20 0.41
  9  21 0.45
  9  22 0.52
 10   1 0.26
 10   2 0.41
 10   3 0.62
 10   4 0.29
 10   5 0.39
 10   6 0.61
 10   7 0.09
 10   8 0.35
 10   9 0.44
 10  10 1.00
 10  11 0.24
 10  12 0.73
 10  13 0.30
 10  14 0.59
 10  15 0.61
 10  16 0.57
 10  17 0.54
 10  18 0.44
 10  19 0.38
 10  20 0.76
 10  21 0.56
 10  22 0.20
 11   1 0.10
 11   2 0.10
 11   3 0.10
 11   4 0.29
 11   5 0.30
 11   6 0.27
 11   7 0.11
 11   8 0.38
 11   9 0.14
 11  10 0.24
 11  11 1.00
 11  12 0.16
 11  13 0.18
 11  14 0.33
 11  15 0.19
 11  16 0.26
 11  17 0.16
 11  18 0.18
 11  19 0.14
 11  20 0.25
 11  21 0.61
 11  22 0.20
 12   1 0.18
 12   2 0.30
 12   3 0.65
 12   4 0.28
 12   5 0.51
 12   6 0.55
 12   7 0.09
 12   8 0.35
 12   9 0.49
 12  10 0.73
 12  11 0.16
 12  12 1.00
 12  13 0.34
 12  14 0.67
 12  15 0.53
 12  16 0.44
 12  17 0.49
 12  18 0.45
 12  19 0.40
 12  20 0.68
 12  21 0.54
 12  22 0.15
 13   1 0.11
 13   2 0.17
 13   3 0.08
 13   4 0.31
 13   5 0.66
 13   6 0.31
 13   7 0.15
 13   8 0.69
 13   9 0.58
 13  10 0.30
 13  11 0.18
 13  12 0.34
 13  13 1.00
 13  14 0.27
 13  15 0.34
 13  16 0.27
 13  17 0.19
 13  18 0.31
 13  19 0.31
 13  20 0.34
 13  21 0.38
 13  22 0.62
 14   1 0.15
 14   2 0.30
 14   3 0.67
 14   4 0.22
 14   5 0.42
 14   6 0.59
 14   7 0.05
 14   8 0.38
 14   9 0.35
 14  10 0.59
 14  11 0.33
 14  12 0.67
 14  13 0.27
 14  14 1.00
 14  15 0.48
 14  16 0.40
 14  17 0.45
 14  18 0.52
 14  19 0.35
 14  20 0.61
 14  21 0.66
 14  22 0.16
 15   1 0.20
 15   2 0.34
 15   3 0.50
 15   4 0.29
 15   5 0.46
 15   6 0.47
 15   7 0.11
 15   8 0.37
 15   9 0.51
 15  10 0.61
 15  11 0.19
 15  12 0.53
 15  13 0.34
 15  14 0.48
 15  15 1.00
 15  16 0.59
 15  17 0.62
 15  18 0.49
 15  19 0.32
 15  20 0.63
 15  21 0.42
 15  22 0.36
 16   1 0.26
 16   2 0.37
 16   3 0.45
 16   4 0.45
 16   5 0.38
 16   6 0.45
 16   7 0.11
 16   8 0.38
 16   9 0.44
 16  10 0.57
 16  11 0.26
 16  12 0.44
 16  13 0.27
 16  14 0.40
 16  15 0.59
 16  16 1.00
 16  17 0.41
 16  18 0.58
 16  19 0.35
 16  20 0.66
 16  21 0.43
 16  22 0.41
 17   1 0.22
 17   2 0.31
 17   3 0.41
 17   4 0.23
 17   5 0.41
 17   6 0.41
 17   7 0.07
 17   8 0.16
 17   9 0.33
 17  10 0.54
 17  11 0.16
 17  12 0.49
 17  13 0.19
 17  14 0.45
 17  15 0.62
 17  16 0.41
 17  17 1.00
 17  18 0.29
 17  19 0.22
 17  20 0.48
 17  21 0.35
 17  22 0.09
 18   1 0.33
 18   2 0.47
 18   3 0.59
 18   4 0.40
 18   5 0.35
 18   6 0.52
 18   7 0.17
 18   8 0.44
 18   9 0.47
 18  10 0.44
 18  11 0.18
 18  12 0.45
 18  13 0.31
 18  14 0.52
 18  15 0.49
 18  16 0.58
 18  17 0.29
 18  18 1.00
 18  19 0.41
 18  20 0.54
 18  21 0.41
 18  22 0.52
 19   1 0.20
 19   2 0.26
 19   3 0.31
 19   4 0.36
 19   5 0.35
 19   6 0.40
 19   7 0.30
 19   8 0.39
 19   9 0.42
 19  10 0.38
 19  11 0.14
 19  12 0.40
 19  13 0.31
 19  14 0.35
 19  15 0.32
 19  16 0.35
 19  17 0.22
 19  18 0.41
 19  19 1.00
 19  20 0.39
 19  21 0.37
 19  22 0.30
 20   1 0.23
 20   2 0.34
 20   3 0.67
 20   4 0.31
 20   5 0.44
 20   6 0.62
 20   7 0.03
 20   8 0.52
 20   9 0.41
 20  10 0.76
 20  11 0.25
 20  12 0.68
 20  13 0.34
 20  14 0.61
 20  15 0.63
 20  16 0.66
 20  17 0.48
 20  18 0.54
 20  19 0.39
 20  20 1.00
 20  21 0.54
 20  22 0.34
 21   1 0.27
 21   2 0.34
 21   3 0.42
 21   4 0.39
 21   5 0.51
 21   6 0.65
 21   7 0.08
 21   8 0.57
 21   9 0.45
 21  10 0.56
 21  11 0.61
 21  12 0.54
 21  13 0.38
 21  14 0.66
 21  15 0.42
 21  16 0.43
 21  17 0.35
 21  18 0.41
 21  19 0.37
 21  20 0.54
 21  21 1.00
 21  22 0.26
 22   1 0.15
 22   2 0.21
 22   3 0.12
 22   4 0.36
 22   5 0.42
 22   6 0.23
 22   7 0.12
 22   8 0.61
 22   9 0.52
 22  10 0.20
 22  11 0.20
 22  12 0.15
 22  13 0.62
 22  14 0.16
 22  15 0.36
 22  16 0.41
 22  17 0.09
 22  18 0.52
 22  19 0.30
 22  20 0.34
 22  21 0.26
 22  22 1.00
  1   1 1.00
  1   2 0.65
  1   3 0.31
  1   4 0.35
  1   5 0.24
  1   6 0.56
  1   7 0.08
  1   8 0.16
  1   9 0.36
  1  10 0.26
  1  11 0.10
  1  12 0.18
  1  13 0.11
  1  14 0.15
  1  15 0.20
  1  16 0.26
  1  17 0.22
  1  18 0.33
  1  19 0.20
  1  20 0.23
  1  21 0.27
  1  22 0.15
  2   1 0.65
  2   2 1.00
  2   3 0.57
  2   4 0.32
  2   5 0.26
  2   6 0.64
  2   7 0.14
  2   8 0.24
  2   9 0.45
  2  10 0.41
  2  11 0.10
  2  12 0.30
  2  13 0.17
  2  14 0.30
  2  15 0.34
  2  16 0.37
  2  17 0.31
  2  18 0.47
  2  19 0.26
  2  20 0.34
  2  21 0.34
  2  22 0.21
  3   1 0.31
  3   2 0.57
  3   3 1.00
  3   4 0.20
  3   5 0.20
  3   6 0.63
  3   7 0.02
  3   8 0.20
  3   9 0.29
  3  10 0.62
  3  11 0.10
  3  12 0.65
  3  13 0.08
  3  14 0.67
  3  15 0.50
  3  16 0.45
  3  17 0.41
  3  18 0.59
  3  19 0.31
  3  20 0.67
  3  21 0.42
  3  22 0.12
  4   1 0.35
  4   2 0.32
  4   3 0.20
  4   4 1.00
  4   5 0.40
  4   6 0.38
  4   7 0.21
  4   8 0.41
  4   9 0.41
  4  10 0.29
  4  11 0.29
  4  12 0.28
  4  13 0.31
  4  14 0.22
  4  15 0.29
  4  16 0.45
  4  17 0.23
  4  18 0.40
  4  19 0.36
  4  20 0.31
  4  21 0.39
  4  22 0.36
  5   1 0.24
  5   2 0.26
  5   3 0.20
  5   4 0.40
  5   5 1.00
  5   6 0.42
  5   7 0.13
  5   8 0.58
  5   9 0.65
  5  10 0.39
  5  11 0.30
  5  12 0.51
  5  13 0.66
  5  14 0.42
  5  15 0.46
  5  16 0.38
  5  17 0.41
  5  18 0.35
  5  19 0.35
  5  20 0.44
  5  21 0.51
  5  22 0.42
  6   1 0.56
  6   2 0.64
  6   3 0.63
  6   4 0.38
  6   5 0.42
  6   6 1.00
  6   7 0.05
  6   8 0.54
  6   9 0.50
  6  10 0.61
  6  11 0.27
  6  12 0.55
  6  13 0.31
  6  14 0.59
  6  15 0.47
  6  16 0.45
  6  17 0.41
  6  18 0.52
  6  19 0.40
  6  20 0.62
  6  21 0.65
  6  22 0.23
  7   1 0.08
  7   2 0.14
  7   3 0.02
  7   4 0.21
  7   5 0.13
  7   6 0.05
  7   7 1.00
  7   8 0.11
  7   9 0.19
  7  10 0.09
  7  11 0.11
  7  12 0.09
  7  13 0.15
  7  14 0.05
  7  15 0.11
  7  16 0.11
  7  17 0.07
  7  18 0.17
  7  19 0.30
  7  20 0.03
  7  21 0.08
  7  22 0.12
  8   1 0.16
  8   2 0.24
  8   3 0.20
  8   4 0.41
  8   5 0.58
  8   6 0.54
  8   7 0.11
  8   8 1.00
  8   9 0.54
  8  10 0.35
  8  11 0.38
  8  12 0.35
  8  13 0.69
  8  14 0.38
  8  15 0.37
  8  16 0.38
  8  17 0.16
  8  18 0.44
  8  19 0.39
  8  20 0.52
  8  21 0.57
  8  22 0.61
  9   1 0.36
  9   2 0.45
  9   3 0.29
  9   4 0.41
  9   5 0.65
  9   6 0.50
  9   7 0.19
  9   8 0.54
  9   9 1.00
  9  10 0.44
  9  11 0.14
  9  12 0.49
  9  13 0.58
  9  14 0.35
  9  15 0.51
  9  16 0.44
  9  17 0.33
  9  18 0.47
  9  19 0.42
  9  20 0.41
  9  21 0.45
  9  22 0.52
 10   1 0.26
 10   2 0.41
 10   3 0.62
 10   4 0.29
 10   5 0.39
 10   6 0.61
 10   7 0.09
 10   8 0.35
 10   9 0.44
 10  10 1.00
 10  11 0.24
 10  12 0.73
 10  13 0.30
 10  14 0.59
 10  15 0.61
 10  16 0.57
 10  17 0.54
 10  18 0.44
 10  19 0.38
 10  20 0.76
 10  21 0.56
 10  22 0.20
 11   1 0.10
 11   2 0.10
 11   3 0.10
 11   4 0.29
 11   5 0.30
 11   6 0.27
 11   7 0.11
 11   8 0.38
 11   9 0.14
 11  10 0.24
 11  11 1.00
 11  12 0.16
 11  13 0.18
 11  14 0.33
 11  15 0.19
 11  16 0.26
 11  17 0.16
 11  18 0.18
 11  19 0.14
 11  20 0.25
 11  21 0.61
 11  22 0.19
 12   1 0.18
 12   2 0.30
 12   3 0.65
 12   4 0.28
 12   5 0.51
 12   6 0.55
 12   7 0.09
 12   8 0.35
 12   9 0.49
 12  10 0.73
 12  11 0.16
 12  12 1.00
 12  13 0.34
 12  14 0.67
 12  15 0.53
 12  16 0.44
 12  17 0.49
 12  18 0.45
 12  19 0.40
 12  20 0.68
 12  21 0.54
 12  22 0.15
 13   1 0.11
 13   2 0.17
 13   3 0.08
 13   4 0.31
 13   5 0.66
 13   6 0.31
 13   7 0.15
 13   8 0.69
 13   9 0.58
 13  10 0.30
 13  11 0.18
 13  12 0.34
 13  13 1.00
 13  14 0.27
 13  15 0.34
 13  16 0.27
 13  17 0.19
 13  18 0.31
 13  19 0.31
 13  20 0.34
 13  21 0.38
 13  22 0.62
 14   1 0.15
 14   2 0.30
 14   3 0.67
 14   4 0.22
 14   5 0.42
 14   6 0.59
 14   7 0.05
 14   8 0.38
 14   9 0.35
 14  10 0.59
 14  11 0.33
 14  12 0.67
 14  13 0.27
 14  14 1.00
 14  15 0.48
 14  16 0.40
 14  17 0.45
 14  18 0.52
 14  19 0.35
 14  20 0.61
 14  21 0.66
 14  22 0.16
 15   1 0.20
 15   2 0.34
 15   3 0.50
 15   4 0.29
 15   5 0.46
 15   6 0.47
 15   7 0.11
 15   8 0.37
 15   9 0.51
 15  10 0.61
 15  11 0.19
 15  12 0.53
 15  13 0.34
 15  14 0.48
 15  15 1.00
 15  16 0.59
 15  17 0.62
 15  18 0.49
 15  19 0.32
 15  20 0.63
 15  21 0.42
 15  22 0.36
 16   1 0.26
 16   2 0.37
 16   3 0.45
 16   4 0.45
 16   5 0.38
 16   6 0.45
 16   7 0.11
 16   8 0.38
 16   9 0.44
 16  10 0.57
 16  11 0.26
 16  12 0.44
 16  13 0.27
 16  14 0.40
 16  15 0.59
 16  16 1.00
 16  17 0.41
 16  18 0.58
 16  19 0.35
 16  20 0.66
 16  21 0.43
 16  22 0.41
 17   1 0.22
 17   2 0.31
 17   3 0.41
 17   4 0.23
 17   5 0.41
 17   6 0.41
 17   7 0.07
 17   8 0.16
 17   9 0.33
 17  10 0.54
 17  11 0.16
 17  12 0.49
 17  13 0.19
 17  14 0.45
 17  15 0.62
 17  16 0.41
 17  17 1.00
 17  18 0.29
 17  19 0.22
 17  20 0.48
 17  21 0.35
 17  22 0.08
 18   1 0.33
 18   2 0.47
 18   3 0.59
 18   4 0.40
 18   5 0.35
 18   6 0.52
 18   7 0.17
 18   8 0.44
 18   9 0.47
 18  10 0.44
 18  11 0.18
 18  12 0.45
 18  13 0.31
 18  14 0.52
 18  15 0.49
 18  16 0.58
 18  17 0.29
 18  18 1.00
 18  19 0.41
 18  20 0.54
 18  21 0.41
 18  22 0.52
 19   1 0.20
 19   2 0.26
 19   3 0.31
 19   4 0.36
 19   5 0.35
 19   6 0.40
 19   7 0.30
 19   8 0.39
 19   9 0.42
 19  10 0.38
 19  11 0.14
 19  12 0.40
 19  13 0.31
 19  14 0.35
 19  15 0.32
 19  16 0.35
 19  17 0.22
 19  18 0.41
 19  19 1.00
 19  20 0.39
 19  21 0.37
 19  22 0.30
 20   1 0.23
 20   2 0.34
 20   3 0.67
 20   4 0.31
 20   5 0.44
 20   6 0.62
 20   7 0.03
 20   8 0.52
 20   9 0.41
 20  10 0.76
 20  11 0.25
 20  12 0.68
 20  13 0.34
 20  14 0.61
 20  15 0.63
 20  16 0.66
 20  17 0.48
 20  18 0.54
 20  19 0.39
 20  20 1.00
 20  21 0.54
 20  22 0.33
 21   1 0.27
 21   2 0.34
 21   3 0.42
 21   4 0.39
 21   5 0.51
 21   6 0.65
 21   7 0.08
 21   8 0.57
 21   9 0.45
 21  10 0.56
 21  11 0.61
 21  12 0.54
 21  13 0.38
 21  14 0.66
 21  15 0.42
 21  16 0.43
 21  17 0.35
 21  18 0.41
 21  19 0.37
 21  20 0.54
 21  21 1.00
 21  22 0.26
 22   1 0.15
 22   2 0.21
 22   3 0.12
 22   4 0.36
 22   5 0.42
 22   6 0.23
 22   7 0.12
 22   8 0.61
 22   9 0.52
 22  10 0.20
 22  11 0.19
 22  12 0.15
 22  13 0.62
 22  14 0.16
 22  15 0.36
 22  16 0.41
 22  17 0.08
 22  18 0.52
 22  19 0.30
 22  20 0.33
 22  21 0.26
 22  22 1.00
  1   1 1.00
  1   2 0.65
  1   3 0.31
  1   4 0.35
  1   5 0.24
  1   6 0.56
  1   7 0.08
  1   8 0.16
  1   9 0.36
  1  10 0.26
  1  11 0.10
  1  12 0.18
  1  13 0.11
  1  14 0.15
  1  15 0.20
  1  16 0.26
  1  17 0.22
  1  18 0.33
  1  19 0.20
  1  20 0.23
  1  21 0.27
  1  22 0.15
  2   1 0.65
  2   2 1.00
  2   3 0.57
  2   4 0.32
  2   5 0.26
  2   6 0.64
  2   7 0.14
  2   8 0.24
  2   9 0.45
  2  10 0.41
  2  11 0.10
  2  12 0.30
  2  13 0.17
  2  14 0.30
  2  15 0.34
  2  16 0.37
  2  17 0.31
  2  18 0.47
  2  19 0.26
  2  20 0.34
  2  21 0.34
  2  22 0.21
  3   1 0.31
  3   2 0.57
  3   3 1.00
  3   4 0.20
  3   5 0.20
  3   6 0.63
  3   7 0.02
  3   8 0.20
  3   9 0.29
  3  10 0.62
  3  11 0.10
  3  12 0.65
  3  13 0.08
  3  14 0.67
  3  15 0.50
  3  16 0.45
  3  17 0.41
  3  18 0.59
  3  19 0.31
  3  20 0.67
  3  21 0.42
  3  22 0.12
  4   1 0.35
  4   2 0.32
  4   3 0.20
  4   4 1.00
  4   5 0.40
  4   6 0.38
  4   7 0.21
  4   8 0.41
  4   9 0.41
  4  10 0.29
  4  11 0.29
  4  12 0.28
  4  13 0.31
  4  14 0.22
  4  15 0.29
  4  16 0.45
  4  17 0.23
  4  18 0.40
  4  19 0.36
  4  20 0.31
  4  21 0.39
  4  22 0.36
  5   1 0.24
  5   2 0.26
  5   3 0.20
  5   4 0.40
  5   5 1.00
  5   6 0.42
  5   7 0.13
  5   8 0.58
  5   9 0.65
  5  10 0.39
  5  11 0.30
  5  12 0.51
  5  13 0.66
  5  14 0.42
  5  15 0.46
  5  16 0.38
  5  17 0.41
  5  18 0.35
  5  19 0.35
  5  20 0.44
  5  21 0.51
  5  22 0.42
  6   1 0.56
  6   2 0.64
  6   3 0.63
  6   4 0.38
  6   5 0.42
  6   6 1.00
  6   7 0.05
  6   8 0.54
  6   9 0.50
  6  10 0.61
  6  11 0.27
  6  12 0.55
  6  13 0.31
  6  14 0.59
  6  15 0.47
  6  16 0.45
  6  17 0.41
  6  18 0.52
  6  19 0.40
  6  20 0.62
  6  21 0.65
  6  22 0.23
  7   1 0.08
  7   2 0.14
  7   3 0.02
  7   4 0.21
  7   5 0.13
  7   6 0.05
  7   7 1.00
  7   8 0.11
  7   9 0.19
  7  10 0.09
  7  11 0.11
  7  12 0.09
  7  13 0.15
  7  14 0.05
  7  15 0.11
  7  16 0.11
  7  17 0.07
  7  18 0.17
  7  19 0.30
  7  20 0.03
  7  21 0.08
  7  22 0.12
  8   1 0.16
  8   2 0.24
  8   3 0.20
  8   4 0.41
  8   5 0.58
  8   6 0.54
  8   7 0.11
  8   8 1.00
  8   9 0.54
  8  10 0.35
  8  11 0.38
  8  12 0.35
  8  13 0.69
  8  14 0.38
  8  15 0.37
  8  16 0.38
  8  17 0.16
  8  18 0.44
  8  19 0.39
  8  20 0.52
  8  21 0.57
  8  22 0.61
  9   1 0.36
  9   2 0.45
  9   3 0.29
  9   4 0.41
  9   5 0.65
  9   6 0.50
  9   7 0.19
  9   8 0.54
  9   9 1.00
  9  10 0.44
  9  11 0.14
  9  12 0.49
  9  13 0.58
  9  14 0.35
  9  15 0.51
  9  16 0.44
  9  17 0.33
  9  18 0.47
  9  19 0.42
  9  20 0.41
  9  21 0.45
  9  22 0.52
 10   1 0.26
 10   2 0.41
 10   3 0.62
 10   4 0.29
 10   5 0.39
 10   6 0.61
 10   7 0.09
 10   8 0.35
 10   9 0.44
 10  10 1.00
 10  11 0.24
 10  12 0.73
 10  13 0.30
 10  14 0.59
 10  15 0.61
 10  16 0.57
 10  17 0.54
 10  18 0.44
 10  19 0.38
 10  20 0.76
 10  21 0.56
 10  22 0.20
 11   1 0.10
 11   2 0.10
 11   3 0.10
 11   4 0.29
 11   5 0.30
 11   6 0.27
 11   7 0.11
 11   8 0.38
 11   9 0.14
 11  10 0.24
 11  11 1.00
 11  12 0.16
 11  13 0.18
 11  14 0.33
 11  15 0.19
 11  16 0.26
 11  17 0.16
 11  18 0.18
 11  19 0.14
 11  20 0.25
 11  21 0.61
 11  22 0.19
 12   1 0.18
 12   2 0.30
 12   3 0.65
 12   4 0.28
 12   5 0.51
 12   6 0.55
 12   7 0.09
 12   8 0.35
 12   9 0.49
 12  10 0.73
 12  11 0.16
 12  12 1.00
 12  13 0.34
 12  14 0.67
 12  15 0.53
 12  16 0.44
 12  17 0.49
 12  18 0.45
 12  19 0.40
 12  20 0.68
 12  21 0.54
 12  22 0.15
 13   1 0.11
 13   2 0.17
 13   3 0.08
 13   4 0.31
 13   5 0.66
 13   6 0.31
 13   7 0.15
 13   8 0.69
 13   9 0.58
 13  10 0.30
 13  11 0.18
 13  12 0.34
 13  13 1.00
 13  14 0.27
 13  15 0.34
 13  16 0.27
 13  17 0.19
 13  18 0.31
 13  19 0.31
 13  20 0.34
 13  21 0.38
 13  22 0.62
 14   1 0.15
 14   2 0.30
 14   3 0.67
 14   4 0.22
 14   5 0.42
 14   6 0.59
 14   7 0.05
 14   8 0.38
 14   9 0.35
 14  10 0.59
 14  11 0.33
 14  12 0.67
 14  13 0.27
 14  14 1.00
 14  15 0.48
 14  16 0.40
 14  17 0.45
 14  18 0.52
 14  19 0.35
 14  20 0.61
 14  21 0.66
 14  22 0.16
 15   1 0.20
 15   2 0.34
 15   3 0.50
 15   4 0.29
 15   5 0.46
 15   6 0.47
 15   7 0.11
 15   8 0.37
 15   9 0.51
 15  10 0.61
 15  11 0.19
 15  12 0.53
 15  13 0.34
 15  14 0.48
 15  15 1.00
 15  16 0.59
 15  17 0.62
 15  18 0.49
 15  19 0.32
 15  20 0.63
 15  21 0.42
 15  22 0.36
 16   1 0.26
 16   2 0.37
 16   3 0.45
 16   4 0.45
 16   5 0.38
 16   6 0.45
 16   7 0.11
 16   8 0.38
 16   9 0.44
 16  10 0.57
 16  11 0.26
 16  12 0.44
 16  13 0.27
 16  14 0.40
 16  15 0.59
 16  16 1.00
 16  17 0.41
 16  18 0.58
 16  19 0.35
 16  20 0.66
 16  21 0.43
 16  22 0.41
 17   1 0.22
 17   2 0.31
 17   3 0.41
 17   4 0.23
 17   5 0.41
 17   6 0.41
 17   7 0.07
 17   8 0.16
 17   9 0.33
 17  10 0.54
 17  11 0.16
 17  12 0.49
 17  13 0.19
 17  14 0.45
 17  15 0.62
 17  16 0.41
 17  17 1.00
 17  18 0.29
 17  19 0.22
 17  20 0.48
 17  21 0.35
 17  22 0.08
 18   1 0.33
 18   2 0.47
 18   3 0.59
 18   4 0.40
 18   5 0.35
 18   6 0.52
 18   7 0.17
 18   8 0.44
 18   9 0.47
 18  10 0.44
 18  11 0.18
 18  12 0.45
 18  13 0.31
 18  14 0.52
 18  15 0.49
 18  16 0.58
 18  17 0.29
 18  18 1.00
 18  19 0.41
 18  20 0.54
 18  21 0.41
 18  22 0.52
 19   1 0.20
 19   2 0.26
 19   3 0.31
 19   4 0.36
 19   5 0.35
 19   6 0.40
 19   7 0.30
 19   8 0.39
 19   9 0.42
 19  10 0.38
 19  11 0.14
 19  12 0.40
 19  13 0.31
 19  14 0.35
 19  15 0.32
 19  16 0.35
 19  17 0.22
 19  18 0.41
 19  19 1.00
 19  20 0.39
 19  21 0.37
 19  22 0.30
 20   1 0.23
 20   2 0.34
 20   3 0.67
 20   4 0.31
 20   5 0.44
 20   6 0.62
 20   7 0.03
 20   8 0.52
 20   9 0.41
 20  10 0.76
 20  11 0.25
 20  12 0.68
 20  13 0.34
 20  14 0.61
 20  15 0.63
 20  16 0.66
 20  17 0.48
 20  18 0.54
 20  19 0.39
 20  20 1.00
 20  21 0.54
 20  22 0.33
 21   1 0.27
 21   2 0.34
 21   3 0.42
 21   4 0.39
 21   5 0.51
 21   6 0.65
 21   7 0.08
 21   8 0.57
 21   9 0.45
 21  10 0.56
 21  11 0.61
 21  12 0.54
 21  13 0.38
 21  14 0.66
 21  15 0.42
 21  16 0.43
 21  17 0.35
 21  18 0.41
 21  19 0.37
 21  20 0.54
 21  21 1.00
 21  22 0.26
 22   1 0.15
 22   2 0.21
 22   3 0.12
 22   4 0.36
 22   5 0.42
 22   6 0.23
 22   7 0.12
 22   8 0.61
 22   9 0.52
 22  10 0.20
 22  11 0.19
 22  12 0.15
 22  13 0.62
 22  14 0.16
 22  15 0.36
 22  16 0.41
 22  17 0.08
 22  18 0.52
 22  19 0.30
 22  20 0.33
 22  21 0.26
 22  22 1.00
