  1   1 1.00
  1   2 0.66
  1   3 0.31
  1   4 0.27
  1   5 0.26
  1   6 0.29
  1   7 0.35
  1   8 0.39
  1   9 0.33
  1  10 0.19
  1  11 0.25
  1  12 0.24
  1  13 0.27
  1  14 0.24
  1  15 0.17
  1  16 0.25
  1  17 0.29
  1  18 0.39
  1  19 0.35
  1  20 0.13
  1  21 0.33
  1  22 0.40
  2   1 0.66
  2   2 1.00
  2   3 0.22
  2   4 0.20
  2   5 0.15
  2   6 0.21
  2   7 0.28
  2   8 0.32
  2   9 0.25
  2  10 0.13
  2  11 0.15
  2  12 0.25
  2  13 0.19
  2  14 0.20
  2  15 0.11
  2  16 0.20
  2  17 0.21
  2  18 0.30
  2  19 0.32
  2  20 0.14
  2  21 0.25
  2  22 0.32
  3   1 0.31
  3   2 0.22
  3   3 1.00
  3   4 0.13
  3   5 0.60
  3   6 0.69
  3   7 0.11
  3   8 0.24
  3   9 0.53
  3  10 0.68
  3  11 0.64
  3  12 0.47
  3  13 0.71
  3  14 0.60
  3  15 0.49
  3  16 0.60
  3  17 0.60
  3  18 0.64
  3  19 0.62
  3  20 0.29
  3  21 0.37
  3  22 0.63
  4   1 0.27
  4   2 0.20
  4   3 0.13
  4   4 1.00
  4   5 0.23
  4   6 0.15
  4   7 0.22
  4   8 0.21
  4   9 0.25
  4  10 0.13
  4  11 0.20
  4  12 0.26
  4  13 0.22
  4  14 0.12
  4  15 0.18
  4  16 0.17
  4  17 0.24
  4  18 0.25
  4  19 0.22
  4  20 0.10
  4  21 0.38
  4  22 0.15
  5   1 0.26
  5   2 0.15
  5   3 0.60
  5   4 0.23
  5   5 1.00
  5   6 0.65
  5   7 0.19
  5   8 0.29
  5   9 0.46
  5  10 0.60
  5  11 0.58
  5  12 0.42
  5  13 0.70
  5  14 0.53
  5  15 0.56
  5  16 0.64
  5  17 0.49
  5  18 0.55
  5  19 0.52
  5  20 0.27
  5  21 0.46
  5  22 0.54
  6   1 0.29
  6   2 0.21
  6   3 0.69
  6   4 0.15
  6   5 0.65
  6   6 1.00
  6   7 0.10
  6   8 0.20
  6   9 0.52
  6  10 0.60
  6  11 0.68
  6  12 0.55
  6  13 0.68
  6  14 0.66
  6  15 0.51
  6  16 0.62
  6  17 0.56
  6  18 0.62
  6  19 0.65
  6  20 0.39
  6  21 0.34
  6  22 0.55
  7   1 0.35
  7   2 0.28
  7   3 0.11
  7   4 0.22
  7   5 0.19
  7   6 0.10
  7   7 1.00
  7   8 0.29
  7   9 0.15
  7  10 0.09
  7  11 0.09
  7  12 0.11
  7  13 0.11
  7  14 0.10
  7  15 0.08
  7  16 0.12
  7  17 0.13
  7  18 0.20
  7  19 0.19
  7  20 0.04
  7  21 0.25
  7  22 0.19
  8   1 0.39
  8   2 0.32
  8   3 0.24
  8   4 0.21
  8   5 0.29
  8   6 0.20
  8   7 0.29
  8   8 1.00
  8   9 0.22
  8  10 0.34
  8  11 0.20
  8  12 0.17
  8  13 0.22
  8  14 0.18
  8  15 0.28
  8  16 0.29
  8  17 0.20
  8  18 0.30
  8  19 0.26
  8  20 0.06
  8  21 0.29
  8  22 0.35
  9   1 0.33
  9   2 0.25
  9   3 0.53
  9   4 0.25
  9   5 0.46
  9   6 0.52
  9   7 0.15
  9   8 0.22
  9   9 1.00
  9  10 0.45
  9  11 0.58
  9  12 0.65
  9  13 0.56
  9  14 0.62
  9  15 0.39
  9  16 0.47
  9  17 0.59
  9  18 0.55
  9  19 0.69
  9  20 0.41
  9  21 0.45
  9  22 0.40
 10   1 0.19
 10   2 0.13
 10   3 0.68
 10   4 0.13
 10   5 0.60
 10   6 0.60
 10   7 0.09
 10   8 0.34
 10   9 0.45
 10  10 1.00
 10  11 0.56
 10  12 0.40
 10  13 0.65
 10  14 0.56
 10  15 0.67
 10  16 0.62
 10  17 0.54
 10  18 0.56
 10  19 0.53
 10  20 0.31
 10  21 0.35
 10  22 0.48
 11   1 0.25
 11   2 0.15
 11   3 0.64
 11   4 0.20
 11   5 0.58
 11   6 0.68
 11   7 0.09
 11   8 0.20
 11   9 0.58
 11  10 0.56
 11  11 1.00
 11  12 0.63
 11  13 0.73
 11  14 0.58
 11  15 0.52
 11  16 0.64
 11  17 0.66
 11  18 0.70
 11  19 0.61
 11  20 0.36
 11  21 0.37
 11  22 0.55
 12   1 0.24
 12   2 0.25
 12   3 0.47
 12   4 0.26
 12   5 0.42
 12   6 0.55
 12   7 0.11
 12   8 0.17
 12   9 0.65
 12  10 0.40
 12  11 0.63
 12  12 1.00
 12  13 0.53
 12  14 0.51
 12  15 0.39
 12  16 0.47
 12  17 0.51
 12  18 0.54
 12  19 0.56
 12  20 0.46
 12  21 0.34
 12  22 0.40
 13   1 0.27
 13   2 0.19
 13   3 0.71
 13   4 0.22
 13   5 0.70
 13   6 0.68
 13   7 0.11
 13   8 0.22
 13   9 0.56
 13  10 0.65
 13  11 0.73
 13  12 0.53
 13  13 1.00
 13  14 0.64
 13  15 0.56
 13  16 0.72
 13  17 0.66
 13  18 0.63
 13  19 0.66
 13  20 0.34
 13  21 0.41
 13  22 0.53
 14   1 0.24
 14   2 0.20
 14   3 0.60
 14   4 0.12
 14   5 0.53
 14   6 0.66
 14   7 0.10
 14   8 0.18
 14   9 0.62
 14  10 0.56
 14  11 0.58
 14  12 0.51
 14  13 0.64
 14  14 1.00
 14  15 0.43
 14  16 0.61
 14  17 0.60
 14  18 0.55
 14  19 0.71
 14  20 0.44
 14  21 0.29
 14  22 0.44
 15   1 0.17
 15   2 0.11
 15   3 0.49
 15   4 0.18
 15   5 0.56
 15   6 0.51
 15   7 0.08
 15   8 0.28
 15   9 0.39
 15  10 0.67
 15  11 0.52
 15  12 0.39
 15  13 0.56
 15  14 0.43
 15  15 1.00
 15  16 0.52
 15  17 0.52
 15  18 0.46
 15  19 0.41
 15  20 0.34
 15  21 0.33
 15  22 0.36
 16   1 0.25
 16   2 0.20
 16   3 0.60
 16   4 0.17
 16   5 0.64
 16   6 0.62
 16   7 0.12
 16   8 0.29
 16   9 0.47
 16  10 0.62
 16  11 0.64
 16  12 0.47
 16  13 0.72
 16  14 0.61
 16  15 0.52
 16  16 1.00
 16  17 0.63
 16  18 0.54
 16  19 0.56
 16  20 0.33
 16  21 0.39
 16  22 0.50
 17   1 0.29
 17   2 0.21
 17   3 0.60
 17   4 0.24
 17   5 0.49
 17   6 0.56
 17   7 0.13
 17   8 0.20
 17   9 0.59
 17  10 0.54
 17  11 0.66
 17  12 0.51
 17  13 0.66
 17  14 0.60
 17  15 0.52
 17  16 0.63
 17  17 1.00
 17  18 0.63
 17  19 0.63
 17  20 0.37
 17  21 0.38
 17  22 0.49
 18   1 0.39
 18   2 0.30
 18   3 0.64
 18   4 0.25
 18   5 0.55
 18   6 0.62
 18   7 0.20
 18   8 0.30
 18   9 0.55
 18  10 0.56
 18  11 0.70
 18  12 0.54
 18  13 0.63
 18  14 0.55
 18  15 0.46
 18  16 0.54
 18  17 0.63
 18  18 1.00
 18  19 0.61
 18  20 0.25
 18  21 0.47
 18  22 0.69
 19   1 0.35
 19   2 0.32
 19   3 0.62
 19   4 0.22
 19   5 0.52
 19   6 0.65
 19   7 0.19
 19   8 0.26
 19   9 0.69
 19  10 0.53
 19  11 0.61
 19  12 0.56
 19  13 0.66
 19  14 0.71
 19  15 0.41
 19  16 0.56
 19  17 0.63
 19  18 0.61
 19  19 1.00
 19  20 0.33
 19  21 0.36
 19  22 0.51
 20   1 0.13
 20   2 0.14
 20   3 0.29
 20   4 0.10
 20   5 0.27
 20   6 0.39
 20   7 0.04
 20   8 0.06
 20   9 0.41
 20  10 0.31
 20  11 0.36
 20  12 0.46
 20  13 0.34
 20  14 0.44
 20  15 0.34
 20  16 0.33
 20  17 0.37
 20  18 0.25
 20  19 0.33
 20  20 1.00
 20  21 0.16
 20  22 0.17
 21   1 0.33
 21   2 0.25
 21   3 0.37
 21   4 0.38
 21   5 0.46
 21   6 0.34
 21   7 0.25
 21   8 0.29
 21   9 0.45
 21  10 0.35
 21  11 0.37
 21  12 0.34
 21  13 0.41
 21  14 0.29
 21  15 0.33
 21  16 0.39
 21  17 0.38
 21  18 0.47
 21  19 0.36
 21  20 0.16
 21  21 1.00
 21  22 0.38
 22   1 0.40
 22   2 0.32
 22   3 0.63
 22   4 0.15
 22   5 0.54
 22   6 0.55
 22   7 0.19
 22   8 0.35
 22   9 0.40
 22  10 0.48
 22  11 0.55
 22  12 0.40
 22  13 0.53
 22  14 0.44
 22  15 0.36
 22  16 0.50
 22  17 0.49
 22  18 0.69
 22  19 0.51
 22  20 0.17
 22  21 0.38
 22  22 1.00
  1   1 1.00
  1   2 0.66
  1   3 0.31
  1   4 0.27
  1   5 0.25
  1   6 0.29
  1   7 0.35
  1   8 0.39
  1   9 0.33
  1  10 0.19
  1  11 0.25
  1  12 0.23
  1  13 0.27
  1  14 0.24
  1  15 0.17
  1  16 0.25
  1  17 0.28
  1  18 0.39
  1  19 0.35
  1  20 0.13
  1  21 0.33
  1  22 0.40
  2   1 0.66
  2   2 1.00
  2   3 0.22
  2   4 0.19
  2   5 0.14
  2   6 0.21
  2   7 0.28
  2   8 0.32
  2   9 0.25
  2  10 0.13
  2  11 0.15
  2  12 0.24
  2  13 0.19
  2  14 0.20
  2  15 0.11
  2  16 0.20
  2  17 0.21
  2  18 0.30
  2  19 0.31
  2  20 0.13
  2  21 0.25
  2  22 0.31
  3   1 0.31
  3   2 0.22
  3   3 1.00
  3   4 0.13
  3   5 0.60
  3   6 0.69
  3   7 0.10
  3   8 0.24
  3   9 0.53
  3  10 0.68
  3  11 0.64
  3  12 0.46
  3  13 0.71
  3  14 0.60
  3  15 0.49
  3  16 0.60
  3  17 0.60
  3  18 0.64
  3  19 0.62
  3  20 0.29
  3  21 0.37
  3  22 0.63
  4   1 0.27
  4   2 0.19
  4   3 0.13
  4   4 1.00
  4   5 0.23
  4   6 0.15
  4   7 0.22
  4   8 0.21
  4   9 0.25
  4  10 0.13
  4  11 0.20
  4  12 0.26
  4  13 0.22
  4  14 0.12
  4  15 0.18
  4  16 0.17
  4  17 0.24
  4  18 0.25
  4  19 0.22
  4  20 0.10
  4  21 0.38
  4  22 0.15
  5   1 0.25
  5   2 0.14
  5   3 0.60
  5   4 0.23
  5   5 1.00
  5   6 0.65
  5   7 0.19
  5   8 0.29
  5   9 0.46
  5  10 0.60
  5  11 0.58
  5  12 0.42
  5  13 0.70
  5  14 0.53
  5  15 0.56
  5  16 0.64
  5  17 0.49
  5  18 0.54
  5  19 0.51
  5  20 0.27
  5  21 0.46
  5  22 0.54
  6   1 0.29
  6   2 0.21
  6   3 0.69
  6   4 0.15
  6   5 0.65
  6   6 1.00
  6   7 0.10
  6   8 0.20
  6   9 0.52
  6  10 0.59
  6  11 0.67
  6  12 0.55
  6  13 0.68
  6  14 0.66
  6  15 0.51
  6  16 0.62
  6  17 0.56
  6  18 0.61
  6  19 0.65
  6  20 0.39
  6  21 0.34
  6  22 0.55
  7   1 0.35
  7   2 0.28
  7   3 0.10
  7   4 0.22
  7   5 0.19
  7   6 0.10
  7   7 1.00
  7   8 0.29
  7   9 0.14
  7  10 0.09
  7  11 0.09
  7  12 0.11
  7  13 0.11
  7  14 0.10
  7  15 0.08
  7  16 0.12
  7  17 0.13
  7  18 0.20
  7  19 0.19
  7  20 0.04
  7  21 0.25
  7  22 0.19
  8   1 0.39
  8   2 0.32
  8   3 0.24
  8   4 0.21
  8   5 0.29
  8   6 0.20
  8   7 0.29
  8   8 1.00
  8   9 0.22
  8  10 0.34
  8  11 0.20
  8  12 0.17
  8  13 0.21
  8  14 0.18
  8  15 0.28
  8  16 0.29
  8  17 0.20
  8  18 0.30
  8  19 0.26
  8  20 0.06
  8  21 0.29
  8  22 0.35
  9   1 0.33
  9   2 0.25
  9   3 0.53
  9   4 0.25
  9   5 0.46
  9   6 0.52
  9   7 0.14
  9   8 0.22
  9   9 1.00
  9  10 0.45
  9  11 0.58
  9  12 0.65
  9  13 0.56
  9  14 0.62
  9  15 0.39
  9  16 0.47
  9  17 0.59
  9  18 0.55
  9  19 0.69
  9  20 0.41
  9  21 0.45
  9  22 0.39
 10   1 0.19
 10   2 0.13
 10   3 0.68
 10   4 0.13
 10   5 0.60
 10   6 0.59
 10   7 0.09
 10   8 0.34
 10   9 0.45
 10  10 1.00
 10  11 0.56
 10  12 0.40
 10  13 0.65
 10  14 0.56
 10  15 0.67
 10  16 0.62
 10  17 0.54
 10  18 0.56
 10  19 0.53
 10  20 0.31
 10  21 0.35
 10  22 0.48
 11   1 0.25
 11   2 0.15
 11   3 0.64
 11   4 0.20
 11   5 0.58
 11   6 0.67
 11   7 0.09
 11   8 0.20
 11   9 0.58
 11  10 0.56
 11  11 1.00
 11  12 0.63
 11  13 0.73
 11  14 0.58
 11  15 0.52
 11  16 0.64
 11  17 0.66
 11  18 0.70
 11  19 0.61
 11  20 0.36
 11  21 0.37
 11  22 0.55
 12   1 0.23
 12   2 0.24
 12   3 0.46
 12   4 0.26
 12   5 0.42
 12   6 0.55
 12   7 0.11
 12   8 0.17
 12   9 0.65
 12  10 0.40
 12  11 0.63
 12  12 1.00
 12  13 0.53
 12  14 0.51
 12  15 0.38
 12  16 0.47
 12  17 0.51
 12  18 0.54
 12  19 0.56
 12  20 0.46
 12  21 0.34
 12  22 0.40
 13   1 0.27
 13   2 0.19
 13   3 0.71
 13   4 0.22
 13   5 0.70
 13   6 0.68
 13   7 0.11
 13   8 0.21
 13   9 0.56
 13  10 0.65
 13  11 0.73
 13  12 0.53
 13  13 1.00
 13  14 0.63
 13  15 0.55
 13  16 0.71
 13  17 0.66
 13  18 0.62
 13  19 0.66
 13  20 0.33
 13  21 0.40
 13  22 0.53
 14   1 0.24
 14   2 0.20
 14   3 0.60
 14   4 0.12
 14   5 0.53
 14   6 0.66
 14   7 0.10
 14   8 0.18
 14   9 0.62
 14  10 0.56
 14  11 0.58
 14  12 0.51
 14  13 0.63
 14  14 1.00
 14  15 0.43
 14  16 0.60
 14  17 0.59
 14  18 0.55
 14  19 0.71
 14  20 0.44
 14  21 0.29
 14  22 0.43
 15   1 0.17
 15   2 0.11
 15   3 0.49
 15   4 0.18
 15   5 0.56
 15   6 0.51
 15   7 0.08
 15   8 0.28
 15   9 0.39
 15  10 0.67
 15  11 0.52
 15  12 0.38
 15  13 0.55
 15  14 0.43
 15  15 1.00
 15  16 0.51
 15  17 0.52
 15  18 0.46
 15  19 0.40
 15  20 0.34
 15  21 0.33
 15  22 0.36
 16   1 0.25
 16   2 0.20
 16   3 0.60
 16   4 0.17
 16   5 0.64
 16   6 0.62
 16   7 0.12
 16   8 0.29
 16   9 0.47
 16  10 0.62
 16  11 0.64
 16  12 0.47
 16  13 0.71
 16  14 0.60
 16  15 0.51
 16  16 1.00
 16  17 0.63
 16  18 0.54
 16  19 0.56
 16  20 0.33
 16  21 0.39
 16  22 0.50
 17   1 0.28
 17   2 0.21
 17   3 0.60
 17   4 0.24
 17   5 0.49
 17   6 0.56
 17   7 0.13
 17   8 0.20
 17   9 0.59
 17  10 0.54
 17  11 0.66
 17  12 0.51
 17  13 0.66
 17  14 0.59
 17  15 0.52
 17  16 0.63
 17  17 1.00
 17  18 0.63
 17  19 0.63
 17  20 0.37
 17  21 0.37
 17  22 0.49
 18   1 0.39
 18   2 0.30
 18   3 0.64
 18   4 0.25
 18   5 0.54
 18   6 0.61
 18   7 0.20
 18   8 0.30
 18   9 0.55
 18  10 0.56
 18  11 0.70
 18  12 0.54
 18  13 0.62
 18  14 0.55
 18  15 0.46
 18  16 0.54
 18  17 0.63
 18  18 1.00
 18  19 0.61
 18  20 0.25
 18  21 0.47
 18  22 0.69
 19   1 0.35
 19   2 0.31
 19   3 0.62
 19   4 0.22
 19   5 0.51
 19   6 0.65
 19   7 0.19
 19   8 0.26
 19   9 0.69
 19  10 0.53
 19  11 0.61
 19  12 0.56
 19  13 0.66
 19  14 0.71
 19  15 0.40
 19  16 0.56
 19  17 0.63
 19  18 0.61
 19  19 1.00
 19  20 0.33
 19  21 0.36
 19  22 0.51
 20   1 0.13
 20   2 0.13
 20   3 0.29
 20   4 0.10
 20   5 0.27
 20   6 0.39
 20   7 0.04
 20   8 0.06
 20   9 0.41
 20  10 0.31
 20  11 0.36
 20  12 0.46
 20  13 0.33
 20  14 0.44
 20  15 0.34
 20  16 0.33
 20  17 0.37
 20  18 0.25
 20  19 0.33
 20  20 1.00
 20  21 0.16
 20  22 0.17
 21   1 0.33
 21   2 0.25
 21   3 0.37
 21   4 0.38
 21   5 0.46
 21   6 0.34
 21   7 0.25
 21   8 0.29
 21   9 0.45
 21  10 0.35
 21  11 0.37
 21  12 0.34
 21  13 0.40
 21  14 0.29
 21  15 0.33
 21  16 0.39
 21  17 0.37
 21  18 0.47
 21  19 0.36
 21  20 0.16
 21  21 1.00
 21  22 0.38
 22   1 0.40
 22   2 0.31
 22   3 0.63
 22   4 0.15
 22   5 0.54
 22   6 0.55
 22   7 0.19
 22   8 0.35
 22   9 0.39
 22  10 0.48
 22  11 0.55
 22  12 0.40
 22  13 0.53
 22  14 0.43
 22  15 0.36
 22  16 0.50
 22  17 0.49
 22  18 0.69
 22  19 0.51
 22  20 0.17
 22  21 0.38
 22  22 1.00
  1   1 1.00
  1   2 0.66
  1   3 0.31
  1   4 0.27
  1   5 0.25
  1   6 0.29
  1   7 0.35
  1   8 0.39
  1   9 0.33
  1  10 0.19
  1  11 0.25
  1  12 0.23
  1  13 0.27
  1  14 0.24
  1  15 0.17
  1  16 0.25
  1  17 0.28
  1  18 0.39
  1  19 0.35
  1  20 0.13
  1  21 0.33
  1  22 0.40
  2   1 0.66
  2   2 1.00
  2   3 0.22
  2   4 0.19
  2   5 0.14
  2   6 0.21
  2   7 0.28
  2   8 0.32
  2   9 0.25
  2  10 0.13
  2  11 0.15
  2  12 0.24
  2  13 0.19
  2  14 0.20
  2  15 0.11
  2  16 0.20
  2  17 0.21
  2  18 0.30
  2  19 0.31
  2  20 0.13
  2  21 0.25
  2  22 0.31
  3   1 0.31
  3   2 0.22
  3   3 1.00
  3   4 0.13
  3   5 0.60
  3   6 0.69
  3   7 0.10
  3   8 0.24
  3   9 0.53
  3  10 0.68
  3  11 0.64
  3  12 0.46
  3  13 0.71
  3  14 0.60
  3  15 0.49
  3  16 0.60
  3  17 0.60
  3  18 0.64
  3  19 0.62
  3  20 0.29
  3  21 0.37
  3  22 0.63
  4   1 0.27
  4   2 0.19
  4   3 0.13
  4   4 1.00
  4   5 0.23
  4   6 0.15
  4   7 0.22
  4   8 0.21
  4   9 0.25
  4  10 0.13
  4  11 0.20
  4  12 0.26
  4  13 0.22
  4  14 0.12
  4  15 0.18
  4  16 0.17
  4  17 0.24
  4  18 0.25
  4  19 0.22
  4  20 0.10
  4  21 0.38
  4  22 0.15
  5   1 0.25
  5   2 0.14
  5   3 0.60
  5   4 0.23
  5   5 1.00
  5   6 0.65
  5   7 0.19
  5   8 0.29
  5   9 0.46
  5  10 0.60
  5  11 0.58
  5  12 0.42
  5  13 0.70
  5  14 0.53
  5  15 0.56
  5  16 0.64
  5  17 0.49
  5  18 0.54
  5  19 0.51
  5  20 0.27
  5  21 0.46
  5  22 0.54
  6   1 0.29
  6   2 0.21
  6   3 0.69
  6   4 0.15
  6   5 0.65
  6   6 1.00
  6   7 0.10
  6   8 0.20
  6   9 0.52
  6  10 0.59
  6  11 0.67
  6  12 0.55
  6  13 0.68
  6  14 0.66
  6  15 0.51
  6  16 0.62
  6  17 0.56
  6  18 0.61
  6  19 0.65
  6  20 0.39
  6  21 0.34
  6  22 0.55
  7   1 0.35
  7   2 0.28
  7   3 0.10
  7   4 0.22
  7   5 0.19
  7   6 0.10
  7   7 1.00
  7   8 0.29
  7   9 0.14
  7  10 0.09
  7  11 0.09
  7  12 0.11
  7  13 0.11
  7  14 0.10
  7  15 0.08
  7  16 0.12
  7  17 0.13
  7  18 0.20
  7  19 0.19
  7  20 0.04
  7  21 0.25
  7  22 0.19
  8   1 0.39
  8   2 0.32
  8   3 0.24
  8   4 0.21
  8   5 0.29
  8   6 0.20
  8   7 0.29
  8   8 1.00
  8   9 0.22
  8  10 0.34
  8  11 0.20
  8  12 0.17
  8  13 0.21
  8  14 0.18
  8  15 0.28
  8  16 0.29
  8  17 0.20
  8  18 0.30
  8  19 0.26
  8  20 0.06
  8  21 0.29
  8  22 0.35
  9   1 0.33
  9   2 0.25
  9   3 0.53
  9   4 0.25
  9   5 0.46
  9   6 0.52
  9   7 0.14
  9   8 0.22
  9   9 1.00
  9  10 0.45
  9  11 0.58
  9  12 0.65
  9  13 0.56
  9  14 0.62
  9  15 0.39
  9  16 0.47
  9  17 0.59
  9  18 0.55
  9  19 0.69
  9  20 0.41
  9  21 0.45
  9  22 0.39
 10   1 0.19
 10   2 0.13
 10   3 0.68
 10   4 0.13
 10   5 0.60
 10   6 0.59
 10   7 0.09
 10   8 0.34
 10   9 0.45
 10  10 1.00
 10  11 0.56
 10  12 0.40
 10  13 0.65
 10  14 0.56
 10  15 0.67
 10  16 0.62
 10  17 0.54
 10  18 0.56
 10  19 0.53
 10  20 0.31
 10  21 0.35
 10  22 0.48
 11   1 0.25
 11   2 0.15
 11   3 0.64
 11   4 0.20
 11   5 0.58
 11   6 0.67
 11   7 0.09
 11   8 0.20
 11   9 0.58
 11  10 0.56
 11  11 1.00
 11  12 0.63
 11  13 0.73
 11  14 0.58
 11  15 0.52
 11  16 0.64
 11  17 0.66
 11  18 0.70
 11  19 0.61
 11  20 0.36
 11  21 0.37
 11  22 0.55
 12   1 0.23
 12   2 0.24
 12   3 0.46
 12   4 0.26
 12   5 0.42
 12   6 0.55
 12   7 0.11
 12   8 0.17
 12   9 0.65
 12  10 0.40
 12  11 0.63
 12  12 1.00
 12  13 0.53
 12  14 0.51
 12  15 0.38
 12  16 0.47
 12  17 0.51
 12  18 0.54
 12  19 0.56
 12  20 0.46
 12  21 0.34
 12  22 0.40
 13   1 0.27
 13   2 0.19
 13   3 0.71
 13   4 0.22
 13   5 0.70
 13   6 0.68
 13   7 0.11
 13   8 0.21
 13   9 0.56
 13  10 0.65
 13  11 0.73
 13  12 0.53
 13  13 1.00
 13  14 0.63
 13  15 0.55
 13  16 0.71
 13  17 0.66
 13  18 0.62
 13  19 0.66
 13  20 0.33
 13  21 0.40
 13  22 0.53
 14   1 0.24
 14   2 0.20
 14   3 0.60
 14   4 0.12
 14   5 0.53
 14   6 0.66
 14   7 0.10
 14   8 0.18
 14   9 0.62
 14  10 0.56
 14  11 0.58
 14  12 0.51
 14  13 0.63
 14  14 1.00
 14  15 0.43
 14  16 0.60
 14  17 0.59
 14  18 0.55
 14  19 0.71
 14  20 0.44
 14  21 0.29
 14  22 0.43
 15   1 0.17
 15   2 0.11
 15   3 0.49
 15   4 0.18
 15   5 0.56
 15   6 0.51
 15   7 0.08
 15   8 0.28
 15   9 0.39
 15  10 0.67
 15  11 0.52
 15  12 0.38
 15  13 0.55
 15  14 0.43
 15  15 1.00
 15  16 0.51
 15  17 0.52
 15  18 0.46
 15  19 0.40
 15  20 0.34
 15  21 0.33
 15  22 0.36
 16   1 0.25
 16   2 0.20
 16   3 0.60
 16   4 0.17
 16   5 0.64
 16   6 0.62
 16   7 0.12
 16   8 0.29
 16   9 0.47
 16  10 0.62
 16  11 0.64
 16  12 0.47
 16  13 0.71
 16  14 0.60
 16  15 0.51
 16  16 1.00
 16  17 0.63
 16  18 0.54
 16  19 0.56
 16  20 0.33
 16  21 0.39
 16  22 0.50
 17   1 0.28
 17   2 0.21
 17   3 0.60
 17   4 0.24
 17   5 0.49
 17   6 0.56
 17   7 0.13
 17   8 0.20
 17   9 0.59
 17  10 0.54
 17  11 0.66
 17  12 0.51
 17  13 0.66
 17  14 0.59
 17  15 0.52
 17  16 0.63
 17  17 1.00
 17  18 0.63
 17  19 0.63
 17  20 0.37
 17  21 0.37
 17  22 0.49
 18   1 0.39
 18   2 0.30
 18   3 0.64
 18   4 0.25
 18   5 0.54
 18   6 0.61
 18   7 0.20
 18   8 0.30
 18   9 0.55
 18  10 0.56
 18  11 0.70
 18  12 0.54
 18  13 0.62
 18  14 0.55
 18  15 0.46
 18  16 0.54
 18  17 0.63
 18  18 1.00
 18  19 0.61
 18  20 0.25
 18  21 0.47
 18  22 0.69
 19   1 0.35
 19   2 0.31
 19   3 0.62
 19   4 0.22
 19   5 0.51
 19   6 0.65
 19   7 0.19
 19   8 0.26
 19   9 0.69
 19  10 0.53
 19  11 0.61
 19  12 0.56
 19  13 0.66
 19  14 0.71
 19  15 0.40
 19  16 0.56
 19  17 0.63
 19  18 0.61
 19  19 1.00
 19  20 0.33
 19  21 0.36
 19  22 0.51
 20   1 0.13
 20   2 0.13
 20   3 0.29
 20   4 0.10
 20   5 0.27
 20   6 0.39
 20   7 0.04
 20   8 0.06
 20   9 0.41
 20  10 0.31
 20  11 0.36
 20  12 0.46
 20  13 0.33
 20  14 0.44
 20  15 0.34
 20  16 0.33
 20  17 0.37
 20  18 0.25
 20  19 0.33
 20  20 1.00
 20  21 0.16
 20  22 0.17
 21   1 0.33
 21   2 0.25
 21   3 0.37
 21   4 0.38
 21   5 0.46
 21   6 0.34
 21   7 0.25
 21   8 0.29
 21   9 0.45
 21  10 0.35
 21  11 0.37
 21  12 0.34
 21  13 0.40
 21  14 0.29
 21  15 0.33
 21  16 0.39
 21  17 0.37
 21  18 0.47
 21  19 0.36
 21  20 0.16
 21  21 1.00
 21  22 0.38
 22   1 0.40
 22   2 0.31
 22   3 0.63
 22   4 0.15
 22   5 0.54
 22   6 0.55
 22   7 0.19
 22   8 0.35
 22   9 0.39
 22  10 0.48
 22  11 0.55
 22  12 0.40
 22  13 0.53
 22  14 0.43
 22  15 0.36
 22  16 0.50
 22  17 0.49
 22  18 0.69
 22  19 0.51
 22  20 0.17
 22  21 0.38
 22  22 1.00
