  1   1 0.93
  1   2 0.68
  1   3 0.65
  1   4 0.57
  1   5 0.67
  1   6 0.63
  1   7 0.50
  1   8 0.61
  1   9 0.75
  1  10 0.63
  1  11 0.66
  1  12 0.65
  1  13 0.57
  1  14 0.58
  1  15 0.59
  1  16 0.65
  1  17 0.66
  1  18 0.64
  1  19 0.66
  1  20 0.59
  1  21 0.62
  1  22 0.66
  2   1 0.79
  2   2 0.90
  2   3 0.69
  2   4 0.47
  2   5 0.57
  2   6 0.63
  2   7 0.58
  2   8 0.60
  2   9 0.74
  2  10 0.71
  2  11 0.72
  2  12 0.61
  2  13 0.69
  2  14 0.47
  2  15 0.73
  2  16 0.63
  2  17 0.67
  2  18 0.68
  2  19 0.66
  2  20 0.56
  2  21 0.74
  2  22 0.66
  3   1 0.68
  3   2 0.56
  3   3 0.92
  3   4 0.74
  3   5 0.66
  3   6 0.68
  3   7 0.61
  3   8 0.68
  3   9 0.80
  3  10 0.75
  3  11 0.70
  3  12 0.66
  3  13 0.75
  3  14 0.48
  3  15 0.61
  3  16 0.82
  3  17 0.79
  3  18 0.64
  3  19 0.71
  3  20 0.72
  3  21 0.78
  3  22 0.82
  4   1 0.59
  4   2 0.37
  4   3 0.59
  4   4 0.89
  4   5 0.48
  4   6 0.57
  4   7 0.45
  4   8 0.52
  4   9 0.73
  4  10 0.60
  4  11 0.52
  4  12 0.44
  4  13 0.51
  4  14 0.40
  4  15 0.51
  4  16 0.64
  4  17 0.63
  4  18 0.60
  4  19 0.57
  4  20 0.72
  4  21 0.55
  4  22 0.62
  5   1 0.68
  5   2 0.54
  5   3 0.64
  5   4 0.50
  5   5 0.89
  5   6 0.61
  5   7 0.64
  5   8 0.76
  5   9 0.70
  5  10 0.61
  5  11 0.76
  5  12 0.66
  5  13 0.58
  5  14 0.56
  5  15 0.60
  5  16 0.67
  5  17 0.69
  5  18 0.61
  5  19 0.70
  5  20 0.62
  5  21 0.66
  5  22 0.73
  6   1 0.68
  6   2 0.54
  6   3 0.63
  6   4 0.60
  6   5 0.58
  6   6 0.93
  6   7 0.49
  6   8 0.61
  6   9 0.76
  6  10 0.74
  6  11 0.66
  6  12 0.52
  6  13 0.58
  6  14 0.60
  6  15 0.60
  6  16 0.69
  6  17 0.79
  6  18 0.55
  6  19 0.70
  6  20 0.75
  6  21 0.63
  6  22 0.69
  7   1 0.47
  7   2 0.46
  7   3 0.47
  7   4 0.35
  7   5 0.52
  7   6 0.37
  7   7 0.86
  7   8 0.63
  7   9 0.60
  7  10 0.55
  7  11 0.55
  7  12 0.42
  7  13 0.73
  7  14 0.22
  7  15 0.75
  7  16 0.47
  7  17 0.54
  7  18 0.72
  7  19 0.56
  7  20 0.49
  7  21 0.68
  7  22 0.67
  8   1 0.67
  8   2 0.63
  8   3 0.70
  8   4 0.50
  8   5 0.75
  8   6 0.67
  8   7 0.75
  8   8 0.93
  8   9 0.77
  8  10 0.73
  8  11 0.80
  8  12 0.72
  8  13 0.72
  8  14 0.46
  8  15 0.72
  8  16 0.73
  8  17 0.77
  8  18 0.70
  8  19 0.83
  8  20 0.72
  8  21 0.80
  8  22 0.81
  9   1 0.81
  9   2 0.74
  9   3 0.69
  9   4 0.61
  9   5 0.65
  9   6 0.69
  9   7 0.65
  9   8 0.73
  9   9 0.94
  9  10 0.78
  9  11 0.79
  9  12 0.65
  9  13 0.74
  9  14 0.52
  9  15 0.79
  9  16 0.69
  9  17 0.77
  9  18 0.79
  9  19 0.75
  9  20 0.72
  9  21 0.77
  9  22 0.75
 10   1 0.67
 10   2 0.62
 10   3 0.68
 10   4 0.58
 10   5 0.60
 10   6 0.77
 10   7 0.58
 10   8 0.68
 10   9 0.81
 10  10 0.94
 10  11 0.74
 10  12 0.57
 10  13 0.67
 10  14 0.54
 10  15 0.66
 10  16 0.69
 10  17 0.81
 10  18 0.63
 10  19 0.71
 10  20 0.75
 10  21 0.74
 10  22 0.74
 11   1 0.68
 11   2 0.61
 11   3 0.65
 11   4 0.50
 11   5 0.77
 11   6 0.63
 11   7 0.77
 11   8 0.82
 11   9 0.77
 11  10 0.72
 11  11 0.93
 11  12 0.68
 11  13 0.69
 11  14 0.53
 11  15 0.73
 11  16 0.67
 11  17 0.76
 11  18 0.73
 11  19 0.78
 11  20 0.73
 11  21 0.79
 11  22 0.78
 12   1 0.70
 12   2 0.64
 12   3 0.72
 12   4 0.55
 12   5 0.74
 12   6 0.69
 12   7 0.63
 12   8 0.81
 12   9 0.76
 12  10 0.69
 12  11 0.82
 12  12 0.84
 12  13 0.65
 12  14 0.52
 12  15 0.65
 12  16 0.73
 12  17 0.75
 12  18 0.62
 12  19 0.81
 12  20 0.70
 12  21 0.76
 12  22 0.78
 13   1 0.58
 13   2 0.60
 13   3 0.75
 13   4 0.55
 13   5 0.57
 13   6 0.63
 13   7 0.71
 13   8 0.64
 13   9 0.74
 13  10 0.77
 13  11 0.71
 13  12 0.59
 13  13 0.92
 13  14 0.37
 13  15 0.72
 13  16 0.67
 13  17 0.70
 13  18 0.67
 13  19 0.64
 13  20 0.59
 13  21 0.83
 13  22 0.74
 14   1 0.62
 14   2 0.54
 14   3 0.46
 14   4 0.37
 14   5 0.51
 14   6 0.56
 14   7 0.34
 14   8 0.43
 14   9 0.56
 14  10 0.47
 14  11 0.61
 14  12 0.40
 14  13 0.35
 14  14 0.88
 14  15 0.38
 14  16 0.47
 14  17 0.56
 14  18 0.38
 14  19 0.53
 14  20 0.53
 14  21 0.44
 14  22 0.47
 15   1 0.61
 15   2 0.64
 15   3 0.57
 15   4 0.43
 15   5 0.57
 15   6 0.58
 15   7 0.74
 15   8 0.66
 15   9 0.74
 15  10 0.73
 15  11 0.68
 15  12 0.51
 15  13 0.75
 15  14 0.38
 15  15 0.91
 15  16 0.59
 15  17 0.65
 15  18 0.80
 15  19 0.63
 15  20 0.61
 15  21 0.74
 15  22 0.72
 16   1 0.70
 16   2 0.57
 16   3 0.77
 16   4 0.60
 16   5 0.66
 16   6 0.67
 16   7 0.58
 16   8 0.70
 16   9 0.74
 16  10 0.70
 16  11 0.69
 16  12 0.62
 16  13 0.67
 16  14 0.48
 16  15 0.63
 16  16 0.92
 16  17 0.72
 16  18 0.66
 16  19 0.70
 16  20 0.67
 16  21 0.71
 16  22 0.73
 17   1 0.67
 17   2 0.52
 17   3 0.70
 17   4 0.58
 17   5 0.66
 17   6 0.77
 17   7 0.57
 17   8 0.70
 17   9 0.76
 17  10 0.73
 17  11 0.75
 17  12 0.62
 17  13 0.60
 17  14 0.63
 17  15 0.57
 17  16 0.74
 17  17 0.89
 17  18 0.56
 17  19 0.73
 17  20 0.76
 17  21 0.69
 17  22 0.73
 18   1 0.65
 18   2 0.58
 18   3 0.66
 18   4 0.52
 18   5 0.68
 18   6 0.53
 18   7 0.78
 18   8 0.74
 18   9 0.72
 18  10 0.69
 18  11 0.73
 18  12 0.64
 18  13 0.78
 18  14 0.40
 18  15 0.76
 18  16 0.70
 18  17 0.64
 18  18 0.90
 18  19 0.70
 18  20 0.61
 18  21 0.79
 18  22 0.71
 19   1 0.68
 19   2 0.50
 19   3 0.67
 19   4 0.53
 19   5 0.63
 19   6 0.71
 19   7 0.50
 19   8 0.70
 19   9 0.68
 19  10 0.61
 19  11 0.67
 19  12 0.60
 19  13 0.55
 19  14 0.56
 19  15 0.58
 19  16 0.65
 19  17 0.71
 19  18 0.53
 19  19 0.86
 19  20 0.68
 19  21 0.62
 19  22 0.65
 20   1 0.69
 20   2 0.53
 20   3 0.65
 20   4 0.65
 20   5 0.62
 20   6 0.77
 20   7 0.63
 20   8 0.72
 20   9 0.83
 20  10 0.76
 20  11 0.76
 20  12 0.51
 20  13 0.63
 20  14 0.63
 20  15 0.67
 20  16 0.74
 20  17 0.85
 20  18 0.68
 20  19 0.76
 20  20 0.92
 20  21 0.70
 20  22 0.76
 21   1 0.70
 21   2 0.74
 21   3 0.72
 21   4 0.52
 21   5 0.65
 21   6 0.64
 21   7 0.67
 21   8 0.70
 21   9 0.76
 21  10 0.77
 21  11 0.82
 21  12 0.65
 21  13 0.75
 21  14 0.50
 21  15 0.72
 21  16 0.68
 21  17 0.73
 21  18 0.70
 21  19 0.71
 21  20 0.65
 21  21 0.90
 21  22 0.73
 22   1 0.67
 22   2 0.57
 22   3 0.70
 22   4 0.59
 22   5 0.71
 22   6 0.67
 22   7 0.78
 22   8 0.77
 22   9 0.80
 22  10 0.72
 22  11 0.75
 22  12 0.62
 22  13 0.72
 22  14 0.48
 22  15 0.72
 22  16 0.72
 22  17 0.80
 22  18 0.71
 22  19 0.73
 22  20 0.76
 22  21 0.78
 22  22 0.94
  1   1 0.93
  1   2 0.67
  1   3 0.64
  1   4 0.57
  1   5 0.66
  1   6 0.63
  1   7 0.50
  1   8 0.61
  1   9 0.74
  1  10 0.62
  1  11 0.66
  1  12 0.64
  1  13 0.57
  1  14 0.58
  1  15 0.59
  1  16 0.65
  1  17 0.66
  1  18 0.63
  1  19 0.66
  1  20 0.59
  1  21 0.61
  1  22 0.65
  2   1 0.79
  2   2 0.90
  2   3 0.69
  2   4 0.47
  2   5 0.56
  2   6 0.62
  2   7 0.57
  2   8 0.59
  2   9 0.74
  2  10 0.71
  2  11 0.72
  2  12 0.60
  2  13 0.69
  2  14 0.46
  2  15 0.73
  2  16 0.62
  2  17 0.67
  2  18 0.67
  2  19 0.65
  2  20 0.55
  2  21 0.73
  2  22 0.66
  3   1 0.67
  3   2 0.56
  3   3 0.92
  3   4 0.74
  3   5 0.65
  3   6 0.68
  3   7 0.60
  3   8 0.68
  3   9 0.80
  3  10 0.74
  3  11 0.69
  3  12 0.66
  3  13 0.74
  3  14 0.47
  3  15 0.61
  3  16 0.82
  3  17 0.79
  3  18 0.64
  3  19 0.71
  3  20 0.72
  3  21 0.78
  3  22 0.81
  4   1 0.59
  4   2 0.37
  4   3 0.59
  4   4 0.89
  4   5 0.47
  4   6 0.57
  4   7 0.45
  4   8 0.52
  4   9 0.72
  4  10 0.59
  4  11 0.51
  4  12 0.43
  4  13 0.51
  4  14 0.40
  4  15 0.51
  4  16 0.64
  4  17 0.63
  4  18 0.60
  4  19 0.56
  4  20 0.72
  4  21 0.55
  4  22 0.62
  5   1 0.67
  5   2 0.54
  5   3 0.64
  5   4 0.50
  5   5 0.89
  5   6 0.60
  5   7 0.63
  5   8 0.76
  5   9 0.70
  5  10 0.61
  5  11 0.76
  5  12 0.65
  5  13 0.58
  5  14 0.56
  5  15 0.59
  5  16 0.66
  5  17 0.69
  5  18 0.61
  5  19 0.70
  5  20 0.62
  5  21 0.66
  5  22 0.72
  6   1 0.68
  6   2 0.54
  6   3 0.63
  6   4 0.59
  6   5 0.57
  6   6 0.93
  6   7 0.48
  6   8 0.61
  6   9 0.76
  6  10 0.74
  6  11 0.66
  6  12 0.52
  6  13 0.58
  6  14 0.59
  6  15 0.60
  6  16 0.68
  6  17 0.79
  6  18 0.54
  6  19 0.69
  6  20 0.74
  6  21 0.63
  6  22 0.69
  7   1 0.46
  7   2 0.46
  7   3 0.47
  7   4 0.35
  7   5 0.52
  7   6 0.37
  7   7 0.86
  7   8 0.62
  7   9 0.60
  7  10 0.55
  7  11 0.55
  7  12 0.42
  7  13 0.73
  7  14 0.22
  7  15 0.75
  7  16 0.47
  7  17 0.54
  7  18 0.72
  7  19 0.55
  7  20 0.49
  7  21 0.68
  7  22 0.67
  8   1 0.66
  8   2 0.62
  8   3 0.69
  8   4 0.50
  8   5 0.75
  8   6 0.66
  8   7 0.75
  8   8 0.93
  8   9 0.77
  8  10 0.72
  8  11 0.80
  8  12 0.72
  8  13 0.72
  8  14 0.46
  8  15 0.72
  8  16 0.73
  8  17 0.77
  8  18 0.70
  8  19 0.83
  8  20 0.71
  8  21 0.80
  8  22 0.81
  9   1 0.81
  9   2 0.73
  9   3 0.68
  9   4 0.61
  9   5 0.65
  9   6 0.69
  9   7 0.65
  9   8 0.73
  9   9 0.94
  9  10 0.78
  9  11 0.79
  9  12 0.65
  9  13 0.74
  9  14 0.52
  9  15 0.79
  9  16 0.69
  9  17 0.77
  9  18 0.79
  9  19 0.74
  9  20 0.72
  9  21 0.77
  9  22 0.75
 10   1 0.66
 10   2 0.62
 10   3 0.68
 10   4 0.58
 10   5 0.59
 10   6 0.77
 10   7 0.57
 10   8 0.68
 10   9 0.81
 10  10 0.94
 10  11 0.74
 10  12 0.57
 10  13 0.67
 10  14 0.53
 10  15 0.66
 10  16 0.69
 10  17 0.80
 10  18 0.63
 10  19 0.71
 10  20 0.75
 10  21 0.73
 10  22 0.74
 11   1 0.67
 11   2 0.60
 11   3 0.65
 11   4 0.50
 11   5 0.77
 11   6 0.62
 11   7 0.77
 11   8 0.82
 11   9 0.77
 11  10 0.71
 11  11 0.92
 11  12 0.68
 11  13 0.69
 11  14 0.53
 11  15 0.73
 11  16 0.66
 11  17 0.76
 11  18 0.73
 11  19 0.78
 11  20 0.72
 11  21 0.79
 11  22 0.77
 12   1 0.70
 12   2 0.64
 12   3 0.72
 12   4 0.55
 12   5 0.73
 12   6 0.69
 12   7 0.63
 12   8 0.81
 12   9 0.76
 12  10 0.69
 12  11 0.82
 12  12 0.84
 12  13 0.65
 12  14 0.52
 12  15 0.65
 12  16 0.72
 12  17 0.75
 12  18 0.62
 12  19 0.81
 12  20 0.70
 12  21 0.75
 12  22 0.77
 13   1 0.57
 13   2 0.60
 13   3 0.75
 13   4 0.55
 13   5 0.57
 13   6 0.63
 13   7 0.70
 13   8 0.63
 13   9 0.73
 13  10 0.77
 13  11 0.70
 13  12 0.59
 13  13 0.92
 13  14 0.36
 13  15 0.71
 13  16 0.67
 13  17 0.69
 13  18 0.67
 13  19 0.64
 13  20 0.59
 13  21 0.82
 13  22 0.74
 14   1 0.62
 14   2 0.54
 14   3 0.46
 14   4 0.37
 14   5 0.50
 14   6 0.56
 14   7 0.34
 14   8 0.43
 14   9 0.56
 14  10 0.47
 14  11 0.61
 14  12 0.39
 14  13 0.35
 14  14 0.87
 14  15 0.38
 14  16 0.47
 14  17 0.56
 14  18 0.38
 14  19 0.53
 14  20 0.53
 14  21 0.43
 14  22 0.46
 15   1 0.61
 15   2 0.63
 15   3 0.56
 15   4 0.43
 15   5 0.57
 15   6 0.58
 15   7 0.73
 15   8 0.66
 15   9 0.73
 15  10 0.73
 15  11 0.68
 15  12 0.50
 15  13 0.75
 15  14 0.37
 15  15 0.91
 15  16 0.59
 15  17 0.65
 15  18 0.80
 15  19 0.63
 15  20 0.61
 15  21 0.74
 15  22 0.72
 16   1 0.69
 16   2 0.56
 16   3 0.77
 16   4 0.59
 16   5 0.66
 16   6 0.67
 16   7 0.58
 16   8 0.70
 16   9 0.73
 16  10 0.69
 16  11 0.69
 16  12 0.62
 16  13 0.66
 16  14 0.48
 16  15 0.63
 16  16 0.92
 16  17 0.72
 16  18 0.65
 16  19 0.69
 16  20 0.67
 16  21 0.71
 16  22 0.72
 17   1 0.66
 17   2 0.52
 17   3 0.70
 17   4 0.58
 17   5 0.66
 17   6 0.77
 17   7 0.56
 17   8 0.69
 17   9 0.76
 17  10 0.73
 17  11 0.75
 17  12 0.62
 17  13 0.59
 17  14 0.63
 17  15 0.56
 17  16 0.74
 17  17 0.89
 17  18 0.56
 17  19 0.72
 17  20 0.76
 17  21 0.69
 17  22 0.72
 18   1 0.65
 18   2 0.58
 18   3 0.66
 18   4 0.52
 18   5 0.68
 18   6 0.52
 18   7 0.77
 18   8 0.74
 18   9 0.72
 18  10 0.69
 18  11 0.73
 18  12 0.64
 18  13 0.77
 18  14 0.39
 18  15 0.76
 18  16 0.70
 18  17 0.64
 18  18 0.90
 18  19 0.70
 18  20 0.61
 18  21 0.78
 18  22 0.71
 19   1 0.68
 19   2 0.50
 19   3 0.67
 19   4 0.53
 19   5 0.63
 19   6 0.70
 19   7 0.50
 19   8 0.70
 19   9 0.67
 19  10 0.61
 19  11 0.67
 19  12 0.60
 19  13 0.55
 19  14 0.56
 19  15 0.57
 19  16 0.64
 19  17 0.70
 19  18 0.53
 19  19 0.86
 19  20 0.68
 19  21 0.61
 19  22 0.64
 20   1 0.69
 20   2 0.52
 20   3 0.65
 20   4 0.65
 20   5 0.61
 20   6 0.77
 20   7 0.63
 20   8 0.71
 20   9 0.83
 20  10 0.76
 20  11 0.76
 20  12 0.51
 20  13 0.63
 20  14 0.63
 20  15 0.67
 20  16 0.74
 20  17 0.85
 20  18 0.68
 20  19 0.76
 20  20 0.92
 20  21 0.70
 20  22 0.75
 21   1 0.69
 21   2 0.74
 21   3 0.72
 21   4 0.51
 21   5 0.64
 21   6 0.64
 21   7 0.67
 21   8 0.70
 21   9 0.76
 21  10 0.77
 21  11 0.82
 21  12 0.64
 21  13 0.74
 21  14 0.49
 21  15 0.72
 21  16 0.68
 21  17 0.72
 21  18 0.70
 21  19 0.71
 21  20 0.64
 21  21 0.89
 21  22 0.73
 22   1 0.67
 22   2 0.57
 22   3 0.69
 22   4 0.59
 22   5 0.71
 22   6 0.67
 22   7 0.78
 22   8 0.76
 22   9 0.79
 22  10 0.72
 22  11 0.75
 22  12 0.62
 22  13 0.71
 22  14 0.47
 22  15 0.72
 22  16 0.72
 22  17 0.80
 22  18 0.70
 22  19 0.73
 22  20 0.76
 22  21 0.78
 22  22 0.94
  1   1 0.93
  1   2 0.67
  1   3 0.64
  1   4 0.57
  1   5 0.66
  1   6 0.63
  1   7 0.50
  1   8 0.61
  1   9 0.74
  1  10 0.62
  1  11 0.66
  1  12 0.64
  1  13 0.57
  1  14 0.58
  1  15 0.59
  1  16 0.65
  1  17 0.66
  1  18 0.63
  1  19 0.66
  1  20 0.59
  1  21 0.61
  1  22 0.65
  2   1 0.79
  2   2 0.90
  2   3 0.69
  2   4 0.47
  2   5 0.56
  2   6 0.62
  2   7 0.57
  2   8 0.59
  2   9 0.74
  2  10 0.71
  2  11 0.72
  2  12 0.60
  2  13 0.69
  2  14 0.46
  2  15 0.73
  2  16 0.62
  2  17 0.67
  2  18 0.67
  2  19 0.65
  2  20 0.55
  2  21 0.73
  2  22 0.66
  3   1 0.67
  3   2 0.56
  3   3 0.92
  3   4 0.74
  3   5 0.65
  3   6 0.68
  3   7 0.60
  3   8 0.68
  3   9 0.80
  3  10 0.74
  3  11 0.69
  3  12 0.66
  3  13 0.74
  3  14 0.47
  3  15 0.61
  3  16 0.82
  3  17 0.79
  3  18 0.64
  3  19 0.71
  3  20 0.72
  3  21 0.78
  3  22 0.81
  4   1 0.59
  4   2 0.37
  4   3 0.59
  4   4 0.89
  4   5 0.47
  4   6 0.57
  4   7 0.45
  4   8 0.52
  4   9 0.72
  4  10 0.59
  4  11 0.51
  4  12 0.43
  4  13 0.51
  4  14 0.40
  4  15 0.51
  4  16 0.64
  4  17 0.63
  4  18 0.60
  4  19 0.56
  4  20 0.72
  4  21 0.55
  4  22 0.62
  5   1 0.67
  5   2 0.54
  5   3 0.64
  5   4 0.50
  5   5 0.89
  5   6 0.60
  5   7 0.63
  5   8 0.76
  5   9 0.70
  5  10 0.61
  5  11 0.76
  5  12 0.65
  5  13 0.58
  5  14 0.56
  5  15 0.59
  5  16 0.66
  5  17 0.69
  5  18 0.61
  5  19 0.70
  5  20 0.62
  5  21 0.66
  5  22 0.72
  6   1 0.68
  6   2 0.54
  6   3 0.63
  6   4 0.59
  6   5 0.57
  6   6 0.93
  6   7 0.48
  6   8 0.61
  6   9 0.76
  6  10 0.74
  6  11 0.66
  6  12 0.52
  6  13 0.58
  6  14 0.59
  6  15 0.60
  6  16 0.68
  6  17 0.79
  6  18 0.54
  6  19 0.69
  6  20 0.74
  6  21 0.63
  6  22 0.69
  7   1 0.46
  7   2 0.46
  7   3 0.47
  7   4 0.35
  7   5 0.52
  7   6 0.37
  7   7 0.86
  7   8 0.62
  7   9 0.60
  7  10 0.55
  7  11 0.55
  7  12 0.42
  7  13 0.73
  7  14 0.22
  7  15 0.75
  7  16 0.47
  7  17 0.54
  7  18 0.72
  7  19 0.55
  7  20 0.49
  7  21 0.68
  7  22 0.67
  8   1 0.66
  8   2 0.62
  8   3 0.69
  8   4 0.50
  8   5 0.75
  8   6 0.66
  8   7 0.75
  8   8 0.93
  8   9 0.77
  8  10 0.72
  8  11 0.80
  8  12 0.72
  8  13 0.72
  8  14 0.46
  8  15 0.72
  8  16 0.73
  8  17 0.77
  8  18 0.70
  8  19 0.83
  8  20 0.71
  8  21 0.80
  8  22 0.81
  9   1 0.81
  9   2 0.73
  9   3 0.68
  9   4 0.61
  9   5 0.65
  9   6 0.69
  9   7 0.65
  9   8 0.73
  9   9 0.94
  9  10 0.78
  9  11 0.79
  9  12 0.65
  9  13 0.74
  9  14 0.52
  9  15 0.79
  9  16 0.69
  9  17 0.77
  9  18 0.79
  9  19 0.74
  9  20 0.72
  9  21 0.77
  9  22 0.75
 10   1 0.66
 10   2 0.62
 10   3 0.68
 10   4 0.58
 10   5 0.59
 10   6 0.77
 10   7 0.57
 10   8 0.68
 10   9 0.81
 10  10 0.94
 10  11 0.74
 10  12 0.57
 10  13 0.67
 10  14 0.53
 10  15 0.66
 10  16 0.69
 10  17 0.80
 10  18 0.63
 10  19 0.71
 10  20 0.75
 10  21 0.73
 10  22 0.74
 11   1 0.67
 11   2 0.60
 11   3 0.65
 11   4 0.50
 11   5 0.77
 11   6 0.62
 11   7 0.77
 11   8 0.82
 11   9 0.77
 11  10 0.71
 11  11 0.92
 11  12 0.68
 11  13 0.69
 11  14 0.53
 11  15 0.73
 11  16 0.66
 11  17 0.76
 11  18 0.73
 11  19 0.78
 11  20 0.72
 11  21 0.79
 11  22 0.77
 12   1 0.70
 12   2 0.64
 12   3 0.72
 12   4 0.55
 12   5 0.73
 12   6 0.69
 12   7 0.63
 12   8 0.81
 12   9 0.76
 12  10 0.69
 12  11 0.82
 12  12 0.84
 12  13 0.65
 12  14 0.52
 12  15 0.65
 12  16 0.72
 12  17 0.75
 12  18 0.62
 12  19 0.81
 12  20 0.70
 12  21 0.75
 12  22 0.77
 13   1 0.57
 13   2 0.60
 13   3 0.75
 13   4 0.55
 13   5 0.57
 13   6 0.63
 13   7 0.70
 13   8 0.63
 13   9 0.73
 13  10 0.77
 13  11 0.70
 13  12 0.59
 13  13 0.92
 13  14 0.36
 13  15 0.71
 13  16 0.67
 13  17 0.69
 13  18 0.67
 13  19 0.64
 13  20 0.59
 13  21 0.82
 13  22 0.74
 14   1 0.62
 14   2 0.54
 14   3 0.46
 14   4 0.37
 14   5 0.50
 14   6 0.56
 14   7 0.34
 14   8 0.43
 14   9 0.56
 14  10 0.47
 14  11 0.61
 14  12 0.39
 14  13 0.35
 14  14 0.87
 14  15 0.38
 14  16 0.47
 14  17 0.56
 14  18 0.38
 14  19 0.53
 14  20 0.53
 14  21 0.43
 14  22 0.46
 15   1 0.61
 15   2 0.63
 15   3 0.56
 15   4 0.43
 15   5 0.57
 15   6 0.58
 15   7 0.73
 15   8 0.66
 15   9 0.73
 15  10 0.73
 15  11 0.68
 15  12 0.50
 15  13 0.75
 15  14 0.37
 15  15 0.91
 15  16 0.59
 15  17 0.65
 15  18 0.80
 15  19 0.63
 15  20 0.61
 15  21 0.74
 15  22 0.72
 16   1 0.69
 16   2 0.56
 16   3 0.77
 16   4 0.59
 16   5 0.66
 16   6 0.67
 16   7 0.58
 16   8 0.70
 16   9 0.73
 16  10 0.69
 16  11 0.69
 16  12 0.62
 16  13 0.66
 16  14 0.48
 16  15 0.63
 16  16 0.92
 16  17 0.72
 16  18 0.65
 16  19 0.69
 16  20 0.67
 16  21 0.71
 16  22 0.72
 17   1 0.66
 17   2 0.52
 17   3 0.70
 17   4 0.58
 17   5 0.66
 17   6 0.77
 17   7 0.56
 17   8 0.69
 17   9 0.76
 17  10 0.73
 17  11 0.75
 17  12 0.62
 17  13 0.59
 17  14 0.63
 17  15 0.56
 17  16 0.74
 17  17 0.89
 17  18 0.56
 17  19 0.72
 17  20 0.76
 17  21 0.69
 17  22 0.72
 18   1 0.65
 18   2 0.58
 18   3 0.66
 18   4 0.52
 18   5 0.68
 18   6 0.52
 18   7 0.77
 18   8 0.74
 18   9 0.72
 18  10 0.69
 18  11 0.73
 18  12 0.64
 18  13 0.77
 18  14 0.39
 18  15 0.76
 18  16 0.70
 18  17 0.64
 18  18 0.90
 18  19 0.70
 18  20 0.61
 18  21 0.78
 18  22 0.71
 19   1 0.68
 19   2 0.50
 19   3 0.67
 19   4 0.53
 19   5 0.63
 19   6 0.70
 19   7 0.50
 19   8 0.70
 19   9 0.67
 19  10 0.61
 19  11 0.67
 19  12 0.60
 19  13 0.55
 19  14 0.56
 19  15 0.57
 19  16 0.64
 19  17 0.70
 19  18 0.53
 19  19 0.86
 19  20 0.68
 19  21 0.61
 19  22 0.64
 20   1 0.69
 20   2 0.52
 20   3 0.65
 20   4 0.65
 20   5 0.61
 20   6 0.77
 20   7 0.63
 20   8 0.71
 20   9 0.83
 20  10 0.76
 20  11 0.76
 20  12 0.51
 20  13 0.63
 20  14 0.63
 20  15 0.67
 20  16 0.74
 20  17 0.85
 20  18 0.68
 20  19 0.76
 20  20 0.92
 20  21 0.70
 20  22 0.75
 21   1 0.69
 21   2 0.74
 21   3 0.72
 21   4 0.51
 21   5 0.64
 21   6 0.64
 21   7 0.67
 21   8 0.70
 21   9 0.76
 21  10 0.77
 21  11 0.82
 21  12 0.64
 21  13 0.74
 21  14 0.49
 21  15 0.72
 21  16 0.68
 21  17 0.72
 21  18 0.70
 21  19 0.71
 21  20 0.64
 21  21 0.89
 21  22 0.73
 22   1 0.67
 22   2 0.57
 22   3 0.69
 22   4 0.59
 22   5 0.71
 22   6 0.67
 22   7 0.78
 22   8 0.76
 22   9 0.79
 22  10 0.72
 22  11 0.75
 22  12 0.62
 22  13 0.71
 22  14 0.47
 22  15 0.72
 22  16 0.72
 22  17 0.80
 22  18 0.70
 22  19 0.73
 22  20 0.76
 22  21 0.78
 22  22 0.94
