  1   1 0.67
  1   2 0.57
  1   3 0.53
  1   5 0.28
  1   6 0.15
  1   8 0.47
  1   9 0.65
  1  10 0.57
  1  11 0.45
  1  12 0.46
  1  13 0.51
  1  14 0.61
  1  15 0.27
  1  16 0.62
  1  17 0.40
  1  18 0.52
  1  19 0.39
  1  20 0.44
  1  21 0.11
  1  22 0.13
  2   1 0.60
  2   2 0.77
  2   3 0.40
  2   5 0.29
  2   6 0.21
  2   8 0.57
  2   9 0.71
  2  10 0.45
  2  11 0.50
  2  12 0.43
  2  13 0.49
  2  14 0.69
  2  15 0.35
  2  16 0.62
  2  17 0.42
  2  18 0.55
  2  19 0.38
  2  20 0.41
  2  21 0.16
  2  22 0.20
  3   1 0.43
  3   2 0.36
  3   3 0.82
  3   5 0.29
  3   6 0.15
  3   8 0.45
  3   9 0.36
  3  10 0.67
  3  11 0.39
  3  12 0.53
  3  13 0.58
  3  14 0.51
  3  15 0.38
  3  16 0.50
  3  17 0.47
  3  18 0.39
  3  19 0.52
  3  20 0.45
  3  21 0.20
  3  22 0.17
  4   1 0.15
  4   2 0.20
  4   3 0.20
  4   5 0.15
  4   6 0.23
  4   8 0.18
  4   9 0.10
  4  10 0.30
  4  11 0.10
  4  12 0.48
  4  13 0.16
  4  14 0.24
  4  15 0.26
  4  16 0.25
  4  17 0.29
  4  18 0.10
  4  19 0.44
  4  20 0.20
  4  21 0.16
  4  22 0.18
  5   1 0.44
  5   2 0.48
  5   3 0.47
  5   5 0.47
  5   6 0.17
  5   8 0.57
  5   9 0.42
  5  10 0.56
  5  11 0.42
  5  12 0.48
  5  13 0.43
  5  14 0.59
  5  15 0.39
  5  16 0.55
  5  17 0.42
  5  18 0.38
  5  19 0.47
  5  20 0.42
  5  21 0.16
  5  22 0.15
  6   1 0.40
  6   2 0.44
  6   3 0.37
  6   5 0.32
  6   6 0.51
  6   8 0.34
  6   9 0.37
  6  10 0.49
  6  11 0.28
  6  12 0.56
  6  13 0.41
  6  14 0.60
  6  15 0.38
  6  16 0.52
  6  17 0.56
  6  18 0.25
  6  19 0.62
  6  20 0.45
  6  21 0.23
  6  22 0.28
  7   1 0.32
  7   2 0.33
  7   3 0.35
  7   5 0.27
  7   6 0.17
  7   8 0.25
  7   9 0.25
  7  10 0.40
  7  11 0.27
  7  12 0.38
  7  13 0.36
  7  14 0.35
  7  15 0.33
  7  16 0.37
  7  17 0.36
  7  18 0.20
  7  19 0.51
  7  20 0.41
  7  21 0.19
  7  22 0.21
  8   1 0.44
  8   2 0.46
  8   3 0.45
  8   5 0.35
  8   6 0.27
  8   8 0.65
  8   9 0.37
  8  10 0.58
  8  11 0.31
  8  12 0.66
  8  13 0.51
  8  14 0.59
  8  15 0.46
  8  16 0.54
  8  17 0.56
  8  18 0.35
  8  19 0.65
  8  20 0.52
  8  21 0.23
  8  22 0.26
  9   1 0.61
  9   2 0.64
  9   3 0.55
  9   5 0.31
  9   6 0.17
  9   8 0.51
  9   9 0.85
  9  10 0.56
  9  11 0.55
  9  12 0.49
  9  13 0.58
  9  14 0.70
  9  15 0.34
  9  16 0.68
  9  17 0.49
  9  18 0.62
  9  19 0.41
  9  20 0.44
  9  21 0.15
  9  22 0.22
 10   1 0.38
 10   2 0.39
 10   3 0.53
 10   5 0.29
 10   6 0.26
 10   8 0.38
 10   9 0.34
 10  10 0.75
 10  11 0.36
 10  12 0.58
 10  13 0.53
 10  14 0.52
 10  15 0.40
 10  16 0.54
 10  17 0.52
 10  18 0.37
 10  19 0.65
 10  20 0.49
 10  21 0.19
 10  22 0.27
 11   1 0.35
 11   2 0.41
 11   3 0.37
 11   5 0.27
 11   6 0.31
 11   8 0.39
 11   9 0.34
 11  10 0.46
 11  11 0.36
 11  12 0.60
 11  13 0.49
 11  14 0.53
 11  15 0.43
 11  16 0.52
 11  17 0.54
 11  18 0.35
 11  19 0.58
 11  20 0.48
 11  21 0.28
 11  22 0.41
 12   1 0.56
 12   2 0.41
 12   3 0.59
 12   5 0.36
 12   6 0.20
 12   8 0.48
 12   9 0.43
 12  10 0.63
 12  11 0.48
 12  12 0.73
 12  13 0.68
 12  14 0.66
 12  15 0.38
 12  16 0.63
 12  17 0.59
 12  18 0.49
 12  19 0.59
 12  20 0.57
 12  21 0.22
 12  22 0.24
 13   1 0.49
 13   2 0.44
 13   3 0.71
 13   5 0.28
 13   6 0.18
 13   8 0.43
 13   9 0.47
 13  10 0.65
 13  11 0.50
 13  12 0.59
 13  13 0.82
 13  14 0.62
 13  15 0.41
 13  16 0.63
 13  17 0.56
 13  18 0.62
 13  19 0.56
 13  20 0.61
 13  21 0.20
 13  22 0.26
 14   1 0.45
 14   2 0.46
 14   3 0.46
 14   5 0.39
 14   6 0.42
 14   8 0.46
 14   9 0.40
 14  10 0.56
 14  11 0.39
 14  12 0.70
 14  13 0.55
 14  14 0.80
 14  15 0.48
 14  16 0.66
 14  17 0.62
 14  18 0.39
 14  19 0.67
 14  20 0.55
 14  21 0.28
 14  22 0.37
 15   1 0.40
 15   2 0.40
 15   3 0.45
 15   5 0.32
 15   6 0.28
 15   8 0.41
 15   9 0.27
 15  10 0.52
 15  11 0.37
 15  12 0.63
 15  13 0.52
 15  14 0.56
 15  15 0.59
 15  16 0.54
 15  17 0.58
 15  18 0.30
 15  19 0.67
 15  20 0.55
 15  21 0.28
 15  22 0.26
 16   1 0.50
 16   2 0.45
 16   3 0.53
 16   5 0.38
 16   6 0.28
 16   8 0.48
 16   9 0.41
 16  10 0.64
 16  11 0.40
 16  12 0.64
 16  13 0.64
 16  14 0.73
 16  15 0.45
 16  16 0.76
 16  17 0.58
 16  18 0.45
 16  19 0.71
 16  20 0.63
 16  21 0.24
 16  22 0.23
 17   1 0.36
 17   2 0.37
 17   3 0.43
 17   5 0.28
 17   6 0.32
 17   8 0.37
 17   9 0.36
 17  10 0.50
 17  11 0.27
 17  12 0.70
 17  13 0.46
 17  14 0.55
 17  15 0.38
 17  16 0.53
 17  17 0.67
 17  18 0.36
 17  19 0.51
 17  20 0.41
 17  21 0.24
 17  22 0.35
 18   1 0.55
 18   2 0.52
 18   3 0.52
 18   5 0.28
 18   6 0.13
 18   8 0.52
 18   9 0.64
 18  10 0.55
 18  11 0.54
 18  12 0.52
 18  13 0.71
 18  14 0.69
 18  15 0.33
 18  16 0.71
 18  17 0.46
 18  18 0.86
 18  19 0.34
 18  20 0.50
 18  21 0.13
 18  22 0.18
 19   1 0.34
 19   2 0.31
 19   3 0.51
 19   5 0.31
 19   6 0.26
 19   8 0.40
 19   9 0.23
 19  10 0.61
 19  11 0.25
 19  12 0.66
 19  13 0.46
 19  14 0.51
 19  15 0.37
 19  16 0.52
 19  17 0.52
 19  18 0.25
 19  19 0.76
 19  20 0.45
 19  21 0.23
 19  22 0.26
 20   1 0.55
 20   2 0.45
 20   3 0.54
 20   5 0.32
 20   6 0.13
 20   8 0.53
 20   9 0.45
 20  10 0.56
 20  11 0.50
 20  12 0.54
 20  13 0.72
 20  14 0.65
 20  15 0.41
 20  16 0.68
 20  17 0.49
 20  18 0.63
 20  19 0.46
 20  20 0.77
 20  21 0.14
 20  22 0.19
 21   1 0.28
 21   2 0.33
 21   3 0.33
 21   5 0.20
 21   6 0.30
 21   8 0.32
 21   9 0.33
 21  10 0.34
 21  11 0.28
 21  12 0.48
 21  13 0.40
 21  14 0.44
 21  15 0.29
 21  16 0.47
 21  17 0.40
 21  18 0.34
 21  19 0.40
 21  20 0.32
 21  21 0.31
 21  22 0.26
 22   1 0.27
 22   2 0.33
 22   3 0.27
 22   5 0.16
 22   6 0.27
 22   8 0.20
 22   9 0.22
 22  10 0.29
 22  11 0.38
 22  12 0.38
 22  13 0.42
 22  14 0.40
 22  15 0.35
 22  16 0.41
 22  17 0.38
 22  18 0.34
 22  19 0.39
 22  20 0.38
 22  21 0.16
 22  22 0.46
  1   1 0.67
  1   2 0.57
  1   3 0.53
  1   5 0.28
  1   6 0.15
  1   8 0.47
  1   9 0.65
  1  10 0.57
  1  11 0.45
  1  12 0.46
  1  13 0.51
  1  14 0.61
  1  15 0.27
  1  16 0.62
  1  17 0.40
  1  18 0.52
  1  19 0.39
  1  20 0.44
  1  21 0.11
  1  22 0.13
  2   1 0.60
  2   2 0.77
  2   3 0.40
  2   5 0.29
  2   6 0.21
  2   8 0.57
  2   9 0.71
  2  10 0.45
  2  11 0.50
  2  12 0.43
  2  13 0.49
  2  14 0.69
  2  15 0.35
  2  16 0.62
  2  17 0.42
  2  18 0.55
  2  19 0.38
  2  20 0.41
  2  21 0.16
  2  22 0.20
  3   1 0.43
  3   2 0.36
  3   3 0.82
  3   5 0.29
  3   6 0.15
  3   8 0.45
  3   9 0.36
  3  10 0.67
  3  11 0.39
  3  12 0.53
  3  13 0.58
  3  14 0.51
  3  15 0.38
  3  16 0.50
  3  17 0.47
  3  18 0.39
  3  19 0.52
  3  20 0.45
  3  21 0.20
  3  22 0.17
  4   1 0.15
  4   2 0.20
  4   3 0.20
  4   5 0.15
  4   6 0.23
  4   8 0.18
  4   9 0.10
  4  10 0.30
  4  11 0.10
  4  12 0.48
  4  13 0.16
  4  14 0.24
  4  15 0.26
  4  16 0.25
  4  17 0.29
  4  18 0.10
  4  19 0.44
  4  20 0.20
  4  21 0.16
  4  22 0.18
  5   1 0.44
  5   2 0.48
  5   3 0.47
  5   5 0.47
  5   6 0.17
  5   8 0.57
  5   9 0.42
  5  10 0.56
  5  11 0.42
  5  12 0.48
  5  13 0.43
  5  14 0.59
  5  15 0.39
  5  16 0.55
  5  17 0.42
  5  18 0.38
  5  19 0.47
  5  20 0.42
  5  21 0.16
  5  22 0.15
  6   1 0.40
  6   2 0.44
  6   3 0.37
  6   5 0.32
  6   6 0.51
  6   8 0.34
  6   9 0.37
  6  10 0.49
  6  11 0.28
  6  12 0.56
  6  13 0.41
  6  14 0.60
  6  15 0.38
  6  16 0.52
  6  17 0.56
  6  18 0.25
  6  19 0.62
  6  20 0.45
  6  21 0.23
  6  22 0.28
  7   1 0.32
  7   2 0.33
  7   3 0.35
  7   5 0.27
  7   6 0.17
  7   8 0.25
  7   9 0.25
  7  10 0.40
  7  11 0.27
  7  12 0.38
  7  13 0.36
  7  14 0.35
  7  15 0.33
  7  16 0.37
  7  17 0.36
  7  18 0.20
  7  19 0.51
  7  20 0.41
  7  21 0.19
  7  22 0.21
  8   1 0.44
  8   2 0.46
  8   3 0.45
  8   5 0.35
  8   6 0.27
  8   8 0.65
  8   9 0.37
  8  10 0.58
  8  11 0.31
  8  12 0.66
  8  13 0.51
  8  14 0.59
  8  15 0.46
  8  16 0.54
  8  17 0.56
  8  18 0.35
  8  19 0.65
  8  20 0.52
  8  21 0.23
  8  22 0.26
  9   1 0.61
  9   2 0.64
  9   3 0.55
  9   5 0.31
  9   6 0.17
  9   8 0.51
  9   9 0.85
  9  10 0.56
  9  11 0.55
  9  12 0.49
  9  13 0.58
  9  14 0.70
  9  15 0.34
  9  16 0.68
  9  17 0.49
  9  18 0.62
  9  19 0.41
  9  20 0.44
  9  21 0.15
  9  22 0.22
 10   1 0.38
 10   2 0.39
 10   3 0.53
 10   5 0.29
 10   6 0.26
 10   8 0.37
 10   9 0.34
 10  10 0.75
 10  11 0.36
 10  12 0.58
 10  13 0.53
 10  14 0.52
 10  15 0.40
 10  16 0.54
 10  17 0.52
 10  18 0.37
 10  19 0.65
 10  20 0.49
 10  21 0.19
 10  22 0.27
 11   1 0.35
 11   2 0.41
 11   3 0.37
 11   5 0.27
 11   6 0.31
 11   8 0.39
 11   9 0.34
 11  10 0.46
 11  11 0.36
 11  12 0.60
 11  13 0.49
 11  14 0.53
 11  15 0.43
 11  16 0.52
 11  17 0.54
 11  18 0.35
 11  19 0.58
 11  20 0.48
 11  21 0.28
 11  22 0.41
 12   1 0.56
 12   2 0.41
 12   3 0.59
 12   5 0.36
 12   6 0.20
 12   8 0.48
 12   9 0.43
 12  10 0.63
 12  11 0.48
 12  12 0.73
 12  13 0.68
 12  14 0.66
 12  15 0.38
 12  16 0.63
 12  17 0.59
 12  18 0.49
 12  19 0.59
 12  20 0.57
 12  21 0.22
 12  22 0.24
 13   1 0.49
 13   2 0.43
 13   3 0.71
 13   5 0.28
 13   6 0.18
 13   8 0.43
 13   9 0.47
 13  10 0.65
 13  11 0.50
 13  12 0.59
 13  13 0.82
 13  14 0.62
 13  15 0.41
 13  16 0.63
 13  17 0.56
 13  18 0.62
 13  19 0.56
 13  20 0.61
 13  21 0.20
 13  22 0.26
 14   1 0.45
 14   2 0.46
 14   3 0.46
 14   5 0.39
 14   6 0.42
 14   8 0.46
 14   9 0.40
 14  10 0.56
 14  11 0.39
 14  12 0.70
 14  13 0.55
 14  14 0.80
 14  15 0.48
 14  16 0.66
 14  17 0.62
 14  18 0.39
 14  19 0.67
 14  20 0.55
 14  21 0.28
 14  22 0.37
 15   1 0.40
 15   2 0.40
 15   3 0.45
 15   5 0.32
 15   6 0.28
 15   8 0.41
 15   9 0.27
 15  10 0.52
 15  11 0.37
 15  12 0.63
 15  13 0.52
 15  14 0.56
 15  15 0.59
 15  16 0.54
 15  17 0.58
 15  18 0.30
 15  19 0.67
 15  20 0.55
 15  21 0.28
 15  22 0.26
 16   1 0.50
 16   2 0.45
 16   3 0.53
 16   5 0.38
 16   6 0.28
 16   8 0.48
 16   9 0.41
 16  10 0.64
 16  11 0.40
 16  12 0.64
 16  13 0.64
 16  14 0.73
 16  15 0.45
 16  16 0.76
 16  17 0.58
 16  18 0.45
 16  19 0.71
 16  20 0.63
 16  21 0.24
 16  22 0.23
 17   1 0.36
 17   2 0.37
 17   3 0.43
 17   5 0.28
 17   6 0.32
 17   8 0.37
 17   9 0.36
 17  10 0.50
 17  11 0.27
 17  12 0.70
 17  13 0.46
 17  14 0.55
 17  15 0.38
 17  16 0.53
 17  17 0.67
 17  18 0.36
 17  19 0.51
 17  20 0.41
 17  21 0.24
 17  22 0.35
 18   1 0.55
 18   2 0.52
 18   3 0.52
 18   5 0.28
 18   6 0.13
 18   8 0.52
 18   9 0.64
 18  10 0.55
 18  11 0.54
 18  12 0.52
 18  13 0.71
 18  14 0.69
 18  15 0.33
 18  16 0.71
 18  17 0.46
 18  18 0.86
 18  19 0.34
 18  20 0.50
 18  21 0.13
 18  22 0.18
 19   1 0.34
 19   2 0.31
 19   3 0.51
 19   5 0.31
 19   6 0.26
 19   8 0.40
 19   9 0.23
 19  10 0.61
 19  11 0.25
 19  12 0.66
 19  13 0.46
 19  14 0.51
 19  15 0.37
 19  16 0.52
 19  17 0.52
 19  18 0.25
 19  19 0.76
 19  20 0.45
 19  21 0.23
 19  22 0.26
 20   1 0.55
 20   2 0.45
 20   3 0.54
 20   5 0.32
 20   6 0.13
 20   8 0.53
 20   9 0.45
 20  10 0.56
 20  11 0.50
 20  12 0.54
 20  13 0.72
 20  14 0.65
 20  15 0.41
 20  16 0.68
 20  17 0.49
 20  18 0.63
 20  19 0.46
 20  20 0.77
 20  21 0.14
 20  22 0.19
 21   1 0.28
 21   2 0.33
 21   3 0.33
 21   5 0.20
 21   6 0.30
 21   8 0.32
 21   9 0.33
 21  10 0.34
 21  11 0.28
 21  12 0.48
 21  13 0.40
 21  14 0.44
 21  15 0.29
 21  16 0.47
 21  17 0.40
 21  18 0.34
 21  19 0.40
 21  20 0.32
 21  21 0.31
 21  22 0.26
 22   1 0.27
 22   2 0.33
 22   3 0.27
 22   5 0.16
 22   6 0.27
 22   8 0.20
 22   9 0.22
 22  10 0.29
 22  11 0.38
 22  12 0.38
 22  13 0.42
 22  14 0.40
 22  15 0.35
 22  16 0.41
 22  17 0.38
 22  18 0.34
 22  19 0.39
 22  20 0.38
 22  21 0.16
 22  22 0.46
  1   1 0.67
  1   2 0.57
  1   3 0.53
  1   5 0.28
  1   6 0.15
  1   8 0.47
  1   9 0.65
  1  10 0.57
  1  11 0.45
  1  12 0.46
  1  13 0.51
  1  14 0.61
  1  15 0.27
  1  16 0.62
  1  17 0.40
  1  18 0.52
  1  19 0.39
  1  20 0.44
  1  21 0.11
  1  22 0.13
  2   1 0.60
  2   2 0.77
  2   3 0.40
  2   5 0.29
  2   6 0.21
  2   8 0.57
  2   9 0.71
  2  10 0.45
  2  11 0.50
  2  12 0.43
  2  13 0.49
  2  14 0.69
  2  15 0.35
  2  16 0.62
  2  17 0.42
  2  18 0.55
  2  19 0.38
  2  20 0.41
  2  21 0.16
  2  22 0.20
  3   1 0.43
  3   2 0.36
  3   3 0.82
  3   5 0.29
  3   6 0.15
  3   8 0.45
  3   9 0.36
  3  10 0.67
  3  11 0.39
  3  12 0.53
  3  13 0.58
  3  14 0.51
  3  15 0.38
  3  16 0.50
  3  17 0.47
  3  18 0.39
  3  19 0.52
  3  20 0.45
  3  21 0.20
  3  22 0.17
  4   1 0.15
  4   2 0.20
  4   3 0.20
  4   5 0.15
  4   6 0.23
  4   8 0.18
  4   9 0.10
  4  10 0.30
  4  11 0.10
  4  12 0.48
  4  13 0.16
  4  14 0.24
  4  15 0.26
  4  16 0.25
  4  17 0.29
  4  18 0.10
  4  19 0.44
  4  20 0.20
  4  21 0.16
  4  22 0.18
  5   1 0.44
  5   2 0.48
  5   3 0.47
  5   5 0.47
  5   6 0.17
  5   8 0.57
  5   9 0.42
  5  10 0.56
  5  11 0.42
  5  12 0.48
  5  13 0.43
  5  14 0.59
  5  15 0.39
  5  16 0.55
  5  17 0.42
  5  18 0.38
  5  19 0.47
  5  20 0.42
  5  21 0.16
  5  22 0.15
  6   1 0.40
  6   2 0.44
  6   3 0.37
  6   5 0.32
  6   6 0.51
  6   8 0.34
  6   9 0.37
  6  10 0.49
  6  11 0.28
  6  12 0.56
  6  13 0.41
  6  14 0.60
  6  15 0.38
  6  16 0.52
  6  17 0.56
  6  18 0.25
  6  19 0.62
  6  20 0.45
  6  21 0.23
  6  22 0.28
  7   1 0.32
  7   2 0.33
  7   3 0.35
  7   5 0.27
  7   6 0.17
  7   8 0.25
  7   9 0.25
  7  10 0.40
  7  11 0.27
  7  12 0.38
  7  13 0.36
  7  14 0.35
  7  15 0.33
  7  16 0.37
  7  17 0.36
  7  18 0.20
  7  19 0.51
  7  20 0.41
  7  21 0.19
  7  22 0.21
  8   1 0.44
  8   2 0.46
  8   3 0.45
  8   5 0.35
  8   6 0.27
  8   8 0.65
  8   9 0.37
  8  10 0.58
  8  11 0.31
  8  12 0.66
  8  13 0.51
  8  14 0.59
  8  15 0.46
  8  16 0.54
  8  17 0.56
  8  18 0.35
  8  19 0.65
  8  20 0.52
  8  21 0.23
  8  22 0.26
  9   1 0.61
  9   2 0.64
  9   3 0.55
  9   5 0.31
  9   6 0.17
  9   8 0.51
  9   9 0.85
  9  10 0.56
  9  11 0.55
  9  12 0.49
  9  13 0.58
  9  14 0.70
  9  15 0.34
  9  16 0.68
  9  17 0.49
  9  18 0.62
  9  19 0.41
  9  20 0.44
  9  21 0.15
  9  22 0.22
 10   1 0.38
 10   2 0.39
 10   3 0.53
 10   5 0.29
 10   6 0.26
 10   8 0.37
 10   9 0.34
 10  10 0.75
 10  11 0.36
 10  12 0.58
 10  13 0.53
 10  14 0.52
 10  15 0.40
 10  16 0.54
 10  17 0.52
 10  18 0.37
 10  19 0.65
 10  20 0.49
 10  21 0.19
 10  22 0.27
 11   1 0.35
 11   2 0.41
 11   3 0.37
 11   5 0.27
 11   6 0.31
 11   8 0.39
 11   9 0.34
 11  10 0.46
 11  11 0.36
 11  12 0.60
 11  13 0.49
 11  14 0.53
 11  15 0.43
 11  16 0.52
 11  17 0.54
 11  18 0.35
 11  19 0.58
 11  20 0.48
 11  21 0.28
 11  22 0.41
 12   1 0.56
 12   2 0.41
 12   3 0.59
 12   5 0.36
 12   6 0.20
 12   8 0.48
 12   9 0.43
 12  10 0.63
 12  11 0.48
 12  12 0.73
 12  13 0.68
 12  14 0.66
 12  15 0.38
 12  16 0.63
 12  17 0.59
 12  18 0.49
 12  19 0.59
 12  20 0.57
 12  21 0.22
 12  22 0.24
 13   1 0.49
 13   2 0.43
 13   3 0.71
 13   5 0.28
 13   6 0.18
 13   8 0.43
 13   9 0.47
 13  10 0.65
 13  11 0.50
 13  12 0.59
 13  13 0.82
 13  14 0.62
 13  15 0.41
 13  16 0.63
 13  17 0.56
 13  18 0.62
 13  19 0.56
 13  20 0.61
 13  21 0.20
 13  22 0.26
 14   1 0.45
 14   2 0.46
 14   3 0.46
 14   5 0.39
 14   6 0.42
 14   8 0.46
 14   9 0.40
 14  10 0.56
 14  11 0.39
 14  12 0.70
 14  13 0.55
 14  14 0.80
 14  15 0.48
 14  16 0.66
 14  17 0.62
 14  18 0.39
 14  19 0.67
 14  20 0.55
 14  21 0.28
 14  22 0.37
 15   1 0.40
 15   2 0.40
 15   3 0.45
 15   5 0.32
 15   6 0.28
 15   8 0.41
 15   9 0.27
 15  10 0.52
 15  11 0.37
 15  12 0.63
 15  13 0.52
 15  14 0.56
 15  15 0.59
 15  16 0.54
 15  17 0.58
 15  18 0.30
 15  19 0.67
 15  20 0.55
 15  21 0.28
 15  22 0.26
 16   1 0.50
 16   2 0.45
 16   3 0.53
 16   5 0.38
 16   6 0.28
 16   8 0.48
 16   9 0.41
 16  10 0.64
 16  11 0.40
 16  12 0.64
 16  13 0.64
 16  14 0.73
 16  15 0.45
 16  16 0.76
 16  17 0.58
 16  18 0.45
 16  19 0.71
 16  20 0.63
 16  21 0.24
 16  22 0.23
 17   1 0.36
 17   2 0.37
 17   3 0.43
 17   5 0.28
 17   6 0.32
 17   8 0.37
 17   9 0.36
 17  10 0.50
 17  11 0.27
 17  12 0.70
 17  13 0.46
 17  14 0.55
 17  15 0.38
 17  16 0.53
 17  17 0.67
 17  18 0.36
 17  19 0.51
 17  20 0.41
 17  21 0.24
 17  22 0.35
 18   1 0.55
 18   2 0.52
 18   3 0.52
 18   5 0.28
 18   6 0.13
 18   8 0.52
 18   9 0.64
 18  10 0.55
 18  11 0.54
 18  12 0.52
 18  13 0.71
 18  14 0.69
 18  15 0.33
 18  16 0.71
 18  17 0.46
 18  18 0.86
 18  19 0.34
 18  20 0.50
 18  21 0.13
 18  22 0.18
 19   1 0.34
 19   2 0.31
 19   3 0.51
 19   5 0.31
 19   6 0.26
 19   8 0.40
 19   9 0.23
 19  10 0.61
 19  11 0.25
 19  12 0.66
 19  13 0.46
 19  14 0.51
 19  15 0.37
 19  16 0.52
 19  17 0.52
 19  18 0.25
 19  19 0.76
 19  20 0.45
 19  21 0.23
 19  22 0.26
 20   1 0.55
 20   2 0.45
 20   3 0.54
 20   5 0.32
 20   6 0.13
 20   8 0.53
 20   9 0.45
 20  10 0.56
 20  11 0.50
 20  12 0.54
 20  13 0.72
 20  14 0.65
 20  15 0.41
 20  16 0.68
 20  17 0.49
 20  18 0.63
 20  19 0.46
 20  20 0.77
 20  21 0.14
 20  22 0.19
 21   1 0.28
 21   2 0.33
 21   3 0.33
 21   5 0.20
 21   6 0.30
 21   8 0.32
 21   9 0.33
 21  10 0.34
 21  11 0.28
 21  12 0.48
 21  13 0.40
 21  14 0.44
 21  15 0.29
 21  16 0.47
 21  17 0.40
 21  18 0.34
 21  19 0.40
 21  20 0.32
 21  21 0.31
 21  22 0.26
 22   1 0.27
 22   2 0.33
 22   3 0.27
 22   5 0.16
 22   6 0.27
 22   8 0.20
 22   9 0.22
 22  10 0.29
 22  11 0.38
 22  12 0.38
 22  13 0.42
 22  14 0.40
 22  15 0.35
 22  16 0.41
 22  17 0.38
 22  18 0.34
 22  19 0.39
 22  20 0.38
 22  21 0.16
 22  22 0.46
