  1   1 0.42
  1   2 0.43
  1   3 0.32
  1   4 0.49
  1   5 0.71
  1   6 0.55
  1   7 0.18
  1   8 0.72
  1   9 0.77
  1  10 0.48
  1  11 0.23
  1  12 0.52
  1  13 0.77
  1  14 0.43
  1  15 0.50
  1  16 0.53
  1  17 0.32
  1  18 0.58
  1  19 0.43
  1  20 0.54
  1  21 0.52
  1  22 0.67
  2   1 0.60
  2   2 0.74
  2   3 0.34
  2   4 0.42
  2   5 0.32
  2   6 0.53
  2   7 0.25
  2   8 0.27
  2   9 0.47
  2  10 0.38
  2  11 0.14
  2  12 0.25
  2  13 0.25
  2  14 0.23
  2  15 0.33
  2  16 0.40
  2  17 0.30
  2  18 0.43
  2  19 0.28
  2  20 0.31
  2  21 0.32
  2  22 0.29
  3   1 0.42
  3   2 0.58
  3   3 0.80
  3   4 0.30
  3   5 0.33
  3   6 0.75
  3   7 0.04
  3   8 0.42
  3   9 0.39
  3  10 0.54
  3  11 0.15
  3  12 0.53
  3  13 0.21
  3  14 0.61
  3  15 0.47
  3  16 0.39
  3  17 0.36
  3  18 0.56
  3  19 0.36
  3  20 0.60
  3  21 0.50
  3  22 0.21
  4   1 0.41
  4   2 0.31
  4   3 0.18
  4   4 0.46
  4   5 0.17
  4   6 0.36
  4   7 0.03
  4   8 0.09
  4   9 0.22
  4  10 0.26
  4  11 0.05
  4  12 0.17
  4  13 0.08
  4  14 0.15
  4  15 0.15
  4  16 0.14
  4  17 0.22
  4  18 0.14
  4  19 0.09
  4  20 0.17
  4  21 0.20
  4  22 0.05
  5   1 0.35
  5   2 0.37
  5   3 0.24
  5   4 0.34
  5   5 0.69
  5   6 0.42
  5   7 0.13
  5   8 0.25
  5   9 0.59
  5  10 0.35
  5  11 0.08
  5  12 0.41
  5  13 0.49
  5  14 0.28
  5  15 0.32
  5  16 0.20
  5  17 0.36
  5  18 0.23
  5  19 0.26
  5  20 0.24
  5  21 0.37
  5  22 0.21
  6   1 0.17
  6   2 0.33
  6   3 0.75
  6   4 0.22
  6   5 0.30
  6   6 0.61
  6   7 0.04
  6   8 0.31
  6   9 0.35
  6  10 0.79
  6  11 0.15
  6  12 0.75
  6  13 0.20
  6  14 0.73
  6  15 0.65
  6  16 0.54
  6  17 0.52
  6  18 0.49
  6  19 0.35
  6  20 0.80
  6  21 0.53
  6  22 0.17
  7   1 0.14
  7   2 0.21
  7   3 0.19
  7   4 0.37
  7   5 0.45
  7   6 0.35
  7   7 0.14
  7   8 0.71
  7   9 0.49
  7  10 0.35
  7  11 0.31
  7  12 0.34
  7  13 0.64
  7  14 0.32
  7  15 0.34
  7  16 0.36
  7  17 0.17
  7  18 0.46
  7  19 0.32
  7  20 0.42
  7  21 0.43
  7  22 0.74
  8   1 0.14
  8   2 0.32
  8   3 0.70
  8   4 0.24
  8   5 0.38
  8   6 0.64
  8   7 0.03
  8   8 0.55
  8   9 0.35
  8  10 0.64
  8  11 0.28
  8  12 0.71
  8  13 0.32
  8  14 0.82
  8  15 0.50
  8  16 0.48
  8  17 0.38
  8  18 0.56
  8  19 0.38
  8  20 0.76
  8  21 0.62
  8  22 0.25
  9   1 0.33
  9   2 0.44
  9   3 0.32
  9   4 0.39
  9   5 0.57
  9   6 0.53
  9   7 0.11
  9   8 0.61
  9   9 0.85
  9  10 0.41
  9  11 0.15
  9  12 0.45
  9  13 0.57
  9  14 0.37
  9  15 0.51
  9  16 0.47
  9  17 0.28
  9  18 0.51
  9  19 0.35
  9  20 0.43
  9  21 0.43
  9  22 0.55
 10   1 0.37
 10   2 0.55
 10   3 0.71
 10   4 0.32
 10   5 0.47
 10   6 0.71
 10   7 0.08
 10   8 0.48
 10   9 0.62
 10  10 0.80
 10  11 0.22
 10  12 0.79
 10  13 0.44
 10  14 0.67
 10  15 0.62
 10  16 0.52
 10  17 0.46
 10  18 0.56
 10  19 0.43
 10  20 0.71
 10  21 0.64
 10  22 0.35
 11   1 0.10
 11   2 0.11
 11   3 0.10
 11   4 0.30
 11   5 0.36
 11   6 0.28
 11   7 0.12
 11   8 0.41
 11   9 0.19
 11  10 0.27
 11  11 0.97
 11  12 0.22
 11  13 0.24
 11  14 0.36
 11  15 0.20
 11  16 0.27
 11  17 0.19
 11  18 0.21
 11  19 0.16
 11  20 0.27
 11  21 0.62
 11  22 0.24
 12   1 0.26
 12   2 0.46
 12   3 0.81
 12   4 0.25
 12   5 0.41
 12   6 0.64
 12   7 0.07
 12   8 0.30
 12   9 0.46
 12  10 0.70
 12  11 0.13
 12  12 0.85
 12  13 0.26
 12  14 0.72
 12  15 0.52
 12  16 0.41
 12  17 0.44
 12  18 0.58
 12  19 0.41
 12  20 0.67
 12  21 0.56
 12  22 0.13
 13   1 0.16
 13   2 0.21
 13   3 0.21
 13   4 0.33
 13   5 0.71
 13   6 0.50
 13   7 0.09
 13   8 0.72
 13   9 0.58
 13  10 0.42
 13  11 0.33
 13  12 0.56
 13  13 0.73
 13  14 0.48
 13  15 0.37
 13  16 0.33
 13  17 0.31
 13  18 0.35
 13  19 0.36
 13  20 0.44
 13  21 0.62
 13  22 0.41
 14   1 0.17
 14   2 0.27
 14   3 0.52
 14   4 0.30
 14   5 0.64
 14   6 0.59
 14   7 0.07
 14   8 0.55
 14   9 0.49
 14  10 0.55
 14  11 0.44
 14  12 0.72
 14  13 0.45
 14  14 0.87
 14  15 0.47
 14  16 0.42
 14  17 0.42
 14  18 0.51
 14  19 0.39
 14  20 0.59
 14  21 0.73
 14  22 0.28
 15   1 0.25
 15   2 0.33
 15   3 0.23
 15   4 0.45
 15   5 0.46
 15   6 0.39
 15   7 0.21
 15   8 0.44
 15   9 0.60
 15  10 0.36
 15  11 0.21
 15  12 0.32
 15  13 0.37
 15  14 0.29
 15  15 0.54
 15  16 0.70
 15  17 0.29
 15  18 0.54
 15  19 0.39
 15  20 0.39
 15  21 0.41
 15  22 0.51
 16   1 0.29
 16   2 0.45
 16   3 0.61
 16   4 0.42
 16   5 0.46
 16   6 0.63
 16   7 0.10
 16   8 0.51
 16   9 0.57
 16  10 0.76
 16  11 0.29
 16  12 0.65
 16  13 0.41
 16  14 0.58
 16  15 0.61
 16  16 0.81
 16  17 0.45
 16  18 0.65
 16  19 0.45
 16  20 0.76
 16  21 0.64
 16  22 0.45
 17   1 0.13
 17   2 0.23
 17   3 0.40
 17   4 0.15
 17   5 0.31
 17   6 0.37
 17   7 0.06
 17   8 0.16
 17   9 0.28
 17  10 0.55
 17  11 0.08
 17  12 0.47
 17  13 0.18
 17  14 0.42
 17  15 0.62
 17  16 0.39
 17  17 0.88
 17  18 0.27
 17  19 0.21
 17  20 0.51
 17  21 0.32
 17  22 0.08
 18   1 0.42
 18   2 0.58
 18   3 0.66
 18   4 0.31
 18   5 0.34
 18   6 0.68
 18   7 0.07
 18   8 0.44
 18   9 0.50
 18  10 0.57
 18  11 0.23
 18  12 0.52
 18  13 0.30
 18  14 0.58
 18  15 0.49
 18  16 0.47
 18  17 0.34
 18  18 0.68
 18  19 0.38
 18  20 0.59
 18  21 0.55
 18  22 0.37
 19   1 0.16
 19   2 0.29
 19   3 0.56
 19   4 0.30
 19   5 0.35
 19   6 0.67
 19   7 0.06
 19   8 0.60
 19   9 0.41
 19  10 0.55
 19  11 0.29
 19  12 0.60
 19  13 0.34
 19  14 0.72
 19  15 0.48
 19  16 0.39
 19  17 0.34
 19  18 0.53
 19  19 0.40
 19  20 0.64
 19  21 0.60
 19  22 0.24
 20   1 0.26
 20   2 0.38
 20   3 0.71
 20   4 0.29
 20   5 0.47
 20   6 0.59
 20   7 0.04
 20   8 0.41
 20   9 0.49
 20  10 0.77
 20  11 0.19
 20  12 0.74
 20  13 0.35
 20  14 0.65
 20  15 0.64
 20  16 0.60
 20  17 0.50
 20  18 0.52
 20  19 0.38
 20  20 0.89
 20  21 0.57
 20  22 0.32
 21   1 0.24
 21   2 0.41
 21   3 0.61
 21   4 0.31
 21   5 0.53
 21   6 0.64
 21   7 0.10
 21   8 0.46
 21   9 0.51
 21  10 0.68
 21  11 0.32
 21  12 0.76
 21  13 0.44
 21  14 0.74
 21  15 0.51
 21  16 0.43
 21  17 0.45
 21  18 0.54
 21  19 0.44
 21  20 0.65
 21  21 0.75
 21  22 0.25
 22   1 0.23
 22   2 0.25
 22   3 0.13
 22   4 0.33
 22   5 0.54
 22   6 0.36
 22   7 0.09
 22   8 0.75
 22   9 0.62
 22  10 0.28
 22  11 0.24
 22  12 0.26
 22  13 0.69
 22  14 0.21
 22  15 0.38
 22  16 0.39
 22  17 0.14
 22  18 0.45
 22  19 0.31
 22  20 0.45
 22  21 0.36
 22  22 0.84
  1   1 0.42
  1   2 0.43
  1   3 0.32
  1   4 0.49
  1   5 0.71
  1   6 0.55
  1   7 0.18
  1   8 0.72
  1   9 0.77
  1  10 0.48
  1  11 0.23
  1  12 0.52
  1  13 0.77
  1  14 0.43
  1  15 0.50
  1  16 0.53
  1  17 0.32
  1  18 0.58
  1  19 0.43
  1  20 0.54
  1  21 0.52
  1  22 0.67
  2   1 0.60
  2   2 0.74
  2   3 0.34
  2   4 0.42
  2   5 0.32
  2   6 0.53
  2   7 0.25
  2   8 0.27
  2   9 0.47
  2  10 0.38
  2  11 0.14
  2  12 0.25
  2  13 0.25
  2  14 0.23
  2  15 0.33
  2  16 0.40
  2  17 0.30
  2  18 0.43
  2  19 0.28
  2  20 0.30
  2  21 0.32
  2  22 0.29
  3   1 0.42
  3   2 0.58
  3   3 0.80
  3   4 0.30
  3   5 0.33
  3   6 0.75
  3   7 0.04
  3   8 0.42
  3   9 0.39
  3  10 0.54
  3  11 0.15
  3  12 0.53
  3  13 0.21
  3  14 0.61
  3  15 0.47
  3  16 0.39
  3  17 0.36
  3  18 0.56
  3  19 0.36
  3  20 0.59
  3  21 0.50
  3  22 0.21
  4   1 0.41
  4   2 0.31
  4   3 0.18
  4   4 0.46
  4   5 0.17
  4   6 0.36
  4   7 0.03
  4   8 0.09
  4   9 0.22
  4  10 0.26
  4  11 0.05
  4  12 0.17
  4  13 0.08
  4  14 0.15
  4  15 0.15
  4  16 0.14
  4  17 0.22
  4  18 0.14
  4  19 0.09
  4  20 0.17
  4  21 0.20
  4  22 0.05
  5   1 0.35
  5   2 0.37
  5   3 0.24
  5   4 0.34
  5   5 0.69
  5   6 0.42
  5   7 0.13
  5   8 0.25
  5   9 0.59
  5  10 0.35
  5  11 0.08
  5  12 0.41
  5  13 0.49
  5  14 0.28
  5  15 0.32
  5  16 0.19
  5  17 0.36
  5  18 0.23
  5  19 0.26
  5  20 0.24
  5  21 0.37
  5  22 0.21
  6   1 0.17
  6   2 0.33
  6   3 0.75
  6   4 0.22
  6   5 0.30
  6   6 0.61
  6   7 0.04
  6   8 0.31
  6   9 0.35
  6  10 0.79
  6  11 0.15
  6  12 0.75
  6  13 0.20
  6  14 0.73
  6  15 0.65
  6  16 0.54
  6  17 0.52
  6  18 0.49
  6  19 0.35
  6  20 0.80
  6  21 0.53
  6  22 0.17
  7   1 0.14
  7   2 0.21
  7   3 0.19
  7   4 0.37
  7   5 0.45
  7   6 0.35
  7   7 0.14
  7   8 0.71
  7   9 0.49
  7  10 0.35
  7  11 0.31
  7  12 0.34
  7  13 0.64
  7  14 0.32
  7  15 0.34
  7  16 0.36
  7  17 0.17
  7  18 0.46
  7  19 0.32
  7  20 0.42
  7  21 0.43
  7  22 0.74
  8   1 0.14
  8   2 0.31
  8   3 0.69
  8   4 0.24
  8   5 0.38
  8   6 0.64
  8   7 0.03
  8   8 0.55
  8   9 0.35
  8  10 0.64
  8  11 0.28
  8  12 0.71
  8  13 0.32
  8  14 0.82
  8  15 0.50
  8  16 0.48
  8  17 0.38
  8  18 0.56
  8  19 0.38
  8  20 0.76
  8  21 0.62
  8  22 0.25
  9   1 0.33
  9   2 0.44
  9   3 0.32
  9   4 0.39
  9   5 0.57
  9   6 0.53
  9   7 0.11
  9   8 0.61
  9   9 0.85
  9  10 0.41
  9  11 0.15
  9  12 0.45
  9  13 0.57
  9  14 0.37
  9  15 0.51
  9  16 0.47
  9  17 0.28
  9  18 0.51
  9  19 0.35
  9  20 0.43
  9  21 0.43
  9  22 0.55
 10   1 0.37
 10   2 0.55
 10   3 0.71
 10   4 0.32
 10   5 0.47
 10   6 0.71
 10   7 0.08
 10   8 0.48
 10   9 0.62
 10  10 0.80
 10  11 0.22
 10  12 0.79
 10  13 0.44
 10  14 0.67
 10  15 0.62
 10  16 0.51
 10  17 0.46
 10  18 0.56
 10  19 0.43
 10  20 0.71
 10  21 0.64
 10  22 0.35
 11   1 0.10
 11   2 0.10
 11   3 0.10
 11   4 0.30
 11   5 0.36
 11   6 0.28
 11   7 0.12
 11   8 0.41
 11   9 0.19
 11  10 0.27
 11  11 0.97
 11  12 0.22
 11  13 0.24
 11  14 0.36
 11  15 0.19
 11  16 0.27
 11  17 0.19
 11  18 0.21
 11  19 0.16
 11  20 0.27
 11  21 0.62
 11  22 0.24
 12   1 0.26
 12   2 0.46
 12   3 0.81
 12   4 0.25
 12   5 0.40
 12   6 0.64
 12   7 0.07
 12   8 0.30
 12   9 0.46
 12  10 0.70
 12  11 0.13
 12  12 0.85
 12  13 0.26
 12  14 0.72
 12  15 0.52
 12  16 0.41
 12  17 0.44
 12  18 0.58
 12  19 0.41
 12  20 0.67
 12  21 0.56
 12  22 0.13
 13   1 0.16
 13   2 0.21
 13   3 0.21
 13   4 0.33
 13   5 0.71
 13   6 0.50
 13   7 0.08
 13   8 0.72
 13   9 0.58
 13  10 0.42
 13  11 0.33
 13  12 0.56
 13  13 0.73
 13  14 0.48
 13  15 0.37
 13  16 0.33
 13  17 0.31
 13  18 0.35
 13  19 0.36
 13  20 0.44
 13  21 0.62
 13  22 0.41
 14   1 0.17
 14   2 0.27
 14   3 0.52
 14   4 0.30
 14   5 0.64
 14   6 0.59
 14   7 0.07
 14   8 0.55
 14   9 0.49
 14  10 0.55
 14  11 0.44
 14  12 0.72
 14  13 0.45
 14  14 0.87
 14  15 0.47
 14  16 0.42
 14  17 0.42
 14  18 0.51
 14  19 0.39
 14  20 0.59
 14  21 0.73
 14  22 0.27
 15   1 0.25
 15   2 0.33
 15   3 0.23
 15   4 0.45
 15   5 0.46
 15   6 0.39
 15   7 0.21
 15   8 0.44
 15   9 0.60
 15  10 0.36
 15  11 0.21
 15  12 0.32
 15  13 0.37
 15  14 0.28
 15  15 0.54
 15  16 0.70
 15  17 0.29
 15  18 0.54
 15  19 0.39
 15  20 0.39
 15  21 0.41
 15  22 0.51
 16   1 0.29
 16   2 0.45
 16   3 0.61
 16   4 0.42
 16   5 0.46
 16   6 0.63
 16   7 0.10
 16   8 0.51
 16   9 0.57
 16  10 0.76
 16  11 0.29
 16  12 0.65
 16  13 0.41
 16  14 0.58
 16  15 0.61
 16  16 0.81
 16  17 0.45
 16  18 0.65
 16  19 0.44
 16  20 0.76
 16  21 0.64
 16  22 0.45
 17   1 0.13
 17   2 0.23
 17   3 0.40
 17   4 0.15
 17   5 0.31
 17   6 0.37
 17   7 0.06
 17   8 0.16
 17   9 0.28
 17  10 0.55
 17  11 0.08
 17  12 0.47
 17  13 0.18
 17  14 0.42
 17  15 0.62
 17  16 0.39
 17  17 0.88
 17  18 0.27
 17  19 0.21
 17  20 0.51
 17  21 0.32
 17  22 0.08
 18   1 0.42
 18   2 0.58
 18   3 0.66
 18   4 0.31
 18   5 0.34
 18   6 0.68
 18   7 0.07
 18   8 0.44
 18   9 0.50
 18  10 0.57
 18  11 0.23
 18  12 0.52
 18  13 0.30
 18  14 0.57
 18  15 0.49
 18  16 0.47
 18  17 0.34
 18  18 0.68
 18  19 0.38
 18  20 0.59
 18  21 0.55
 18  22 0.37
 19   1 0.16
 19   2 0.29
 19   3 0.56
 19   4 0.30
 19   5 0.35
 19   6 0.67
 19   7 0.06
 19   8 0.60
 19   9 0.41
 19  10 0.55
 19  11 0.29
 19  12 0.60
 19  13 0.34
 19  14 0.72
 19  15 0.48
 19  16 0.39
 19  17 0.34
 19  18 0.53
 19  19 0.40
 19  20 0.64
 19  21 0.60
 19  22 0.24
 20   1 0.26
 20   2 0.38
 20   3 0.71
 20   4 0.28
 20   5 0.47
 20   6 0.59
 20   7 0.04
 20   8 0.41
 20   9 0.49
 20  10 0.77
 20  11 0.19
 20  12 0.74
 20  13 0.35
 20  14 0.65
 20  15 0.64
 20  16 0.60
 20  17 0.50
 20  18 0.52
 20  19 0.38
 20  20 0.89
 20  21 0.57
 20  22 0.32
 21   1 0.24
 21   2 0.41
 21   3 0.61
 21   4 0.31
 21   5 0.53
 21   6 0.64
 21   7 0.10
 21   8 0.46
 21   9 0.51
 21  10 0.68
 21  11 0.32
 21  12 0.76
 21  13 0.44
 21  14 0.74
 21  15 0.51
 21  16 0.43
 21  17 0.44
 21  18 0.54
 21  19 0.44
 21  20 0.65
 21  21 0.75
 21  22 0.25
 22   1 0.23
 22   2 0.25
 22   3 0.13
 22   4 0.33
 22   5 0.54
 22   6 0.36
 22   7 0.09
 22   8 0.75
 22   9 0.62
 22  10 0.28
 22  11 0.24
 22  12 0.26
 22  13 0.69
 22  14 0.21
 22  15 0.37
 22  16 0.39
 22  17 0.13
 22  18 0.45
 22  19 0.31
 22  20 0.45
 22  21 0.36
 22  22 0.84
  1   1 0.42
  1   2 0.43
  1   3 0.32
  1   4 0.49
  1   5 0.71
  1   6 0.55
  1   7 0.18
  1   8 0.72
  1   9 0.77
  1  10 0.48
  1  11 0.23
  1  12 0.52
  1  13 0.77
  1  14 0.43
  1  15 0.50
  1  16 0.53
  1  17 0.32
  1  18 0.58
  1  19 0.43
  1  20 0.54
  1  21 0.52
  1  22 0.67
  2   1 0.60
  2   2 0.74
  2   3 0.34
  2   4 0.42
  2   5 0.32
  2   6 0.53
  2   7 0.25
  2   8 0.27
  2   9 0.47
  2  10 0.38
  2  11 0.14
  2  12 0.25
  2  13 0.25
  2  14 0.23
  2  15 0.33
  2  16 0.40
  2  17 0.30
  2  18 0.43
  2  19 0.28
  2  20 0.30
  2  21 0.32
  2  22 0.29
  3   1 0.42
  3   2 0.58
  3   3 0.80
  3   4 0.30
  3   5 0.33
  3   6 0.75
  3   7 0.04
  3   8 0.42
  3   9 0.39
  3  10 0.54
  3  11 0.15
  3  12 0.53
  3  13 0.21
  3  14 0.61
  3  15 0.47
  3  16 0.39
  3  17 0.36
  3  18 0.56
  3  19 0.36
  3  20 0.59
  3  21 0.50
  3  22 0.21
  4   1 0.41
  4   2 0.31
  4   3 0.18
  4   4 0.46
  4   5 0.17
  4   6 0.36
  4   7 0.03
  4   8 0.09
  4   9 0.22
  4  10 0.26
  4  11 0.05
  4  12 0.17
  4  13 0.08
  4  14 0.15
  4  15 0.15
  4  16 0.14
  4  17 0.22
  4  18 0.14
  4  19 0.09
  4  20 0.17
  4  21 0.20
  4  22 0.05
  5   1 0.35
  5   2 0.37
  5   3 0.24
  5   4 0.34
  5   5 0.69
  5   6 0.42
  5   7 0.13
  5   8 0.25
  5   9 0.59
  5  10 0.35
  5  11 0.08
  5  12 0.41
  5  13 0.49
  5  14 0.28
  5  15 0.32
  5  16 0.19
  5  17 0.36
  5  18 0.23
  5  19 0.26
  5  20 0.24
  5  21 0.37
  5  22 0.21
  6   1 0.17
  6   2 0.33
  6   3 0.75
  6   4 0.22
  6   5 0.30
  6   6 0.61
  6   7 0.04
  6   8 0.31
  6   9 0.35
  6  10 0.79
  6  11 0.15
  6  12 0.75
  6  13 0.20
  6  14 0.73
  6  15 0.65
  6  16 0.54
  6  17 0.52
  6  18 0.49
  6  19 0.35
  6  20 0.80
  6  21 0.53
  6  22 0.17
  7   1 0.14
  7   2 0.21
  7   3 0.19
  7   4 0.37
  7   5 0.45
  7   6 0.35
  7   7 0.14
  7   8 0.71
  7   9 0.49
  7  10 0.35
  7  11 0.31
  7  12 0.34
  7  13 0.64
  7  14 0.32
  7  15 0.34
  7  16 0.36
  7  17 0.17
  7  18 0.46
  7  19 0.32
  7  20 0.42
  7  21 0.43
  7  22 0.74
  8   1 0.14
  8   2 0.31
  8   3 0.69
  8   4 0.24
  8   5 0.38
  8   6 0.64
  8   7 0.03
  8   8 0.55
  8   9 0.35
  8  10 0.64
  8  11 0.28
  8  12 0.71
  8  13 0.32
  8  14 0.82
  8  15 0.50
  8  16 0.48
  8  17 0.38
  8  18 0.56
  8  19 0.38
  8  20 0.76
  8  21 0.62
  8  22 0.25
  9   1 0.33
  9   2 0.44
  9   3 0.32
  9   4 0.39
  9   5 0.57
  9   6 0.53
  9   7 0.11
  9   8 0.61
  9   9 0.85
  9  10 0.41
  9  11 0.15
  9  12 0.45
  9  13 0.57
  9  14 0.37
  9  15 0.51
  9  16 0.47
  9  17 0.28
  9  18 0.51
  9  19 0.35
  9  20 0.43
  9  21 0.43
  9  22 0.55
 10   1 0.37
 10   2 0.55
 10   3 0.71
 10   4 0.32
 10   5 0.47
 10   6 0.71
 10   7 0.08
 10   8 0.48
 10   9 0.62
 10  10 0.80
 10  11 0.22
 10  12 0.79
 10  13 0.44
 10  14 0.67
 10  15 0.62
 10  16 0.51
 10  17 0.46
 10  18 0.56
 10  19 0.43
 10  20 0.71
 10  21 0.64
 10  22 0.35
 11   1 0.10
 11   2 0.10
 11   3 0.10
 11   4 0.30
 11   5 0.36
 11   6 0.28
 11   7 0.12
 11   8 0.41
 11   9 0.19
 11  10 0.27
 11  11 0.97
 11  12 0.22
 11  13 0.24
 11  14 0.36
 11  15 0.19
 11  16 0.27
 11  17 0.19
 11  18 0.21
 11  19 0.16
 11  20 0.27
 11  21 0.62
 11  22 0.24
 12   1 0.26
 12   2 0.46
 12   3 0.81
 12   4 0.25
 12   5 0.40
 12   6 0.64
 12   7 0.07
 12   8 0.30
 12   9 0.46
 12  10 0.70
 12  11 0.13
 12  12 0.85
 12  13 0.26
 12  14 0.72
 12  15 0.52
 12  16 0.41
 12  17 0.44
 12  18 0.58
 12  19 0.41
 12  20 0.67
 12  21 0.56
 12  22 0.13
 13   1 0.16
 13   2 0.21
 13   3 0.21
 13   4 0.33
 13   5 0.71
 13   6 0.50
 13   7 0.08
 13   8 0.72
 13   9 0.58
 13  10 0.42
 13  11 0.33
 13  12 0.56
 13  13 0.73
 13  14 0.48
 13  15 0.37
 13  16 0.33
 13  17 0.31
 13  18 0.35
 13  19 0.36
 13  20 0.44
 13  21 0.62
 13  22 0.41
 14   1 0.17
 14   2 0.27
 14   3 0.52
 14   4 0.30
 14   5 0.64
 14   6 0.59
 14   7 0.07
 14   8 0.55
 14   9 0.49
 14  10 0.55
 14  11 0.44
 14  12 0.72
 14  13 0.45
 14  14 0.87
 14  15 0.47
 14  16 0.42
 14  17 0.42
 14  18 0.51
 14  19 0.39
 14  20 0.59
 14  21 0.73
 14  22 0.27
 15   1 0.25
 15   2 0.33
 15   3 0.23
 15   4 0.45
 15   5 0.46
 15   6 0.39
 15   7 0.21
 15   8 0.44
 15   9 0.60
 15  10 0.36
 15  11 0.21
 15  12 0.32
 15  13 0.37
 15  14 0.28
 15  15 0.54
 15  16 0.70
 15  17 0.29
 15  18 0.54
 15  19 0.39
 15  20 0.39
 15  21 0.41
 15  22 0.51
 16   1 0.29
 16   2 0.45
 16   3 0.61
 16   4 0.42
 16   5 0.46
 16   6 0.63
 16   7 0.10
 16   8 0.51
 16   9 0.57
 16  10 0.76
 16  11 0.29
 16  12 0.65
 16  13 0.41
 16  14 0.58
 16  15 0.61
 16  16 0.81
 16  17 0.45
 16  18 0.65
 16  19 0.44
 16  20 0.76
 16  21 0.64
 16  22 0.45
 17   1 0.13
 17   2 0.23
 17   3 0.40
 17   4 0.15
 17   5 0.31
 17   6 0.37
 17   7 0.06
 17   8 0.16
 17   9 0.28
 17  10 0.55
 17  11 0.08
 17  12 0.47
 17  13 0.18
 17  14 0.42
 17  15 0.62
 17  16 0.39
 17  17 0.88
 17  18 0.27
 17  19 0.21
 17  20 0.51
 17  21 0.32
 17  22 0.08
 18   1 0.42
 18   2 0.58
 18   3 0.66
 18   4 0.31
 18   5 0.34
 18   6 0.68
 18   7 0.07
 18   8 0.44
 18   9 0.50
 18  10 0.57
 18  11 0.23
 18  12 0.52
 18  13 0.30
 18  14 0.57
 18  15 0.49
 18  16 0.47
 18  17 0.34
 18  18 0.68
 18  19 0.38
 18  20 0.59
 18  21 0.55
 18  22 0.37
 19   1 0.16
 19   2 0.29
 19   3 0.56
 19   4 0.30
 19   5 0.35
 19   6 0.67
 19   7 0.06
 19   8 0.60
 19   9 0.41
 19  10 0.55
 19  11 0.29
 19  12 0.60
 19  13 0.34
 19  14 0.72
 19  15 0.48
 19  16 0.39
 19  17 0.34
 19  18 0.53
 19  19 0.40
 19  20 0.64
 19  21 0.60
 19  22 0.24
 20   1 0.26
 20   2 0.38
 20   3 0.71
 20   4 0.28
 20   5 0.47
 20   6 0.59
 20   7 0.04
 20   8 0.41
 20   9 0.49
 20  10 0.77
 20  11 0.19
 20  12 0.74
 20  13 0.35
 20  14 0.65
 20  15 0.64
 20  16 0.60
 20  17 0.50
 20  18 0.52
 20  19 0.38
 20  20 0.89
 20  21 0.57
 20  22 0.32
 21   1 0.24
 21   2 0.41
 21   3 0.61
 21   4 0.31
 21   5 0.53
 21   6 0.64
 21   7 0.10
 21   8 0.46
 21   9 0.51
 21  10 0.68
 21  11 0.32
 21  12 0.76
 21  13 0.44
 21  14 0.74
 21  15 0.51
 21  16 0.43
 21  17 0.44
 21  18 0.54
 21  19 0.44
 21  20 0.65
 21  21 0.75
 21  22 0.25
 22   1 0.23
 22   2 0.25
 22   3 0.13
 22   4 0.33
 22   5 0.54
 22   6 0.36
 22   7 0.09
 22   8 0.75
 22   9 0.62
 22  10 0.28
 22  11 0.24
 22  12 0.26
 22  13 0.69
 22  14 0.21
 22  15 0.37
 22  16 0.39
 22  17 0.13
 22  18 0.45
 22  19 0.31
 22  20 0.45
 22  21 0.36
 22  22 0.84
