  1   1 0.94
  1   2 0.56
  1   3 0.10
  1   5 0.19
  1   6 0.43
  1   7 0.41
  1   8 0.34
  1   9 0.14
  1  10 0.44
  1  11 0.15
  1  12 0.44
  1  13 0.36
  1  14 0.17
  1  15 0.20
  1  16 0.56
  1  17 0.32
  1  18 0.40
  1  19 0.40
  1  20 0.38
  1  21 0.43
  2   1 0.55
  2   2 0.92
  2   3 0.17
  2   5 0.46
  2   6 0.52
  2   7 0.35
  2   8 0.54
  2   9 0.29
  2  10 0.41
  2  11 0.15
  2  12 0.24
  2  13 0.41
  2  14 0.42
  2  15 0.21
  2  16 0.34
  2  17 0.43
  2  18 0.58
  2  19 0.37
  2  20 0.62
  2  21 0.32
  3   1 0.24
  3   2 0.47
  3   3 0.80
  3   5 0.41
  3   6 0.41
  3   7 0.31
  3   8 0.37
  3   9 0.56
  3  10 0.31
  3  11 0.38
  3  12 0.23
  3  13 0.50
  3  14 0.52
  3  15 0.49
  3  16 0.38
  3  17 0.42
  3  18 0.72
  3  19 0.43
  3  20 0.49
  3  21 0.26
  4   1 0.25
  4   2 0.26
  4   3 0.22
  4   5 0.21
  4   6 0.54
  4   7 0.31
  4   8 0.30
  4   9 0.17
  4  10 0.41
  4  11 0.37
  4  12 0.51
  4  13 0.57
  4  14 0.28
  4  15 0.41
  4  16 0.49
  4  17 0.59
  4  18 0.36
  4  19 0.55
  4  20 0.36
  4  21 0.36
  5   1 0.23
  5   2 0.68
  5   3 0.28
  5   5 0.92
  5   6 0.69
  5   7 0.47
  5   8 0.73
  5   9 0.46
  5  10 0.52
  5  11 0.48
  5  12 0.25
  5  13 0.67
  5  14 0.68
  5  15 0.61
  5  16 0.39
  5  17 0.48
  5  18 0.59
  5  19 0.53
  5  20 0.71
  5  21 0.43
  6   1 0.41
  6   2 0.73
  6   3 0.37
  6   5 0.60
  6   6 0.84
  6   7 0.62
  6   8 0.71
  6   9 0.48
  6  10 0.64
  6  11 0.43
  6  12 0.38
  6  13 0.77
  6  14 0.63
  6  15 0.61
  6  16 0.60
  6  17 0.72
  6  18 0.81
  6  19 0.71
  6  20 0.86
  6  21 0.47
  7   1 0.43
  7   2 0.59
  7   3 0.11
  7   5 0.41
  7   6 0.68
  7   7 0.91
  7   8 0.68
  7   9 0.15
  7  10 0.46
  7  11 0.31
  7  12 0.39
  7  13 0.48
  7  14 0.47
  7  15 0.36
  7  16 0.57
  7  17 0.43
  7  18 0.56
  7  19 0.72
  7  20 0.69
  7  21 0.42
  8   1 0.52
  8   2 0.63
  8   3 0.24
  8   5 0.57
  8   6 0.84
  8   7 0.74
  8   8 0.92
  8   9 0.35
  8  10 0.67
  8  11 0.48
  8  12 0.50
  8  13 0.73
  8  14 0.60
  8  15 0.58
  8  16 0.68
  8  17 0.54
  8  18 0.65
  8  19 0.74
  8  20 0.72
  8  21 0.53
  9   1 0.20
  9   2 0.41
  9   3 0.74
  9   5 0.50
  9   6 0.37
  9   7 0.16
  9   8 0.38
  9   9 0.91
  9  10 0.34
  9  11 0.22
  9  12 0.09
  9  13 0.41
  9  14 0.48
  9  15 0.40
  9  16 0.18
  9  17 0.35
  9  18 0.45
  9  19 0.23
  9  20 0.46
  9  21 0.22
 10   1 0.55
 10   2 0.46
 10   3 0.26
 10   5 0.31
 10   6 0.63
 10   7 0.53
 10   8 0.45
 10   9 0.29
 10  10 0.81
 10  11 0.39
 10  12 0.66
 10  13 0.62
 10  14 0.42
 10  15 0.44
 10  16 0.77
 10  17 0.50
 10  18 0.57
 10  19 0.59
 10  20 0.52
 10  21 0.55
 11   1 0.22
 11   2 0.37
 11   3 0.47
 11   5 0.57
 11   6 0.58
 11   7 0.43
 11   8 0.55
 11   9 0.44
 11  10 0.39
 11  11 0.94
 11  12 0.39
 11  13 0.67
 11  14 0.64
 11  15 0.74
 11  16 0.51
 11  17 0.59
 11  18 0.61
 11  19 0.65
 11  20 0.58
 11  21 0.44
 12   1 0.38
 12   2 0.48
 12   3 0.30
 12   5 0.44
 12   6 0.76
 12   7 0.65
 12   8 0.59
 12   9 0.24
 12  10 0.57
 12  11 0.55
 12  12 0.68
 12  13 0.70
 12  14 0.61
 12  15 0.61
 12  16 0.73
 12  17 0.65
 12  18 0.55
 12  19 0.88
 12  20 0.69
 12  21 0.55
 13   1 0.40
 13   2 0.51
 13   3 0.39
 13   5 0.62
 13   6 0.80
 13   7 0.58
 13   8 0.71
 13   9 0.49
 13  10 0.69
 13  11 0.67
 13  12 0.50
 13  13 0.94
 13  14 0.66
 13  15 0.79
 13  16 0.73
 13  17 0.70
 13  18 0.73
 13  19 0.76
 13  20 0.70
 13  21 0.58
 14   1 0.18
 14   2 0.67
 14   3 0.45
 14   5 0.67
 14   6 0.63
 14   7 0.46
 14   8 0.61
 14   9 0.56
 14  10 0.56
 14  11 0.47
 14  12 0.37
 14  13 0.64
 14  14 0.88
 14  15 0.55
 14  16 0.42
 14  17 0.64
 14  18 0.74
 14  19 0.58
 14  20 0.81
 14  21 0.49
 15   1 0.27
 15   2 0.31
 15   3 0.46
 15   5 0.66
 15   6 0.67
 15   7 0.44
 15   8 0.60
 15   9 0.55
 15  10 0.46
 15  11 0.73
 15  12 0.31
 15  13 0.78
 15  14 0.67
 15  15 0.97
 15  16 0.52
 15  17 0.62
 15  18 0.57
 15  19 0.69
 15  20 0.57
 15  21 0.48
 16   1 0.78
 16   2 0.37
 16   3 0.21
 16   5 0.18
 16   6 0.48
 16   7 0.42
 16   8 0.28
 16   9 0.16
 16  10 0.53
 16  11 0.34
 16  12 0.63
 16  13 0.49
 16  14 0.24
 16  15 0.36
 16  16 0.80
 16  17 0.41
 16  18 0.44
 16  19 0.55
 16  20 0.40
 16  21 0.41
 17   1 0.41
 17   2 0.50
 17   3 0.35
 17   5 0.41
 17   6 0.71
 17   7 0.45
 17   8 0.47
 17   9 0.41
 17  10 0.59
 17  11 0.56
 17  12 0.55
 17  13 0.78
 17  14 0.51
 17  15 0.61
 17  16 0.69
 17  17 0.88
 17  18 0.59
 17  19 0.73
 17  20 0.63
 17  21 0.50
 18   1 0.50
 18   2 0.66
 18   3 0.44
 18   5 0.49
 18   6 0.59
 18   7 0.51
 18   8 0.56
 18   9 0.38
 18  10 0.50
 18  11 0.47
 18  12 0.42
 18  13 0.66
 18  14 0.59
 18  15 0.53
 18  16 0.57
 18  17 0.49
 18  18 0.92
 18  19 0.54
 18  20 0.66
 18  21 0.53
 19   1 0.52
 19   2 0.83
 19   3 0.34
 19   5 0.56
 19   6 0.78
 19   7 0.64
 19   8 0.67
 19   9 0.41
 19  10 0.58
 19  11 0.42
 19  12 0.42
 19  13 0.68
 19  14 0.65
 19  15 0.54
 19  16 0.62
 19  17 0.68
 19  18 0.79
 19  19 0.77
 19  20 0.88
 19  21 0.44
 20   1 0.47
 20   2 0.85
 20   3 0.27
 20   5 0.59
 20   6 0.71
 20   7 0.55
 20   8 0.67
 20   9 0.42
 20  10 0.58
 20  11 0.35
 20  12 0.33
 20  13 0.63
 20  14 0.65
 20  15 0.44
 20  16 0.52
 20  17 0.58
 20  18 0.80
 20  19 0.59
 20  20 0.89
 20  21 0.42
 21   1 0.41
 21   2 0.39
 21   3 0.22
 21   5 0.48
 21   6 0.56
 21   7 0.50
 21   8 0.49
 21   9 0.30
 21  10 0.44
 21  11 0.42
 21  12 0.47
 21  13 0.60
 21  14 0.54
 21  15 0.60
 21  16 0.46
 21  17 0.42
 21  18 0.49
 21  19 0.54
 21  20 0.49
 21  21 0.90
 22   1 0.09
 22   2 0.21
 22   3 0.08
 22   5 0.28
 22   6 0.25
 22   7 0.25
 22   8 0.30
 22   9 0.13
 22  10 0.17
 22  11 0.15
 22  12 0.06
 22  13 0.19
 22  14 0.29
 22  15 0.22
 22  16 0.12
 22  17 0.14
 22  18 0.23
 22  19 0.20
 22  20 0.30
 22  21 0.19
  1   1 0.94
  1   2 0.56
  1   3 0.10
  1   5 0.19
  1   6 0.43
  1   7 0.41
  1   8 0.34
  1   9 0.14
  1  10 0.44
  1  11 0.15
  1  12 0.44
  1  13 0.36
  1  14 0.17
  1  15 0.20
  1  16 0.56
  1  17 0.32
  1  18 0.39
  1  19 0.40
  1  20 0.38
  1  21 0.43
  2   1 0.55
  2   2 0.92
  2   3 0.17
  2   5 0.46
  2   6 0.52
  2   7 0.35
  2   8 0.53
  2   9 0.29
  2  10 0.41
  2  11 0.15
  2  12 0.24
  2  13 0.41
  2  14 0.42
  2  15 0.21
  2  16 0.34
  2  17 0.43
  2  18 0.58
  2  19 0.36
  2  20 0.62
  2  21 0.32
  3   1 0.24
  3   2 0.47
  3   3 0.80
  3   5 0.41
  3   6 0.41
  3   7 0.31
  3   8 0.37
  3   9 0.56
  3  10 0.31
  3  11 0.38
  3  12 0.23
  3  13 0.50
  3  14 0.52
  3  15 0.49
  3  16 0.38
  3  17 0.42
  3  18 0.72
  3  19 0.43
  3  20 0.49
  3  21 0.26
  4   1 0.25
  4   2 0.26
  4   3 0.22
  4   5 0.21
  4   6 0.54
  4   7 0.31
  4   8 0.30
  4   9 0.17
  4  10 0.41
  4  11 0.37
  4  12 0.51
  4  13 0.57
  4  14 0.28
  4  15 0.41
  4  16 0.49
  4  17 0.59
  4  18 0.36
  4  19 0.55
  4  20 0.36
  4  21 0.36
  5   1 0.23
  5   2 0.67
  5   3 0.28
  5   5 0.92
  5   6 0.69
  5   7 0.47
  5   8 0.73
  5   9 0.46
  5  10 0.52
  5  11 0.48
  5  12 0.25
  5  13 0.67
  5  14 0.68
  5  15 0.61
  5  16 0.39
  5  17 0.48
  5  18 0.59
  5  19 0.53
  5  20 0.71
  5  21 0.43
  6   1 0.41
  6   2 0.73
  6   3 0.37
  6   5 0.60
  6   6 0.84
  6   7 0.62
  6   8 0.71
  6   9 0.48
  6  10 0.63
  6  11 0.43
  6  12 0.38
  6  13 0.77
  6  14 0.63
  6  15 0.61
  6  16 0.60
  6  17 0.72
  6  18 0.81
  6  19 0.71
  6  20 0.86
  6  21 0.47
  7   1 0.43
  7   2 0.59
  7   3 0.11
  7   5 0.41
  7   6 0.68
  7   7 0.91
  7   8 0.68
  7   9 0.15
  7  10 0.46
  7  11 0.31
  7  12 0.39
  7  13 0.48
  7  14 0.47
  7  15 0.36
  7  16 0.57
  7  17 0.43
  7  18 0.56
  7  19 0.72
  7  20 0.69
  7  21 0.42
  8   1 0.52
  8   2 0.63
  8   3 0.24
  8   5 0.57
  8   6 0.84
  8   7 0.74
  8   8 0.92
  8   9 0.35
  8  10 0.67
  8  11 0.48
  8  12 0.50
  8  13 0.73
  8  14 0.60
  8  15 0.58
  8  16 0.67
  8  17 0.54
  8  18 0.65
  8  19 0.74
  8  20 0.72
  8  21 0.53
  9   1 0.20
  9   2 0.41
  9   3 0.74
  9   5 0.49
  9   6 0.37
  9   7 0.16
  9   8 0.38
  9   9 0.91
  9  10 0.34
  9  11 0.22
  9  12 0.08
  9  13 0.41
  9  14 0.48
  9  15 0.40
  9  16 0.17
  9  17 0.35
  9  18 0.45
  9  19 0.23
  9  20 0.46
  9  21 0.22
 10   1 0.55
 10   2 0.46
 10   3 0.26
 10   5 0.31
 10   6 0.63
 10   7 0.53
 10   8 0.45
 10   9 0.29
 10  10 0.81
 10  11 0.39
 10  12 0.66
 10  13 0.62
 10  14 0.42
 10  15 0.44
 10  16 0.77
 10  17 0.50
 10  18 0.57
 10  19 0.59
 10  20 0.52
 10  21 0.55
 11   1 0.22
 11   2 0.37
 11   3 0.47
 11   5 0.57
 11   6 0.58
 11   7 0.43
 11   8 0.55
 11   9 0.44
 11  10 0.39
 11  11 0.94
 11  12 0.39
 11  13 0.67
 11  14 0.64
 11  15 0.74
 11  16 0.51
 11  17 0.59
 11  18 0.61
 11  19 0.65
 11  20 0.58
 11  21 0.44
 12   1 0.37
 12   2 0.48
 12   3 0.30
 12   5 0.44
 12   6 0.76
 12   7 0.65
 12   8 0.59
 12   9 0.24
 12  10 0.57
 12  11 0.55
 12  12 0.68
 12  13 0.70
 12  14 0.61
 12  15 0.61
 12  16 0.73
 12  17 0.65
 12  18 0.55
 12  19 0.88
 12  20 0.69
 12  21 0.55
 13   1 0.40
 13   2 0.51
 13   3 0.39
 13   5 0.62
 13   6 0.80
 13   7 0.58
 13   8 0.71
 13   9 0.48
 13  10 0.69
 13  11 0.67
 13  12 0.50
 13  13 0.94
 13  14 0.66
 13  15 0.79
 13  16 0.73
 13  17 0.70
 13  18 0.73
 13  19 0.76
 13  20 0.70
 13  21 0.58
 14   1 0.18
 14   2 0.67
 14   3 0.45
 14   5 0.67
 14   6 0.63
 14   7 0.46
 14   8 0.61
 14   9 0.56
 14  10 0.56
 14  11 0.47
 14  12 0.36
 14  13 0.64
 14  14 0.88
 14  15 0.55
 14  16 0.42
 14  17 0.64
 14  18 0.74
 14  19 0.58
 14  20 0.81
 14  21 0.49
 15   1 0.26
 15   2 0.31
 15   3 0.46
 15   5 0.66
 15   6 0.67
 15   7 0.44
 15   8 0.60
 15   9 0.55
 15  10 0.46
 15  11 0.73
 15  12 0.31
 15  13 0.78
 15  14 0.67
 15  15 0.97
 15  16 0.52
 15  17 0.62
 15  18 0.57
 15  19 0.69
 15  20 0.57
 15  21 0.48
 16   1 0.78
 16   2 0.36
 16   3 0.21
 16   5 0.18
 16   6 0.48
 16   7 0.42
 16   8 0.28
 16   9 0.16
 16  10 0.53
 16  11 0.34
 16  12 0.63
 16  13 0.49
 16  14 0.23
 16  15 0.36
 16  16 0.80
 16  17 0.41
 16  18 0.44
 16  19 0.55
 16  20 0.40
 16  21 0.41
 17   1 0.41
 17   2 0.50
 17   3 0.35
 17   5 0.41
 17   6 0.71
 17   7 0.45
 17   8 0.47
 17   9 0.41
 17  10 0.59
 17  11 0.56
 17  12 0.55
 17  13 0.77
 17  14 0.51
 17  15 0.61
 17  16 0.69
 17  17 0.88
 17  18 0.59
 17  19 0.73
 17  20 0.63
 17  21 0.50
 18   1 0.50
 18   2 0.66
 18   3 0.44
 18   5 0.49
 18   6 0.59
 18   7 0.51
 18   8 0.56
 18   9 0.38
 18  10 0.50
 18  11 0.47
 18  12 0.42
 18  13 0.66
 18  14 0.59
 18  15 0.53
 18  16 0.57
 18  17 0.49
 18  18 0.92
 18  19 0.54
 18  20 0.66
 18  21 0.53
 19   1 0.52
 19   2 0.83
 19   3 0.34
 19   5 0.56
 19   6 0.78
 19   7 0.64
 19   8 0.67
 19   9 0.41
 19  10 0.58
 19  11 0.42
 19  12 0.42
 19  13 0.68
 19  14 0.65
 19  15 0.54
 19  16 0.62
 19  17 0.68
 19  18 0.79
 19  19 0.77
 19  20 0.88
 19  21 0.44
 20   1 0.47
 20   2 0.85
 20   3 0.27
 20   5 0.59
 20   6 0.71
 20   7 0.55
 20   8 0.67
 20   9 0.42
 20  10 0.58
 20  11 0.34
 20  12 0.33
 20  13 0.63
 20  14 0.65
 20  15 0.44
 20  16 0.52
 20  17 0.58
 20  18 0.80
 20  19 0.59
 20  20 0.89
 20  21 0.42
 21   1 0.41
 21   2 0.39
 21   3 0.22
 21   5 0.48
 21   6 0.56
 21   7 0.50
 21   8 0.49
 21   9 0.30
 21  10 0.44
 21  11 0.42
 21  12 0.47
 21  13 0.60
 21  14 0.54
 21  15 0.60
 21  16 0.46
 21  17 0.42
 21  18 0.49
 21  19 0.54
 21  20 0.49
 21  21 0.90
 22   1 0.09
 22   2 0.21
 22   3 0.08
 22   5 0.28
 22   6 0.25
 22   7 0.25
 22   8 0.30
 22   9 0.13
 22  10 0.17
 22  11 0.15
 22  12 0.06
 22  13 0.19
 22  14 0.29
 22  15 0.22
 22  16 0.12
 22  17 0.14
 22  18 0.23
 22  19 0.20
 22  20 0.30
 22  21 0.19
  1   1 0.94
  1   2 0.56
  1   3 0.10
  1   5 0.19
  1   6 0.43
  1   7 0.41
  1   8 0.34
  1   9 0.14
  1  10 0.44
  1  11 0.15
  1  12 0.44
  1  13 0.36
  1  14 0.17
  1  15 0.20
  1  16 0.56
  1  17 0.32
  1  18 0.39
  1  19 0.40
  1  20 0.38
  1  21 0.43
  2   1 0.55
  2   2 0.92
  2   3 0.17
  2   5 0.46
  2   6 0.52
  2   7 0.35
  2   8 0.53
  2   9 0.29
  2  10 0.41
  2  11 0.15
  2  12 0.24
  2  13 0.41
  2  14 0.42
  2  15 0.21
  2  16 0.34
  2  17 0.43
  2  18 0.58
  2  19 0.36
  2  20 0.62
  2  21 0.32
  3   1 0.24
  3   2 0.47
  3   3 0.80
  3   5 0.41
  3   6 0.41
  3   7 0.31
  3   8 0.37
  3   9 0.56
  3  10 0.31
  3  11 0.38
  3  12 0.23
  3  13 0.50
  3  14 0.52
  3  15 0.49
  3  16 0.38
  3  17 0.42
  3  18 0.72
  3  19 0.43
  3  20 0.49
  3  21 0.26
  4   1 0.25
  4   2 0.26
  4   3 0.22
  4   5 0.21
  4   6 0.54
  4   7 0.31
  4   8 0.30
  4   9 0.17
  4  10 0.41
  4  11 0.37
  4  12 0.51
  4  13 0.57
  4  14 0.28
  4  15 0.41
  4  16 0.49
  4  17 0.59
  4  18 0.36
  4  19 0.55
  4  20 0.36
  4  21 0.36
  5   1 0.23
  5   2 0.67
  5   3 0.28
  5   5 0.92
  5   6 0.69
  5   7 0.47
  5   8 0.73
  5   9 0.46
  5  10 0.52
  5  11 0.48
  5  12 0.25
  5  13 0.67
  5  14 0.68
  5  15 0.61
  5  16 0.39
  5  17 0.48
  5  18 0.59
  5  19 0.53
  5  20 0.71
  5  21 0.43
  6   1 0.41
  6   2 0.73
  6   3 0.37
  6   5 0.60
  6   6 0.84
  6   7 0.62
  6   8 0.71
  6   9 0.48
  6  10 0.63
  6  11 0.43
  6  12 0.38
  6  13 0.77
  6  14 0.63
  6  15 0.61
  6  16 0.60
  6  17 0.72
  6  18 0.81
  6  19 0.71
  6  20 0.86
  6  21 0.47
  7   1 0.43
  7   2 0.59
  7   3 0.11
  7   5 0.41
  7   6 0.68
  7   7 0.91
  7   8 0.68
  7   9 0.15
  7  10 0.46
  7  11 0.31
  7  12 0.39
  7  13 0.48
  7  14 0.47
  7  15 0.36
  7  16 0.57
  7  17 0.43
  7  18 0.56
  7  19 0.72
  7  20 0.69
  7  21 0.42
  8   1 0.52
  8   2 0.63
  8   3 0.24
  8   5 0.57
  8   6 0.84
  8   7 0.74
  8   8 0.92
  8   9 0.35
  8  10 0.67
  8  11 0.48
  8  12 0.50
  8  13 0.73
  8  14 0.60
  8  15 0.58
  8  16 0.67
  8  17 0.54
  8  18 0.65
  8  19 0.74
  8  20 0.72
  8  21 0.53
  9   1 0.20
  9   2 0.41
  9   3 0.74
  9   5 0.49
  9   6 0.37
  9   7 0.16
  9   8 0.38
  9   9 0.91
  9  10 0.34
  9  11 0.22
  9  12 0.08
  9  13 0.41
  9  14 0.48
  9  15 0.40
  9  16 0.17
  9  17 0.35
  9  18 0.45
  9  19 0.23
  9  20 0.46
  9  21 0.22
 10   1 0.55
 10   2 0.46
 10   3 0.26
 10   5 0.31
 10   6 0.63
 10   7 0.53
 10   8 0.45
 10   9 0.29
 10  10 0.81
 10  11 0.39
 10  12 0.66
 10  13 0.62
 10  14 0.42
 10  15 0.44
 10  16 0.77
 10  17 0.50
 10  18 0.57
 10  19 0.59
 10  20 0.52
 10  21 0.55
 11   1 0.22
 11   2 0.37
 11   3 0.47
 11   5 0.57
 11   6 0.58
 11   7 0.43
 11   8 0.55
 11   9 0.44
 11  10 0.39
 11  11 0.94
 11  12 0.39
 11  13 0.67
 11  14 0.64
 11  15 0.74
 11  16 0.51
 11  17 0.59
 11  18 0.61
 11  19 0.65
 11  20 0.58
 11  21 0.44
 12   1 0.37
 12   2 0.48
 12   3 0.30
 12   5 0.44
 12   6 0.76
 12   7 0.65
 12   8 0.59
 12   9 0.24
 12  10 0.57
 12  11 0.55
 12  12 0.68
 12  13 0.70
 12  14 0.61
 12  15 0.61
 12  16 0.73
 12  17 0.65
 12  18 0.55
 12  19 0.88
 12  20 0.69
 12  21 0.55
 13   1 0.40
 13   2 0.51
 13   3 0.39
 13   5 0.62
 13   6 0.80
 13   7 0.58
 13   8 0.71
 13   9 0.48
 13  10 0.69
 13  11 0.67
 13  12 0.50
 13  13 0.94
 13  14 0.66
 13  15 0.79
 13  16 0.73
 13  17 0.70
 13  18 0.73
 13  19 0.76
 13  20 0.70
 13  21 0.58
 14   1 0.18
 14   2 0.67
 14   3 0.45
 14   5 0.67
 14   6 0.63
 14   7 0.46
 14   8 0.61
 14   9 0.56
 14  10 0.56
 14  11 0.47
 14  12 0.36
 14  13 0.64
 14  14 0.88
 14  15 0.55
 14  16 0.42
 14  17 0.64
 14  18 0.74
 14  19 0.58
 14  20 0.81
 14  21 0.49
 15   1 0.26
 15   2 0.31
 15   3 0.46
 15   5 0.66
 15   6 0.67
 15   7 0.44
 15   8 0.60
 15   9 0.55
 15  10 0.46
 15  11 0.73
 15  12 0.31
 15  13 0.78
 15  14 0.67
 15  15 0.97
 15  16 0.52
 15  17 0.62
 15  18 0.57
 15  19 0.69
 15  20 0.57
 15  21 0.48
 16   1 0.78
 16   2 0.36
 16   3 0.21
 16   5 0.18
 16   6 0.48
 16   7 0.42
 16   8 0.28
 16   9 0.16
 16  10 0.53
 16  11 0.34
 16  12 0.63
 16  13 0.49
 16  14 0.23
 16  15 0.36
 16  16 0.80
 16  17 0.41
 16  18 0.44
 16  19 0.55
 16  20 0.40
 16  21 0.41
 17   1 0.41
 17   2 0.50
 17   3 0.35
 17   5 0.41
 17   6 0.71
 17   7 0.45
 17   8 0.47
 17   9 0.41
 17  10 0.59
 17  11 0.56
 17  12 0.55
 17  13 0.77
 17  14 0.51
 17  15 0.61
 17  16 0.69
 17  17 0.88
 17  18 0.59
 17  19 0.73
 17  20 0.63
 17  21 0.50
 18   1 0.50
 18   2 0.66
 18   3 0.44
 18   5 0.49
 18   6 0.59
 18   7 0.51
 18   8 0.56
 18   9 0.38
 18  10 0.50
 18  11 0.47
 18  12 0.42
 18  13 0.66
 18  14 0.59
 18  15 0.53
 18  16 0.57
 18  17 0.49
 18  18 0.92
 18  19 0.54
 18  20 0.66
 18  21 0.53
 19   1 0.52
 19   2 0.83
 19   3 0.34
 19   5 0.56
 19   6 0.78
 19   7 0.64
 19   8 0.67
 19   9 0.41
 19  10 0.58
 19  11 0.42
 19  12 0.42
 19  13 0.68
 19  14 0.65
 19  15 0.54
 19  16 0.62
 19  17 0.68
 19  18 0.79
 19  19 0.77
 19  20 0.88
 19  21 0.44
 20   1 0.47
 20   2 0.85
 20   3 0.27
 20   5 0.59
 20   6 0.71
 20   7 0.55
 20   8 0.67
 20   9 0.42
 20  10 0.58
 20  11 0.34
 20  12 0.33
 20  13 0.63
 20  14 0.65
 20  15 0.44
 20  16 0.52
 20  17 0.58
 20  18 0.80
 20  19 0.59
 20  20 0.89
 20  21 0.42
 21   1 0.41
 21   2 0.39
 21   3 0.22
 21   5 0.48
 21   6 0.56
 21   7 0.50
 21   8 0.49
 21   9 0.30
 21  10 0.44
 21  11 0.42
 21  12 0.47
 21  13 0.60
 21  14 0.54
 21  15 0.60
 21  16 0.46
 21  17 0.42
 21  18 0.49
 21  19 0.54
 21  20 0.49
 21  21 0.90
 22   1 0.09
 22   2 0.21
 22   3 0.08
 22   5 0.28
 22   6 0.25
 22   7 0.25
 22   8 0.30
 22   9 0.13
 22  10 0.17
 22  11 0.15
 22  12 0.06
 22  13 0.19
 22  14 0.29
 22  15 0.22
 22  16 0.12
 22  17 0.14
 22  18 0.23
 22  19 0.20
 22  20 0.30
 22  21 0.19
