  1   1 0.91
  1   2 0.70
  1   3 0.26
  1   4 0.22
  1   5 0.19
  1   6 0.24
  1   7 0.29
  1   8 0.37
  1   9 0.29
  1  10 0.17
  1  11 0.21
  1  12 0.22
  1  13 0.23
  1  14 0.21
  1  15 0.13
  1  16 0.23
  1  17 0.24
  1  18 0.32
  1  19 0.32
  1  20 0.14
  1  21 0.27
  1  22 0.31
  2   1 0.66
  2   2 0.95
  2   3 0.18
  2   4 0.19
  2   5 0.13
  2   6 0.20
  2   7 0.26
  2   8 0.32
  2   9 0.24
  2  10 0.12
  2  11 0.15
  2  12 0.23
  2  13 0.17
  2  14 0.21
  2  15 0.11
  2  16 0.19
  2  17 0.19
  2  18 0.29
  2  19 0.30
  2  20 0.14
  2  21 0.23
  2  22 0.30
  3   1 0.32
  3   2 0.22
  3   3 0.94
  3   4 0.16
  3   5 0.63
  3   6 0.74
  3   7 0.10
  3   8 0.23
  3   9 0.56
  3  10 0.70
  3  11 0.67
  3  12 0.52
  3  13 0.75
  3  14 0.64
  3  15 0.54
  3  16 0.66
  3  17 0.65
  3  18 0.63
  3  19 0.65
  3  20 0.40
  3  21 0.38
  3  22 0.60
  4   1 0.31
  4   2 0.23
  4   3 0.16
  4   4 0.88
  4   5 0.27
  4   6 0.19
  4   7 0.25
  4   8 0.25
  4   9 0.30
  4  10 0.17
  4  11 0.26
  4  12 0.31
  4  13 0.26
  4  14 0.15
  4  15 0.21
  4  16 0.22
  4  17 0.28
  4  18 0.30
  4  19 0.25
  4  20 0.11
  4  21 0.42
  4  22 0.19
  5   1 0.32
  5   2 0.21
  5   3 0.59
  5   4 0.32
  5   5 0.91
  5   6 0.65
  5   7 0.22
  5   8 0.36
  5   9 0.50
  5  10 0.61
  5  11 0.59
  5  12 0.45
  5  13 0.67
  5  14 0.56
  5  15 0.56
  5  16 0.62
  5  17 0.51
  5  18 0.57
  5  19 0.54
  5  20 0.29
  5  21 0.51
  5  22 0.57
  6   1 0.37
  6   2 0.27
  6   3 0.70
  6   4 0.22
  6   5 0.68
  6   6 0.92
  6   7 0.19
  6   8 0.25
  6   9 0.56
  6  10 0.58
  6  11 0.67
  6  12 0.53
  6  13 0.67
  6  14 0.65
  6  15 0.50
  6  16 0.61
  6  17 0.57
  6  18 0.70
  6  19 0.67
  6  20 0.35
  6  21 0.43
  6  22 0.62
  7   1 0.36
  7   2 0.29
  7   3 0.30
  7   4 0.35
  7   5 0.40
  7   6 0.23
  7   7 0.66
  7   8 0.41
  7   9 0.28
  7  10 0.27
  7  11 0.25
  7  12 0.24
  7  13 0.29
  7  14 0.21
  7  15 0.25
  7  16 0.29
  7  17 0.26
  7  18 0.39
  7  19 0.31
  7  20 0.09
  7  21 0.44
  7  22 0.36
  8   1 0.45
  8   2 0.37
  8   3 0.23
  8   4 0.25
  8   5 0.30
  8   6 0.20
  8   7 0.32
  8   8 0.88
  8   9 0.23
  8  10 0.32
  8  11 0.20
  8  12 0.18
  8  13 0.22
  8  14 0.18
  8  15 0.28
  8  16 0.29
  8  17 0.20
  8  18 0.30
  8  19 0.26
  8  20 0.08
  8  21 0.30
  8  22 0.33
  9   1 0.30
  9   2 0.22
  9   3 0.50
  9   4 0.29
  9   5 0.45
  9   6 0.51
  9   7 0.12
  9   8 0.19
  9   9 0.93
  9  10 0.43
  9  11 0.59
  9  12 0.66
  9  13 0.55
  9  14 0.57
  9  15 0.42
  9  16 0.48
  9  17 0.59
  9  18 0.53
  9  19 0.64
  9  20 0.43
  9  21 0.46
  9  22 0.35
 10   1 0.13
 10   2 0.10
 10   3 0.57
 10   4 0.09
 10   5 0.57
 10   6 0.57
 10   7 0.06
 10   8 0.26
 10   9 0.37
 10  10 0.88
 10  11 0.53
 10  12 0.39
 10  13 0.61
 10  14 0.53
 10  15 0.67
 10  16 0.61
 10  17 0.51
 10  18 0.48
 10  19 0.46
 10  20 0.37
 10  21 0.29
 10  22 0.37
 11   1 0.25
 11   2 0.15
 11   3 0.61
 11   4 0.22
 11   5 0.59
 11   6 0.69
 11   7 0.09
 11   8 0.20
 11   9 0.54
 11  10 0.55
 11  11 0.97
 11  12 0.63
 11  13 0.71
 11  14 0.57
 11  15 0.54
 11  16 0.64
 11  17 0.66
 11  18 0.70
 11  19 0.59
 11  20 0.38
 11  21 0.35
 11  22 0.54
 12   1 0.19
 12   2 0.20
 12   3 0.37
 12   4 0.20
 12   5 0.32
 12   6 0.45
 12   7 0.08
 12   8 0.12
 12   9 0.55
 12  10 0.35
 12  11 0.54
 12  12 0.90
 12  13 0.44
 12  14 0.47
 12  15 0.34
 12  16 0.42
 12  17 0.45
 12  18 0.41
 12  19 0.47
 12  20 0.45
 12  21 0.25
 12  22 0.33
 13   1 0.28
 13   2 0.21
 13   3 0.68
 13   4 0.25
 13   5 0.68
 13   6 0.66
 13   7 0.11
 13   8 0.21
 13   9 0.65
 13  10 0.61
 13  11 0.75
 13  12 0.58
 13  13 0.95
 13  14 0.64
 13  15 0.54
 13  16 0.71
 13  17 0.68
 13  18 0.63
 13  19 0.68
 13  20 0.36
 13  21 0.43
 13  22 0.49
 14   1 0.21
 14   2 0.17
 14   3 0.58
 14   4 0.10
 14   5 0.52
 14   6 0.64
 14   7 0.08
 14   8 0.15
 14   9 0.60
 14  10 0.53
 14  11 0.61
 14  12 0.52
 14  13 0.63
 14  14 0.91
 14  15 0.47
 14  16 0.61
 14  17 0.64
 14  18 0.53
 14  19 0.67
 14  20 0.49
 14  21 0.29
 14  22 0.38
 15   1 0.16
 15   2 0.10
 15   3 0.49
 15   4 0.13
 15   5 0.56
 15   6 0.55
 15   7 0.07
 15   8 0.26
 15   9 0.36
 15  10 0.66
 15  11 0.53
 15  12 0.38
 15  13 0.53
 15  14 0.43
 15  15 0.95
 15  16 0.51
 15  17 0.48
 15  18 0.45
 15  19 0.39
 15  20 0.39
 15  21 0.29
 15  22 0.36
 16   1 0.28
 16   2 0.22
 16   3 0.57
 16   4 0.20
 16   5 0.63
 16   6 0.60
 16   7 0.14
 16   8 0.29
 16   9 0.50
 16  10 0.58
 16  11 0.65
 16  12 0.48
 16  13 0.71
 16  14 0.60
 16  15 0.50
 16  16 0.94
 16  17 0.62
 16  18 0.55
 16  19 0.55
 16  20 0.33
 16  21 0.42
 16  22 0.49
 17   1 0.27
 17   2 0.20
 17   3 0.59
 17   4 0.24
 17   5 0.49
 17   6 0.55
 17   7 0.11
 17   8 0.18
 17   9 0.60
 17  10 0.53
 17  11 0.67
 17  12 0.53
 17  13 0.67
 17  14 0.59
 17  15 0.54
 17  16 0.62
 17  17 0.95
 17  18 0.61
 17  19 0.60
 17  20 0.42
 17  21 0.38
 17  22 0.45
 18   1 0.37
 18   2 0.29
 18   3 0.64
 18   4 0.24
 18   5 0.56
 18   6 0.65
 18   7 0.19
 18   8 0.28
 18   9 0.54
 18  10 0.60
 18  11 0.74
 18  12 0.56
 18  13 0.64
 18  14 0.57
 18  15 0.50
 18  16 0.59
 18  17 0.65
 18  18 0.93
 18  19 0.62
 18  20 0.32
 18  21 0.42
 18  22 0.68
 19   1 0.37
 19   2 0.30
 19   3 0.64
 19   4 0.20
 19   5 0.52
 19   6 0.66
 19   7 0.21
 19   8 0.28
 19   9 0.62
 19  10 0.54
 19  11 0.61
 19  12 0.53
 19  13 0.64
 19  14 0.68
 19  15 0.41
 19  16 0.55
 19  17 0.61
 19  18 0.62
 19  19 0.92
 19  20 0.34
 19  21 0.36
 19  22 0.56
 20   1 0.14
 20   2 0.13
 20   3 0.34
 20   4 0.10
 20   5 0.31
 20   6 0.43
 20   7 0.05
 20   8 0.07
 20   9 0.41
 20  10 0.36
 20  11 0.39
 20  12 0.46
 20  13 0.36
 20  14 0.47
 20  15 0.39
 20  16 0.37
 20  17 0.41
 20  18 0.29
 20  19 0.36
 20  20 0.95
 20  21 0.18
 20  22 0.20
 21   1 0.38
 21   2 0.28
 21   3 0.38
 21   4 0.39
 21   5 0.51
 21   6 0.38
 21   7 0.28
 21   8 0.31
 21   9 0.45
 21  10 0.37
 21  11 0.37
 21  12 0.36
 21  13 0.42
 21  14 0.30
 21  15 0.35
 21  16 0.43
 21  17 0.40
 21  18 0.50
 21  19 0.39
 21  20 0.17
 21  21 0.88
 21  22 0.42
 22   1 0.46
 22   2 0.35
 22   3 0.60
 22   4 0.19
 22   5 0.52
 22   6 0.55
 22   7 0.22
 22   8 0.36
 22   9 0.38
 22  10 0.45
 22  11 0.54
 22  12 0.39
 22  13 0.50
 22  14 0.44
 22  15 0.36
 22  16 0.48
 22  17 0.47
 22  18 0.65
 22  19 0.50
 22  20 0.16
 22  21 0.38
 22  22 0.93
  1   1 0.91
  1   2 0.70
  1   3 0.25
  1   4 0.22
  1   5 0.19
  1   6 0.23
  1   7 0.29
  1   8 0.37
  1   9 0.29
  1  10 0.17
  1  11 0.21
  1  12 0.22
  1  13 0.22
  1  14 0.21
  1  15 0.13
  1  16 0.22
  1  17 0.24
  1  18 0.32
  1  19 0.31
  1  20 0.14
  1  21 0.27
  1  22 0.31
  2   1 0.66
  2   2 0.95
  2   3 0.18
  2   4 0.19
  2   5 0.13
  2   6 0.19
  2   7 0.26
  2   8 0.32
  2   9 0.23
  2  10 0.12
  2  11 0.15
  2  12 0.22
  2  13 0.17
  2  14 0.21
  2  15 0.10
  2  16 0.19
  2  17 0.19
  2  18 0.28
  2  19 0.30
  2  20 0.14
  2  21 0.23
  2  22 0.30
  3   1 0.32
  3   2 0.22
  3   3 0.94
  3   4 0.15
  3   5 0.63
  3   6 0.74
  3   7 0.10
  3   8 0.23
  3   9 0.56
  3  10 0.70
  3  11 0.67
  3  12 0.51
  3  13 0.75
  3  14 0.64
  3  15 0.54
  3  16 0.66
  3  17 0.65
  3  18 0.63
  3  19 0.65
  3  20 0.39
  3  21 0.38
  3  22 0.60
  4   1 0.31
  4   2 0.22
  4   3 0.16
  4   4 0.88
  4   5 0.27
  4   6 0.19
  4   7 0.25
  4   8 0.25
  4   9 0.30
  4  10 0.17
  4  11 0.26
  4  12 0.31
  4  13 0.26
  4  14 0.15
  4  15 0.20
  4  16 0.22
  4  17 0.28
  4  18 0.30
  4  19 0.25
  4  20 0.11
  4  21 0.42
  4  22 0.19
  5   1 0.32
  5   2 0.21
  5   3 0.59
  5   4 0.31
  5   5 0.91
  5   6 0.65
  5   7 0.22
  5   8 0.36
  5   9 0.49
  5  10 0.61
  5  11 0.59
  5  12 0.45
  5  13 0.67
  5  14 0.55
  5  15 0.56
  5  16 0.62
  5  17 0.51
  5  18 0.57
  5  19 0.53
  5  20 0.29
  5  21 0.51
  5  22 0.57
  6   1 0.37
  6   2 0.27
  6   3 0.70
  6   4 0.22
  6   5 0.67
  6   6 0.92
  6   7 0.19
  6   8 0.25
  6   9 0.56
  6  10 0.58
  6  11 0.67
  6  12 0.53
  6  13 0.67
  6  14 0.65
  6  15 0.50
  6  16 0.61
  6  17 0.57
  6  18 0.69
  6  19 0.67
  6  20 0.35
  6  21 0.43
  6  22 0.62
  7   1 0.36
  7   2 0.29
  7   3 0.30
  7   4 0.35
  7   5 0.40
  7   6 0.23
  7   7 0.66
  7   8 0.41
  7   9 0.28
  7  10 0.26
  7  11 0.24
  7  12 0.24
  7  13 0.29
  7  14 0.21
  7  15 0.25
  7  16 0.29
  7  17 0.26
  7  18 0.39
  7  19 0.30
  7  20 0.09
  7  21 0.44
  7  22 0.36
  8   1 0.45
  8   2 0.37
  8   3 0.23
  8   4 0.25
  8   5 0.30
  8   6 0.20
  8   7 0.32
  8   8 0.88
  8   9 0.23
  8  10 0.32
  8  11 0.20
  8  12 0.18
  8  13 0.22
  8  14 0.18
  8  15 0.28
  8  16 0.29
  8  17 0.20
  8  18 0.30
  8  19 0.26
  8  20 0.08
  8  21 0.30
  8  22 0.33
  9   1 0.30
  9   2 0.22
  9   3 0.50
  9   4 0.29
  9   5 0.45
  9   6 0.51
  9   7 0.12
  9   8 0.19
  9   9 0.92
  9  10 0.43
  9  11 0.59
  9  12 0.66
  9  13 0.55
  9  14 0.57
  9  15 0.42
  9  16 0.48
  9  17 0.58
  9  18 0.53
  9  19 0.64
  9  20 0.43
  9  21 0.46
  9  22 0.35
 10   1 0.12
 10   2 0.10
 10   3 0.56
 10   4 0.09
 10   5 0.56
 10   6 0.57
 10   7 0.06
 10   8 0.26
 10   9 0.37
 10  10 0.88
 10  11 0.52
 10  12 0.39
 10  13 0.61
 10  14 0.53
 10  15 0.67
 10  16 0.61
 10  17 0.51
 10  18 0.48
 10  19 0.45
 10  20 0.37
 10  21 0.28
 10  22 0.37
 11   1 0.25
 11   2 0.15
 11   3 0.61
 11   4 0.21
 11   5 0.58
 11   6 0.69
 11   7 0.08
 11   8 0.19
 11   9 0.54
 11  10 0.55
 11  11 0.97
 11  12 0.63
 11  13 0.71
 11  14 0.57
 11  15 0.54
 11  16 0.63
 11  17 0.65
 11  18 0.70
 11  19 0.59
 11  20 0.37
 11  21 0.35
 11  22 0.54
 12   1 0.18
 12   2 0.20
 12   3 0.37
 12   4 0.20
 12   5 0.31
 12   6 0.45
 12   7 0.07
 12   8 0.12
 12   9 0.55
 12  10 0.34
 12  11 0.54
 12  12 0.90
 12  13 0.44
 12  14 0.47
 12  15 0.34
 12  16 0.42
 12  17 0.45
 12  18 0.41
 12  19 0.47
 12  20 0.45
 12  21 0.25
 12  22 0.33
 13   1 0.28
 13   2 0.21
 13   3 0.68
 13   4 0.24
 13   5 0.68
 13   6 0.66
 13   7 0.11
 13   8 0.21
 13   9 0.64
 13  10 0.61
 13  11 0.75
 13  12 0.58
 13  13 0.95
 13  14 0.64
 13  15 0.54
 13  16 0.71
 13  17 0.68
 13  18 0.63
 13  19 0.68
 13  20 0.36
 13  21 0.43
 13  22 0.49
 14   1 0.20
 14   2 0.17
 14   3 0.58
 14   4 0.10
 14   5 0.52
 14   6 0.64
 14   7 0.08
 14   8 0.15
 14   9 0.60
 14  10 0.53
 14  11 0.61
 14  12 0.52
 14  13 0.63
 14  14 0.91
 14  15 0.47
 14  16 0.61
 14  17 0.64
 14  18 0.53
 14  19 0.67
 14  20 0.49
 14  21 0.29
 14  22 0.38
 15   1 0.16
 15   2 0.10
 15   3 0.49
 15   4 0.12
 15   5 0.55
 15   6 0.55
 15   7 0.07
 15   8 0.26
 15   9 0.36
 15  10 0.66
 15  11 0.53
 15  12 0.38
 15  13 0.53
 15  14 0.43
 15  15 0.95
 15  16 0.51
 15  17 0.48
 15  18 0.45
 15  19 0.39
 15  20 0.39
 15  21 0.29
 15  22 0.36
 16   1 0.28
 16   2 0.22
 16   3 0.56
 16   4 0.20
 16   5 0.63
 16   6 0.60
 16   7 0.14
 16   8 0.29
 16   9 0.49
 16  10 0.57
 16  11 0.65
 16  12 0.48
 16  13 0.71
 16  14 0.60
 16  15 0.50
 16  16 0.94
 16  17 0.62
 16  18 0.55
 16  19 0.55
 16  20 0.33
 16  21 0.42
 16  22 0.49
 17   1 0.26
 17   2 0.20
 17   3 0.58
 17   4 0.24
 17   5 0.49
 17   6 0.55
 17   7 0.11
 17   8 0.18
 17   9 0.60
 17  10 0.53
 17  11 0.67
 17  12 0.53
 17  13 0.67
 17  14 0.59
 17  15 0.54
 17  16 0.62
 17  17 0.95
 17  18 0.61
 17  19 0.60
 17  20 0.42
 17  21 0.37
 17  22 0.45
 18   1 0.36
 18   2 0.29
 18   3 0.64
 18   4 0.23
 18   5 0.56
 18   6 0.65
 18   7 0.19
 18   8 0.28
 18   9 0.54
 18  10 0.60
 18  11 0.73
 18  12 0.56
 18  13 0.64
 18  14 0.57
 18  15 0.50
 18  16 0.59
 18  17 0.65
 18  18 0.93
 18  19 0.62
 18  20 0.31
 18  21 0.42
 18  22 0.68
 19   1 0.37
 19   2 0.30
 19   3 0.64
 19   4 0.20
 19   5 0.52
 19   6 0.66
 19   7 0.21
 19   8 0.28
 19   9 0.62
 19  10 0.54
 19  11 0.60
 19  12 0.53
 19  13 0.64
 19  14 0.67
 19  15 0.41
 19  16 0.55
 19  17 0.61
 19  18 0.62
 19  19 0.92
 19  20 0.33
 19  21 0.36
 19  22 0.56
 20   1 0.13
 20   2 0.13
 20   3 0.34
 20   4 0.10
 20   5 0.31
 20   6 0.43
 20   7 0.05
 20   8 0.07
 20   9 0.40
 20  10 0.35
 20  11 0.39
 20  12 0.46
 20  13 0.36
 20  14 0.47
 20  15 0.38
 20  16 0.37
 20  17 0.41
 20  18 0.29
 20  19 0.36
 20  20 0.95
 20  21 0.18
 20  22 0.19
 21   1 0.38
 21   2 0.28
 21   3 0.38
 21   4 0.39
 21   5 0.51
 21   6 0.38
 21   7 0.28
 21   8 0.31
 21   9 0.45
 21  10 0.37
 21  11 0.37
 21  12 0.36
 21  13 0.42
 21  14 0.30
 21  15 0.35
 21  16 0.43
 21  17 0.39
 21  18 0.50
 21  19 0.39
 21  20 0.16
 21  21 0.88
 21  22 0.41
 22   1 0.46
 22   2 0.35
 22   3 0.60
 22   4 0.18
 22   5 0.52
 22   6 0.55
 22   7 0.22
 22   8 0.36
 22   9 0.38
 22  10 0.45
 22  11 0.54
 22  12 0.39
 22  13 0.50
 22  14 0.44
 22  15 0.36
 22  16 0.48
 22  17 0.47
 22  18 0.65
 22  19 0.49
 22  20 0.16
 22  21 0.38
 22  22 0.93
  1   1 0.91
  1   2 0.70
  1   3 0.25
  1   4 0.22
  1   5 0.19
  1   6 0.23
  1   7 0.29
  1   8 0.37
  1   9 0.29
  1  10 0.17
  1  11 0.21
  1  12 0.22
  1  13 0.22
  1  14 0.21
  1  15 0.13
  1  16 0.22
  1  17 0.24
  1  18 0.32
  1  19 0.31
  1  20 0.14
  1  21 0.27
  1  22 0.31
  2   1 0.66
  2   2 0.95
  2   3 0.18
  2   4 0.19
  2   5 0.13
  2   6 0.19
  2   7 0.26
  2   8 0.32
  2   9 0.23
  2  10 0.12
  2  11 0.15
  2  12 0.22
  2  13 0.17
  2  14 0.21
  2  15 0.10
  2  16 0.19
  2  17 0.19
  2  18 0.28
  2  19 0.30
  2  20 0.14
  2  21 0.23
  2  22 0.30
  3   1 0.32
  3   2 0.22
  3   3 0.94
  3   4 0.15
  3   5 0.63
  3   6 0.74
  3   7 0.10
  3   8 0.23
  3   9 0.56
  3  10 0.70
  3  11 0.67
  3  12 0.51
  3  13 0.75
  3  14 0.64
  3  15 0.54
  3  16 0.66
  3  17 0.65
  3  18 0.63
  3  19 0.65
  3  20 0.39
  3  21 0.38
  3  22 0.60
  4   1 0.31
  4   2 0.22
  4   3 0.16
  4   4 0.88
  4   5 0.27
  4   6 0.19
  4   7 0.25
  4   8 0.25
  4   9 0.30
  4  10 0.17
  4  11 0.26
  4  12 0.31
  4  13 0.26
  4  14 0.15
  4  15 0.20
  4  16 0.22
  4  17 0.28
  4  18 0.30
  4  19 0.25
  4  20 0.11
  4  21 0.42
  4  22 0.19
  5   1 0.32
  5   2 0.21
  5   3 0.59
  5   4 0.31
  5   5 0.91
  5   6 0.65
  5   7 0.22
  5   8 0.36
  5   9 0.49
  5  10 0.61
  5  11 0.59
  5  12 0.45
  5  13 0.67
  5  14 0.55
  5  15 0.56
  5  16 0.62
  5  17 0.51
  5  18 0.57
  5  19 0.53
  5  20 0.29
  5  21 0.51
  5  22 0.57
  6   1 0.37
  6   2 0.27
  6   3 0.70
  6   4 0.22
  6   5 0.67
  6   6 0.92
  6   7 0.19
  6   8 0.25
  6   9 0.56
  6  10 0.58
  6  11 0.67
  6  12 0.53
  6  13 0.67
  6  14 0.65
  6  15 0.50
  6  16 0.61
  6  17 0.57
  6  18 0.69
  6  19 0.67
  6  20 0.35
  6  21 0.43
  6  22 0.62
  7   1 0.36
  7   2 0.29
  7   3 0.30
  7   4 0.35
  7   5 0.40
  7   6 0.23
  7   7 0.66
  7   8 0.41
  7   9 0.28
  7  10 0.26
  7  11 0.24
  7  12 0.24
  7  13 0.29
  7  14 0.21
  7  15 0.25
  7  16 0.29
  7  17 0.26
  7  18 0.39
  7  19 0.30
  7  20 0.09
  7  21 0.44
  7  22 0.36
  8   1 0.45
  8   2 0.37
  8   3 0.23
  8   4 0.25
  8   5 0.30
  8   6 0.20
  8   7 0.32
  8   8 0.88
  8   9 0.23
  8  10 0.32
  8  11 0.20
  8  12 0.18
  8  13 0.22
  8  14 0.18
  8  15 0.28
  8  16 0.29
  8  17 0.20
  8  18 0.30
  8  19 0.26
  8  20 0.08
  8  21 0.30
  8  22 0.33
  9   1 0.30
  9   2 0.22
  9   3 0.50
  9   4 0.29
  9   5 0.45
  9   6 0.51
  9   7 0.12
  9   8 0.19
  9   9 0.92
  9  10 0.43
  9  11 0.59
  9  12 0.66
  9  13 0.55
  9  14 0.57
  9  15 0.42
  9  16 0.48
  9  17 0.58
  9  18 0.53
  9  19 0.64
  9  20 0.43
  9  21 0.46
  9  22 0.35
 10   1 0.12
 10   2 0.10
 10   3 0.56
 10   4 0.09
 10   5 0.56
 10   6 0.57
 10   7 0.06
 10   8 0.26
 10   9 0.37
 10  10 0.88
 10  11 0.52
 10  12 0.39
 10  13 0.61
 10  14 0.53
 10  15 0.67
 10  16 0.61
 10  17 0.51
 10  18 0.48
 10  19 0.45
 10  20 0.37
 10  21 0.28
 10  22 0.37
 11   1 0.25
 11   2 0.15
 11   3 0.61
 11   4 0.21
 11   5 0.58
 11   6 0.69
 11   7 0.08
 11   8 0.19
 11   9 0.54
 11  10 0.55
 11  11 0.97
 11  12 0.63
 11  13 0.71
 11  14 0.57
 11  15 0.54
 11  16 0.63
 11  17 0.65
 11  18 0.70
 11  19 0.59
 11  20 0.37
 11  21 0.35
 11  22 0.54
 12   1 0.18
 12   2 0.20
 12   3 0.37
 12   4 0.20
 12   5 0.31
 12   6 0.45
 12   7 0.07
 12   8 0.12
 12   9 0.55
 12  10 0.34
 12  11 0.54
 12  12 0.90
 12  13 0.44
 12  14 0.47
 12  15 0.34
 12  16 0.42
 12  17 0.45
 12  18 0.41
 12  19 0.47
 12  20 0.45
 12  21 0.25
 12  22 0.33
 13   1 0.28
 13   2 0.21
 13   3 0.68
 13   4 0.24
 13   5 0.68
 13   6 0.66
 13   7 0.11
 13   8 0.21
 13   9 0.64
 13  10 0.61
 13  11 0.75
 13  12 0.58
 13  13 0.95
 13  14 0.64
 13  15 0.54
 13  16 0.71
 13  17 0.68
 13  18 0.63
 13  19 0.68
 13  20 0.36
 13  21 0.43
 13  22 0.49
 14   1 0.20
 14   2 0.17
 14   3 0.58
 14   4 0.10
 14   5 0.52
 14   6 0.64
 14   7 0.08
 14   8 0.15
 14   9 0.60
 14  10 0.53
 14  11 0.61
 14  12 0.52
 14  13 0.63
 14  14 0.91
 14  15 0.47
 14  16 0.61
 14  17 0.64
 14  18 0.53
 14  19 0.67
 14  20 0.49
 14  21 0.29
 14  22 0.38
 15   1 0.16
 15   2 0.10
 15   3 0.49
 15   4 0.12
 15   5 0.55
 15   6 0.55
 15   7 0.07
 15   8 0.26
 15   9 0.36
 15  10 0.66
 15  11 0.53
 15  12 0.38
 15  13 0.53
 15  14 0.43
 15  15 0.95
 15  16 0.51
 15  17 0.48
 15  18 0.45
 15  19 0.39
 15  20 0.39
 15  21 0.29
 15  22 0.36
 16   1 0.28
 16   2 0.22
 16   3 0.56
 16   4 0.20
 16   5 0.63
 16   6 0.60
 16   7 0.14
 16   8 0.29
 16   9 0.49
 16  10 0.57
 16  11 0.65
 16  12 0.48
 16  13 0.71
 16  14 0.60
 16  15 0.50
 16  16 0.94
 16  17 0.62
 16  18 0.55
 16  19 0.55
 16  20 0.33
 16  21 0.42
 16  22 0.49
 17   1 0.26
 17   2 0.20
 17   3 0.58
 17   4 0.24
 17   5 0.49
 17   6 0.55
 17   7 0.11
 17   8 0.18
 17   9 0.60
 17  10 0.53
 17  11 0.67
 17  12 0.53
 17  13 0.67
 17  14 0.59
 17  15 0.54
 17  16 0.62
 17  17 0.95
 17  18 0.61
 17  19 0.60
 17  20 0.42
 17  21 0.37
 17  22 0.45
 18   1 0.36
 18   2 0.29
 18   3 0.64
 18   4 0.23
 18   5 0.56
 18   6 0.65
 18   7 0.19
 18   8 0.28
 18   9 0.54
 18  10 0.60
 18  11 0.73
 18  12 0.56
 18  13 0.64
 18  14 0.57
 18  15 0.50
 18  16 0.59
 18  17 0.65
 18  18 0.93
 18  19 0.62
 18  20 0.31
 18  21 0.42
 18  22 0.68
 19   1 0.37
 19   2 0.30
 19   3 0.64
 19   4 0.20
 19   5 0.52
 19   6 0.66
 19   7 0.21
 19   8 0.28
 19   9 0.62
 19  10 0.54
 19  11 0.60
 19  12 0.53
 19  13 0.64
 19  14 0.67
 19  15 0.41
 19  16 0.55
 19  17 0.61
 19  18 0.62
 19  19 0.92
 19  20 0.33
 19  21 0.36
 19  22 0.56
 20   1 0.13
 20   2 0.13
 20   3 0.34
 20   4 0.10
 20   5 0.31
 20   6 0.43
 20   7 0.05
 20   8 0.07
 20   9 0.40
 20  10 0.35
 20  11 0.39
 20  12 0.46
 20  13 0.36
 20  14 0.47
 20  15 0.38
 20  16 0.37
 20  17 0.41
 20  18 0.29
 20  19 0.36
 20  20 0.95
 20  21 0.18
 20  22 0.19
 21   1 0.38
 21   2 0.28
 21   3 0.38
 21   4 0.39
 21   5 0.51
 21   6 0.38
 21   7 0.28
 21   8 0.31
 21   9 0.45
 21  10 0.37
 21  11 0.37
 21  12 0.36
 21  13 0.42
 21  14 0.30
 21  15 0.35
 21  16 0.43
 21  17 0.39
 21  18 0.50
 21  19 0.39
 21  20 0.16
 21  21 0.88
 21  22 0.41
 22   1 0.46
 22   2 0.35
 22   3 0.60
 22   4 0.18
 22   5 0.52
 22   6 0.55
 22   7 0.22
 22   8 0.36
 22   9 0.38
 22  10 0.45
 22  11 0.54
 22  12 0.39
 22  13 0.50
 22  14 0.44
 22  15 0.36
 22  16 0.48
 22  17 0.47
 22  18 0.65
 22  19 0.49
 22  20 0.16
 22  21 0.38
 22  22 0.93
