  1   1 0.97
  1   2 0.41
  1   3 0.53
  1   5 0.38
  1   6 0.59
  1   7 0.63
  1   8 0.63
  1   9 0.59
  1  10 0.69
  1  11 0.28
  1  12 0.45
  1  13 0.25
  1  14 0.83
  1  15 0.45
  1  16 0.31
  1  17 0.51
  1  18 0.43
  1  19 0.54
  1  20 0.41
  1  21 0.51
  1  22 0.09
  2   1 0.41
  2   2 0.92
  2   3 0.12
  2   5 0.39
  2   6 0.33
  2   7 0.29
  2   8 0.46
  2   9 0.33
  2  10 0.28
  2  11 0.17
  2  12 0.27
  2  13 0.15
  2  14 0.40
  2  15 0.18
  2  16 0.24
  2  17 0.25
  2  18 0.23
  2  19 0.29
  2  20 0.15
  2  21 0.27
  2  22 0.16
  3   1 0.51
  3   2 0.10
  3   3 0.90
  3   5 0.27
  3   6 0.28
  3   7 0.40
  3   8 0.20
  3   9 0.47
  3  10 0.65
  3  11 0.34
  3  12 0.28
  3  13 0.24
  3  14 0.56
  3  15 0.52
  3  16 0.32
  3  17 0.40
  3  18 0.36
  3  19 0.44
  3  20 0.46
  3  21 0.30
  3  22 0.01
  4   1 0.11
  4   2 0.03
  4   3 0.13
  4   5 0.04
  4   6 0.05
  4   7 0.07
  4   8 0.05
  4   9 0.03
  4  10 0.08
  4  11 0.16
  4  12 0.04
  4  13 0.02
  4  14 0.10
  4  15 0.14
  4  16 0.02
  4  17 0.04
  4  18 0.13
  4  19 0.04
  4  20 0.11
  4  21 0.05
  4  22 0.00
  5   1 0.40
  5   2 0.33
  5   3 0.35
  5   5 0.85
  5   6 0.58
  5   7 0.30
  5   8 0.35
  5   9 0.51
  5  10 0.60
  5  11 0.64
  5  12 0.53
  5  13 0.61
  5  14 0.51
  5  15 0.70
  5  16 0.65
  5  17 0.51
  5  18 0.61
  5  19 0.49
  5  20 0.43
  5  21 0.48
  5  22 0.04
  6   1 0.73
  6   2 0.38
  6   3 0.32
  6   5 0.49
  6   6 0.89
  6   7 0.47
  6   8 0.58
  6   9 0.64
  6  10 0.68
  6  11 0.37
  6  12 0.44
  6  13 0.33
  6  14 0.82
  6  15 0.48
  6  16 0.39
  6  17 0.64
  6  18 0.54
  6  19 0.58
  6  20 0.55
  6  21 0.74
  6  22 0.06
  7   1 0.65
  7   2 0.29
  7   3 0.56
  7   5 0.38
  7   6 0.49
  7   7 0.89
  7   8 0.62
  7   9 0.38
  7  10 0.59
  7  11 0.37
  7  12 0.30
  7  13 0.18
  7  14 0.73
  7  15 0.49
  7  16 0.31
  7  17 0.28
  7  18 0.56
  7  19 0.62
  7  20 0.63
  7  21 0.41
  7  22 0.11
  8   1 0.51
  8   2 0.43
  8   3 0.16
  8   5 0.37
  8   6 0.46
  8   7 0.71
  8   8 0.92
  8   9 0.28
  8  10 0.53
  8  11 0.15
  8  12 0.16
  8  13 0.10
  8  14 0.47
  8  15 0.17
  8  16 0.14
  8  17 0.40
  8  18 0.46
  8  19 0.35
  8  20 0.31
  8  21 0.40
  8  22 0.19
  9   1 0.67
  9   2 0.43
  9   3 0.39
  9   5 0.46
  9   6 0.58
  9   7 0.30
  9   8 0.48
  9   9 0.90
  9  10 0.66
  9  11 0.22
  9  12 0.50
  9  13 0.28
  9  14 0.60
  9  15 0.37
  9  16 0.41
  9  17 0.68
  9  18 0.33
  9  19 0.61
  9  20 0.27
  9  21 0.54
  9  22 0.02
 10   1 0.60
 10   2 0.22
 10   3 0.59
 10   5 0.40
 10   6 0.52
 10   7 0.46
 10   8 0.47
 10   9 0.60
 10  10 0.93
 10  11 0.21
 10  12 0.35
 10  13 0.34
 10  14 0.61
 10  15 0.43
 10  16 0.38
 10  17 0.67
 10  18 0.40
 10  19 0.50
 10  20 0.38
 10  21 0.47
 10  22 0.02
 11   1 0.19
 11   2 0.09
 11   3 0.33
 11   5 0.55
 11   6 0.35
 11   7 0.24
 11   8 0.15
 11   9 0.25
 11  10 0.33
 11  11 0.90
 11  12 0.32
 11  13 0.39
 11  14 0.31
 11  15 0.65
 11  16 0.46
 11  17 0.27
 11  18 0.58
 11  19 0.31
 11  20 0.46
 11  21 0.41
 11  22 0.08
 12   1 0.39
 12   2 0.25
 12   3 0.26
 12   5 0.34
 12   6 0.36
 12   7 0.19
 12   8 0.23
 12   9 0.60
 12  10 0.38
 12  11 0.25
 12  12 0.97
 12  13 0.53
 12  14 0.36
 12  15 0.47
 12  16 0.69
 12  17 0.49
 12  18 0.26
 12  19 0.41
 12  20 0.24
 12  21 0.34
 12  22 0.01
 13   1 0.28
 13   2 0.20
 13   3 0.20
 13   5 0.44
 13   6 0.40
 13   7 0.14
 13   8 0.20
 13   9 0.42
 13  10 0.37
 13  11 0.32
 13  12 0.68
 13  13 0.90
 13  14 0.30
 13  15 0.50
 13  16 0.69
 13  17 0.47
 13  18 0.32
 13  19 0.33
 13  20 0.26
 13  21 0.35
 13  22 0.03
 14   1 0.71
 14   2 0.39
 14   3 0.55
 14   5 0.47
 14   6 0.68
 14   7 0.56
 14   8 0.53
 14   9 0.50
 14  10 0.75
 14  11 0.36
 14  12 0.37
 14  13 0.28
 14  14 0.97
 14  15 0.49
 14  16 0.32
 14  17 0.49
 14  18 0.62
 14  19 0.58
 14  20 0.72
 14  21 0.59
 14  22 0.07
 15   1 0.46
 15   2 0.21
 15   3 0.53
 15   5 0.57
 15   6 0.64
 15   7 0.42
 15   8 0.28
 15   9 0.56
 15  10 0.59
 15  11 0.58
 15  12 0.52
 15  13 0.46
 15  14 0.60
 15  15 0.94
 15  16 0.69
 15  17 0.47
 15  18 0.61
 15  19 0.65
 15  20 0.69
 15  21 0.55
 15  22 0.03
 16   1 0.23
 16   2 0.20
 16   3 0.27
 16   5 0.55
 16   6 0.57
 16   7 0.23
 16   8 0.21
 16   9 0.55
 16  10 0.43
 16  11 0.47
 16  12 0.69
 16  13 0.62
 16  14 0.34
 16  15 0.76
 16  16 0.95
 16  17 0.47
 16  18 0.40
 16  19 0.55
 16  20 0.46
 16  21 0.49
 16  22 0.02
 17   1 0.50
 17   2 0.23
 17   3 0.30
 17   5 0.44
 17   6 0.73
 17   7 0.25
 17   8 0.40
 17   9 0.62
 17  10 0.68
 17  11 0.27
 17  12 0.39
 17  13 0.42
 17  14 0.53
 17  15 0.53
 17  16 0.51
 17  17 0.84
 17  18 0.40
 17  19 0.47
 17  20 0.39
 17  21 0.70
 17  22 0.00
 18   1 0.35
 18   2 0.24
 18   3 0.33
 18   5 0.65
 18   6 0.55
 18   7 0.48
 18   8 0.40
 18   9 0.39
 18  10 0.50
 18  11 0.63
 18  12 0.42
 18  13 0.43
 18  14 0.56
 18  15 0.80
 18  16 0.54
 18  17 0.38
 18  18 0.89
 18  19 0.52
 18  20 0.73
 18  21 0.48
 18  22 0.05
 19   1 0.22
 19   2 0.16
 19   3 0.25
 19   5 0.53
 19   6 0.51
 19   7 0.25
 19   8 0.27
 19   9 0.45
 19  10 0.44
 19  11 0.43
 19  12 0.46
 19  13 0.52
 19  14 0.43
 19  15 0.71
 19  16 0.60
 19  17 0.35
 19  18 0.50
 19  19 0.71
 19  20 0.58
 19  21 0.43
 19  22 0.04
 20   1 0.35
 20   2 0.20
 20   3 0.40
 20   5 0.51
 20   6 0.67
 20   7 0.45
 20   8 0.37
 20   9 0.45
 20  10 0.57
 20  11 0.49
 20  12 0.42
 20  13 0.39
 20  14 0.68
 20  15 0.69
 20  16 0.57
 20  17 0.41
 20  18 0.74
 20  19 0.61
 20  20 0.93
 20  21 0.58
 20  22 0.05
 21   1 0.49
 21   2 0.23
 21   3 0.33
 21   5 0.43
 21   6 0.63
 21   7 0.28
 21   8 0.34
 21   9 0.65
 21  10 0.56
 21  11 0.40
 21  12 0.45
 21  13 0.28
 21  14 0.55
 21  15 0.42
 21  16 0.45
 21  17 0.59
 21  18 0.32
 21  19 0.40
 21  20 0.42
 21  21 0.87
 21  22 0.05
 22   1 0.34
 22   2 0.28
 22   3 0.13
 22   5 0.20
 22   6 0.16
 22   7 0.33
 22   8 0.46
 22   9 0.08
 22  10 0.26
 22  11 0.19
 22  12 0.05
 22  13 0.06
 22  14 0.27
 22  15 0.10
 22  16 0.04
 22  17 0.11
 22  18 0.17
 22  19 0.11
 22  20 0.19
 22  21 0.24
 22  22 0.50
  1   1 0.97
  1   2 0.41
  1   3 0.53
  1   5 0.38
  1   6 0.59
  1   7 0.63
  1   8 0.63
  1   9 0.59
  1  10 0.69
  1  11 0.28
  1  12 0.45
  1  13 0.25
  1  14 0.83
  1  15 0.45
  1  16 0.31
  1  17 0.51
  1  18 0.43
  1  19 0.54
  1  20 0.41
  1  21 0.51
  1  22 0.09
  2   1 0.41
  2   2 0.92
  2   3 0.12
  2   5 0.39
  2   6 0.33
  2   7 0.29
  2   8 0.46
  2   9 0.33
  2  10 0.28
  2  11 0.17
  2  12 0.27
  2  13 0.15
  2  14 0.40
  2  15 0.18
  2  16 0.24
  2  17 0.25
  2  18 0.23
  2  19 0.29
  2  20 0.15
  2  21 0.27
  2  22 0.16
  3   1 0.51
  3   2 0.10
  3   3 0.90
  3   5 0.27
  3   6 0.28
  3   7 0.40
  3   8 0.20
  3   9 0.47
  3  10 0.65
  3  11 0.34
  3  12 0.28
  3  13 0.24
  3  14 0.56
  3  15 0.52
  3  16 0.32
  3  17 0.40
  3  18 0.36
  3  19 0.44
  3  20 0.46
  3  21 0.30
  3  22 0.01
  4   1 0.11
  4   2 0.03
  4   3 0.13
  4   5 0.04
  4   6 0.05
  4   7 0.07
  4   8 0.05
  4   9 0.03
  4  10 0.08
  4  11 0.16
  4  12 0.04
  4  13 0.02
  4  14 0.10
  4  15 0.14
  4  16 0.02
  4  17 0.04
  4  18 0.13
  4  19 0.04
  4  20 0.11
  4  21 0.05
  4  22 0.00
  5   1 0.40
  5   2 0.33
  5   3 0.35
  5   5 0.85
  5   6 0.58
  5   7 0.30
  5   8 0.35
  5   9 0.51
  5  10 0.60
  5  11 0.64
  5  12 0.53
  5  13 0.61
  5  14 0.51
  5  15 0.70
  5  16 0.65
  5  17 0.51
  5  18 0.61
  5  19 0.49
  5  20 0.43
  5  21 0.48
  5  22 0.04
  6   1 0.73
  6   2 0.38
  6   3 0.32
  6   5 0.49
  6   6 0.89
  6   7 0.47
  6   8 0.58
  6   9 0.64
  6  10 0.68
  6  11 0.37
  6  12 0.44
  6  13 0.33
  6  14 0.82
  6  15 0.48
  6  16 0.39
  6  17 0.64
  6  18 0.54
  6  19 0.58
  6  20 0.55
  6  21 0.74
  6  22 0.06
  7   1 0.65
  7   2 0.29
  7   3 0.56
  7   5 0.38
  7   6 0.49
  7   7 0.89
  7   8 0.62
  7   9 0.38
  7  10 0.59
  7  11 0.36
  7  12 0.30
  7  13 0.18
  7  14 0.73
  7  15 0.49
  7  16 0.31
  7  17 0.28
  7  18 0.56
  7  19 0.62
  7  20 0.63
  7  21 0.41
  7  22 0.11
  8   1 0.51
  8   2 0.43
  8   3 0.16
  8   5 0.37
  8   6 0.46
  8   7 0.71
  8   8 0.92
  8   9 0.28
  8  10 0.53
  8  11 0.15
  8  12 0.16
  8  13 0.10
  8  14 0.47
  8  15 0.17
  8  16 0.14
  8  17 0.40
  8  18 0.46
  8  19 0.35
  8  20 0.31
  8  21 0.40
  8  22 0.19
  9   1 0.67
  9   2 0.43
  9   3 0.39
  9   5 0.46
  9   6 0.58
  9   7 0.30
  9   8 0.48
  9   9 0.90
  9  10 0.66
  9  11 0.21
  9  12 0.50
  9  13 0.28
  9  14 0.60
  9  15 0.37
  9  16 0.41
  9  17 0.68
  9  18 0.33
  9  19 0.61
  9  20 0.27
  9  21 0.54
  9  22 0.02
 10   1 0.60
 10   2 0.22
 10   3 0.59
 10   5 0.40
 10   6 0.52
 10   7 0.46
 10   8 0.47
 10   9 0.60
 10  10 0.93
 10  11 0.21
 10  12 0.35
 10  13 0.34
 10  14 0.61
 10  15 0.43
 10  16 0.38
 10  17 0.67
 10  18 0.40
 10  19 0.49
 10  20 0.38
 10  21 0.47
 10  22 0.02
 11   1 0.19
 11   2 0.09
 11   3 0.33
 11   5 0.55
 11   6 0.35
 11   7 0.24
 11   8 0.15
 11   9 0.25
 11  10 0.33
 11  11 0.90
 11  12 0.32
 11  13 0.39
 11  14 0.30
 11  15 0.65
 11  16 0.46
 11  17 0.27
 11  18 0.57
 11  19 0.31
 11  20 0.46
 11  21 0.41
 11  22 0.08
 12   1 0.39
 12   2 0.25
 12   3 0.26
 12   5 0.34
 12   6 0.36
 12   7 0.19
 12   8 0.23
 12   9 0.60
 12  10 0.38
 12  11 0.25
 12  12 0.97
 12  13 0.53
 12  14 0.36
 12  15 0.47
 12  16 0.69
 12  17 0.49
 12  18 0.26
 12  19 0.41
 12  20 0.24
 12  21 0.34
 12  22 0.01
 13   1 0.28
 13   2 0.20
 13   3 0.20
 13   5 0.44
 13   6 0.40
 13   7 0.14
 13   8 0.20
 13   9 0.42
 13  10 0.37
 13  11 0.32
 13  12 0.68
 13  13 0.90
 13  14 0.30
 13  15 0.50
 13  16 0.69
 13  17 0.47
 13  18 0.32
 13  19 0.33
 13  20 0.26
 13  21 0.35
 13  22 0.03
 14   1 0.71
 14   2 0.39
 14   3 0.55
 14   5 0.47
 14   6 0.68
 14   7 0.56
 14   8 0.53
 14   9 0.50
 14  10 0.75
 14  11 0.36
 14  12 0.37
 14  13 0.28
 14  14 0.97
 14  15 0.49
 14  16 0.32
 14  17 0.49
 14  18 0.62
 14  19 0.58
 14  20 0.72
 14  21 0.59
 14  22 0.07
 15   1 0.46
 15   2 0.21
 15   3 0.53
 15   5 0.57
 15   6 0.64
 15   7 0.42
 15   8 0.28
 15   9 0.56
 15  10 0.59
 15  11 0.58
 15  12 0.52
 15  13 0.46
 15  14 0.60
 15  15 0.94
 15  16 0.69
 15  17 0.47
 15  18 0.61
 15  19 0.65
 15  20 0.69
 15  21 0.55
 15  22 0.03
 16   1 0.23
 16   2 0.20
 16   3 0.27
 16   5 0.55
 16   6 0.57
 16   7 0.23
 16   8 0.21
 16   9 0.55
 16  10 0.43
 16  11 0.47
 16  12 0.69
 16  13 0.62
 16  14 0.34
 16  15 0.76
 16  16 0.95
 16  17 0.47
 16  18 0.40
 16  19 0.55
 16  20 0.46
 16  21 0.49
 16  22 0.02
 17   1 0.50
 17   2 0.23
 17   3 0.30
 17   5 0.44
 17   6 0.73
 17   7 0.24
 17   8 0.40
 17   9 0.62
 17  10 0.68
 17  11 0.27
 17  12 0.39
 17  13 0.42
 17  14 0.53
 17  15 0.53
 17  16 0.51
 17  17 0.84
 17  18 0.40
 17  19 0.47
 17  20 0.39
 17  21 0.70
 17  22 0.00
 18   1 0.35
 18   2 0.24
 18   3 0.33
 18   5 0.65
 18   6 0.55
 18   7 0.48
 18   8 0.40
 18   9 0.39
 18  10 0.50
 18  11 0.63
 18  12 0.42
 18  13 0.43
 18  14 0.56
 18  15 0.80
 18  16 0.54
 18  17 0.38
 18  18 0.89
 18  19 0.52
 18  20 0.73
 18  21 0.48
 18  22 0.05
 19   1 0.22
 19   2 0.16
 19   3 0.25
 19   5 0.53
 19   6 0.51
 19   7 0.25
 19   8 0.27
 19   9 0.45
 19  10 0.44
 19  11 0.43
 19  12 0.46
 19  13 0.52
 19  14 0.43
 19  15 0.71
 19  16 0.60
 19  17 0.35
 19  18 0.50
 19  19 0.71
 19  20 0.58
 19  21 0.43
 19  22 0.04
 20   1 0.35
 20   2 0.20
 20   3 0.40
 20   5 0.51
 20   6 0.67
 20   7 0.45
 20   8 0.37
 20   9 0.45
 20  10 0.57
 20  11 0.49
 20  12 0.42
 20  13 0.39
 20  14 0.68
 20  15 0.69
 20  16 0.57
 20  17 0.41
 20  18 0.74
 20  19 0.61
 20  20 0.93
 20  21 0.58
 20  22 0.05
 21   1 0.49
 21   2 0.23
 21   3 0.33
 21   5 0.43
 21   6 0.63
 21   7 0.28
 21   8 0.34
 21   9 0.65
 21  10 0.56
 21  11 0.40
 21  12 0.45
 21  13 0.28
 21  14 0.55
 21  15 0.42
 21  16 0.45
 21  17 0.59
 21  18 0.32
 21  19 0.40
 21  20 0.42
 21  21 0.87
 21  22 0.05
 22   1 0.34
 22   2 0.28
 22   3 0.13
 22   5 0.20
 22   6 0.16
 22   7 0.33
 22   8 0.46
 22   9 0.08
 22  10 0.26
 22  11 0.19
 22  12 0.05
 22  13 0.06
 22  14 0.27
 22  15 0.10
 22  16 0.04
 22  17 0.11
 22  18 0.17
 22  19 0.11
 22  20 0.19
 22  21 0.24
 22  22 0.50
  1   1 0.97
  1   2 0.41
  1   3 0.53
  1   5 0.38
  1   6 0.59
  1   7 0.63
  1   8 0.63
  1   9 0.59
  1  10 0.69
  1  11 0.28
  1  12 0.45
  1  13 0.25
  1  14 0.83
  1  15 0.45
  1  16 0.31
  1  17 0.51
  1  18 0.43
  1  19 0.54
  1  20 0.41
  1  21 0.51
  1  22 0.09
  2   1 0.41
  2   2 0.92
  2   3 0.12
  2   5 0.39
  2   6 0.33
  2   7 0.29
  2   8 0.46
  2   9 0.33
  2  10 0.28
  2  11 0.17
  2  12 0.27
  2  13 0.15
  2  14 0.40
  2  15 0.18
  2  16 0.24
  2  17 0.25
  2  18 0.23
  2  19 0.29
  2  20 0.15
  2  21 0.27
  2  22 0.16
  3   1 0.51
  3   2 0.10
  3   3 0.90
  3   5 0.27
  3   6 0.28
  3   7 0.40
  3   8 0.20
  3   9 0.47
  3  10 0.65
  3  11 0.34
  3  12 0.28
  3  13 0.24
  3  14 0.56
  3  15 0.52
  3  16 0.32
  3  17 0.40
  3  18 0.36
  3  19 0.44
  3  20 0.46
  3  21 0.30
  3  22 0.01
  4   1 0.11
  4   2 0.03
  4   3 0.13
  4   5 0.04
  4   6 0.05
  4   7 0.07
  4   8 0.05
  4   9 0.03
  4  10 0.08
  4  11 0.16
  4  12 0.04
  4  13 0.02
  4  14 0.10
  4  15 0.14
  4  16 0.02
  4  17 0.04
  4  18 0.13
  4  19 0.04
  4  20 0.11
  4  21 0.05
  4  22 0.00
  5   1 0.40
  5   2 0.33
  5   3 0.35
  5   5 0.85
  5   6 0.58
  5   7 0.30
  5   8 0.35
  5   9 0.51
  5  10 0.60
  5  11 0.64
  5  12 0.53
  5  13 0.61
  5  14 0.51
  5  15 0.70
  5  16 0.65
  5  17 0.51
  5  18 0.61
  5  19 0.49
  5  20 0.43
  5  21 0.48
  5  22 0.04
  6   1 0.73
  6   2 0.38
  6   3 0.32
  6   5 0.49
  6   6 0.89
  6   7 0.47
  6   8 0.58
  6   9 0.64
  6  10 0.68
  6  11 0.37
  6  12 0.44
  6  13 0.33
  6  14 0.82
  6  15 0.48
  6  16 0.39
  6  17 0.64
  6  18 0.54
  6  19 0.58
  6  20 0.55
  6  21 0.74
  6  22 0.06
  7   1 0.65
  7   2 0.29
  7   3 0.56
  7   5 0.38
  7   6 0.49
  7   7 0.89
  7   8 0.62
  7   9 0.38
  7  10 0.59
  7  11 0.36
  7  12 0.30
  7  13 0.18
  7  14 0.73
  7  15 0.49
  7  16 0.31
  7  17 0.28
  7  18 0.56
  7  19 0.62
  7  20 0.63
  7  21 0.41
  7  22 0.11
  8   1 0.51
  8   2 0.43
  8   3 0.16
  8   5 0.37
  8   6 0.46
  8   7 0.71
  8   8 0.92
  8   9 0.28
  8  10 0.53
  8  11 0.15
  8  12 0.16
  8  13 0.10
  8  14 0.47
  8  15 0.17
  8  16 0.14
  8  17 0.40
  8  18 0.46
  8  19 0.35
  8  20 0.31
  8  21 0.40
  8  22 0.19
  9   1 0.67
  9   2 0.43
  9   3 0.39
  9   5 0.46
  9   6 0.58
  9   7 0.30
  9   8 0.48
  9   9 0.90
  9  10 0.66
  9  11 0.21
  9  12 0.50
  9  13 0.28
  9  14 0.60
  9  15 0.37
  9  16 0.41
  9  17 0.68
  9  18 0.33
  9  19 0.61
  9  20 0.27
  9  21 0.54
  9  22 0.02
 10   1 0.60
 10   2 0.22
 10   3 0.59
 10   5 0.40
 10   6 0.52
 10   7 0.46
 10   8 0.47
 10   9 0.60
 10  10 0.93
 10  11 0.21
 10  12 0.35
 10  13 0.34
 10  14 0.61
 10  15 0.43
 10  16 0.38
 10  17 0.67
 10  18 0.40
 10  19 0.49
 10  20 0.38
 10  21 0.47
 10  22 0.02
 11   1 0.19
 11   2 0.09
 11   3 0.33
 11   5 0.55
 11   6 0.35
 11   7 0.24
 11   8 0.15
 11   9 0.25
 11  10 0.33
 11  11 0.90
 11  12 0.32
 11  13 0.39
 11  14 0.30
 11  15 0.65
 11  16 0.46
 11  17 0.27
 11  18 0.57
 11  19 0.31
 11  20 0.46
 11  21 0.41
 11  22 0.08
 12   1 0.39
 12   2 0.25
 12   3 0.26
 12   5 0.34
 12   6 0.36
 12   7 0.19
 12   8 0.23
 12   9 0.60
 12  10 0.38
 12  11 0.25
 12  12 0.97
 12  13 0.53
 12  14 0.36
 12  15 0.47
 12  16 0.69
 12  17 0.49
 12  18 0.26
 12  19 0.41
 12  20 0.24
 12  21 0.34
 12  22 0.01
 13   1 0.28
 13   2 0.20
 13   3 0.20
 13   5 0.44
 13   6 0.40
 13   7 0.14
 13   8 0.20
 13   9 0.42
 13  10 0.37
 13  11 0.32
 13  12 0.68
 13  13 0.90
 13  14 0.30
 13  15 0.50
 13  16 0.69
 13  17 0.47
 13  18 0.32
 13  19 0.33
 13  20 0.26
 13  21 0.35
 13  22 0.03
 14   1 0.71
 14   2 0.39
 14   3 0.55
 14   5 0.47
 14   6 0.68
 14   7 0.56
 14   8 0.53
 14   9 0.50
 14  10 0.75
 14  11 0.36
 14  12 0.37
 14  13 0.28
 14  14 0.97
 14  15 0.49
 14  16 0.32
 14  17 0.49
 14  18 0.62
 14  19 0.58
 14  20 0.72
 14  21 0.59
 14  22 0.07
 15   1 0.46
 15   2 0.21
 15   3 0.53
 15   5 0.57
 15   6 0.64
 15   7 0.42
 15   8 0.28
 15   9 0.56
 15  10 0.59
 15  11 0.58
 15  12 0.52
 15  13 0.46
 15  14 0.60
 15  15 0.94
 15  16 0.69
 15  17 0.47
 15  18 0.61
 15  19 0.65
 15  20 0.69
 15  21 0.55
 15  22 0.03
 16   1 0.23
 16   2 0.20
 16   3 0.27
 16   5 0.55
 16   6 0.57
 16   7 0.23
 16   8 0.21
 16   9 0.55
 16  10 0.43
 16  11 0.47
 16  12 0.69
 16  13 0.62
 16  14 0.34
 16  15 0.76
 16  16 0.95
 16  17 0.47
 16  18 0.40
 16  19 0.55
 16  20 0.46
 16  21 0.49
 16  22 0.02
 17   1 0.50
 17   2 0.23
 17   3 0.30
 17   5 0.44
 17   6 0.73
 17   7 0.24
 17   8 0.40
 17   9 0.62
 17  10 0.68
 17  11 0.27
 17  12 0.39
 17  13 0.42
 17  14 0.53
 17  15 0.53
 17  16 0.51
 17  17 0.84
 17  18 0.40
 17  19 0.47
 17  20 0.39
 17  21 0.70
 17  22 0.00
 18   1 0.35
 18   2 0.24
 18   3 0.33
 18   5 0.65
 18   6 0.55
 18   7 0.48
 18   8 0.40
 18   9 0.39
 18  10 0.50
 18  11 0.63
 18  12 0.42
 18  13 0.43
 18  14 0.56
 18  15 0.80
 18  16 0.54
 18  17 0.38
 18  18 0.89
 18  19 0.52
 18  20 0.73
 18  21 0.48
 18  22 0.05
 19   1 0.22
 19   2 0.16
 19   3 0.25
 19   5 0.53
 19   6 0.51
 19   7 0.25
 19   8 0.27
 19   9 0.45
 19  10 0.44
 19  11 0.43
 19  12 0.46
 19  13 0.52
 19  14 0.43
 19  15 0.71
 19  16 0.60
 19  17 0.35
 19  18 0.50
 19  19 0.71
 19  20 0.58
 19  21 0.43
 19  22 0.04
 20   1 0.35
 20   2 0.20
 20   3 0.40
 20   5 0.51
 20   6 0.67
 20   7 0.45
 20   8 0.37
 20   9 0.45
 20  10 0.57
 20  11 0.49
 20  12 0.42
 20  13 0.39
 20  14 0.68
 20  15 0.69
 20  16 0.57
 20  17 0.41
 20  18 0.74
 20  19 0.61
 20  20 0.93
 20  21 0.58
 20  22 0.05
 21   1 0.49
 21   2 0.23
 21   3 0.33
 21   5 0.43
 21   6 0.63
 21   7 0.28
 21   8 0.34
 21   9 0.65
 21  10 0.56
 21  11 0.40
 21  12 0.45
 21  13 0.28
 21  14 0.55
 21  15 0.42
 21  16 0.45
 21  17 0.59
 21  18 0.32
 21  19 0.40
 21  20 0.42
 21  21 0.87
 21  22 0.05
 22   1 0.34
 22   2 0.28
 22   3 0.13
 22   5 0.20
 22   6 0.16
 22   7 0.33
 22   8 0.46
 22   9 0.08
 22  10 0.26
 22  11 0.19
 22  12 0.05
 22  13 0.06
 22  14 0.27
 22  15 0.10
 22  16 0.04
 22  17 0.11
 22  18 0.17
 22  19 0.11
 22  20 0.19
 22  21 0.24
 22  22 0.50
