  1   1 0.94
  1   2 0.60
  1   3 0.28
  1   4 0.12
  1   5 0.60
  1   6 0.66
  1   7 0.44
  1   8 0.37
  1   9 0.53
  1  10 0.54
  1  11 0.47
  1  12 0.52
  1  13 0.48
  1  14 0.59
  1  15 0.69
  1  16 0.46
  1  17 0.55
  1  18 0.54
  1  19 0.51
  1  20 0.53
  1  21 0.56
  1  22 0.50
  2   1 0.63
  2   2 0.92
  2   3 0.36
  2   4 0.22
  2   5 0.44
  2   6 0.63
  2   7 0.36
  2   8 0.61
  2   9 0.46
  2  10 0.48
  2  11 0.37
  2  12 0.56
  2  13 0.43
  2  14 0.43
  2  15 0.55
  2  16 0.57
  2  17 0.57
  2  18 0.57
  2  19 0.47
  2  20 0.46
  2  21 0.66
  2  22 0.53
  3   1 0.61
  3   2 0.46
  3   3 0.35
  3   4 0.14
  3   5 0.51
  3   6 0.49
  3   7 0.30
  3   8 0.28
  3   9 0.48
  3  10 0.68
  3  11 0.54
  3  12 0.30
  3  13 0.41
  3  14 0.54
  3  15 0.55
  3  16 0.35
  3  17 0.47
  3  18 0.45
  3  19 0.42
  3  20 0.35
  3  21 0.41
  3  22 0.36
  4   1 0.29
  4   2 0.23
  4   3 0.39
  4   4 0.74
  4   5 0.30
  4   6 0.27
  4   7 0.08
  4   8 0.30
  4   9 0.28
  4  10 0.27
  4  11 0.34
  4  12 0.23
  4  13 0.27
  4  14 0.43
  4  15 0.22
  4  16 0.30
  4  17 0.22
  4  18 0.18
  4  19 0.26
  4  20 0.41
  4  21 0.25
  4  22 0.15
  5   1 0.62
  5   2 0.40
  5   3 0.28
  5   4 0.19
  5   5 0.88
  5   6 0.54
  5   7 0.29
  5   8 0.27
  5   9 0.51
  5  10 0.63
  5  11 0.54
  5  12 0.38
  5  13 0.57
  5  14 0.68
  5  15 0.62
  5  16 0.39
  5  17 0.48
  5  18 0.45
  5  19 0.47
  5  20 0.46
  5  21 0.40
  5  22 0.39
  6   1 0.62
  6   2 0.65
  6   3 0.28
  6   4 0.14
  6   5 0.49
  6   6 0.93
  6   7 0.47
  6   8 0.48
  6   9 0.49
  6  10 0.44
  6  11 0.44
  6  12 0.58
  6  13 0.51
  6  14 0.49
  6  15 0.65
  6  16 0.54
  6  17 0.58
  6  18 0.60
  6  19 0.52
  6  20 0.53
  6  21 0.68
  6  22 0.49
  7   1 0.51
  7   2 0.46
  7   3 0.18
  7   4 0.04
  7   5 0.40
  7   6 0.59
  7   7 0.87
  7   8 0.32
  7   9 0.33
  7  10 0.25
  7  11 0.24
  7  12 0.33
  7  13 0.40
  7  14 0.35
  7  15 0.59
  7  16 0.30
  7  17 0.32
  7  18 0.51
  7  19 0.32
  7  20 0.46
  7  21 0.47
  7  22 0.40
  8   1 0.47
  8   2 0.66
  8   3 0.35
  8   4 0.24
  8   5 0.32
  8   6 0.58
  8   7 0.30
  8   8 0.88
  8   9 0.47
  8  10 0.41
  8  11 0.35
  8  12 0.63
  8  13 0.43
  8  14 0.40
  8  15 0.50
  8  16 0.54
  8  17 0.53
  8  18 0.64
  8  19 0.51
  8  20 0.48
  8  21 0.65
  8  22 0.48
  9   1 0.47
  9   2 0.39
  9   3 0.24
  9   4 0.19
  9   5 0.44
  9   6 0.50
  9   7 0.22
  9   8 0.36
  9   9 0.91
  9  10 0.58
  9  11 0.58
  9  12 0.56
  9  13 0.51
  9  14 0.65
  9  15 0.52
  9  16 0.58
  9  17 0.53
  9  18 0.41
  9  19 0.59
  9  20 0.42
  9  21 0.46
  9  22 0.25
 10   1 0.57
 10   2 0.51
 10   3 0.33
 10   4 0.17
 10   5 0.53
 10   6 0.52
 10   7 0.17
 10   8 0.37
 10   9 0.62
 10  10 0.93
 10  11 0.63
 10  12 0.52
 10  13 0.54
 10  14 0.65
 10  15 0.59
 10  16 0.60
 10  17 0.71
 10  18 0.50
 10  19 0.65
 10  20 0.36
 10  21 0.49
 10  22 0.52
 11   1 0.59
 11   2 0.45
 11   3 0.28
 11   4 0.22
 11   5 0.52
 11   6 0.62
 11   7 0.26
 11   8 0.37
 11   9 0.63
 11  10 0.66
 11  11 0.88
 11  12 0.54
 11  13 0.53
 11  14 0.59
 11  15 0.63
 11  16 0.58
 11  17 0.64
 11  18 0.52
 11  19 0.59
 11  20 0.49
 11  21 0.57
 11  22 0.40
 12   1 0.42
 12   2 0.46
 12   3 0.29
 12   4 0.23
 12   5 0.34
 12   6 0.48
 12   7 0.19
 12   8 0.60
 12   9 0.45
 12  10 0.38
 12  11 0.37
 12  12 0.84
 12  13 0.40
 12  14 0.42
 12  15 0.42
 12  16 0.55
 12  17 0.45
 12  18 0.44
 12  19 0.49
 12  20 0.42
 12  21 0.52
 12  22 0.38
 13   1 0.56
 13   2 0.53
 13   3 0.27
 13   4 0.16
 13   5 0.55
 13   6 0.63
 13   7 0.34
 13   8 0.44
 13   9 0.56
 13  10 0.60
 13  11 0.47
 13  12 0.50
 13  13 0.92
 13  14 0.61
 13  15 0.59
 13  16 0.49
 13  17 0.54
 13  18 0.56
 13  19 0.60
 13  20 0.47
 13  21 0.55
 13  22 0.54
 14   1 0.64
 14   2 0.46
 14   3 0.29
 14   4 0.15
 14   5 0.64
 14   6 0.62
 14   7 0.39
 14   8 0.34
 14   9 0.65
 14  10 0.64
 14  11 0.52
 14  12 0.52
 14  13 0.58
 14  14 0.93
 14  15 0.70
 14  16 0.51
 14  17 0.56
 14  18 0.50
 14  19 0.63
 14  20 0.51
 14  21 0.47
 14  22 0.44
 15   1 0.71
 15   2 0.57
 15   3 0.31
 15   4 0.12
 15   5 0.64
 15   6 0.68
 15   7 0.46
 15   8 0.42
 15   9 0.57
 15  10 0.64
 15  11 0.56
 15  12 0.53
 15  13 0.55
 15  14 0.65
 15  15 0.94
 15  16 0.52
 15  17 0.63
 15  18 0.65
 15  19 0.54
 15  20 0.54
 15  21 0.57
 15  22 0.57
 16   1 0.55
 16   2 0.53
 16   3 0.33
 16   4 0.24
 16   5 0.43
 16   6 0.59
 16   7 0.24
 16   8 0.44
 16   9 0.57
 16  10 0.53
 16  11 0.60
 16  12 0.60
 16  13 0.47
 16  14 0.51
 16  15 0.53
 16  16 0.89
 16  17 0.61
 16  18 0.46
 16  19 0.59
 16  20 0.48
 16  21 0.60
 16  22 0.40
 17   1 0.64
 17   2 0.63
 17   3 0.32
 17   4 0.16
 17   5 0.46
 17   6 0.62
 17   7 0.27
 17   8 0.48
 17   9 0.53
 17  10 0.61
 17  11 0.55
 17  12 0.58
 17  13 0.46
 17  14 0.55
 17  15 0.59
 17  16 0.63
 17  17 0.89
 17  18 0.48
 17  19 0.56
 17  20 0.39
 17  21 0.64
 17  22 0.43
 18   1 0.58
 18   2 0.57
 18   3 0.27
 18   4 0.13
 18   5 0.50
 18   6 0.61
 18   7 0.34
 18   8 0.51
 18   9 0.47
 18  10 0.57
 18  11 0.48
 18  12 0.52
 18  13 0.52
 18  14 0.47
 18  15 0.64
 18  16 0.45
 18  17 0.54
 18  18 0.91
 18  19 0.53
 18  20 0.43
 18  21 0.58
 18  22 0.57
 19   1 0.55
 19   2 0.49
 19   3 0.30
 19   4 0.16
 19   5 0.45
 19   6 0.59
 19   7 0.25
 19   8 0.42
 19   9 0.66
 19  10 0.62
 19  11 0.58
 19  12 0.61
 19  13 0.53
 19  14 0.64
 19  15 0.55
 19  16 0.65
 19  17 0.60
 19  18 0.49
 19  19 0.94
 19  20 0.46
 19  21 0.55
 19  22 0.45
 20   1 0.55
 20   2 0.46
 20   3 0.36
 20   4 0.33
 20   5 0.49
 20   6 0.59
 20   7 0.36
 20   8 0.48
 20   9 0.60
 20  10 0.45
 20  11 0.50
 20  12 0.49
 20  13 0.45
 20  14 0.56
 20  15 0.53
 20  16 0.53
 20  17 0.45
 20  18 0.42
 20  19 0.52
 20  20 0.81
 20  21 0.49
 20  22 0.36
 21   1 0.61
 21   2 0.68
 21   3 0.27
 21   4 0.16
 21   5 0.46
 21   6 0.75
 21   7 0.42
 21   8 0.58
 21   9 0.48
 21  10 0.45
 21  11 0.47
 21  12 0.62
 21  13 0.54
 21  14 0.43
 21  15 0.60
 21  16 0.57
 21  17 0.60
 21  18 0.66
 21  19 0.55
 21  20 0.46
 21  21 0.93
 21  22 0.57
 22   1 0.53
 22   2 0.58
 22   3 0.23
 22   4 0.17
 22   5 0.50
 22   6 0.57
 22   7 0.29
 22   8 0.44
 22   9 0.36
 22  10 0.55
 22  11 0.34
 22  12 0.43
 22  13 0.54
 22  14 0.46
 22  15 0.56
 22  16 0.40
 22  17 0.46
 22  18 0.62
 22  19 0.55
 22  20 0.43
 22  21 0.52
 22  22 0.92
  1   1 0.94
  1   2 0.60
  1   3 0.28
  1   4 0.12
  1   5 0.60
  1   6 0.65
  1   7 0.43
  1   8 0.37
  1   9 0.52
  1  10 0.54
  1  11 0.47
  1  12 0.51
  1  13 0.47
  1  14 0.58
  1  15 0.69
  1  16 0.46
  1  17 0.55
  1  18 0.53
  1  19 0.51
  1  20 0.52
  1  21 0.56
  1  22 0.49
  2   1 0.63
  2   2 0.91
  2   3 0.36
  2   4 0.22
  2   5 0.43
  2   6 0.63
  2   7 0.35
  2   8 0.61
  2   9 0.46
  2  10 0.47
  2  11 0.37
  2  12 0.56
  2  13 0.43
  2  14 0.42
  2  15 0.55
  2  16 0.57
  2  17 0.57
  2  18 0.56
  2  19 0.47
  2  20 0.45
  2  21 0.66
  2  22 0.53
  3   1 0.61
  3   2 0.46
  3   3 0.35
  3   4 0.14
  3   5 0.51
  3   6 0.48
  3   7 0.30
  3   8 0.28
  3   9 0.47
  3  10 0.68
  3  11 0.54
  3  12 0.30
  3  13 0.41
  3  14 0.54
  3  15 0.55
  3  16 0.35
  3  17 0.47
  3  18 0.44
  3  19 0.42
  3  20 0.35
  3  21 0.41
  3  22 0.36
  4   1 0.28
  4   2 0.23
  4   3 0.39
  4   4 0.73
  4   5 0.30
  4   6 0.26
  4   7 0.08
  4   8 0.29
  4   9 0.28
  4  10 0.26
  4  11 0.34
  4  12 0.23
  4  13 0.27
  4  14 0.42
  4  15 0.22
  4  16 0.29
  4  17 0.22
  4  18 0.17
  4  19 0.26
  4  20 0.40
  4  21 0.24
  4  22 0.15
  5   1 0.61
  5   2 0.39
  5   3 0.28
  5   4 0.19
  5   5 0.88
  5   6 0.53
  5   7 0.28
  5   8 0.26
  5   9 0.51
  5  10 0.63
  5  11 0.54
  5  12 0.38
  5  13 0.57
  5  14 0.68
  5  15 0.62
  5  16 0.38
  5  17 0.48
  5  18 0.44
  5  19 0.47
  5  20 0.46
  5  21 0.40
  5  22 0.39
  6   1 0.62
  6   2 0.65
  6   3 0.28
  6   4 0.14
  6   5 0.48
  6   6 0.93
  6   7 0.47
  6   8 0.48
  6   9 0.49
  6  10 0.44
  6  11 0.44
  6  12 0.58
  6  13 0.50
  6  14 0.49
  6  15 0.65
  6  16 0.53
  6  17 0.58
  6  18 0.59
  6  19 0.52
  6  20 0.52
  6  21 0.68
  6  22 0.48
  7   1 0.50
  7   2 0.45
  7   3 0.18
  7   4 0.04
  7   5 0.40
  7   6 0.58
  7   7 0.87
  7   8 0.31
  7   9 0.33
  7  10 0.24
  7  11 0.23
  7  12 0.33
  7  13 0.40
  7  14 0.35
  7  15 0.59
  7  16 0.30
  7  17 0.31
  7  18 0.51
  7  19 0.32
  7  20 0.46
  7  21 0.46
  7  22 0.40
  8   1 0.47
  8   2 0.66
  8   3 0.35
  8   4 0.24
  8   5 0.31
  8   6 0.57
  8   7 0.29
  8   8 0.88
  8   9 0.46
  8  10 0.40
  8  11 0.35
  8  12 0.62
  8  13 0.42
  8  14 0.39
  8  15 0.49
  8  16 0.54
  8  17 0.52
  8  18 0.64
  8  19 0.50
  8  20 0.48
  8  21 0.64
  8  22 0.47
  9   1 0.47
  9   2 0.38
  9   3 0.24
  9   4 0.19
  9   5 0.43
  9   6 0.49
  9   7 0.21
  9   8 0.35
  9   9 0.91
  9  10 0.58
  9  11 0.58
  9  12 0.55
  9  13 0.51
  9  14 0.65
  9  15 0.52
  9  16 0.57
  9  17 0.52
  9  18 0.40
  9  19 0.59
  9  20 0.42
  9  21 0.45
  9  22 0.25
 10   1 0.56
 10   2 0.50
 10   3 0.32
 10   4 0.16
 10   5 0.52
 10   6 0.51
 10   7 0.16
 10   8 0.36
 10   9 0.62
 10  10 0.93
 10  11 0.63
 10  12 0.52
 10  13 0.53
 10  14 0.64
 10  15 0.59
 10  16 0.60
 10  17 0.70
 10  18 0.50
 10  19 0.65
 10  20 0.35
 10  21 0.48
 10  22 0.51
 11   1 0.59
 11   2 0.45
 11   3 0.28
 11   4 0.21
 11   5 0.52
 11   6 0.62
 11   7 0.25
 11   8 0.37
 11   9 0.63
 11  10 0.65
 11  11 0.88
 11  12 0.53
 11  13 0.53
 11  14 0.59
 11  15 0.62
 11  16 0.58
 11  17 0.64
 11  18 0.51
 11  19 0.58
 11  20 0.48
 11  21 0.56
 11  22 0.40
 12   1 0.42
 12   2 0.45
 12   3 0.28
 12   4 0.22
 12   5 0.34
 12   6 0.47
 12   7 0.19
 12   8 0.59
 12   9 0.45
 12  10 0.38
 12  11 0.37
 12  12 0.84
 12  13 0.40
 12  14 0.41
 12  15 0.41
 12  16 0.55
 12  17 0.44
 12  18 0.43
 12  19 0.49
 12  20 0.41
 12  21 0.52
 12  22 0.37
 13   1 0.55
 13   2 0.53
 13   3 0.26
 13   4 0.16
 13   5 0.55
 13   6 0.63
 13   7 0.34
 13   8 0.43
 13   9 0.56
 13  10 0.59
 13  11 0.46
 13  12 0.50
 13  13 0.92
 13  14 0.61
 13  15 0.59
 13  16 0.49
 13  17 0.53
 13  18 0.56
 13  19 0.59
 13  20 0.46
 13  21 0.54
 13  22 0.54
 14   1 0.64
 14   2 0.45
 14   3 0.29
 14   4 0.15
 14   5 0.64
 14   6 0.61
 14   7 0.38
 14   8 0.33
 14   9 0.65
 14  10 0.64
 14  11 0.52
 14  12 0.52
 14  13 0.57
 14  14 0.93
 14  15 0.70
 14  16 0.50
 14  17 0.56
 14  18 0.49
 14  19 0.62
 14  20 0.51
 14  21 0.46
 14  22 0.44
 15   1 0.70
 15   2 0.56
 15   3 0.31
 15   4 0.11
 15   5 0.63
 15   6 0.68
 15   7 0.46
 15   8 0.41
 15   9 0.56
 15  10 0.64
 15  11 0.55
 15  12 0.52
 15  13 0.55
 15  14 0.64
 15  15 0.94
 15  16 0.51
 15  17 0.62
 15  18 0.65
 15  19 0.54
 15  20 0.54
 15  21 0.56
 15  22 0.56
 16   1 0.55
 16   2 0.52
 16   3 0.33
 16   4 0.23
 16   5 0.43
 16   6 0.58
 16   7 0.24
 16   8 0.44
 16   9 0.56
 16  10 0.52
 16  11 0.60
 16  12 0.60
 16  13 0.46
 16  14 0.51
 16  15 0.52
 16  16 0.89
 16  17 0.61
 16  18 0.46
 16  19 0.59
 16  20 0.47
 16  21 0.60
 16  22 0.40
 17   1 0.64
 17   2 0.63
 17   3 0.32
 17   4 0.16
 17   5 0.46
 17   6 0.61
 17   7 0.27
 17   8 0.47
 17   9 0.53
 17  10 0.61
 17  11 0.54
 17  12 0.57
 17  13 0.46
 17  14 0.55
 17  15 0.58
 17  16 0.62
 17  17 0.89
 17  18 0.48
 17  19 0.56
 17  20 0.39
 17  21 0.63
 17  22 0.42
 18   1 0.58
 18   2 0.56
 18   3 0.26
 18   4 0.12
 18   5 0.49
 18   6 0.60
 18   7 0.33
 18   8 0.51
 18   9 0.47
 18  10 0.57
 18  11 0.48
 18  12 0.51
 18  13 0.52
 18  14 0.46
 18  15 0.63
 18  16 0.44
 18  17 0.53
 18  18 0.91
 18  19 0.52
 18  20 0.43
 18  21 0.58
 18  22 0.57
 19   1 0.54
 19   2 0.48
 19   3 0.29
 19   4 0.16
 19   5 0.44
 19   6 0.58
 19   7 0.25
 19   8 0.41
 19   9 0.65
 19  10 0.61
 19  11 0.58
 19  12 0.61
 19  13 0.53
 19  14 0.63
 19  15 0.54
 19  16 0.65
 19  17 0.60
 19  18 0.48
 19  19 0.94
 19  20 0.45
 19  21 0.54
 19  22 0.45
 20   1 0.54
 20   2 0.45
 20   3 0.36
 20   4 0.32
 20   5 0.48
 20   6 0.58
 20   7 0.36
 20   8 0.47
 20   9 0.59
 20  10 0.45
 20  11 0.49
 20  12 0.49
 20  13 0.44
 20  14 0.56
 20  15 0.53
 20  16 0.52
 20  17 0.44
 20  18 0.42
 20  19 0.52
 20  20 0.81
 20  21 0.48
 20  22 0.35
 21   1 0.61
 21   2 0.68
 21   3 0.26
 21   4 0.16
 21   5 0.45
 21   6 0.74
 21   7 0.41
 21   8 0.58
 21   9 0.48
 21  10 0.44
 21  11 0.46
 21  12 0.62
 21  13 0.53
 21  14 0.42
 21  15 0.60
 21  16 0.57
 21  17 0.60
 21  18 0.65
 21  19 0.55
 21  20 0.45
 21  21 0.93
 21  22 0.56
 22   1 0.52
 22   2 0.57
 22   3 0.23
 22   4 0.17
 22   5 0.50
 22   6 0.57
 22   7 0.29
 22   8 0.43
 22   9 0.35
 22  10 0.54
 22  11 0.34
 22  12 0.42
 22  13 0.54
 22  14 0.45
 22  15 0.55
 22  16 0.40
 22  17 0.46
 22  18 0.62
 22  19 0.55
 22  20 0.43
 22  21 0.51
 22  22 0.92
  1   1 0.94
  1   2 0.60
  1   3 0.28
  1   4 0.12
  1   5 0.60
  1   6 0.65
  1   7 0.43
  1   8 0.37
  1   9 0.52
  1  10 0.54
  1  11 0.47
  1  12 0.51
  1  13 0.47
  1  14 0.58
  1  15 0.69
  1  16 0.46
  1  17 0.55
  1  18 0.53
  1  19 0.51
  1  20 0.52
  1  21 0.56
  1  22 0.49
  2   1 0.63
  2   2 0.91
  2   3 0.36
  2   4 0.22
  2   5 0.43
  2   6 0.63
  2   7 0.35
  2   8 0.61
  2   9 0.46
  2  10 0.47
  2  11 0.37
  2  12 0.56
  2  13 0.43
  2  14 0.42
  2  15 0.55
  2  16 0.57
  2  17 0.57
  2  18 0.56
  2  19 0.47
  2  20 0.45
  2  21 0.66
  2  22 0.53
  3   1 0.61
  3   2 0.46
  3   3 0.35
  3   4 0.14
  3   5 0.51
  3   6 0.48
  3   7 0.30
  3   8 0.28
  3   9 0.47
  3  10 0.68
  3  11 0.54
  3  12 0.30
  3  13 0.41
  3  14 0.54
  3  15 0.55
  3  16 0.35
  3  17 0.47
  3  18 0.44
  3  19 0.42
  3  20 0.35
  3  21 0.41
  3  22 0.36
  4   1 0.28
  4   2 0.23
  4   3 0.39
  4   4 0.73
  4   5 0.30
  4   6 0.26
  4   7 0.08
  4   8 0.29
  4   9 0.28
  4  10 0.26
  4  11 0.34
  4  12 0.23
  4  13 0.27
  4  14 0.42
  4  15 0.22
  4  16 0.29
  4  17 0.22
  4  18 0.17
  4  19 0.26
  4  20 0.40
  4  21 0.24
  4  22 0.15
  5   1 0.61
  5   2 0.39
  5   3 0.28
  5   4 0.19
  5   5 0.88
  5   6 0.53
  5   7 0.28
  5   8 0.26
  5   9 0.51
  5  10 0.63
  5  11 0.54
  5  12 0.38
  5  13 0.57
  5  14 0.68
  5  15 0.62
  5  16 0.38
  5  17 0.48
  5  18 0.44
  5  19 0.47
  5  20 0.46
  5  21 0.40
  5  22 0.39
  6   1 0.62
  6   2 0.65
  6   3 0.28
  6   4 0.14
  6   5 0.48
  6   6 0.93
  6   7 0.47
  6   8 0.48
  6   9 0.49
  6  10 0.44
  6  11 0.44
  6  12 0.58
  6  13 0.50
  6  14 0.49
  6  15 0.65
  6  16 0.53
  6  17 0.58
  6  18 0.59
  6  19 0.52
  6  20 0.52
  6  21 0.68
  6  22 0.48
  7   1 0.50
  7   2 0.45
  7   3 0.18
  7   4 0.04
  7   5 0.40
  7   6 0.58
  7   7 0.87
  7   8 0.31
  7   9 0.33
  7  10 0.24
  7  11 0.23
  7  12 0.33
  7  13 0.40
  7  14 0.35
  7  15 0.59
  7  16 0.30
  7  17 0.31
  7  18 0.51
  7  19 0.32
  7  20 0.46
  7  21 0.46
  7  22 0.40
  8   1 0.47
  8   2 0.66
  8   3 0.35
  8   4 0.24
  8   5 0.31
  8   6 0.57
  8   7 0.29
  8   8 0.88
  8   9 0.46
  8  10 0.40
  8  11 0.35
  8  12 0.62
  8  13 0.42
  8  14 0.39
  8  15 0.49
  8  16 0.54
  8  17 0.52
  8  18 0.64
  8  19 0.50
  8  20 0.48
  8  21 0.64
  8  22 0.47
  9   1 0.47
  9   2 0.38
  9   3 0.24
  9   4 0.19
  9   5 0.43
  9   6 0.49
  9   7 0.21
  9   8 0.35
  9   9 0.91
  9  10 0.58
  9  11 0.58
  9  12 0.55
  9  13 0.51
  9  14 0.65
  9  15 0.52
  9  16 0.57
  9  17 0.52
  9  18 0.40
  9  19 0.59
  9  20 0.42
  9  21 0.45
  9  22 0.25
 10   1 0.56
 10   2 0.50
 10   3 0.32
 10   4 0.16
 10   5 0.52
 10   6 0.51
 10   7 0.16
 10   8 0.36
 10   9 0.62
 10  10 0.93
 10  11 0.63
 10  12 0.52
 10  13 0.53
 10  14 0.64
 10  15 0.59
 10  16 0.60
 10  17 0.70
 10  18 0.50
 10  19 0.65
 10  20 0.35
 10  21 0.48
 10  22 0.51
 11   1 0.59
 11   2 0.45
 11   3 0.28
 11   4 0.21
 11   5 0.52
 11   6 0.62
 11   7 0.25
 11   8 0.37
 11   9 0.63
 11  10 0.65
 11  11 0.88
 11  12 0.53
 11  13 0.53
 11  14 0.59
 11  15 0.62
 11  16 0.58
 11  17 0.64
 11  18 0.51
 11  19 0.58
 11  20 0.48
 11  21 0.56
 11  22 0.40
 12   1 0.42
 12   2 0.45
 12   3 0.28
 12   4 0.22
 12   5 0.34
 12   6 0.47
 12   7 0.19
 12   8 0.59
 12   9 0.45
 12  10 0.38
 12  11 0.37
 12  12 0.84
 12  13 0.40
 12  14 0.41
 12  15 0.41
 12  16 0.55
 12  17 0.44
 12  18 0.43
 12  19 0.49
 12  20 0.41
 12  21 0.52
 12  22 0.37
 13   1 0.55
 13   2 0.53
 13   3 0.26
 13   4 0.16
 13   5 0.55
 13   6 0.63
 13   7 0.34
 13   8 0.43
 13   9 0.56
 13  10 0.59
 13  11 0.46
 13  12 0.50
 13  13 0.92
 13  14 0.61
 13  15 0.59
 13  16 0.49
 13  17 0.53
 13  18 0.56
 13  19 0.59
 13  20 0.46
 13  21 0.54
 13  22 0.54
 14   1 0.64
 14   2 0.45
 14   3 0.29
 14   4 0.15
 14   5 0.64
 14   6 0.61
 14   7 0.38
 14   8 0.33
 14   9 0.65
 14  10 0.64
 14  11 0.52
 14  12 0.52
 14  13 0.57
 14  14 0.93
 14  15 0.70
 14  16 0.50
 14  17 0.56
 14  18 0.49
 14  19 0.62
 14  20 0.51
 14  21 0.46
 14  22 0.44
 15   1 0.70
 15   2 0.56
 15   3 0.31
 15   4 0.11
 15   5 0.63
 15   6 0.68
 15   7 0.46
 15   8 0.41
 15   9 0.56
 15  10 0.64
 15  11 0.55
 15  12 0.52
 15  13 0.55
 15  14 0.64
 15  15 0.94
 15  16 0.51
 15  17 0.62
 15  18 0.65
 15  19 0.54
 15  20 0.54
 15  21 0.56
 15  22 0.56
 16   1 0.55
 16   2 0.52
 16   3 0.33
 16   4 0.23
 16   5 0.43
 16   6 0.58
 16   7 0.24
 16   8 0.44
 16   9 0.56
 16  10 0.52
 16  11 0.60
 16  12 0.60
 16  13 0.46
 16  14 0.51
 16  15 0.52
 16  16 0.89
 16  17 0.61
 16  18 0.46
 16  19 0.59
 16  20 0.47
 16  21 0.60
 16  22 0.40
 17   1 0.64
 17   2 0.63
 17   3 0.32
 17   4 0.16
 17   5 0.46
 17   6 0.61
 17   7 0.27
 17   8 0.47
 17   9 0.53
 17  10 0.61
 17  11 0.54
 17  12 0.57
 17  13 0.46
 17  14 0.55
 17  15 0.58
 17  16 0.62
 17  17 0.89
 17  18 0.48
 17  19 0.56
 17  20 0.39
 17  21 0.63
 17  22 0.42
 18   1 0.58
 18   2 0.56
 18   3 0.26
 18   4 0.12
 18   5 0.49
 18   6 0.60
 18   7 0.33
 18   8 0.51
 18   9 0.47
 18  10 0.57
 18  11 0.48
 18  12 0.51
 18  13 0.52
 18  14 0.46
 18  15 0.63
 18  16 0.44
 18  17 0.53
 18  18 0.91
 18  19 0.52
 18  20 0.43
 18  21 0.58
 18  22 0.57
 19   1 0.54
 19   2 0.48
 19   3 0.29
 19   4 0.16
 19   5 0.44
 19   6 0.58
 19   7 0.25
 19   8 0.41
 19   9 0.65
 19  10 0.61
 19  11 0.58
 19  12 0.61
 19  13 0.53
 19  14 0.63
 19  15 0.54
 19  16 0.65
 19  17 0.60
 19  18 0.48
 19  19 0.94
 19  20 0.45
 19  21 0.54
 19  22 0.45
 20   1 0.54
 20   2 0.45
 20   3 0.36
 20   4 0.32
 20   5 0.48
 20   6 0.58
 20   7 0.36
 20   8 0.47
 20   9 0.59
 20  10 0.45
 20  11 0.49
 20  12 0.49
 20  13 0.44
 20  14 0.56
 20  15 0.53
 20  16 0.52
 20  17 0.44
 20  18 0.42
 20  19 0.52
 20  20 0.81
 20  21 0.48
 20  22 0.35
 21   1 0.61
 21   2 0.68
 21   3 0.26
 21   4 0.16
 21   5 0.45
 21   6 0.74
 21   7 0.41
 21   8 0.58
 21   9 0.48
 21  10 0.44
 21  11 0.46
 21  12 0.62
 21  13 0.53
 21  14 0.42
 21  15 0.60
 21  16 0.57
 21  17 0.60
 21  18 0.65
 21  19 0.55
 21  20 0.45
 21  21 0.93
 21  22 0.56
 22   1 0.52
 22   2 0.57
 22   3 0.23
 22   4 0.17
 22   5 0.50
 22   6 0.57
 22   7 0.29
 22   8 0.43
 22   9 0.35
 22  10 0.54
 22  11 0.34
 22  12 0.42
 22  13 0.54
 22  14 0.45
 22  15 0.55
 22  16 0.40
 22  17 0.46
 22  18 0.62
 22  19 0.55
 22  20 0.43
 22  21 0.51
 22  22 0.92
