  1   1 0.81
  1   2 0.23
  1   3 0.32
  1   5 0.52
  1   6 0.58
  1   7 0.15
  1   8 0.27
  1   9 0.20
  1  10 0.44
  1  11 0.40
  1  12 0.40
  1  13 0.39
  1  14 0.38
  1  15 0.30
  1  16 0.40
  1  17 0.37
  1  18 0.42
  1  19 0.33
  1  20 0.38
  1  21 0.37
  1  22 0.39
  2   1 0.28
  2   2 0.49
  2   3 0.14
  2   5 0.31
  2   6 0.42
  2   7 0.12
  2   8 0.12
  2   9 0.11
  2  10 0.32
  2  11 0.18
  2  12 0.29
  2  13 0.27
  2  14 0.20
  2  15 0.18
  2  16 0.22
  2  17 0.19
  2  18 0.23
  2  19 0.23
  2  20 0.26
  2  21 0.17
  2  22 0.28
  3   1 0.49
  3   2 0.18
  3   3 0.65
  3   5 0.46
  3   6 0.48
  3   7 0.17
  3   8 0.30
  3   9 0.23
  3  10 0.40
  3  11 0.46
  3  12 0.45
  3  13 0.37
  3  14 0.22
  3  15 0.34
  3  16 0.38
  3  17 0.30
  3  18 0.35
  3  19 0.34
  3  20 0.33
  3  21 0.32
  3  22 0.35
  4   1 0.28
  4   2 0.16
  4   3 0.17
  4   5 0.26
  4   6 0.31
  4   7 0.09
  4   8 0.10
  4   9 0.10
  4  10 0.25
  4  11 0.20
  4  12 0.20
  4  13 0.23
  4  14 0.13
  4  15 0.12
  4  16 0.20
  4  17 0.13
  4  18 0.14
  4  19 0.16
  4  20 0.21
  4  21 0.14
  4  22 0.19
  5   1 0.48
  5   2 0.18
  5   3 0.36
  5   5 0.83
  5   6 0.55
  5   7 0.14
  5   8 0.29
  5   9 0.20
  5  10 0.42
  5  11 0.39
  5  12 0.42
  5  13 0.33
  5  14 0.37
  5  15 0.25
  5  16 0.46
  5  17 0.37
  5  18 0.40
  5  19 0.33
  5  20 0.42
  5  21 0.37
  5  22 0.37
  6   1 0.61
  6   2 0.27
  6   3 0.34
  6   5 0.57
  6   6 0.84
  6   7 0.18
  6   8 0.31
  6   9 0.21
  6  10 0.57
  6  11 0.47
  6  12 0.50
  6  13 0.55
  6  14 0.38
  6  15 0.35
  6  16 0.58
  6  17 0.50
  6  18 0.52
  6  19 0.48
  6  20 0.50
  6  21 0.48
  6  22 0.47
  7   1 0.32
  7   2 0.17
  7   3 0.30
  7   5 0.22
  7   6 0.30
  7   7 0.73
  7   8 0.44
  7   9 0.20
  7  10 0.47
  7  11 0.34
  7  12 0.45
  7  13 0.25
  7  14 0.12
  7  15 0.36
  7  16 0.46
  7  17 0.44
  7  18 0.38
  7  19 0.47
  7  20 0.18
  7  21 0.46
  7  22 0.54
  8   1 0.37
  8   2 0.10
  8   3 0.47
  8   5 0.34
  8   6 0.42
  8   7 0.32
  8   8 0.86
  8   9 0.18
  8  10 0.43
  8  11 0.38
  8  12 0.42
  8  13 0.27
  8  14 0.16
  8  15 0.38
  8  16 0.45
  8  17 0.32
  8  18 0.44
  8  19 0.39
  8  20 0.23
  8  21 0.48
  8  22 0.34
  9   1 0.49
  9   2 0.13
  9   3 0.47
  9   5 0.46
  9   6 0.43
  9   7 0.15
  9   8 0.29
  9   9 0.23
  9  10 0.42
  9  11 0.52
  9  12 0.38
  9  13 0.31
  9  14 0.28
  9  15 0.27
  9  16 0.47
  9  17 0.48
  9  18 0.42
  9  19 0.40
  9  20 0.38
  9  21 0.38
  9  22 0.40
 10   1 0.47
 10   2 0.17
 10   3 0.22
 10   5 0.37
 10   6 0.53
 10   7 0.31
 10   8 0.26
 10   9 0.21
 10  10 0.66
 10  11 0.35
 10  12 0.48
 10  13 0.39
 10  14 0.26
 10  15 0.35
 10  16 0.53
 10  17 0.53
 10  18 0.48
 10  19 0.46
 10  20 0.31
 10  21 0.50
 10  22 0.45
 11   1 0.46
 11   2 0.14
 11   3 0.33
 11   5 0.34
 11   6 0.41
 11   7 0.19
 11   8 0.26
 11   9 0.17
 11  10 0.36
 11  11 0.78
 11  12 0.42
 11  13 0.37
 11  14 0.22
 11  15 0.39
 11  16 0.47
 11  17 0.44
 11  18 0.47
 11  19 0.60
 11  20 0.32
 11  21 0.43
 11  22 0.44
 12   1 0.49
 12   2 0.22
 12   3 0.36
 12   5 0.47
 12   6 0.63
 12   7 0.26
 12   8 0.42
 12   9 0.18
 12  10 0.53
 12  11 0.50
 12  12 0.75
 12  13 0.44
 12  14 0.25
 12  15 0.39
 12  16 0.61
 12  17 0.49
 12  18 0.50
 12  19 0.51
 12  20 0.36
 12  21 0.51
 12  22 0.54
 13   1 0.42
 13   2 0.20
 13   3 0.20
 13   5 0.30
 13   6 0.43
 13   7 0.16
 13   8 0.13
 13   9 0.10
 13  10 0.33
 13  11 0.26
 13  12 0.27
 13  13 0.77
 13  14 0.23
 13  15 0.31
 13  16 0.29
 13  17 0.22
 13  18 0.23
 13  19 0.28
 13  20 0.40
 13  21 0.31
 13  22 0.30
 14   1 0.50
 14   2 0.19
 14   3 0.25
 14   5 0.40
 14   6 0.47
 14   7 0.13
 14   8 0.22
 14   9 0.11
 14  10 0.32
 14  11 0.33
 14  12 0.34
 14  13 0.36
 14  14 0.51
 14  15 0.34
 14  16 0.41
 14  17 0.36
 14  18 0.37
 14  19 0.34
 14  20 0.29
 14  21 0.40
 14  22 0.32
 15   1 0.39
 15   2 0.18
 15   3 0.31
 15   5 0.27
 15   6 0.37
 15   7 0.32
 15   8 0.39
 15   9 0.15
 15  10 0.38
 15  11 0.37
 15  12 0.46
 15  13 0.33
 15  14 0.21
 15  15 0.82
 15  16 0.55
 15  17 0.42
 15  18 0.36
 15  19 0.44
 15  20 0.35
 15  21 0.49
 15  22 0.47
 16   1 0.46
 16   2 0.16
 16   3 0.32
 16   5 0.44
 16   6 0.52
 16   7 0.29
 16   8 0.37
 16   9 0.18
 16  10 0.54
 16  11 0.57
 16  12 0.57
 16  13 0.36
 16  14 0.28
 16  15 0.44
 16  16 0.85
 16  17 0.68
 16  18 0.62
 16  19 0.68
 16  20 0.35
 16  21 0.64
 16  22 0.53
 17   1 0.49
 17   2 0.17
 17   3 0.34
 17   5 0.43
 17   6 0.51
 17   7 0.21
 17   8 0.31
 17   9 0.16
 17  10 0.49
 17  11 0.59
 17  12 0.49
 17  13 0.38
 17  14 0.33
 17  15 0.34
 17  16 0.66
 17  17 0.86
 17  18 0.59
 17  19 0.57
 17  20 0.41
 17  21 0.54
 17  22 0.52
 18   1 0.49
 18   2 0.16
 18   3 0.35
 18   5 0.39
 18   6 0.51
 18   7 0.31
 18   8 0.42
 18   9 0.18
 18  10 0.50
 18  11 0.57
 18  12 0.48
 18  13 0.38
 18  14 0.25
 18  15 0.38
 18  16 0.62
 18  17 0.67
 18  18 0.84
 18  19 0.66
 18  20 0.36
 18  21 0.63
 18  22 0.53
 19   1 0.41
 19   2 0.16
 19   3 0.21
 19   5 0.31
 19   6 0.42
 19   7 0.24
 19   8 0.31
 19   9 0.16
 19  10 0.43
 19  11 0.62
 19  12 0.50
 19  13 0.32
 19  14 0.19
 19  15 0.34
 19  16 0.58
 19  17 0.58
 19  18 0.67
 19  19 0.79
 19  20 0.31
 19  21 0.56
 19  22 0.56
 20   1 0.43
 20   2 0.20
 20   3 0.26
 20   5 0.40
 20   6 0.45
 20   7 0.11
 20   8 0.18
 20   9 0.07
 20  10 0.36
 20  11 0.46
 20  12 0.39
 20  13 0.50
 20  14 0.24
 20  15 0.32
 20  16 0.47
 20  17 0.36
 20  18 0.33
 20  19 0.44
 20  20 0.66
 20  21 0.39
 20  22 0.41
 21   1 0.47
 21   2 0.17
 21   3 0.28
 21   5 0.35
 21   6 0.48
 21   7 0.32
 21   8 0.41
 21   9 0.13
 21  10 0.43
 21  11 0.45
 21  12 0.50
 21  13 0.43
 21  14 0.29
 21  15 0.47
 21  16 0.62
 21  17 0.57
 21  18 0.53
 21  19 0.57
 21  20 0.37
 21  21 0.90
 21  22 0.50
 22   1 0.48
 22   2 0.28
 22   3 0.23
 22   5 0.42
 22   6 0.53
 22   7 0.31
 22   8 0.33
 22   9 0.17
 22  10 0.47
 22  11 0.43
 22  12 0.57
 22  13 0.33
 22  14 0.24
 22  15 0.40
 22  16 0.53
 22  17 0.54
 22  18 0.49
 22  19 0.55
 22  20 0.39
 22  21 0.50
 22  22 0.87
  1   1 0.81
  1   2 0.23
  1   3 0.32
  1   5 0.52
  1   6 0.58
  1   7 0.15
  1   8 0.27
  1   9 0.20
  1  10 0.44
  1  11 0.40
  1  12 0.40
  1  13 0.39
  1  14 0.38
  1  15 0.30
  1  16 0.40
  1  17 0.37
  1  18 0.42
  1  19 0.33
  1  20 0.38
  1  21 0.36
  1  22 0.39
  2   1 0.28
  2   2 0.49
  2   3 0.14
  2   5 0.31
  2   6 0.42
  2   7 0.12
  2   8 0.12
  2   9 0.11
  2  10 0.32
  2  11 0.18
  2  12 0.29
  2  13 0.27
  2  14 0.20
  2  15 0.18
  2  16 0.22
  2  17 0.19
  2  18 0.23
  2  19 0.23
  2  20 0.26
  2  21 0.17
  2  22 0.28
  3   1 0.49
  3   2 0.18
  3   3 0.65
  3   5 0.46
  3   6 0.47
  3   7 0.17
  3   8 0.29
  3   9 0.23
  3  10 0.40
  3  11 0.45
  3  12 0.44
  3  13 0.37
  3  14 0.22
  3  15 0.34
  3  16 0.38
  3  17 0.30
  3  18 0.35
  3  19 0.34
  3  20 0.33
  3  21 0.32
  3  22 0.34
  4   1 0.28
  4   2 0.16
  4   3 0.17
  4   5 0.26
  4   6 0.31
  4   7 0.09
  4   8 0.10
  4   9 0.10
  4  10 0.25
  4  11 0.20
  4  12 0.20
  4  13 0.23
  4  14 0.13
  4  15 0.12
  4  16 0.20
  4  17 0.13
  4  18 0.14
  4  19 0.16
  4  20 0.21
  4  21 0.14
  4  22 0.19
  5   1 0.48
  5   2 0.18
  5   3 0.36
  5   5 0.83
  5   6 0.55
  5   7 0.14
  5   8 0.29
  5   9 0.20
  5  10 0.42
  5  11 0.39
  5  12 0.42
  5  13 0.33
  5  14 0.37
  5  15 0.25
  5  16 0.46
  5  17 0.37
  5  18 0.40
  5  19 0.33
  5  20 0.42
  5  21 0.37
  5  22 0.37
  6   1 0.61
  6   2 0.27
  6   3 0.34
  6   5 0.57
  6   6 0.84
  6   7 0.18
  6   8 0.31
  6   9 0.21
  6  10 0.57
  6  11 0.47
  6  12 0.50
  6  13 0.55
  6  14 0.38
  6  15 0.35
  6  16 0.58
  6  17 0.50
  6  18 0.52
  6  19 0.47
  6  20 0.50
  6  21 0.48
  6  22 0.47
  7   1 0.32
  7   2 0.16
  7   3 0.30
  7   5 0.21
  7   6 0.30
  7   7 0.73
  7   8 0.44
  7   9 0.20
  7  10 0.47
  7  11 0.34
  7  12 0.45
  7  13 0.25
  7  14 0.12
  7  15 0.36
  7  16 0.46
  7  17 0.44
  7  18 0.38
  7  19 0.47
  7  20 0.18
  7  21 0.46
  7  22 0.54
  8   1 0.37
  8   2 0.10
  8   3 0.47
  8   5 0.34
  8   6 0.42
  8   7 0.32
  8   8 0.86
  8   9 0.18
  8  10 0.43
  8  11 0.38
  8  12 0.42
  8  13 0.27
  8  14 0.16
  8  15 0.38
  8  16 0.45
  8  17 0.32
  8  18 0.44
  8  19 0.39
  8  20 0.23
  8  21 0.48
  8  22 0.34
  9   1 0.49
  9   2 0.13
  9   3 0.47
  9   5 0.46
  9   6 0.43
  9   7 0.15
  9   8 0.29
  9   9 0.23
  9  10 0.42
  9  11 0.51
  9  12 0.38
  9  13 0.31
  9  14 0.28
  9  15 0.27
  9  16 0.47
  9  17 0.48
  9  18 0.42
  9  19 0.40
  9  20 0.38
  9  21 0.38
  9  22 0.40
 10   1 0.47
 10   2 0.17
 10   3 0.22
 10   5 0.37
 10   6 0.53
 10   7 0.31
 10   8 0.26
 10   9 0.21
 10  10 0.66
 10  11 0.35
 10  12 0.48
 10  13 0.39
 10  14 0.26
 10  15 0.35
 10  16 0.53
 10  17 0.53
 10  18 0.48
 10  19 0.46
 10  20 0.31
 10  21 0.50
 10  22 0.45
 11   1 0.46
 11   2 0.14
 11   3 0.33
 11   5 0.34
 11   6 0.41
 11   7 0.19
 11   8 0.26
 11   9 0.17
 11  10 0.36
 11  11 0.78
 11  12 0.42
 11  13 0.37
 11  14 0.22
 11  15 0.39
 11  16 0.47
 11  17 0.44
 11  18 0.47
 11  19 0.59
 11  20 0.32
 11  21 0.43
 11  22 0.44
 12   1 0.49
 12   2 0.22
 12   3 0.36
 12   5 0.47
 12   6 0.63
 12   7 0.26
 12   8 0.42
 12   9 0.18
 12  10 0.53
 12  11 0.50
 12  12 0.75
 12  13 0.44
 12  14 0.25
 12  15 0.39
 12  16 0.61
 12  17 0.49
 12  18 0.50
 12  19 0.51
 12  20 0.36
 12  21 0.51
 12  22 0.54
 13   1 0.42
 13   2 0.20
 13   3 0.20
 13   5 0.30
 13   6 0.42
 13   7 0.16
 13   8 0.13
 13   9 0.10
 13  10 0.33
 13  11 0.26
 13  12 0.26
 13  13 0.77
 13  14 0.23
 13  15 0.31
 13  16 0.28
 13  17 0.22
 13  18 0.23
 13  19 0.28
 13  20 0.40
 13  21 0.31
 13  22 0.29
 14   1 0.50
 14   2 0.19
 14   3 0.25
 14   5 0.40
 14   6 0.47
 14   7 0.13
 14   8 0.22
 14   9 0.11
 14  10 0.32
 14  11 0.32
 14  12 0.34
 14  13 0.36
 14  14 0.51
 14  15 0.34
 14  16 0.41
 14  17 0.36
 14  18 0.37
 14  19 0.34
 14  20 0.29
 14  21 0.40
 14  22 0.31
 15   1 0.39
 15   2 0.18
 15   3 0.31
 15   5 0.27
 15   6 0.37
 15   7 0.32
 15   8 0.39
 15   9 0.15
 15  10 0.38
 15  11 0.37
 15  12 0.46
 15  13 0.33
 15  14 0.21
 15  15 0.82
 15  16 0.54
 15  17 0.42
 15  18 0.36
 15  19 0.44
 15  20 0.35
 15  21 0.49
 15  22 0.47
 16   1 0.46
 16   2 0.16
 16   3 0.32
 16   5 0.44
 16   6 0.52
 16   7 0.29
 16   8 0.37
 16   9 0.18
 16  10 0.54
 16  11 0.57
 16  12 0.57
 16  13 0.36
 16  14 0.28
 16  15 0.44
 16  16 0.85
 16  17 0.68
 16  18 0.62
 16  19 0.68
 16  20 0.35
 16  21 0.64
 16  22 0.53
 17   1 0.49
 17   2 0.17
 17   3 0.34
 17   5 0.42
 17   6 0.51
 17   7 0.20
 17   8 0.30
 17   9 0.16
 17  10 0.49
 17  11 0.58
 17  12 0.49
 17  13 0.38
 17  14 0.33
 17  15 0.34
 17  16 0.66
 17  17 0.86
 17  18 0.59
 17  19 0.57
 17  20 0.41
 17  21 0.54
 17  22 0.52
 18   1 0.49
 18   2 0.16
 18   3 0.35
 18   5 0.39
 18   6 0.50
 18   7 0.31
 18   8 0.42
 18   9 0.18
 18  10 0.50
 18  11 0.57
 18  12 0.48
 18  13 0.38
 18  14 0.25
 18  15 0.38
 18  16 0.62
 18  17 0.67
 18  18 0.84
 18  19 0.66
 18  20 0.36
 18  21 0.63
 18  22 0.53
 19   1 0.41
 19   2 0.16
 19   3 0.21
 19   5 0.31
 19   6 0.42
 19   7 0.24
 19   8 0.31
 19   9 0.16
 19  10 0.43
 19  11 0.62
 19  12 0.50
 19  13 0.32
 19  14 0.19
 19  15 0.34
 19  16 0.58
 19  17 0.58
 19  18 0.67
 19  19 0.79
 19  20 0.31
 19  21 0.56
 19  22 0.56
 20   1 0.43
 20   2 0.20
 20   3 0.26
 20   5 0.40
 20   6 0.45
 20   7 0.11
 20   8 0.18
 20   9 0.07
 20  10 0.36
 20  11 0.46
 20  12 0.39
 20  13 0.50
 20  14 0.23
 20  15 0.32
 20  16 0.47
 20  17 0.36
 20  18 0.33
 20  19 0.44
 20  20 0.66
 20  21 0.39
 20  22 0.41
 21   1 0.47
 21   2 0.16
 21   3 0.28
 21   5 0.35
 21   6 0.48
 21   7 0.32
 21   8 0.41
 21   9 0.13
 21  10 0.43
 21  11 0.45
 21  12 0.49
 21  13 0.43
 21  14 0.29
 21  15 0.47
 21  16 0.62
 21  17 0.57
 21  18 0.53
 21  19 0.57
 21  20 0.37
 21  21 0.90
 21  22 0.49
 22   1 0.48
 22   2 0.28
 22   3 0.23
 22   5 0.42
 22   6 0.53
 22   7 0.31
 22   8 0.33
 22   9 0.17
 22  10 0.46
 22  11 0.42
 22  12 0.57
 22  13 0.33
 22  14 0.24
 22  15 0.40
 22  16 0.53
 22  17 0.54
 22  18 0.49
 22  19 0.55
 22  20 0.39
 22  21 0.50
 22  22 0.87
  1   1 0.81
  1   2 0.23
  1   3 0.32
  1   5 0.52
  1   6 0.58
  1   7 0.15
  1   8 0.27
  1   9 0.20
  1  10 0.44
  1  11 0.40
  1  12 0.40
  1  13 0.39
  1  14 0.38
  1  15 0.30
  1  16 0.40
  1  17 0.37
  1  18 0.42
  1  19 0.33
  1  20 0.38
  1  21 0.36
  1  22 0.39
  2   1 0.28
  2   2 0.49
  2   3 0.14
  2   5 0.31
  2   6 0.42
  2   7 0.12
  2   8 0.12
  2   9 0.11
  2  10 0.32
  2  11 0.18
  2  12 0.29
  2  13 0.27
  2  14 0.20
  2  15 0.18
  2  16 0.22
  2  17 0.19
  2  18 0.23
  2  19 0.23
  2  20 0.26
  2  21 0.17
  2  22 0.28
  3   1 0.49
  3   2 0.18
  3   3 0.65
  3   5 0.46
  3   6 0.47
  3   7 0.17
  3   8 0.29
  3   9 0.23
  3  10 0.40
  3  11 0.45
  3  12 0.44
  3  13 0.37
  3  14 0.22
  3  15 0.34
  3  16 0.38
  3  17 0.30
  3  18 0.35
  3  19 0.34
  3  20 0.33
  3  21 0.32
  3  22 0.34
  4   1 0.28
  4   2 0.16
  4   3 0.17
  4   5 0.26
  4   6 0.31
  4   7 0.09
  4   8 0.10
  4   9 0.10
  4  10 0.25
  4  11 0.20
  4  12 0.20
  4  13 0.23
  4  14 0.13
  4  15 0.12
  4  16 0.20
  4  17 0.13
  4  18 0.14
  4  19 0.16
  4  20 0.21
  4  21 0.14
  4  22 0.19
  5   1 0.48
  5   2 0.18
  5   3 0.36
  5   5 0.83
  5   6 0.55
  5   7 0.14
  5   8 0.29
  5   9 0.20
  5  10 0.42
  5  11 0.39
  5  12 0.42
  5  13 0.33
  5  14 0.37
  5  15 0.25
  5  16 0.46
  5  17 0.37
  5  18 0.40
  5  19 0.33
  5  20 0.42
  5  21 0.37
  5  22 0.37
  6   1 0.61
  6   2 0.27
  6   3 0.34
  6   5 0.57
  6   6 0.84
  6   7 0.18
  6   8 0.31
  6   9 0.21
  6  10 0.57
  6  11 0.47
  6  12 0.50
  6  13 0.55
  6  14 0.38
  6  15 0.35
  6  16 0.58
  6  17 0.50
  6  18 0.52
  6  19 0.47
  6  20 0.50
  6  21 0.48
  6  22 0.47
  7   1 0.32
  7   2 0.16
  7   3 0.30
  7   5 0.21
  7   6 0.30
  7   7 0.73
  7   8 0.44
  7   9 0.20
  7  10 0.47
  7  11 0.34
  7  12 0.45
  7  13 0.25
  7  14 0.12
  7  15 0.36
  7  16 0.46
  7  17 0.44
  7  18 0.38
  7  19 0.47
  7  20 0.18
  7  21 0.46
  7  22 0.54
  8   1 0.37
  8   2 0.10
  8   3 0.47
  8   5 0.34
  8   6 0.42
  8   7 0.32
  8   8 0.86
  8   9 0.18
  8  10 0.43
  8  11 0.38
  8  12 0.42
  8  13 0.27
  8  14 0.16
  8  15 0.38
  8  16 0.45
  8  17 0.32
  8  18 0.44
  8  19 0.39
  8  20 0.23
  8  21 0.48
  8  22 0.34
  9   1 0.49
  9   2 0.13
  9   3 0.47
  9   5 0.46
  9   6 0.43
  9   7 0.15
  9   8 0.29
  9   9 0.23
  9  10 0.42
  9  11 0.51
  9  12 0.38
  9  13 0.31
  9  14 0.28
  9  15 0.27
  9  16 0.47
  9  17 0.48
  9  18 0.42
  9  19 0.40
  9  20 0.38
  9  21 0.38
  9  22 0.40
 10   1 0.47
 10   2 0.17
 10   3 0.22
 10   5 0.37
 10   6 0.53
 10   7 0.31
 10   8 0.26
 10   9 0.21
 10  10 0.66
 10  11 0.35
 10  12 0.48
 10  13 0.39
 10  14 0.26
 10  15 0.35
 10  16 0.53
 10  17 0.53
 10  18 0.48
 10  19 0.46
 10  20 0.31
 10  21 0.50
 10  22 0.45
 11   1 0.46
 11   2 0.14
 11   3 0.33
 11   5 0.34
 11   6 0.41
 11   7 0.19
 11   8 0.26
 11   9 0.17
 11  10 0.36
 11  11 0.78
 11  12 0.42
 11  13 0.37
 11  14 0.22
 11  15 0.39
 11  16 0.47
 11  17 0.44
 11  18 0.47
 11  19 0.59
 11  20 0.32
 11  21 0.43
 11  22 0.44
 12   1 0.49
 12   2 0.22
 12   3 0.36
 12   5 0.47
 12   6 0.63
 12   7 0.26
 12   8 0.42
 12   9 0.18
 12  10 0.53
 12  11 0.50
 12  12 0.75
 12  13 0.44
 12  14 0.25
 12  15 0.39
 12  16 0.61
 12  17 0.49
 12  18 0.50
 12  19 0.51
 12  20 0.36
 12  21 0.51
 12  22 0.54
 13   1 0.42
 13   2 0.20
 13   3 0.20
 13   5 0.30
 13   6 0.42
 13   7 0.16
 13   8 0.13
 13   9 0.10
 13  10 0.33
 13  11 0.26
 13  12 0.26
 13  13 0.77
 13  14 0.23
 13  15 0.31
 13  16 0.28
 13  17 0.22
 13  18 0.23
 13  19 0.28
 13  20 0.40
 13  21 0.31
 13  22 0.29
 14   1 0.50
 14   2 0.19
 14   3 0.25
 14   5 0.40
 14   6 0.47
 14   7 0.13
 14   8 0.22
 14   9 0.11
 14  10 0.32
 14  11 0.32
 14  12 0.34
 14  13 0.36
 14  14 0.51
 14  15 0.34
 14  16 0.41
 14  17 0.36
 14  18 0.37
 14  19 0.34
 14  20 0.29
 14  21 0.40
 14  22 0.31
 15   1 0.39
 15   2 0.18
 15   3 0.31
 15   5 0.27
 15   6 0.37
 15   7 0.32
 15   8 0.39
 15   9 0.15
 15  10 0.38
 15  11 0.37
 15  12 0.46
 15  13 0.33
 15  14 0.21
 15  15 0.82
 15  16 0.54
 15  17 0.42
 15  18 0.36
 15  19 0.44
 15  20 0.35
 15  21 0.49
 15  22 0.47
 16   1 0.46
 16   2 0.16
 16   3 0.32
 16   5 0.44
 16   6 0.52
 16   7 0.29
 16   8 0.37
 16   9 0.18
 16  10 0.54
 16  11 0.57
 16  12 0.57
 16  13 0.36
 16  14 0.28
 16  15 0.44
 16  16 0.85
 16  17 0.68
 16  18 0.62
 16  19 0.68
 16  20 0.35
 16  21 0.64
 16  22 0.53
 17   1 0.49
 17   2 0.17
 17   3 0.34
 17   5 0.42
 17   6 0.51
 17   7 0.20
 17   8 0.30
 17   9 0.16
 17  10 0.49
 17  11 0.58
 17  12 0.49
 17  13 0.38
 17  14 0.33
 17  15 0.34
 17  16 0.66
 17  17 0.86
 17  18 0.59
 17  19 0.57
 17  20 0.41
 17  21 0.54
 17  22 0.52
 18   1 0.49
 18   2 0.16
 18   3 0.35
 18   5 0.39
 18   6 0.50
 18   7 0.31
 18   8 0.42
 18   9 0.18
 18  10 0.50
 18  11 0.57
 18  12 0.48
 18  13 0.38
 18  14 0.25
 18  15 0.38
 18  16 0.62
 18  17 0.67
 18  18 0.84
 18  19 0.66
 18  20 0.36
 18  21 0.63
 18  22 0.53
 19   1 0.41
 19   2 0.16
 19   3 0.21
 19   5 0.31
 19   6 0.42
 19   7 0.24
 19   8 0.31
 19   9 0.16
 19  10 0.43
 19  11 0.62
 19  12 0.50
 19  13 0.32
 19  14 0.19
 19  15 0.34
 19  16 0.58
 19  17 0.58
 19  18 0.67
 19  19 0.79
 19  20 0.31
 19  21 0.56
 19  22 0.56
 20   1 0.43
 20   2 0.20
 20   3 0.26
 20   5 0.40
 20   6 0.45
 20   7 0.11
 20   8 0.18
 20   9 0.07
 20  10 0.36
 20  11 0.46
 20  12 0.39
 20  13 0.50
 20  14 0.23
 20  15 0.32
 20  16 0.47
 20  17 0.36
 20  18 0.33
 20  19 0.44
 20  20 0.66
 20  21 0.39
 20  22 0.41
 21   1 0.47
 21   2 0.16
 21   3 0.28
 21   5 0.35
 21   6 0.48
 21   7 0.32
 21   8 0.41
 21   9 0.13
 21  10 0.43
 21  11 0.45
 21  12 0.49
 21  13 0.43
 21  14 0.29
 21  15 0.47
 21  16 0.62
 21  17 0.57
 21  18 0.53
 21  19 0.57
 21  20 0.37
 21  21 0.90
 21  22 0.49
 22   1 0.48
 22   2 0.28
 22   3 0.23
 22   5 0.42
 22   6 0.53
 22   7 0.31
 22   8 0.33
 22   9 0.17
 22  10 0.46
 22  11 0.42
 22  12 0.57
 22  13 0.33
 22  14 0.24
 22  15 0.40
 22  16 0.53
 22  17 0.54
 22  18 0.49
 22  19 0.55
 22  20 0.39
 22  21 0.50
 22  22 0.87
