  1   1 0.95
  1   2 0.82
  1   3 0.50
  1   4 0.62
  1   5 0.50
  1   6 0.70
  1   7 0.41
  1   8 0.60
  1   9 0.72
  1  10 0.61
  1  11 0.48
  1  12 0.44
  1  13 0.49
  1  14 0.61
  1  15 0.58
  1  16 0.55
  1  17 0.54
  1  18 0.48
  1  19 0.65
  1  20 0.29
  1  21 0.31
  1  22 0.52
  2   1 0.73
  2   2 0.85
  2   3 0.65
  2   4 0.64
  2   5 0.53
  2   6 0.59
  2   7 0.44
  2   8 0.59
  2   9 0.76
  2  10 0.70
  2  11 0.59
  2  12 0.56
  2  13 0.54
  2  14 0.58
  2  15 0.64
  2  16 0.61
  2  17 0.57
  2  18 0.45
  2  19 0.57
  2  20 0.30
  2  21 0.41
  2  22 0.53
  3   1 0.49
  3   2 0.67
  3   3 0.95
  3   4 0.51
  3   5 0.43
  3   6 0.54
  3   7 0.46
  3   8 0.62
  3   9 0.74
  3  10 0.53
  3  11 0.76
  3  12 0.44
  3  13 0.53
  3  14 0.52
  3  15 0.57
  3  16 0.54
  3  17 0.58
  3  18 0.36
  3  19 0.60
  3  20 0.42
  3  21 0.40
  3  22 0.54
  4   1 0.40
  4   2 0.49
  4   3 0.42
  4   4 0.82
  4   5 0.51
  4   6 0.51
  4   7 0.50
  4   8 0.64
  4   9 0.50
  4  10 0.40
  4  11 0.51
  4  12 0.44
  4  13 0.50
  4  14 0.58
  4  15 0.42
  4  16 0.52
  4  17 0.50
  4  18 0.34
  4  19 0.47
  4  20 0.27
  4  21 0.24
  4  22 0.40
  5   1 0.47
  5   2 0.49
  5   3 0.47
  5   4 0.65
  5   5 0.96
  5   6 0.55
  5   7 0.35
  5   8 0.65
  5   9 0.61
  5  10 0.45
  5  11 0.49
  5  12 0.75
  5  13 0.80
  5  14 0.76
  5  15 0.76
  5  16 0.86
  5  17 0.53
  5  18 0.57
  5  19 0.47
  5  20 0.28
  5  21 0.21
  5  22 0.37
  6   1 0.66
  6   2 0.73
  6   3 0.48
  6   4 0.67
  6   5 0.64
  6   6 0.91
  6   7 0.55
  6   8 0.76
  6   9 0.69
  6  10 0.48
  6  11 0.51
  6  12 0.56
  6  13 0.68
  6  14 0.76
  6  15 0.61
  6  16 0.72
  6  17 0.66
  6  18 0.59
  6  19 0.82
  6  20 0.44
  6  21 0.31
  6  22 0.48
  7   1 0.34
  7   2 0.46
  7   3 0.40
  7   4 0.42
  7   5 0.29
  7   6 0.60
  7   7 0.94
  7   8 0.59
  7   9 0.44
  7  10 0.24
  7  11 0.40
  7  12 0.25
  7  13 0.39
  7  14 0.39
  7  15 0.31
  7  16 0.30
  7  17 0.43
  7  18 0.32
  7  19 0.55
  7  20 0.39
  7  21 0.26
  7  22 0.33
  8   1 0.58
  8   2 0.62
  8   3 0.63
  8   4 0.69
  8   5 0.68
  8   6 0.66
  8   7 0.53
  8   8 0.93
  8   9 0.62
  8  10 0.46
  8  11 0.56
  8  12 0.72
  8  13 0.72
  8  14 0.74
  8  15 0.67
  8  16 0.68
  8  17 0.67
  8  18 0.73
  8  19 0.63
  8  20 0.38
  8  21 0.28
  8  22 0.49
  9   1 0.59
  9   2 0.68
  9   3 0.58
  9   4 0.62
  9   5 0.65
  9   6 0.52
  9   7 0.35
  9   8 0.58
  9   9 0.85
  9  10 0.74
  9  11 0.66
  9  12 0.63
  9  13 0.63
  9  14 0.71
  9  15 0.72
  9  16 0.76
  9  17 0.59
  9  18 0.36
  9  19 0.50
  9  20 0.30
  9  21 0.29
  9  22 0.59
 10   1 0.63
 10   2 0.67
 10   3 0.61
 10   4 0.49
 10   5 0.33
 10   6 0.48
 10   7 0.28
 10   8 0.43
 10   9 0.67
 10  10 0.79
 10  11 0.58
 10  12 0.30
 10  13 0.32
 10  14 0.46
 10  15 0.43
 10  16 0.46
 10  17 0.50
 10  18 0.20
 10  19 0.49
 10  20 0.31
 10  21 0.33
 10  22 0.61
 11   1 0.59
 11   2 0.70
 11   3 0.68
 11   4 0.63
 11   5 0.57
 11   6 0.66
 11   7 0.44
 11   8 0.71
 11   9 0.79
 11  10 0.57
 11  11 0.88
 11  12 0.66
 11  13 0.66
 11  14 0.72
 11  15 0.62
 11  16 0.74
 11  17 0.72
 11  18 0.43
 11  19 0.65
 11  20 0.48
 11  21 0.34
 11  22 0.62
 12   1 0.49
 12   2 0.52
 12   3 0.51
 12   4 0.56
 12   5 0.68
 12   6 0.47
 12   7 0.30
 12   8 0.62
 12   9 0.62
 12  10 0.50
 12  11 0.64
 12  12 0.85
 12  13 0.62
 12  14 0.72
 12  15 0.61
 12  16 0.71
 12  17 0.55
 12  18 0.55
 12  19 0.45
 12  20 0.30
 12  21 0.28
 12  22 0.50
 13   1 0.49
 13   2 0.51
 13   3 0.55
 13   4 0.57
 13   5 0.77
 13   6 0.63
 13   7 0.40
 13   8 0.71
 13   9 0.63
 13  10 0.42
 13  11 0.55
 13  12 0.75
 13  13 0.97
 13  14 0.71
 13  15 0.77
 13  16 0.80
 13  17 0.70
 13  18 0.67
 13  19 0.58
 13  20 0.38
 13  21 0.25
 13  22 0.43
 14   1 0.54
 14   2 0.60
 14   3 0.50
 14   4 0.70
 14   5 0.76
 14   6 0.59
 14   7 0.36
 14   8 0.69
 14   9 0.65
 14  10 0.53
 14  11 0.54
 14  12 0.69
 14  13 0.69
 14  14 0.94
 14  15 0.74
 14  16 0.77
 14  17 0.59
 14  18 0.58
 14  19 0.52
 14  20 0.34
 14  21 0.27
 14  22 0.50
 15   1 0.47
 15   2 0.45
 15   3 0.52
 15   4 0.56
 15   5 0.76
 15   6 0.43
 15   7 0.31
 15   8 0.59
 15   9 0.58
 15  10 0.47
 15  11 0.47
 15  12 0.75
 15  13 0.79
 15  14 0.72
 15  15 0.94
 15  16 0.74
 15  17 0.52
 15  18 0.60
 15  19 0.40
 15  20 0.23
 15  21 0.20
 15  22 0.36
 16   1 0.57
 16   2 0.62
 16   3 0.53
 16   4 0.67
 16   5 0.76
 16   6 0.63
 16   7 0.37
 16   8 0.65
 16   9 0.71
 16  10 0.60
 16  11 0.59
 16  12 0.71
 16  13 0.71
 16  14 0.81
 16  15 0.73
 16  16 0.91
 16  17 0.60
 16  18 0.54
 16  19 0.57
 16  20 0.27
 16  21 0.30
 16  22 0.44
 17   1 0.54
 17   2 0.63
 17   3 0.55
 17   4 0.54
 17   5 0.46
 17   6 0.69
 17   7 0.46
 17   8 0.73
 17   9 0.62
 17  10 0.43
 17  11 0.62
 17  12 0.54
 17  13 0.60
 17  14 0.61
 17  15 0.48
 17  16 0.56
 17  17 0.92
 17  18 0.47
 17  19 0.65
 17  20 0.49
 17  21 0.38
 17  22 0.67
 18   1 0.55
 18   2 0.54
 18   3 0.45
 18   4 0.50
 18   5 0.59
 18   6 0.69
 18   7 0.52
 18   8 0.70
 18   9 0.49
 18  10 0.35
 18  11 0.37
 18  12 0.65
 18  13 0.69
 18  14 0.62
 18  15 0.57
 18  16 0.55
 18  17 0.60
 18  18 0.91
 18  19 0.62
 18  20 0.30
 18  21 0.24
 18  22 0.34
 19   1 0.67
 19   2 0.73
 19   3 0.58
 19   4 0.62
 19   5 0.54
 19   6 0.89
 19   7 0.60
 19   8 0.78
 19   9 0.75
 19  10 0.43
 19  11 0.62
 19  12 0.52
 19  13 0.64
 19  14 0.71
 19  15 0.57
 19  16 0.65
 19  17 0.66
 19  18 0.55
 19  19 0.94
 19  20 0.49
 19  21 0.43
 19  22 0.54
 20   1 0.38
 20   2 0.48
 20   3 0.39
 20   4 0.35
 20   5 0.29
 20   6 0.69
 20   7 0.38
 20   8 0.56
 20   9 0.55
 20  10 0.23
 20  11 0.59
 20  12 0.31
 20  13 0.42
 20  14 0.50
 20  15 0.30
 20  16 0.37
 20  17 0.54
 20  18 0.28
 20  19 0.65
 20  20 0.94
 20  21 0.33
 20  22 0.70
 21   1 0.26
 21   2 0.35
 21   3 0.33
 21   4 0.25
 21   5 0.16
 21   6 0.37
 21   7 0.25
 21   8 0.30
 21   9 0.41
 21  10 0.18
 21  11 0.40
 21  12 0.14
 21  13 0.19
 21  14 0.27
 21  15 0.24
 21  16 0.20
 21  17 0.33
 21  18 0.17
 21  19 0.47
 21  20 0.35
 21  21 0.95
 21  22 0.40
 22   1 0.48
 22   2 0.54
 22   3 0.48
 22   4 0.49
 22   5 0.43
 22   6 0.48
 22   7 0.32
 22   8 0.51
 22   9 0.65
 22  10 0.48
 22  11 0.67
 22  12 0.40
 22  13 0.41
 22  14 0.54
 22  15 0.44
 22  16 0.51
 22  17 0.54
 22  18 0.22
 22  19 0.49
 22  20 0.50
 22  21 0.37
 22  22 0.88
  1   1 0.95
  1   2 0.82
  1   3 0.50
  1   4 0.62
  1   5 0.50
  1   6 0.70
  1   7 0.41
  1   8 0.60
  1   9 0.72
  1  10 0.61
  1  11 0.47
  1  12 0.44
  1  13 0.48
  1  14 0.61
  1  15 0.58
  1  16 0.54
  1  17 0.53
  1  18 0.48
  1  19 0.65
  1  20 0.29
  1  21 0.31
  1  22 0.52
  2   1 0.72
  2   2 0.85
  2   3 0.65
  2   4 0.64
  2   5 0.53
  2   6 0.59
  2   7 0.43
  2   8 0.59
  2   9 0.76
  2  10 0.70
  2  11 0.59
  2  12 0.56
  2  13 0.54
  2  14 0.58
  2  15 0.64
  2  16 0.61
  2  17 0.57
  2  18 0.45
  2  19 0.57
  2  20 0.30
  2  21 0.41
  2  22 0.53
  3   1 0.49
  3   2 0.66
  3   3 0.95
  3   4 0.51
  3   5 0.43
  3   6 0.54
  3   7 0.46
  3   8 0.62
  3   9 0.74
  3  10 0.53
  3  11 0.76
  3  12 0.44
  3  13 0.53
  3  14 0.52
  3  15 0.57
  3  16 0.54
  3  17 0.58
  3  18 0.36
  3  19 0.60
  3  20 0.42
  3  21 0.40
  3  22 0.54
  4   1 0.40
  4   2 0.49
  4   3 0.42
  4   4 0.82
  4   5 0.51
  4   6 0.51
  4   7 0.50
  4   8 0.64
  4   9 0.50
  4  10 0.40
  4  11 0.51
  4  12 0.44
  4  13 0.50
  4  14 0.58
  4  15 0.42
  4  16 0.52
  4  17 0.49
  4  18 0.34
  4  19 0.47
  4  20 0.27
  4  21 0.24
  4  22 0.39
  5   1 0.47
  5   2 0.49
  5   3 0.47
  5   4 0.65
  5   5 0.96
  5   6 0.55
  5   7 0.35
  5   8 0.65
  5   9 0.61
  5  10 0.45
  5  11 0.49
  5  12 0.75
  5  13 0.80
  5  14 0.76
  5  15 0.76
  5  16 0.86
  5  17 0.53
  5  18 0.57
  5  19 0.47
  5  20 0.28
  5  21 0.20
  5  22 0.37
  6   1 0.66
  6   2 0.73
  6   3 0.48
  6   4 0.67
  6   5 0.64
  6   6 0.91
  6   7 0.55
  6   8 0.76
  6   9 0.69
  6  10 0.48
  6  11 0.51
  6  12 0.56
  6  13 0.68
  6  14 0.76
  6  15 0.61
  6  16 0.72
  6  17 0.66
  6  18 0.59
  6  19 0.82
  6  20 0.44
  6  21 0.31
  6  22 0.48
  7   1 0.34
  7   2 0.46
  7   3 0.39
  7   4 0.42
  7   5 0.29
  7   6 0.60
  7   7 0.94
  7   8 0.59
  7   9 0.43
  7  10 0.24
  7  11 0.40
  7  12 0.25
  7  13 0.39
  7  14 0.39
  7  15 0.31
  7  16 0.30
  7  17 0.43
  7  18 0.32
  7  19 0.55
  7  20 0.39
  7  21 0.26
  7  22 0.33
  8   1 0.58
  8   2 0.62
  8   3 0.63
  8   4 0.69
  8   5 0.68
  8   6 0.66
  8   7 0.53
  8   8 0.93
  8   9 0.61
  8  10 0.45
  8  11 0.56
  8  12 0.72
  8  13 0.72
  8  14 0.74
  8  15 0.67
  8  16 0.68
  8  17 0.67
  8  18 0.73
  8  19 0.63
  8  20 0.38
  8  21 0.28
  8  22 0.49
  9   1 0.59
  9   2 0.68
  9   3 0.58
  9   4 0.62
  9   5 0.65
  9   6 0.52
  9   7 0.35
  9   8 0.58
  9   9 0.85
  9  10 0.74
  9  11 0.66
  9  12 0.62
  9  13 0.63
  9  14 0.71
  9  15 0.72
  9  16 0.76
  9  17 0.59
  9  18 0.36
  9  19 0.50
  9  20 0.30
  9  21 0.29
  9  22 0.59
 10   1 0.63
 10   2 0.67
 10   3 0.60
 10   4 0.48
 10   5 0.32
 10   6 0.48
 10   7 0.28
 10   8 0.43
 10   9 0.67
 10  10 0.79
 10  11 0.58
 10  12 0.30
 10  13 0.31
 10  14 0.46
 10  15 0.43
 10  16 0.45
 10  17 0.50
 10  18 0.19
 10  19 0.49
 10  20 0.30
 10  21 0.33
 10  22 0.60
 11   1 0.58
 11   2 0.70
 11   3 0.68
 11   4 0.63
 11   5 0.56
 11   6 0.65
 11   7 0.43
 11   8 0.71
 11   9 0.79
 11  10 0.56
 11  11 0.88
 11  12 0.66
 11  13 0.66
 11  14 0.72
 11  15 0.62
 11  16 0.74
 11  17 0.72
 11  18 0.43
 11  19 0.65
 11  20 0.48
 11  21 0.34
 11  22 0.62
 12   1 0.49
 12   2 0.52
 12   3 0.51
 12   4 0.56
 12   5 0.68
 12   6 0.47
 12   7 0.30
 12   8 0.62
 12   9 0.62
 12  10 0.50
 12  11 0.64
 12  12 0.85
 12  13 0.62
 12  14 0.72
 12  15 0.60
 12  16 0.71
 12  17 0.55
 12  18 0.55
 12  19 0.44
 12  20 0.30
 12  21 0.28
 12  22 0.50
 13   1 0.49
 13   2 0.50
 13   3 0.54
 13   4 0.57
 13   5 0.77
 13   6 0.63
 13   7 0.40
 13   8 0.71
 13   9 0.63
 13  10 0.42
 13  11 0.55
 13  12 0.75
 13  13 0.97
 13  14 0.71
 13  15 0.77
 13  16 0.80
 13  17 0.69
 13  18 0.67
 13  19 0.58
 13  20 0.38
 13  21 0.25
 13  22 0.43
 14   1 0.54
 14   2 0.59
 14   3 0.50
 14   4 0.70
 14   5 0.76
 14   6 0.59
 14   7 0.36
 14   8 0.69
 14   9 0.65
 14  10 0.53
 14  11 0.54
 14  12 0.69
 14  13 0.69
 14  14 0.94
 14  15 0.74
 14  16 0.77
 14  17 0.59
 14  18 0.58
 14  19 0.52
 14  20 0.34
 14  21 0.27
 14  22 0.50
 15   1 0.47
 15   2 0.45
 15   3 0.52
 15   4 0.56
 15   5 0.76
 15   6 0.43
 15   7 0.31
 15   8 0.59
 15   9 0.58
 15  10 0.47
 15  11 0.46
 15  12 0.75
 15  13 0.79
 15  14 0.72
 15  15 0.94
 15  16 0.74
 15  17 0.52
 15  18 0.60
 15  19 0.40
 15  20 0.23
 15  21 0.20
 15  22 0.36
 16   1 0.57
 16   2 0.62
 16   3 0.53
 16   4 0.67
 16   5 0.76
 16   6 0.63
 16   7 0.37
 16   8 0.65
 16   9 0.71
 16  10 0.60
 16  11 0.59
 16  12 0.71
 16  13 0.71
 16  14 0.81
 16  15 0.73
 16  16 0.91
 16  17 0.59
 16  18 0.54
 16  19 0.57
 16  20 0.27
 16  21 0.30
 16  22 0.44
 17   1 0.54
 17   2 0.62
 17   3 0.55
 17   4 0.54
 17   5 0.46
 17   6 0.68
 17   7 0.46
 17   8 0.72
 17   9 0.62
 17  10 0.43
 17  11 0.62
 17  12 0.54
 17  13 0.60
 17  14 0.61
 17  15 0.47
 17  16 0.55
 17  17 0.92
 17  18 0.47
 17  19 0.65
 17  20 0.49
 17  21 0.38
 17  22 0.67
 18   1 0.55
 18   2 0.53
 18   3 0.45
 18   4 0.50
 18   5 0.58
 18   6 0.69
 18   7 0.52
 18   8 0.70
 18   9 0.48
 18  10 0.35
 18  11 0.37
 18  12 0.65
 18  13 0.69
 18  14 0.62
 18  15 0.57
 18  16 0.55
 18  17 0.60
 18  18 0.91
 18  19 0.62
 18  20 0.30
 18  21 0.24
 18  22 0.34
 19   1 0.66
 19   2 0.73
 19   3 0.58
 19   4 0.62
 19   5 0.54
 19   6 0.89
 19   7 0.60
 19   8 0.78
 19   9 0.75
 19  10 0.43
 19  11 0.62
 19  12 0.52
 19  13 0.63
 19  14 0.71
 19  15 0.57
 19  16 0.65
 19  17 0.66
 19  18 0.55
 19  19 0.94
 19  20 0.49
 19  21 0.43
 19  22 0.54
 20   1 0.38
 20   2 0.48
 20   3 0.39
 20   4 0.35
 20   5 0.29
 20   6 0.69
 20   7 0.38
 20   8 0.56
 20   9 0.55
 20  10 0.23
 20  11 0.59
 20  12 0.31
 20  13 0.42
 20  14 0.50
 20  15 0.30
 20  16 0.37
 20  17 0.54
 20  18 0.28
 20  19 0.65
 20  20 0.94
 20  21 0.32
 20  22 0.70
 21   1 0.25
 21   2 0.35
 21   3 0.33
 21   4 0.25
 21   5 0.15
 21   6 0.37
 21   7 0.25
 21   8 0.30
 21   9 0.40
 21  10 0.18
 21  11 0.40
 21  12 0.13
 21  13 0.19
 21  14 0.27
 21  15 0.24
 21  16 0.19
 21  17 0.33
 21  18 0.17
 21  19 0.47
 21  20 0.35
 21  21 0.95
 21  22 0.39
 22   1 0.48
 22   2 0.54
 22   3 0.48
 22   4 0.49
 22   5 0.42
 22   6 0.48
 22   7 0.32
 22   8 0.51
 22   9 0.65
 22  10 0.48
 22  11 0.67
 22  12 0.40
 22  13 0.41
 22  14 0.54
 22  15 0.44
 22  16 0.51
 22  17 0.53
 22  18 0.22
 22  19 0.49
 22  20 0.50
 22  21 0.36
 22  22 0.88
  1   1 0.95
  1   2 0.82
  1   3 0.50
  1   4 0.62
  1   5 0.50
  1   6 0.70
  1   7 0.41
  1   8 0.60
  1   9 0.72
  1  10 0.61
  1  11 0.47
  1  12 0.44
  1  13 0.48
  1  14 0.61
  1  15 0.58
  1  16 0.54
  1  17 0.53
  1  18 0.48
  1  19 0.65
  1  20 0.29
  1  21 0.31
  1  22 0.52
  2   1 0.72
  2   2 0.85
  2   3 0.65
  2   4 0.64
  2   5 0.53
  2   6 0.59
  2   7 0.43
  2   8 0.59
  2   9 0.76
  2  10 0.70
  2  11 0.59
  2  12 0.56
  2  13 0.54
  2  14 0.58
  2  15 0.64
  2  16 0.61
  2  17 0.57
  2  18 0.45
  2  19 0.57
  2  20 0.30
  2  21 0.41
  2  22 0.53
  3   1 0.49
  3   2 0.66
  3   3 0.95
  3   4 0.51
  3   5 0.43
  3   6 0.54
  3   7 0.46
  3   8 0.62
  3   9 0.74
  3  10 0.53
  3  11 0.76
  3  12 0.44
  3  13 0.53
  3  14 0.52
  3  15 0.57
  3  16 0.54
  3  17 0.58
  3  18 0.36
  3  19 0.60
  3  20 0.42
  3  21 0.40
  3  22 0.54
  4   1 0.40
  4   2 0.49
  4   3 0.42
  4   4 0.82
  4   5 0.51
  4   6 0.51
  4   7 0.50
  4   8 0.64
  4   9 0.50
  4  10 0.40
  4  11 0.51
  4  12 0.44
  4  13 0.50
  4  14 0.58
  4  15 0.42
  4  16 0.52
  4  17 0.49
  4  18 0.34
  4  19 0.47
  4  20 0.27
  4  21 0.24
  4  22 0.39
  5   1 0.47
  5   2 0.49
  5   3 0.47
  5   4 0.65
  5   5 0.96
  5   6 0.55
  5   7 0.35
  5   8 0.65
  5   9 0.61
  5  10 0.45
  5  11 0.49
  5  12 0.75
  5  13 0.80
  5  14 0.76
  5  15 0.76
  5  16 0.86
  5  17 0.53
  5  18 0.57
  5  19 0.47
  5  20 0.28
  5  21 0.20
  5  22 0.37
  6   1 0.66
  6   2 0.73
  6   3 0.48
  6   4 0.67
  6   5 0.64
  6   6 0.91
  6   7 0.55
  6   8 0.76
  6   9 0.69
  6  10 0.48
  6  11 0.51
  6  12 0.56
  6  13 0.68
  6  14 0.76
  6  15 0.61
  6  16 0.72
  6  17 0.66
  6  18 0.59
  6  19 0.82
  6  20 0.44
  6  21 0.31
  6  22 0.48
  7   1 0.34
  7   2 0.46
  7   3 0.39
  7   4 0.42
  7   5 0.29
  7   6 0.60
  7   7 0.94
  7   8 0.59
  7   9 0.43
  7  10 0.24
  7  11 0.40
  7  12 0.25
  7  13 0.39
  7  14 0.39
  7  15 0.31
  7  16 0.30
  7  17 0.43
  7  18 0.32
  7  19 0.55
  7  20 0.39
  7  21 0.26
  7  22 0.33
  8   1 0.58
  8   2 0.62
  8   3 0.63
  8   4 0.69
  8   5 0.68
  8   6 0.66
  8   7 0.53
  8   8 0.93
  8   9 0.61
  8  10 0.45
  8  11 0.56
  8  12 0.72
  8  13 0.72
  8  14 0.74
  8  15 0.67
  8  16 0.68
  8  17 0.67
  8  18 0.73
  8  19 0.63
  8  20 0.38
  8  21 0.28
  8  22 0.49
  9   1 0.59
  9   2 0.68
  9   3 0.58
  9   4 0.62
  9   5 0.65
  9   6 0.52
  9   7 0.35
  9   8 0.58
  9   9 0.85
  9  10 0.74
  9  11 0.66
  9  12 0.62
  9  13 0.63
  9  14 0.71
  9  15 0.72
  9  16 0.76
  9  17 0.59
  9  18 0.36
  9  19 0.50
  9  20 0.30
  9  21 0.29
  9  22 0.59
 10   1 0.63
 10   2 0.67
 10   3 0.60
 10   4 0.48
 10   5 0.32
 10   6 0.48
 10   7 0.28
 10   8 0.43
 10   9 0.67
 10  10 0.79
 10  11 0.58
 10  12 0.30
 10  13 0.31
 10  14 0.46
 10  15 0.43
 10  16 0.45
 10  17 0.50
 10  18 0.19
 10  19 0.49
 10  20 0.30
 10  21 0.33
 10  22 0.60
 11   1 0.58
 11   2 0.70
 11   3 0.68
 11   4 0.63
 11   5 0.56
 11   6 0.65
 11   7 0.43
 11   8 0.71
 11   9 0.79
 11  10 0.56
 11  11 0.88
 11  12 0.66
 11  13 0.66
 11  14 0.72
 11  15 0.62
 11  16 0.74
 11  17 0.72
 11  18 0.43
 11  19 0.65
 11  20 0.48
 11  21 0.34
 11  22 0.62
 12   1 0.49
 12   2 0.52
 12   3 0.51
 12   4 0.56
 12   5 0.68
 12   6 0.47
 12   7 0.30
 12   8 0.62
 12   9 0.62
 12  10 0.50
 12  11 0.64
 12  12 0.85
 12  13 0.62
 12  14 0.72
 12  15 0.60
 12  16 0.71
 12  17 0.55
 12  18 0.55
 12  19 0.44
 12  20 0.30
 12  21 0.28
 12  22 0.50
 13   1 0.49
 13   2 0.50
 13   3 0.54
 13   4 0.57
 13   5 0.77
 13   6 0.63
 13   7 0.40
 13   8 0.71
 13   9 0.63
 13  10 0.42
 13  11 0.55
 13  12 0.75
 13  13 0.97
 13  14 0.71
 13  15 0.77
 13  16 0.80
 13  17 0.69
 13  18 0.67
 13  19 0.58
 13  20 0.38
 13  21 0.25
 13  22 0.43
 14   1 0.54
 14   2 0.59
 14   3 0.50
 14   4 0.70
 14   5 0.76
 14   6 0.59
 14   7 0.36
 14   8 0.69
 14   9 0.65
 14  10 0.53
 14  11 0.54
 14  12 0.69
 14  13 0.69
 14  14 0.94
 14  15 0.74
 14  16 0.77
 14  17 0.59
 14  18 0.58
 14  19 0.52
 14  20 0.34
 14  21 0.27
 14  22 0.50
 15   1 0.47
 15   2 0.45
 15   3 0.52
 15   4 0.56
 15   5 0.76
 15   6 0.43
 15   7 0.31
 15   8 0.59
 15   9 0.58
 15  10 0.47
 15  11 0.46
 15  12 0.75
 15  13 0.79
 15  14 0.72
 15  15 0.94
 15  16 0.74
 15  17 0.52
 15  18 0.60
 15  19 0.40
 15  20 0.23
 15  21 0.20
 15  22 0.36
 16   1 0.57
 16   2 0.62
 16   3 0.53
 16   4 0.67
 16   5 0.76
 16   6 0.63
 16   7 0.37
 16   8 0.65
 16   9 0.71
 16  10 0.60
 16  11 0.59
 16  12 0.71
 16  13 0.71
 16  14 0.81
 16  15 0.73
 16  16 0.91
 16  17 0.59
 16  18 0.54
 16  19 0.57
 16  20 0.27
 16  21 0.30
 16  22 0.44
 17   1 0.54
 17   2 0.62
 17   3 0.55
 17   4 0.54
 17   5 0.46
 17   6 0.68
 17   7 0.46
 17   8 0.72
 17   9 0.62
 17  10 0.43
 17  11 0.62
 17  12 0.54
 17  13 0.60
 17  14 0.61
 17  15 0.47
 17  16 0.55
 17  17 0.92
 17  18 0.47
 17  19 0.65
 17  20 0.49
 17  21 0.38
 17  22 0.67
 18   1 0.55
 18   2 0.53
 18   3 0.45
 18   4 0.50
 18   5 0.58
 18   6 0.69
 18   7 0.52
 18   8 0.70
 18   9 0.48
 18  10 0.35
 18  11 0.37
 18  12 0.65
 18  13 0.69
 18  14 0.62
 18  15 0.57
 18  16 0.55
 18  17 0.60
 18  18 0.91
 18  19 0.62
 18  20 0.30
 18  21 0.24
 18  22 0.34
 19   1 0.66
 19   2 0.73
 19   3 0.58
 19   4 0.62
 19   5 0.54
 19   6 0.89
 19   7 0.60
 19   8 0.78
 19   9 0.75
 19  10 0.43
 19  11 0.62
 19  12 0.52
 19  13 0.63
 19  14 0.71
 19  15 0.57
 19  16 0.65
 19  17 0.66
 19  18 0.55
 19  19 0.94
 19  20 0.49
 19  21 0.43
 19  22 0.54
 20   1 0.38
 20   2 0.48
 20   3 0.39
 20   4 0.35
 20   5 0.29
 20   6 0.69
 20   7 0.38
 20   8 0.56
 20   9 0.55
 20  10 0.23
 20  11 0.59
 20  12 0.31
 20  13 0.42
 20  14 0.50
 20  15 0.30
 20  16 0.37
 20  17 0.54
 20  18 0.28
 20  19 0.65
 20  20 0.94
 20  21 0.32
 20  22 0.70
 21   1 0.25
 21   2 0.35
 21   3 0.33
 21   4 0.25
 21   5 0.15
 21   6 0.37
 21   7 0.25
 21   8 0.30
 21   9 0.40
 21  10 0.18
 21  11 0.40
 21  12 0.13
 21  13 0.19
 21  14 0.27
 21  15 0.24
 21  16 0.19
 21  17 0.33
 21  18 0.17
 21  19 0.47
 21  20 0.35
 21  21 0.95
 21  22 0.39
 22   1 0.48
 22   2 0.54
 22   3 0.48
 22   4 0.49
 22   5 0.42
 22   6 0.48
 22   7 0.32
 22   8 0.51
 22   9 0.65
 22  10 0.48
 22  11 0.67
 22  12 0.40
 22  13 0.41
 22  14 0.54
 22  15 0.44
 22  16 0.51
 22  17 0.53
 22  18 0.22
 22  19 0.49
 22  20 0.50
 22  21 0.36
 22  22 0.88
