  1   1 0.95
  1   2 0.50
  1   3 0.42
  1   4 0.17
  1   5 0.35
  1   6 0.45
  1   7 0.30
  1   8 0.33
  1   9 0.46
  1  10 0.13
  1  11 0.40
  1  12 0.43
  1  13 0.64
  1  14 0.35
  1  15 0.29
  1  16 0.32
  1  17 0.51
  1  18 0.18
  1  19 0.36
  1  20 0.37
  1  21 0.57
  1  22 0.46
  2   1 0.43
  2   2 0.95
  2   3 0.35
  2   4 0.26
  2   5 0.24
  2   6 0.27
  2   7 0.13
  2   8 0.30
  2   9 0.23
  2  10 0.07
  2  11 0.15
  2  12 0.35
  2  13 0.46
  2  14 0.18
  2  15 0.37
  2  16 0.33
  2  17 0.43
  2  18 0.10
  2  19 0.13
  2  20 0.08
  2  21 0.66
  2  22 0.49
  3   1 0.43
  3   2 0.34
  3   3 0.89
  3   4 0.16
  3   5 0.43
  3   6 0.57
  3   7 0.41
  3   8 0.36
  3   9 0.52
  3  10 0.22
  3  11 0.37
  3  12 0.46
  3  13 0.40
  3  14 0.53
  3  15 0.36
  3  16 0.55
  3  17 0.47
  3  18 0.32
  3  19 0.62
  3  20 0.22
  3  21 0.39
  3  22 0.54
  4   1 0.12
  4   2 0.19
  4   3 0.08
  4   4 0.92
  4   5 0.12
  4   6 0.20
  4   7 0.17
  4   8 0.38
  4   9 0.07
  4  10 0.12
  4  11 0.04
  4  12 0.08
  4  13 0.16
  4  14 0.06
  4  15 0.29
  4  16 0.18
  4  17 0.23
  4  18 0.11
  4  19 0.06
  4  20 0.01
  4  21 0.18
  4  22 0.15
  5   1 0.41
  5   2 0.29
  5   3 0.51
  5   4 0.20
  5   5 0.90
  5   6 0.50
  5   7 0.36
  5   8 0.37
  5   9 0.31
  5  10 0.30
  5  11 0.42
  5  12 0.31
  5  13 0.30
  5  14 0.29
  5  15 0.39
  5  16 0.28
  5  17 0.40
  5  18 0.27
  5  19 0.43
  5  20 0.20
  5  21 0.30
  5  22 0.41
  6   1 0.43
  6   2 0.27
  6   3 0.48
  6   4 0.31
  6   5 0.39
  6   6 0.90
  6   7 0.55
  6   8 0.43
  6   9 0.41
  6  10 0.33
  6  11 0.48
  6  12 0.57
  6  13 0.39
  6  14 0.47
  6  15 0.46
  6  16 0.52
  6  17 0.52
  6  18 0.49
  6  19 0.52
  6  20 0.33
  6  21 0.33
  6  22 0.52
  7   1 0.39
  7   2 0.19
  7   3 0.38
  7   4 0.30
  7   5 0.39
  7   6 0.59
  7   7 0.85
  7   8 0.41
  7   9 0.40
  7  10 0.26
  7  11 0.41
  7  12 0.49
  7  13 0.40
  7  14 0.39
  7  15 0.39
  7  16 0.43
  7  17 0.46
  7  18 0.42
  7  19 0.46
  7  20 0.28
  7  21 0.30
  7  22 0.50
  8   1 0.31
  8   2 0.30
  8   3 0.30
  8   4 0.34
  8   5 0.30
  8   6 0.44
  8   7 0.32
  8   8 0.94
  8   9 0.31
  8  10 0.37
  8  11 0.16
  8  12 0.31
  8  13 0.33
  8  14 0.35
  8  15 0.50
  8  16 0.37
  8  17 0.39
  8  18 0.36
  8  19 0.29
  8  20 0.19
  8  21 0.31
  8  22 0.44
  9   1 0.45
  9   2 0.21
  9   3 0.47
  9   4 0.12
  9   5 0.35
  9   6 0.50
  9   7 0.39
  9   8 0.33
  9   9 0.89
  9  10 0.29
  9  11 0.27
  9  12 0.36
  9  13 0.44
  9  14 0.52
  9  15 0.33
  9  16 0.44
  9  17 0.52
  9  18 0.36
  9  19 0.58
  9  20 0.33
  9  21 0.31
  9  22 0.45
 10   1 0.17
 10   2 0.09
 10   3 0.21
 10   4 0.14
 10   5 0.29
 10   6 0.38
 10   7 0.30
 10   8 0.38
 10   9 0.22
 10  10 0.93
 10  11 0.18
 10  12 0.20
 10  13 0.21
 10  14 0.40
 10  15 0.49
 10  16 0.27
 10  17 0.28
 10  18 0.50
 10  19 0.34
 10  20 0.12
 10  21 0.12
 10  22 0.40
 11   1 0.47
 11   2 0.20
 11   3 0.49
 11   4 0.15
 11   5 0.43
 11   6 0.57
 11   7 0.56
 11   8 0.20
 11   9 0.34
 11  10 0.28
 11  11 0.88
 11  12 0.58
 11  13 0.33
 11  14 0.38
 11  15 0.35
 11  16 0.39
 11  17 0.46
 11  18 0.40
 11  19 0.54
 11  20 0.31
 11  21 0.31
 11  22 0.42
 12   1 0.43
 12   2 0.33
 12   3 0.51
 12   4 0.12
 12   5 0.35
 12   6 0.55
 12   7 0.54
 12   8 0.25
 12   9 0.41
 12  10 0.26
 12  11 0.54
 12  12 0.91
 12  13 0.51
 12  14 0.34
 12  15 0.40
 12  16 0.42
 12  17 0.45
 12  18 0.40
 12  19 0.48
 12  20 0.35
 12  21 0.52
 12  22 0.57
 13   1 0.55
 13   2 0.44
 13   3 0.42
 13   4 0.23
 13   5 0.24
 13   6 0.43
 13   7 0.33
 13   8 0.37
 13   9 0.45
 13  10 0.22
 13  11 0.25
 13  12 0.51
 13  13 0.94
 13  14 0.37
 13  15 0.32
 13  16 0.43
 13  17 0.50
 13  18 0.31
 13  19 0.34
 13  20 0.23
 13  21 0.63
 13  22 0.63
 14   1 0.37
 14   2 0.21
 14   3 0.50
 14   4 0.11
 14   5 0.30
 14   6 0.54
 14   7 0.40
 14   8 0.36
 14   9 0.44
 14  10 0.36
 14  11 0.31
 14  12 0.36
 14  13 0.37
 14  14 0.95
 14  15 0.41
 14  16 0.60
 14  17 0.50
 14  18 0.47
 14  19 0.58
 14  20 0.29
 14  21 0.27
 14  22 0.55
 15   1 0.25
 15   2 0.29
 15   3 0.38
 15   4 0.29
 15   5 0.40
 15   6 0.46
 15   7 0.47
 15   8 0.47
 15   9 0.27
 15  10 0.49
 15  11 0.30
 15  12 0.38
 15  13 0.26
 15  14 0.39
 15  15 0.93
 15  16 0.34
 15  17 0.39
 15  18 0.53
 15  19 0.38
 15  20 0.16
 15  21 0.26
 15  22 0.48
 16   1 0.33
 16   2 0.29
 16   3 0.49
 16   4 0.19
 16   5 0.24
 16   6 0.55
 16   7 0.44
 16   8 0.39
 16   9 0.53
 16  10 0.31
 16  11 0.31
 16  12 0.40
 16  13 0.39
 16  14 0.66
 16  15 0.39
 16  16 0.93
 16  17 0.55
 16  18 0.52
 16  19 0.58
 16  20 0.28
 16  21 0.33
 16  22 0.57
 17   1 0.51
 17   2 0.38
 17   3 0.43
 17   4 0.27
 17   5 0.30
 17   6 0.51
 17   7 0.33
 17   8 0.39
 17   9 0.46
 17  10 0.25
 17  11 0.34
 17  12 0.48
 17  13 0.51
 17  14 0.47
 17  15 0.45
 17  16 0.53
 17  17 0.94
 17  18 0.27
 17  19 0.49
 17  20 0.32
 17  21 0.54
 17  22 0.60
 18   1 0.19
 18   2 0.12
 18   3 0.25
 18   4 0.19
 18   5 0.25
 18   6 0.50
 18   7 0.44
 18   8 0.39
 18   9 0.28
 18  10 0.49
 18  11 0.25
 18  12 0.31
 18  13 0.27
 18  14 0.45
 18  15 0.52
 18  16 0.51
 18  17 0.30
 18  18 0.91
 18  19 0.38
 18  20 0.13
 18  21 0.14
 18  22 0.45
 19   1 0.37
 19   2 0.15
 19   3 0.55
 19   4 0.11
 19   5 0.35
 19   6 0.57
 19   7 0.45
 19   8 0.29
 19   9 0.58
 19  10 0.38
 19  11 0.40
 19  12 0.41
 19  13 0.35
 19  14 0.69
 19  15 0.40
 19  16 0.61
 19  17 0.58
 19  18 0.44
 19  19 0.92
 19  20 0.30
 19  21 0.27
 19  22 0.55
 20   1 0.41
 20   2 0.12
 20   3 0.31
 20   4 0.04
 20   5 0.27
 20   6 0.51
 20   7 0.42
 20   8 0.22
 20   9 0.45
 20  10 0.17
 20  11 0.37
 20  12 0.47
 20  13 0.32
 20  14 0.38
 20  15 0.22
 20  16 0.29
 20  17 0.37
 20  18 0.27
 20  19 0.41
 20  20 0.88
 20  21 0.26
 20  22 0.29
 21   1 0.48
 21   2 0.65
 21   3 0.41
 21   4 0.22
 21   5 0.25
 21   6 0.34
 21   7 0.27
 21   8 0.31
 21   9 0.37
 21  10 0.11
 21  11 0.24
 21  12 0.53
 21  13 0.58
 21  14 0.28
 21  15 0.35
 21  16 0.44
 21  17 0.56
 21  18 0.16
 21  19 0.27
 21  20 0.20
 21  21 0.93
 21  22 0.64
 22   1 0.43
 22   2 0.48
 22   3 0.51
 22   4 0.24
 22   5 0.35
 22   6 0.54
 22   7 0.47
 22   8 0.44
 22   9 0.42
 22  10 0.38
 22  11 0.31
 22  12 0.53
 22  13 0.55
 22  14 0.53
 22  15 0.52
 22  16 0.56
 22  17 0.63
 22  18 0.46
 22  19 0.50
 22  20 0.20
 22  21 0.57
 22  22 0.95
  1   1 0.95
  1   2 0.50
  1   3 0.41
  1   4 0.16
  1   5 0.34
  1   6 0.44
  1   7 0.30
  1   8 0.33
  1   9 0.46
  1  10 0.13
  1  11 0.39
  1  12 0.43
  1  13 0.64
  1  14 0.34
  1  15 0.28
  1  16 0.31
  1  17 0.51
  1  18 0.18
  1  19 0.36
  1  20 0.37
  1  21 0.57
  1  22 0.45
  2   1 0.43
  2   2 0.94
  2   3 0.34
  2   4 0.26
  2   5 0.24
  2   6 0.26
  2   7 0.13
  2   8 0.29
  2   9 0.23
  2  10 0.06
  2  11 0.14
  2  12 0.34
  2  13 0.46
  2  14 0.17
  2  15 0.36
  2  16 0.32
  2  17 0.42
  2  18 0.10
  2  19 0.12
  2  20 0.08
  2  21 0.66
  2  22 0.48
  3   1 0.43
  3   2 0.33
  3   3 0.89
  3   4 0.15
  3   5 0.43
  3   6 0.56
  3   7 0.41
  3   8 0.35
  3   9 0.52
  3  10 0.22
  3  11 0.36
  3  12 0.46
  3  13 0.39
  3  14 0.52
  3  15 0.35
  3  16 0.54
  3  17 0.46
  3  18 0.31
  3  19 0.62
  3  20 0.21
  3  21 0.38
  3  22 0.53
  4   1 0.12
  4   2 0.19
  4   3 0.08
  4   4 0.92
  4   5 0.12
  4   6 0.20
  4   7 0.16
  4   8 0.37
  4   9 0.07
  4  10 0.12
  4  11 0.03
  4  12 0.08
  4  13 0.15
  4  14 0.06
  4  15 0.28
  4  16 0.18
  4  17 0.22
  4  18 0.11
  4  19 0.05
  4  20 0.01
  4  21 0.18
  4  22 0.14
  5   1 0.41
  5   2 0.28
  5   3 0.51
  5   4 0.19
  5   5 0.90
  5   6 0.49
  5   7 0.36
  5   8 0.36
  5   9 0.30
  5  10 0.29
  5  11 0.42
  5  12 0.30
  5  13 0.29
  5  14 0.29
  5  15 0.39
  5  16 0.27
  5  17 0.39
  5  18 0.27
  5  19 0.42
  5  20 0.19
  5  21 0.29
  5  22 0.40
  6   1 0.43
  6   2 0.26
  6   3 0.48
  6   4 0.30
  6   5 0.39
  6   6 0.89
  6   7 0.55
  6   8 0.42
  6   9 0.41
  6  10 0.32
  6  11 0.47
  6  12 0.56
  6  13 0.39
  6  14 0.47
  6  15 0.46
  6  16 0.51
  6  17 0.52
  6  18 0.48
  6  19 0.51
  6  20 0.32
  6  21 0.33
  6  22 0.51
  7   1 0.38
  7   2 0.19
  7   3 0.37
  7   4 0.30
  7   5 0.38
  7   6 0.59
  7   7 0.85
  7   8 0.40
  7   9 0.40
  7  10 0.26
  7  11 0.40
  7  12 0.49
  7  13 0.39
  7  14 0.39
  7  15 0.39
  7  16 0.43
  7  17 0.45
  7  18 0.41
  7  19 0.46
  7  20 0.28
  7  21 0.29
  7  22 0.50
  8   1 0.31
  8   2 0.30
  8   3 0.30
  8   4 0.34
  8   5 0.29
  8   6 0.43
  8   7 0.32
  8   8 0.94
  8   9 0.31
  8  10 0.36
  8  11 0.15
  8  12 0.31
  8  13 0.33
  8  14 0.34
  8  15 0.50
  8  16 0.37
  8  17 0.39
  8  18 0.35
  8  19 0.29
  8  20 0.19
  8  21 0.30
  8  22 0.44
  9   1 0.45
  9   2 0.21
  9   3 0.47
  9   4 0.11
  9   5 0.34
  9   6 0.50
  9   7 0.38
  9   8 0.33
  9   9 0.89
  9  10 0.28
  9  11 0.27
  9  12 0.35
  9  13 0.43
  9  14 0.51
  9  15 0.32
  9  16 0.44
  9  17 0.51
  9  18 0.36
  9  19 0.58
  9  20 0.33
  9  21 0.31
  9  22 0.44
 10   1 0.16
 10   2 0.08
 10   3 0.21
 10   4 0.13
 10   5 0.28
 10   6 0.37
 10   7 0.29
 10   8 0.37
 10   9 0.22
 10  10 0.93
 10  11 0.17
 10  12 0.19
 10  13 0.20
 10  14 0.40
 10  15 0.48
 10  16 0.26
 10  17 0.28
 10  18 0.50
 10  19 0.33
 10  20 0.11
 10  21 0.11
 10  22 0.40
 11   1 0.46
 11   2 0.20
 11   3 0.49
 11   4 0.14
 11   5 0.43
 11   6 0.56
 11   7 0.55
 11   8 0.19
 11   9 0.33
 11  10 0.27
 11  11 0.88
 11  12 0.57
 11  13 0.33
 11  14 0.37
 11  15 0.35
 11  16 0.38
 11  17 0.45
 11  18 0.40
 11  19 0.54
 11  20 0.31
 11  21 0.30
 11  22 0.42
 12   1 0.43
 12   2 0.32
 12   3 0.51
 12   4 0.12
 12   5 0.34
 12   6 0.55
 12   7 0.54
 12   8 0.25
 12   9 0.40
 12  10 0.25
 12  11 0.54
 12  12 0.90
 12  13 0.51
 12  14 0.34
 12  15 0.40
 12  16 0.41
 12  17 0.44
 12  18 0.40
 12  19 0.48
 12  20 0.35
 12  21 0.52
 12  22 0.56
 13   1 0.54
 13   2 0.43
 13   3 0.42
 13   4 0.23
 13   5 0.23
 13   6 0.42
 13   7 0.33
 13   8 0.37
 13   9 0.44
 13  10 0.21
 13  11 0.24
 13  12 0.50
 13  13 0.94
 13  14 0.36
 13  15 0.31
 13  16 0.42
 13  17 0.50
 13  18 0.30
 13  19 0.34
 13  20 0.23
 13  21 0.62
 13  22 0.62
 14   1 0.36
 14   2 0.20
 14   3 0.50
 14   4 0.10
 14   5 0.29
 14   6 0.53
 14   7 0.39
 14   8 0.35
 14   9 0.44
 14  10 0.36
 14  11 0.31
 14  12 0.35
 14  13 0.36
 14  14 0.95
 14  15 0.41
 14  16 0.60
 14  17 0.50
 14  18 0.47
 14  19 0.58
 14  20 0.28
 14  21 0.27
 14  22 0.55
 15   1 0.25
 15   2 0.29
 15   3 0.38
 15   4 0.29
 15   5 0.40
 15   6 0.45
 15   7 0.47
 15   8 0.46
 15   9 0.26
 15  10 0.49
 15  11 0.30
 15  12 0.37
 15  13 0.26
 15  14 0.39
 15  15 0.93
 15  16 0.33
 15  17 0.39
 15  18 0.53
 15  19 0.38
 15  20 0.15
 15  21 0.26
 15  22 0.47
 16   1 0.32
 16   2 0.28
 16   3 0.49
 16   4 0.18
 16   5 0.23
 16   6 0.54
 16   7 0.43
 16   8 0.39
 16   9 0.53
 16  10 0.30
 16  11 0.31
 16  12 0.40
 16  13 0.39
 16  14 0.66
 16  15 0.39
 16  16 0.93
 16  17 0.54
 16  18 0.52
 16  19 0.57
 16  20 0.27
 16  21 0.33
 16  22 0.56
 17   1 0.51
 17   2 0.38
 17   3 0.43
 17   4 0.26
 17   5 0.30
 17   6 0.50
 17   7 0.33
 17   8 0.38
 17   9 0.45
 17  10 0.24
 17  11 0.34
 17  12 0.47
 17  13 0.51
 17  14 0.46
 17  15 0.44
 17  16 0.53
 17  17 0.94
 17  18 0.27
 17  19 0.49
 17  20 0.32
 17  21 0.54
 17  22 0.60
 18   1 0.18
 18   2 0.11
 18   3 0.24
 18   4 0.19
 18   5 0.25
 18   6 0.49
 18   7 0.44
 18   8 0.39
 18   9 0.28
 18  10 0.48
 18  11 0.25
 18  12 0.30
 18  13 0.26
 18  14 0.45
 18  15 0.52
 18  16 0.51
 18  17 0.29
 18  18 0.91
 18  19 0.38
 18  20 0.13
 18  21 0.13
 18  22 0.45
 19   1 0.36
 19   2 0.14
 19   3 0.55
 19   4 0.11
 19   5 0.34
 19   6 0.56
 19   7 0.44
 19   8 0.29
 19   9 0.58
 19  10 0.38
 19  11 0.40
 19  12 0.41
 19  13 0.34
 19  14 0.69
 19  15 0.40
 19  16 0.60
 19  17 0.57
 19  18 0.44
 19  19 0.92
 19  20 0.30
 19  21 0.27
 19  22 0.54
 20   1 0.41
 20   2 0.12
 20   3 0.30
 20   4 0.03
 20   5 0.26
 20   6 0.50
 20   7 0.42
 20   8 0.22
 20   9 0.45
 20  10 0.17
 20  11 0.37
 20  12 0.46
 20  13 0.32
 20  14 0.38
 20  15 0.21
 20  16 0.29
 20  17 0.37
 20  18 0.26
 20  19 0.41
 20  20 0.87
 20  21 0.25
 20  22 0.28
 21   1 0.48
 21   2 0.64
 21   3 0.41
 21   4 0.22
 21   5 0.24
 21   6 0.33
 21   7 0.27
 21   8 0.30
 21   9 0.37
 21  10 0.10
 21  11 0.23
 21  12 0.52
 21  13 0.58
 21  14 0.28
 21  15 0.35
 21  16 0.43
 21  17 0.56
 21  18 0.15
 21  19 0.26
 21  20 0.20
 21  21 0.93
 21  22 0.64
 22   1 0.43
 22   2 0.47
 22   3 0.50
 22   4 0.23
 22   5 0.35
 22   6 0.53
 22   7 0.46
 22   8 0.43
 22   9 0.42
 22  10 0.38
 22  11 0.30
 22  12 0.52
 22  13 0.55
 22  14 0.52
 22  15 0.52
 22  16 0.56
 22  17 0.63
 22  18 0.45
 22  19 0.49
 22  20 0.20
 22  21 0.57
 22  22 0.95
  1   1 0.95
  1   2 0.50
  1   3 0.41
  1   4 0.16
  1   5 0.34
  1   6 0.44
  1   7 0.30
  1   8 0.33
  1   9 0.46
  1  10 0.13
  1  11 0.39
  1  12 0.43
  1  13 0.64
  1  14 0.34
  1  15 0.28
  1  16 0.31
  1  17 0.51
  1  18 0.18
  1  19 0.36
  1  20 0.37
  1  21 0.57
  1  22 0.45
  2   1 0.43
  2   2 0.94
  2   3 0.34
  2   4 0.26
  2   5 0.24
  2   6 0.26
  2   7 0.13
  2   8 0.29
  2   9 0.23
  2  10 0.06
  2  11 0.14
  2  12 0.34
  2  13 0.46
  2  14 0.17
  2  15 0.36
  2  16 0.32
  2  17 0.42
  2  18 0.10
  2  19 0.12
  2  20 0.08
  2  21 0.66
  2  22 0.48
  3   1 0.43
  3   2 0.33
  3   3 0.89
  3   4 0.15
  3   5 0.43
  3   6 0.56
  3   7 0.41
  3   8 0.35
  3   9 0.52
  3  10 0.22
  3  11 0.36
  3  12 0.46
  3  13 0.39
  3  14 0.52
  3  15 0.35
  3  16 0.54
  3  17 0.46
  3  18 0.31
  3  19 0.62
  3  20 0.21
  3  21 0.38
  3  22 0.53
  4   1 0.12
  4   2 0.19
  4   3 0.08
  4   4 0.92
  4   5 0.12
  4   6 0.20
  4   7 0.16
  4   8 0.37
  4   9 0.07
  4  10 0.12
  4  11 0.03
  4  12 0.08
  4  13 0.15
  4  14 0.06
  4  15 0.28
  4  16 0.18
  4  17 0.22
  4  18 0.11
  4  19 0.05
  4  20 0.01
  4  21 0.18
  4  22 0.14
  5   1 0.41
  5   2 0.28
  5   3 0.51
  5   4 0.19
  5   5 0.90
  5   6 0.49
  5   7 0.36
  5   8 0.36
  5   9 0.30
  5  10 0.29
  5  11 0.42
  5  12 0.30
  5  13 0.29
  5  14 0.29
  5  15 0.39
  5  16 0.27
  5  17 0.39
  5  18 0.27
  5  19 0.42
  5  20 0.19
  5  21 0.29
  5  22 0.40
  6   1 0.43
  6   2 0.26
  6   3 0.48
  6   4 0.30
  6   5 0.39
  6   6 0.89
  6   7 0.55
  6   8 0.42
  6   9 0.41
  6  10 0.32
  6  11 0.47
  6  12 0.56
  6  13 0.39
  6  14 0.47
  6  15 0.46
  6  16 0.51
  6  17 0.52
  6  18 0.48
  6  19 0.51
  6  20 0.32
  6  21 0.33
  6  22 0.51
  7   1 0.38
  7   2 0.19
  7   3 0.37
  7   4 0.30
  7   5 0.38
  7   6 0.59
  7   7 0.85
  7   8 0.40
  7   9 0.40
  7  10 0.26
  7  11 0.40
  7  12 0.49
  7  13 0.39
  7  14 0.39
  7  15 0.39
  7  16 0.43
  7  17 0.45
  7  18 0.41
  7  19 0.46
  7  20 0.28
  7  21 0.29
  7  22 0.50
  8   1 0.31
  8   2 0.30
  8   3 0.30
  8   4 0.34
  8   5 0.29
  8   6 0.43
  8   7 0.32
  8   8 0.94
  8   9 0.31
  8  10 0.36
  8  11 0.15
  8  12 0.31
  8  13 0.33
  8  14 0.34
  8  15 0.50
  8  16 0.37
  8  17 0.39
  8  18 0.35
  8  19 0.29
  8  20 0.19
  8  21 0.30
  8  22 0.44
  9   1 0.45
  9   2 0.21
  9   3 0.47
  9   4 0.11
  9   5 0.34
  9   6 0.50
  9   7 0.38
  9   8 0.33
  9   9 0.89
  9  10 0.28
  9  11 0.27
  9  12 0.35
  9  13 0.43
  9  14 0.51
  9  15 0.32
  9  16 0.44
  9  17 0.51
  9  18 0.36
  9  19 0.58
  9  20 0.33
  9  21 0.31
  9  22 0.44
 10   1 0.16
 10   2 0.08
 10   3 0.21
 10   4 0.13
 10   5 0.28
 10   6 0.37
 10   7 0.29
 10   8 0.37
 10   9 0.22
 10  10 0.93
 10  11 0.17
 10  12 0.19
 10  13 0.20
 10  14 0.40
 10  15 0.48
 10  16 0.26
 10  17 0.28
 10  18 0.50
 10  19 0.33
 10  20 0.11
 10  21 0.11
 10  22 0.40
 11   1 0.46
 11   2 0.20
 11   3 0.49
 11   4 0.14
 11   5 0.43
 11   6 0.56
 11   7 0.55
 11   8 0.19
 11   9 0.33
 11  10 0.27
 11  11 0.88
 11  12 0.57
 11  13 0.33
 11  14 0.37
 11  15 0.35
 11  16 0.38
 11  17 0.45
 11  18 0.40
 11  19 0.54
 11  20 0.31
 11  21 0.30
 11  22 0.42
 12   1 0.43
 12   2 0.32
 12   3 0.51
 12   4 0.12
 12   5 0.34
 12   6 0.55
 12   7 0.54
 12   8 0.25
 12   9 0.40
 12  10 0.25
 12  11 0.54
 12  12 0.90
 12  13 0.51
 12  14 0.34
 12  15 0.40
 12  16 0.41
 12  17 0.44
 12  18 0.40
 12  19 0.48
 12  20 0.35
 12  21 0.52
 12  22 0.56
 13   1 0.54
 13   2 0.43
 13   3 0.42
 13   4 0.23
 13   5 0.23
 13   6 0.42
 13   7 0.33
 13   8 0.37
 13   9 0.44
 13  10 0.21
 13  11 0.24
 13  12 0.50
 13  13 0.94
 13  14 0.36
 13  15 0.31
 13  16 0.42
 13  17 0.50
 13  18 0.30
 13  19 0.34
 13  20 0.23
 13  21 0.62
 13  22 0.62
 14   1 0.36
 14   2 0.20
 14   3 0.50
 14   4 0.10
 14   5 0.29
 14   6 0.53
 14   7 0.39
 14   8 0.35
 14   9 0.44
 14  10 0.36
 14  11 0.31
 14  12 0.35
 14  13 0.36
 14  14 0.95
 14  15 0.41
 14  16 0.60
 14  17 0.50
 14  18 0.47
 14  19 0.58
 14  20 0.28
 14  21 0.27
 14  22 0.55
 15   1 0.25
 15   2 0.29
 15   3 0.38
 15   4 0.29
 15   5 0.40
 15   6 0.45
 15   7 0.47
 15   8 0.46
 15   9 0.26
 15  10 0.49
 15  11 0.30
 15  12 0.37
 15  13 0.26
 15  14 0.39
 15  15 0.93
 15  16 0.33
 15  17 0.39
 15  18 0.53
 15  19 0.38
 15  20 0.15
 15  21 0.26
 15  22 0.47
 16   1 0.32
 16   2 0.28
 16   3 0.49
 16   4 0.18
 16   5 0.23
 16   6 0.54
 16   7 0.43
 16   8 0.39
 16   9 0.53
 16  10 0.30
 16  11 0.31
 16  12 0.40
 16  13 0.39
 16  14 0.66
 16  15 0.39
 16  16 0.93
 16  17 0.54
 16  18 0.52
 16  19 0.57
 16  20 0.27
 16  21 0.33
 16  22 0.56
 17   1 0.51
 17   2 0.38
 17   3 0.43
 17   4 0.26
 17   5 0.30
 17   6 0.50
 17   7 0.33
 17   8 0.38
 17   9 0.45
 17  10 0.24
 17  11 0.34
 17  12 0.47
 17  13 0.51
 17  14 0.46
 17  15 0.44
 17  16 0.53
 17  17 0.94
 17  18 0.27
 17  19 0.49
 17  20 0.32
 17  21 0.54
 17  22 0.60
 18   1 0.18
 18   2 0.11
 18   3 0.24
 18   4 0.19
 18   5 0.25
 18   6 0.49
 18   7 0.44
 18   8 0.39
 18   9 0.28
 18  10 0.48
 18  11 0.25
 18  12 0.30
 18  13 0.26
 18  14 0.45
 18  15 0.52
 18  16 0.51
 18  17 0.29
 18  18 0.91
 18  19 0.38
 18  20 0.13
 18  21 0.13
 18  22 0.45
 19   1 0.36
 19   2 0.14
 19   3 0.55
 19   4 0.11
 19   5 0.34
 19   6 0.56
 19   7 0.44
 19   8 0.29
 19   9 0.58
 19  10 0.38
 19  11 0.40
 19  12 0.41
 19  13 0.34
 19  14 0.69
 19  15 0.40
 19  16 0.60
 19  17 0.57
 19  18 0.44
 19  19 0.92
 19  20 0.30
 19  21 0.27
 19  22 0.54
 20   1 0.41
 20   2 0.12
 20   3 0.30
 20   4 0.03
 20   5 0.26
 20   6 0.50
 20   7 0.42
 20   8 0.22
 20   9 0.45
 20  10 0.17
 20  11 0.37
 20  12 0.46
 20  13 0.32
 20  14 0.38
 20  15 0.21
 20  16 0.29
 20  17 0.37
 20  18 0.26
 20  19 0.41
 20  20 0.87
 20  21 0.25
 20  22 0.28
 21   1 0.48
 21   2 0.64
 21   3 0.41
 21   4 0.22
 21   5 0.24
 21   6 0.33
 21   7 0.27
 21   8 0.30
 21   9 0.37
 21  10 0.10
 21  11 0.23
 21  12 0.52
 21  13 0.58
 21  14 0.28
 21  15 0.35
 21  16 0.43
 21  17 0.56
 21  18 0.15
 21  19 0.26
 21  20 0.20
 21  21 0.93
 21  22 0.64
 22   1 0.43
 22   2 0.47
 22   3 0.50
 22   4 0.23
 22   5 0.35
 22   6 0.53
 22   7 0.46
 22   8 0.43
 22   9 0.42
 22  10 0.38
 22  11 0.30
 22  12 0.52
 22  13 0.55
 22  14 0.52
 22  15 0.52
 22  16 0.56
 22  17 0.63
 22  18 0.45
 22  19 0.49
 22  20 0.20
 22  21 0.57
 22  22 0.95
