  1   1 0.92
  1   2 0.75
  1   3 0.57
  1   4 0.40
  1   5 0.69
  1   6 0.66
  1   7 0.51
  1   8 0.56
  1   9 0.75
  1  10 0.71
  1  11 0.75
  1  12 0.81
  1  13 0.74
  1  14 0.74
  1  15 0.64
  1  16 0.65
  1  17 0.74
  1  18 0.71
  1  19 0.60
  1  20 0.60
  1  21 0.61
  1  22 0.65
  2   1 0.69
  2   2 0.94
  2   3 0.53
  2   4 0.46
  2   5 0.77
  2   6 0.58
  2   7 0.44
  2   8 0.56
  2   9 0.58
  2  10 0.60
  2  11 0.65
  2  12 0.62
  2  13 0.54
  2  14 0.66
  2  15 0.41
  2  16 0.46
  2  17 0.72
  2  18 0.60
  2  19 0.72
  2  20 0.70
  2  21 0.41
  2  22 0.48
  3   1 0.61
  3   2 0.67
  3   3 0.83
  3   4 0.34
  3   5 0.59
  3   6 0.69
  3   7 0.39
  3   8 0.64
  3   9 0.75
  3  10 0.69
  3  11 0.67
  3  12 0.74
  3  13 0.59
  3  14 0.69
  3  15 0.69
  3  16 0.68
  3  17 0.63
  3  18 0.71
  3  19 0.59
  3  20 0.68
  3  21 0.65
  3  22 0.64
  4   1 0.20
  4   2 0.23
  4   3 0.09
  4   4 0.27
  4   5 0.31
  4   6 0.18
  4   7 0.14
  4   8 0.25
  4   9 0.13
  4  10 0.21
  4  11 0.10
  4  12 0.12
  4  13 0.08
  4  14 0.21
  4  15 0.06
  4  16 0.06
  4  17 0.20
  4  18 0.26
  4  19 0.32
  4  20 0.36
  4  21 0.10
  4  22 0.13
  5   1 0.67
  5   2 0.78
  5   3 0.49
  5   4 0.30
  5   5 0.92
  5   6 0.51
  5   7 0.49
  5   8 0.52
  5   9 0.58
  5  10 0.59
  5  11 0.63
  5  12 0.57
  5  13 0.54
  5  14 0.70
  5  15 0.40
  5  16 0.43
  5  17 0.72
  5  18 0.60
  5  19 0.62
  5  20 0.59
  5  21 0.44
  5  22 0.46
  6   1 0.51
  6   2 0.53
  6   3 0.67
  6   4 0.33
  6   5 0.61
  6   6 0.83
  6   7 0.25
  6   8 0.72
  6   9 0.71
  6  10 0.74
  6  11 0.51
  6  12 0.65
  6  13 0.50
  6  14 0.69
  6  15 0.61
  6  16 0.59
  6  17 0.63
  6  18 0.77
  6  19 0.70
  6  20 0.67
  6  21 0.57
  6  22 0.61
  7   1 0.65
  7   2 0.48
  7   3 0.36
  7   4 0.17
  7   5 0.50
  7   6 0.31
  7   7 0.90
  7   8 0.40
  7   9 0.42
  7  10 0.50
  7  11 0.58
  7  12 0.52
  7  13 0.46
  7  14 0.56
  7  15 0.38
  7  16 0.38
  7  17 0.42
  7  18 0.46
  7  19 0.39
  7  20 0.45
  7  21 0.45
  7  22 0.40
  8   1 0.47
  8   2 0.49
  8   3 0.61
  8   4 0.31
  8   5 0.56
  8   6 0.65
  8   7 0.30
  8   8 0.88
  8   9 0.59
  8  10 0.67
  8  11 0.48
  8  12 0.55
  8  13 0.38
  8  14 0.62
  8  15 0.50
  8  16 0.51
  8  17 0.49
  8  18 0.65
  8  19 0.65
  8  20 0.72
  8  21 0.48
  8  22 0.42
  9   1 0.68
  9   2 0.77
  9   3 0.61
  9   4 0.43
  9   5 0.74
  9   6 0.63
  9   7 0.44
  9   8 0.59
  9   9 0.79
  9  10 0.67
  9  11 0.66
  9  12 0.69
  9  13 0.58
  9  14 0.74
  9  15 0.56
  9  16 0.56
  9  17 0.68
  9  18 0.66
  9  19 0.69
  9  20 0.67
  9  21 0.54
  9  22 0.62
 10   1 0.57
 10   2 0.58
 10   3 0.72
 10   4 0.28
 10   5 0.67
 10   6 0.74
 10   7 0.40
 10   8 0.78
 10   9 0.72
 10  10 0.95
 10  11 0.64
 10  12 0.72
 10  13 0.62
 10  14 0.79
 10  15 0.70
 10  16 0.75
 10  17 0.65
 10  18 0.85
 10  19 0.63
 10  20 0.66
 10  21 0.73
 10  22 0.67
 11   1 0.74
 11   2 0.64
 11   3 0.56
 11   4 0.26
 11   5 0.61
 11   6 0.62
 11   7 0.49
 11   8 0.56
 11   9 0.68
 11  10 0.73
 11  11 0.94
 11  12 0.81
 11  13 0.73
 11  14 0.76
 11  15 0.68
 11  16 0.72
 11  17 0.68
 11  18 0.69
 11  19 0.49
 11  20 0.50
 11  21 0.66
 11  22 0.64
 12   1 0.70
 12   2 0.66
 12   3 0.71
 12   4 0.34
 12   5 0.60
 12   6 0.75
 12   7 0.37
 12   8 0.57
 12   9 0.74
 12  10 0.75
 12  11 0.75
 12  12 0.93
 12  13 0.71
 12  14 0.72
 12  15 0.77
 12  16 0.76
 12  17 0.68
 12  18 0.79
 12  19 0.53
 12  20 0.58
 12  21 0.69
 12  22 0.70
 13   1 0.71
 13   2 0.61
 13   3 0.58
 13   4 0.26
 13   5 0.67
 13   6 0.63
 13   7 0.40
 13   8 0.51
 13   9 0.73
 13  10 0.72
 13  11 0.68
 13  12 0.75
 13  13 0.92
 13  14 0.79
 13  15 0.72
 13  16 0.75
 13  17 0.74
 13  18 0.73
 13  19 0.44
 13  20 0.44
 13  21 0.74
 13  22 0.66
 14   1 0.74
 14   2 0.68
 14   3 0.56
 14   4 0.31
 14   5 0.72
 14   6 0.64
 14   7 0.52
 14   8 0.58
 14   9 0.73
 14  10 0.74
 14  11 0.71
 14  12 0.72
 14  13 0.69
 14  14 0.94
 14  15 0.62
 14  16 0.64
 14  17 0.64
 14  18 0.66
 14  19 0.55
 14  20 0.62
 14  21 0.61
 14  22 0.59
 15   1 0.69
 15   2 0.63
 15   3 0.65
 15   4 0.33
 15   5 0.60
 15   6 0.70
 15   7 0.39
 15   8 0.55
 15   9 0.76
 15  10 0.77
 15  11 0.69
 15  12 0.81
 15  13 0.72
 15  14 0.73
 15  15 0.85
 15  16 0.78
 15  17 0.68
 15  18 0.78
 15  19 0.50
 15  20 0.58
 15  21 0.74
 15  22 0.70
 16   1 0.62
 16   2 0.60
 16   3 0.67
 16   4 0.26
 16   5 0.62
 16   6 0.70
 16   7 0.35
 16   8 0.60
 16   9 0.73
 16  10 0.78
 16  11 0.70
 16  12 0.78
 16  13 0.73
 16  14 0.76
 16  15 0.80
 16  16 0.93
 16  17 0.68
 16  18 0.79
 16  19 0.49
 16  20 0.50
 16  21 0.78
 16  22 0.72
 17   1 0.63
 17   2 0.71
 17   3 0.65
 17   4 0.33
 17   5 0.75
 17   6 0.71
 17   7 0.29
 17   8 0.60
 17   9 0.66
 17  10 0.71
 17  11 0.63
 17  12 0.71
 17  13 0.69
 17  14 0.69
 17  15 0.62
 17  16 0.64
 17  17 0.89
 17  18 0.78
 17  19 0.61
 17  20 0.57
 17  21 0.58
 17  22 0.60
 18   1 0.64
 18   2 0.64
 18   3 0.75
 18   4 0.34
 18   5 0.68
 18   6 0.78
 18   7 0.40
 18   8 0.62
 18   9 0.77
 18  10 0.81
 18  11 0.65
 18  12 0.80
 18  13 0.73
 18  14 0.78
 18  15 0.79
 18  16 0.78
 18  17 0.72
 18  18 0.95
 18  19 0.60
 18  20 0.62
 18  21 0.77
 18  22 0.77
 19   1 0.52
 19   2 0.68
 19   3 0.51
 19   4 0.47
 19   5 0.64
 19   6 0.62
 19   7 0.34
 19   8 0.62
 19   9 0.54
 19  10 0.60
 19  11 0.49
 19  12 0.54
 19  13 0.37
 19  14 0.60
 19  15 0.38
 19  16 0.42
 19  17 0.54
 19  18 0.57
 19  19 0.91
 19  20 0.75
 19  21 0.39
 19  22 0.48
 20   1 0.57
 20   2 0.71
 20   3 0.61
 20   4 0.43
 20   5 0.67
 20   6 0.64
 20   7 0.46
 20   8 0.65
 20   9 0.58
 20  10 0.64
 20  11 0.55
 20  12 0.60
 20  13 0.40
 20  14 0.67
 20  15 0.45
 20  16 0.46
 20  17 0.55
 20  18 0.65
 20  19 0.75
 20  20 0.93
 20  21 0.46
 20  22 0.46
 21   1 0.57
 21   2 0.51
 21   3 0.73
 21   4 0.28
 21   5 0.62
 21   6 0.69
 21   7 0.41
 21   8 0.62
 21   9 0.67
 21  10 0.78
 21  11 0.57
 21  12 0.70
 21  13 0.60
 21  14 0.70
 21  15 0.71
 21  16 0.72
 21  17 0.63
 21  18 0.84
 21  19 0.55
 21  20 0.65
 21  21 0.86
 21  22 0.69
 22   1 0.64
 22   2 0.55
 22   3 0.58
 22   4 0.33
 22   5 0.50
 22   6 0.61
 22   7 0.40
 22   8 0.43
 22   9 0.69
 22  10 0.68
 22  11 0.58
 22  12 0.73
 22  13 0.60
 22  14 0.62
 22  15 0.65
 22  16 0.65
 22  17 0.57
 22  18 0.69
 22  19 0.53
 22  20 0.51
 22  21 0.70
 22  22 0.86
  1   1 0.92
  1   2 0.75
  1   3 0.56
  1   4 0.40
  1   5 0.69
  1   6 0.66
  1   7 0.51
  1   8 0.56
  1   9 0.75
  1  10 0.71
  1  11 0.75
  1  12 0.81
  1  13 0.73
  1  14 0.74
  1  15 0.64
  1  16 0.65
  1  17 0.74
  1  18 0.71
  1  19 0.60
  1  20 0.60
  1  21 0.61
  1  22 0.65
  2   1 0.69
  2   2 0.94
  2   3 0.53
  2   4 0.46
  2   5 0.77
  2   6 0.58
  2   7 0.44
  2   8 0.56
  2   9 0.58
  2  10 0.60
  2  11 0.65
  2  12 0.61
  2  13 0.54
  2  14 0.66
  2  15 0.41
  2  16 0.46
  2  17 0.72
  2  18 0.60
  2  19 0.72
  2  20 0.70
  2  21 0.41
  2  22 0.47
  3   1 0.61
  3   2 0.67
  3   3 0.83
  3   4 0.34
  3   5 0.58
  3   6 0.69
  3   7 0.39
  3   8 0.64
  3   9 0.75
  3  10 0.69
  3  11 0.67
  3  12 0.74
  3  13 0.59
  3  14 0.69
  3  15 0.69
  3  16 0.68
  3  17 0.62
  3  18 0.70
  3  19 0.59
  3  20 0.67
  3  21 0.65
  3  22 0.64
  4   1 0.20
  4   2 0.22
  4   3 0.09
  4   4 0.27
  4   5 0.31
  4   6 0.18
  4   7 0.14
  4   8 0.25
  4   9 0.13
  4  10 0.20
  4  11 0.10
  4  12 0.12
  4  13 0.08
  4  14 0.20
  4  15 0.06
  4  16 0.06
  4  17 0.19
  4  18 0.26
  4  19 0.32
  4  20 0.36
  4  21 0.10
  4  22 0.13
  5   1 0.67
  5   2 0.78
  5   3 0.49
  5   4 0.29
  5   5 0.92
  5   6 0.50
  5   7 0.49
  5   8 0.52
  5   9 0.57
  5  10 0.59
  5  11 0.62
  5  12 0.57
  5  13 0.54
  5  14 0.70
  5  15 0.40
  5  16 0.43
  5  17 0.72
  5  18 0.60
  5  19 0.62
  5  20 0.59
  5  21 0.43
  5  22 0.46
  6   1 0.51
  6   2 0.53
  6   3 0.67
  6   4 0.33
  6   5 0.61
  6   6 0.83
  6   7 0.25
  6   8 0.72
  6   9 0.71
  6  10 0.74
  6  11 0.51
  6  12 0.65
  6  13 0.50
  6  14 0.69
  6  15 0.61
  6  16 0.59
  6  17 0.63
  6  18 0.77
  6  19 0.70
  6  20 0.67
  6  21 0.57
  6  22 0.60
  7   1 0.65
  7   2 0.48
  7   3 0.36
  7   4 0.17
  7   5 0.50
  7   6 0.31
  7   7 0.90
  7   8 0.40
  7   9 0.42
  7  10 0.49
  7  11 0.58
  7  12 0.52
  7  13 0.46
  7  14 0.56
  7  15 0.38
  7  16 0.38
  7  17 0.42
  7  18 0.46
  7  19 0.39
  7  20 0.45
  7  21 0.44
  7  22 0.40
  8   1 0.47
  8   2 0.49
  8   3 0.61
  8   4 0.31
  8   5 0.56
  8   6 0.65
  8   7 0.30
  8   8 0.88
  8   9 0.59
  8  10 0.66
  8  11 0.48
  8  12 0.55
  8  13 0.37
  8  14 0.62
  8  15 0.49
  8  16 0.51
  8  17 0.48
  8  18 0.65
  8  19 0.65
  8  20 0.72
  8  21 0.47
  8  22 0.42
  9   1 0.68
  9   2 0.77
  9   3 0.61
  9   4 0.43
  9   5 0.74
  9   6 0.63
  9   7 0.44
  9   8 0.59
  9   9 0.79
  9  10 0.67
  9  11 0.66
  9  12 0.69
  9  13 0.58
  9  14 0.73
  9  15 0.56
  9  16 0.55
  9  17 0.67
  9  18 0.66
  9  19 0.69
  9  20 0.67
  9  21 0.54
  9  22 0.62
 10   1 0.57
 10   2 0.58
 10   3 0.72
 10   4 0.28
 10   5 0.67
 10   6 0.74
 10   7 0.40
 10   8 0.78
 10   9 0.72
 10  10 0.95
 10  11 0.64
 10  12 0.72
 10  13 0.62
 10  14 0.79
 10  15 0.70
 10  16 0.74
 10  17 0.65
 10  18 0.85
 10  19 0.63
 10  20 0.66
 10  21 0.73
 10  22 0.66
 11   1 0.74
 11   2 0.64
 11   3 0.56
 11   4 0.26
 11   5 0.61
 11   6 0.62
 11   7 0.49
 11   8 0.55
 11   9 0.68
 11  10 0.73
 11  11 0.94
 11  12 0.81
 11  13 0.73
 11  14 0.75
 11  15 0.68
 11  16 0.72
 11  17 0.68
 11  18 0.68
 11  19 0.49
 11  20 0.50
 11  21 0.66
 11  22 0.64
 12   1 0.70
 12   2 0.66
 12   3 0.71
 12   4 0.34
 12   5 0.60
 12   6 0.75
 12   7 0.36
 12   8 0.57
 12   9 0.74
 12  10 0.75
 12  11 0.75
 12  12 0.93
 12  13 0.71
 12  14 0.72
 12  15 0.77
 12  16 0.76
 12  17 0.68
 12  18 0.79
 12  19 0.53
 12  20 0.57
 12  21 0.69
 12  22 0.70
 13   1 0.71
 13   2 0.61
 13   3 0.58
 13   4 0.26
 13   5 0.67
 13   6 0.63
 13   7 0.40
 13   8 0.51
 13   9 0.73
 13  10 0.72
 13  11 0.68
 13  12 0.75
 13  13 0.92
 13  14 0.79
 13  15 0.72
 13  16 0.75
 13  17 0.74
 13  18 0.73
 13  19 0.44
 13  20 0.44
 13  21 0.74
 13  22 0.65
 14   1 0.73
 14   2 0.68
 14   3 0.56
 14   4 0.31
 14   5 0.72
 14   6 0.64
 14   7 0.52
 14   8 0.58
 14   9 0.73
 14  10 0.74
 14  11 0.71
 14  12 0.71
 14  13 0.69
 14  14 0.93
 14  15 0.62
 14  16 0.64
 14  17 0.64
 14  18 0.66
 14  19 0.55
 14  20 0.62
 14  21 0.61
 14  22 0.59
 15   1 0.69
 15   2 0.63
 15   3 0.65
 15   4 0.33
 15   5 0.59
 15   6 0.70
 15   7 0.38
 15   8 0.55
 15   9 0.76
 15  10 0.77
 15  11 0.69
 15  12 0.81
 15  13 0.71
 15  14 0.73
 15  15 0.85
 15  16 0.78
 15  17 0.67
 15  18 0.78
 15  19 0.50
 15  20 0.57
 15  21 0.74
 15  22 0.70
 16   1 0.62
 16   2 0.60
 16   3 0.67
 16   4 0.26
 16   5 0.62
 16   6 0.70
 16   7 0.35
 16   8 0.60
 16   9 0.73
 16  10 0.78
 16  11 0.70
 16  12 0.78
 16  13 0.73
 16  14 0.76
 16  15 0.80
 16  16 0.93
 16  17 0.68
 16  18 0.79
 16  19 0.49
 16  20 0.50
 16  21 0.78
 16  22 0.72
 17   1 0.63
 17   2 0.70
 17   3 0.65
 17   4 0.33
 17   5 0.75
 17   6 0.71
 17   7 0.29
 17   8 0.60
 17   9 0.66
 17  10 0.71
 17  11 0.63
 17  12 0.70
 17  13 0.69
 17  14 0.69
 17  15 0.62
 17  16 0.63
 17  17 0.89
 17  18 0.78
 17  19 0.61
 17  20 0.57
 17  21 0.58
 17  22 0.60
 18   1 0.64
 18   2 0.64
 18   3 0.75
 18   4 0.33
 18   5 0.68
 18   6 0.78
 18   7 0.40
 18   8 0.62
 18   9 0.77
 18  10 0.81
 18  11 0.65
 18  12 0.80
 18  13 0.72
 18  14 0.78
 18  15 0.79
 18  16 0.78
 18  17 0.72
 18  18 0.95
 18  19 0.60
 18  20 0.61
 18  21 0.77
 18  22 0.77
 19   1 0.51
 19   2 0.68
 19   3 0.51
 19   4 0.46
 19   5 0.64
 19   6 0.62
 19   7 0.34
 19   8 0.62
 19   9 0.54
 19  10 0.59
 19  11 0.48
 19  12 0.53
 19  13 0.36
 19  14 0.60
 19  15 0.37
 19  16 0.42
 19  17 0.54
 19  18 0.57
 19  19 0.91
 19  20 0.75
 19  21 0.39
 19  22 0.48
 20   1 0.57
 20   2 0.71
 20   3 0.61
 20   4 0.43
 20   5 0.67
 20   6 0.64
 20   7 0.46
 20   8 0.65
 20   9 0.58
 20  10 0.64
 20  11 0.55
 20  12 0.60
 20  13 0.40
 20  14 0.67
 20  15 0.44
 20  16 0.46
 20  17 0.54
 20  18 0.65
 20  19 0.75
 20  20 0.93
 20  21 0.45
 20  22 0.46
 21   1 0.57
 21   2 0.51
 21   3 0.73
 21   4 0.28
 21   5 0.62
 21   6 0.69
 21   7 0.41
 21   8 0.62
 21   9 0.67
 21  10 0.78
 21  11 0.57
 21  12 0.70
 21  13 0.60
 21  14 0.70
 21  15 0.71
 21  16 0.71
 21  17 0.63
 21  18 0.83
 21  19 0.55
 21  20 0.65
 21  21 0.86
 21  22 0.69
 22   1 0.64
 22   2 0.54
 22   3 0.58
 22   4 0.33
 22   5 0.50
 22   6 0.61
 22   7 0.40
 22   8 0.43
 22   9 0.68
 22  10 0.68
 22  11 0.58
 22  12 0.72
 22  13 0.60
 22  14 0.62
 22  15 0.65
 22  16 0.65
 22  17 0.56
 22  18 0.69
 22  19 0.53
 22  20 0.50
 22  21 0.70
 22  22 0.86
  1   1 0.92
  1   2 0.75
  1   3 0.56
  1   4 0.40
  1   5 0.69
  1   6 0.66
  1   7 0.51
  1   8 0.56
  1   9 0.75
  1  10 0.71
  1  11 0.75
  1  12 0.81
  1  13 0.73
  1  14 0.74
  1  15 0.64
  1  16 0.65
  1  17 0.74
  1  18 0.71
  1  19 0.60
  1  20 0.60
  1  21 0.61
  1  22 0.65
  2   1 0.69
  2   2 0.94
  2   3 0.53
  2   4 0.46
  2   5 0.77
  2   6 0.58
  2   7 0.44
  2   8 0.56
  2   9 0.58
  2  10 0.60
  2  11 0.65
  2  12 0.61
  2  13 0.54
  2  14 0.66
  2  15 0.41
  2  16 0.46
  2  17 0.72
  2  18 0.60
  2  19 0.72
  2  20 0.70
  2  21 0.41
  2  22 0.47
  3   1 0.61
  3   2 0.67
  3   3 0.83
  3   4 0.34
  3   5 0.58
  3   6 0.69
  3   7 0.39
  3   8 0.64
  3   9 0.75
  3  10 0.69
  3  11 0.67
  3  12 0.74
  3  13 0.59
  3  14 0.69
  3  15 0.69
  3  16 0.68
  3  17 0.62
  3  18 0.70
  3  19 0.59
  3  20 0.67
  3  21 0.65
  3  22 0.64
  4   1 0.20
  4   2 0.22
  4   3 0.09
  4   4 0.27
  4   5 0.31
  4   6 0.18
  4   7 0.14
  4   8 0.25
  4   9 0.13
  4  10 0.20
  4  11 0.10
  4  12 0.12
  4  13 0.08
  4  14 0.20
  4  15 0.06
  4  16 0.06
  4  17 0.19
  4  18 0.26
  4  19 0.32
  4  20 0.36
  4  21 0.10
  4  22 0.13
  5   1 0.67
  5   2 0.78
  5   3 0.49
  5   4 0.29
  5   5 0.92
  5   6 0.50
  5   7 0.49
  5   8 0.52
  5   9 0.57
  5  10 0.59
  5  11 0.62
  5  12 0.57
  5  13 0.54
  5  14 0.70
  5  15 0.40
  5  16 0.43
  5  17 0.72
  5  18 0.60
  5  19 0.62
  5  20 0.59
  5  21 0.43
  5  22 0.46
  6   1 0.51
  6   2 0.53
  6   3 0.67
  6   4 0.33
  6   5 0.61
  6   6 0.83
  6   7 0.25
  6   8 0.72
  6   9 0.71
  6  10 0.74
  6  11 0.51
  6  12 0.65
  6  13 0.50
  6  14 0.69
  6  15 0.61
  6  16 0.59
  6  17 0.63
  6  18 0.77
  6  19 0.70
  6  20 0.67
  6  21 0.57
  6  22 0.60
  7   1 0.65
  7   2 0.48
  7   3 0.36
  7   4 0.17
  7   5 0.50
  7   6 0.31
  7   7 0.90
  7   8 0.40
  7   9 0.42
  7  10 0.49
  7  11 0.58
  7  12 0.52
  7  13 0.46
  7  14 0.56
  7  15 0.38
  7  16 0.38
  7  17 0.42
  7  18 0.46
  7  19 0.39
  7  20 0.45
  7  21 0.44
  7  22 0.40
  8   1 0.47
  8   2 0.49
  8   3 0.61
  8   4 0.31
  8   5 0.56
  8   6 0.65
  8   7 0.30
  8   8 0.88
  8   9 0.59
  8  10 0.66
  8  11 0.48
  8  12 0.55
  8  13 0.37
  8  14 0.62
  8  15 0.49
  8  16 0.51
  8  17 0.48
  8  18 0.65
  8  19 0.65
  8  20 0.72
  8  21 0.47
  8  22 0.42
  9   1 0.68
  9   2 0.77
  9   3 0.61
  9   4 0.43
  9   5 0.74
  9   6 0.63
  9   7 0.44
  9   8 0.59
  9   9 0.79
  9  10 0.67
  9  11 0.66
  9  12 0.69
  9  13 0.58
  9  14 0.73
  9  15 0.56
  9  16 0.55
  9  17 0.67
  9  18 0.66
  9  19 0.69
  9  20 0.67
  9  21 0.54
  9  22 0.62
 10   1 0.57
 10   2 0.58
 10   3 0.72
 10   4 0.28
 10   5 0.67
 10   6 0.74
 10   7 0.40
 10   8 0.78
 10   9 0.72
 10  10 0.95
 10  11 0.64
 10  12 0.72
 10  13 0.62
 10  14 0.79
 10  15 0.70
 10  16 0.74
 10  17 0.65
 10  18 0.85
 10  19 0.63
 10  20 0.66
 10  21 0.73
 10  22 0.66
 11   1 0.74
 11   2 0.64
 11   3 0.56
 11   4 0.26
 11   5 0.61
 11   6 0.62
 11   7 0.49
 11   8 0.55
 11   9 0.68
 11  10 0.73
 11  11 0.94
 11  12 0.81
 11  13 0.73
 11  14 0.75
 11  15 0.68
 11  16 0.72
 11  17 0.68
 11  18 0.68
 11  19 0.49
 11  20 0.50
 11  21 0.66
 11  22 0.64
 12   1 0.70
 12   2 0.66
 12   3 0.71
 12   4 0.34
 12   5 0.60
 12   6 0.75
 12   7 0.36
 12   8 0.57
 12   9 0.74
 12  10 0.75
 12  11 0.75
 12  12 0.93
 12  13 0.71
 12  14 0.72
 12  15 0.77
 12  16 0.76
 12  17 0.68
 12  18 0.79
 12  19 0.53
 12  20 0.57
 12  21 0.69
 12  22 0.70
 13   1 0.71
 13   2 0.61
 13   3 0.58
 13   4 0.26
 13   5 0.67
 13   6 0.63
 13   7 0.40
 13   8 0.51
 13   9 0.73
 13  10 0.72
 13  11 0.68
 13  12 0.75
 13  13 0.92
 13  14 0.79
 13  15 0.72
 13  16 0.75
 13  17 0.74
 13  18 0.73
 13  19 0.44
 13  20 0.44
 13  21 0.74
 13  22 0.65
 14   1 0.73
 14   2 0.68
 14   3 0.56
 14   4 0.31
 14   5 0.72
 14   6 0.64
 14   7 0.52
 14   8 0.58
 14   9 0.73
 14  10 0.74
 14  11 0.71
 14  12 0.71
 14  13 0.69
 14  14 0.93
 14  15 0.62
 14  16 0.64
 14  17 0.64
 14  18 0.66
 14  19 0.55
 14  20 0.62
 14  21 0.61
 14  22 0.59
 15   1 0.69
 15   2 0.63
 15   3 0.65
 15   4 0.33
 15   5 0.59
 15   6 0.70
 15   7 0.38
 15   8 0.55
 15   9 0.76
 15  10 0.77
 15  11 0.69
 15  12 0.81
 15  13 0.71
 15  14 0.73
 15  15 0.85
 15  16 0.78
 15  17 0.67
 15  18 0.78
 15  19 0.50
 15  20 0.57
 15  21 0.74
 15  22 0.70
 16   1 0.62
 16   2 0.60
 16   3 0.67
 16   4 0.26
 16   5 0.62
 16   6 0.70
 16   7 0.35
 16   8 0.60
 16   9 0.73
 16  10 0.78
 16  11 0.70
 16  12 0.78
 16  13 0.73
 16  14 0.76
 16  15 0.80
 16  16 0.93
 16  17 0.68
 16  18 0.79
 16  19 0.49
 16  20 0.50
 16  21 0.78
 16  22 0.72
 17   1 0.63
 17   2 0.70
 17   3 0.65
 17   4 0.33
 17   5 0.75
 17   6 0.71
 17   7 0.29
 17   8 0.60
 17   9 0.66
 17  10 0.71
 17  11 0.63
 17  12 0.70
 17  13 0.69
 17  14 0.69
 17  15 0.62
 17  16 0.63
 17  17 0.89
 17  18 0.78
 17  19 0.61
 17  20 0.57
 17  21 0.58
 17  22 0.60
 18   1 0.64
 18   2 0.64
 18   3 0.75
 18   4 0.33
 18   5 0.68
 18   6 0.78
 18   7 0.40
 18   8 0.62
 18   9 0.77
 18  10 0.81
 18  11 0.65
 18  12 0.80
 18  13 0.72
 18  14 0.78
 18  15 0.79
 18  16 0.78
 18  17 0.72
 18  18 0.95
 18  19 0.60
 18  20 0.61
 18  21 0.77
 18  22 0.77
 19   1 0.51
 19   2 0.68
 19   3 0.51
 19   4 0.46
 19   5 0.64
 19   6 0.62
 19   7 0.34
 19   8 0.62
 19   9 0.54
 19  10 0.59
 19  11 0.48
 19  12 0.53
 19  13 0.36
 19  14 0.60
 19  15 0.37
 19  16 0.42
 19  17 0.54
 19  18 0.57
 19  19 0.91
 19  20 0.75
 19  21 0.39
 19  22 0.48
 20   1 0.57
 20   2 0.71
 20   3 0.61
 20   4 0.43
 20   5 0.67
 20   6 0.64
 20   7 0.46
 20   8 0.65
 20   9 0.58
 20  10 0.64
 20  11 0.55
 20  12 0.60
 20  13 0.40
 20  14 0.67
 20  15 0.44
 20  16 0.46
 20  17 0.54
 20  18 0.65
 20  19 0.75
 20  20 0.93
 20  21 0.45
 20  22 0.46
 21   1 0.57
 21   2 0.51
 21   3 0.73
 21   4 0.28
 21   5 0.62
 21   6 0.69
 21   7 0.41
 21   8 0.62
 21   9 0.67
 21  10 0.78
 21  11 0.57
 21  12 0.70
 21  13 0.60
 21  14 0.70
 21  15 0.71
 21  16 0.71
 21  17 0.63
 21  18 0.83
 21  19 0.55
 21  20 0.65
 21  21 0.86
 21  22 0.69
 22   1 0.64
 22   2 0.54
 22   3 0.58
 22   4 0.33
 22   5 0.50
 22   6 0.61
 22   7 0.40
 22   8 0.43
 22   9 0.68
 22  10 0.68
 22  11 0.58
 22  12 0.72
 22  13 0.60
 22  14 0.62
 22  15 0.65
 22  16 0.65
 22  17 0.56
 22  18 0.69
 22  19 0.53
 22  20 0.50
 22  21 0.70
 22  22 0.86
