  1   1 0.89
  1   2 0.68
  1   3 0.64
  1   4 0.44
  1   5 0.63
  1   6 0.76
  1   7 0.67
  1   8 0.73
  1   9 0.60
  1  10 0.68
  1  11 0.69
  1  12 0.74
  1  13 0.72
  1  14 0.65
  1  15 0.70
  1  16 0.71
  1  17 0.66
  1  18 0.70
  1  19 0.73
  1  20 0.74
  1  21 0.69
  1  22 0.56
  2   1 0.59
  2   2 0.89
  2   3 0.39
  2   4 0.32
  2   5 0.54
  2   6 0.67
  2   7 0.57
  2   8 0.73
  2   9 0.43
  2  10 0.54
  2  11 0.48
  2  12 0.57
  2  13 0.53
  2  14 0.51
  2  15 0.59
  2  16 0.65
  2  17 0.49
  2  18 0.54
  2  19 0.52
  2  20 0.58
  2  21 0.61
  2  22 0.43
  3   1 0.65
  3   2 0.51
  3   3 0.87
  3   4 0.68
  3   5 0.66
  3   6 0.67
  3   7 0.59
  3   8 0.57
  3   9 0.77
  3  10 0.64
  3  11 0.62
  3  12 0.60
  3  13 0.75
  3  14 0.83
  3  15 0.56
  3  16 0.49
  3  17 0.59
  3  18 0.64
  3  19 0.69
  3  20 0.65
  3  21 0.49
  3  22 0.62
  4   1 0.62
  4   2 0.45
  4   3 0.68
  4   4 0.85
  4   5 0.52
  4   6 0.57
  4   7 0.55
  4   8 0.54
  4   9 0.56
  4  10 0.49
  4  11 0.57
  4  12 0.57
  4  13 0.57
  4  14 0.63
  4  15 0.47
  4  16 0.42
  4  17 0.47
  4  18 0.65
  4  19 0.63
  4  20 0.66
  4  21 0.51
  4  22 0.60
  5   1 0.52
  5   2 0.52
  5   3 0.51
  5   4 0.45
  5   5 0.92
  5   6 0.76
  5   7 0.58
  5   8 0.65
  5   9 0.68
  5  10 0.67
  5  11 0.55
  5  12 0.50
  5  13 0.53
  5  14 0.67
  5  15 0.77
  5  16 0.75
  5  17 0.53
  5  18 0.55
  5  19 0.56
  5  20 0.61
  5  21 0.59
  5  22 0.51
  6   1 0.73
  6   2 0.59
  6   3 0.69
  6   4 0.51
  6   5 0.67
  6   6 0.89
  6   7 0.65
  6   8 0.70
  6   9 0.64
  6  10 0.73
  6  11 0.71
  6  12 0.74
  6  13 0.75
  6  14 0.72
  6  15 0.72
  6  16 0.69
  6  17 0.65
  6  18 0.76
  6  19 0.79
  6  20 0.74
  6  21 0.69
  6  22 0.56
  7   1 0.54
  7   2 0.67
  7   3 0.44
  7   4 0.36
  7   5 0.67
  7   6 0.67
  7   7 0.80
  7   8 0.70
  7   9 0.49
  7  10 0.48
  7  11 0.44
  7  12 0.51
  7  13 0.53
  7  14 0.53
  7  15 0.53
  7  16 0.61
  7  17 0.46
  7  18 0.51
  7  19 0.49
  7  20 0.54
  7  21 0.59
  7  22 0.52
  8   1 0.59
  8   2 0.68
  8   3 0.52
  8   4 0.36
  8   5 0.64
  8   6 0.72
  8   7 0.61
  8   8 0.88
  8   9 0.46
  8  10 0.59
  8  11 0.50
  8  12 0.64
  8  13 0.65
  8  14 0.59
  8  15 0.63
  8  16 0.70
  8  17 0.49
  8  18 0.58
  8  19 0.62
  8  20 0.61
  8  21 0.69
  8  22 0.50
  9   1 0.58
  9   2 0.43
  9   3 0.61
  9   4 0.43
  9   5 0.65
  9   6 0.68
  9   7 0.53
  9   8 0.52
  9   9 0.89
  9  10 0.81
  9  11 0.70
  9  12 0.57
  9  13 0.64
  9  14 0.65
  9  15 0.63
  9  16 0.64
  9  17 0.73
  9  18 0.59
  9  19 0.63
  9  20 0.59
  9  21 0.56
  9  22 0.39
 10   1 0.61
 10   2 0.48
 10   3 0.48
 10   4 0.28
 10   5 0.55
 10   6 0.69
 10   7 0.46
 10   8 0.52
 10   9 0.59
 10  10 0.85
 10  11 0.62
 10  12 0.60
 10  13 0.64
 10  14 0.58
 10  15 0.64
 10  16 0.63
 10  17 0.75
 10  18 0.49
 10  19 0.61
 10  20 0.50
 10  21 0.66
 10  22 0.34
 11   1 0.69
 11   2 0.41
 11   3 0.60
 11   4 0.39
 11   5 0.51
 11   6 0.66
 11   7 0.55
 11   8 0.50
 11   9 0.67
 11  10 0.67
 11  11 0.93
 11  12 0.71
 11  13 0.69
 11  14 0.54
 11  15 0.63
 11  16 0.56
 11  17 0.72
 11  18 0.70
 11  19 0.71
 11  20 0.62
 11  21 0.64
 11  22 0.49
 12   1 0.70
 12   2 0.58
 12   3 0.50
 12   4 0.31
 12   5 0.48
 12   6 0.65
 12   7 0.58
 12   8 0.68
 12   9 0.49
 12  10 0.61
 12  11 0.70
 12  12 0.90
 12  13 0.69
 12  14 0.49
 12  15 0.60
 12  16 0.64
 12  17 0.68
 12  18 0.65
 12  19 0.67
 12  20 0.63
 12  21 0.77
 12  22 0.46
 13   1 0.68
 13   2 0.60
 13   3 0.69
 13   4 0.49
 13   5 0.60
 13   6 0.71
 13   7 0.63
 13   8 0.65
 13   9 0.72
 13  10 0.71
 13  11 0.69
 13  12 0.69
 13  13 0.86
 13  14 0.72
 13  15 0.62
 13  16 0.63
 13  17 0.72
 13  18 0.64
 13  19 0.67
 13  20 0.66
 13  21 0.65
 13  22 0.54
 14   1 0.67
 14   2 0.54
 14   3 0.75
 14   4 0.56
 14   5 0.71
 14   6 0.73
 14   7 0.57
 14   8 0.61
 14   9 0.70
 14  10 0.71
 14  11 0.61
 14  12 0.64
 14  13 0.73
 14  14 0.91
 14  15 0.68
 14  16 0.61
 14  17 0.62
 14  18 0.65
 14  19 0.72
 14  20 0.65
 14  21 0.55
 14  22 0.55
 15   1 0.71
 15   2 0.53
 15   3 0.55
 15   4 0.37
 15   5 0.67
 15   6 0.79
 15   7 0.57
 15   8 0.67
 15   9 0.55
 15  10 0.72
 15  11 0.64
 15  12 0.67
 15  13 0.69
 15  14 0.62
 15  15 0.87
 15  16 0.74
 15  17 0.62
 15  18 0.60
 15  19 0.70
 15  20 0.61
 15  21 0.69
 15  22 0.50
 16   1 0.67
 16   2 0.66
 16   3 0.49
 16   4 0.42
 16   5 0.64
 16   6 0.73
 16   7 0.64
 16   8 0.70
 16   9 0.61
 16  10 0.68
 16  11 0.65
 16  12 0.72
 16  13 0.64
 16  14 0.60
 16  15 0.66
 16  16 0.85
 16  17 0.70
 16  18 0.64
 16  19 0.63
 16  20 0.74
 16  21 0.70
 16  22 0.46
 17   1 0.74
 17   2 0.52
 17   3 0.63
 17   4 0.41
 17   5 0.48
 17   6 0.66
 17   7 0.53
 17   8 0.56
 17   9 0.60
 17  10 0.73
 17  11 0.75
 17  12 0.77
 17  13 0.79
 17  14 0.60
 17  15 0.60
 17  16 0.60
 17  17 0.90
 17  18 0.64
 17  19 0.71
 17  20 0.64
 17  21 0.69
 17  22 0.43
 18   1 0.69
 18   2 0.57
 18   3 0.59
 18   4 0.53
 18   5 0.62
 18   6 0.78
 18   7 0.69
 18   8 0.67
 18   9 0.68
 18  10 0.65
 18  11 0.76
 18  12 0.72
 18  13 0.63
 18  14 0.63
 18  15 0.66
 18  16 0.69
 18  17 0.60
 18  18 0.91
 18  19 0.71
 18  20 0.78
 18  21 0.64
 18  22 0.55
 19   1 0.75
 19   2 0.55
 19   3 0.68
 19   4 0.44
 19   5 0.58
 19   6 0.72
 19   7 0.54
 19   8 0.60
 19   9 0.56
 19  10 0.68
 19  11 0.67
 19  12 0.71
 19  13 0.72
 19  14 0.71
 19  15 0.63
 19  16 0.60
 19  17 0.63
 19  18 0.67
 19  19 0.88
 19  20 0.68
 19  21 0.64
 19  22 0.56
 20   1 0.64
 20   2 0.56
 20   3 0.54
 20   4 0.50
 20   5 0.64
 20   6 0.70
 20   7 0.60
 20   8 0.63
 20   9 0.67
 20  10 0.67
 20  11 0.65
 20  12 0.65
 20  13 0.60
 20  14 0.61
 20  15 0.61
 20  16 0.71
 20  17 0.63
 20  18 0.66
 20  19 0.65
 20  20 0.83
 20  21 0.62
 20  22 0.47
 21   1 0.58
 21   2 0.53
 21   3 0.44
 21   4 0.30
 21   5 0.59
 21   6 0.69
 21   7 0.53
 21   8 0.67
 21   9 0.48
 21  10 0.65
 21  11 0.58
 21  12 0.68
 21  13 0.61
 21  14 0.49
 21  15 0.66
 21  16 0.70
 21  17 0.61
 21  18 0.55
 21  19 0.58
 21  20 0.57
 21  21 0.92
 21  22 0.46
 22   1 0.58
 22   2 0.60
 22   3 0.61
 22   4 0.54
 22   5 0.62
 22   6 0.58
 22   7 0.73
 22   8 0.64
 22   9 0.50
 22  10 0.41
 22  11 0.58
 22  12 0.58
 22  13 0.57
 22  14 0.62
 22  15 0.49
 22  16 0.49
 22  17 0.37
 22  18 0.62
 22  19 0.60
 22  20 0.62
 22  21 0.54
 22  22 0.90
  1   1 0.89
  1   2 0.68
  1   3 0.63
  1   4 0.44
  1   5 0.63
  1   6 0.76
  1   7 0.66
  1   8 0.72
  1   9 0.60
  1  10 0.67
  1  11 0.69
  1  12 0.74
  1  13 0.71
  1  14 0.64
  1  15 0.70
  1  16 0.71
  1  17 0.66
  1  18 0.70
  1  19 0.73
  1  20 0.73
  1  21 0.69
  1  22 0.56
  2   1 0.58
  2   2 0.89
  2   3 0.38
  2   4 0.32
  2   5 0.53
  2   6 0.66
  2   7 0.57
  2   8 0.73
  2   9 0.43
  2  10 0.53
  2  11 0.47
  2  12 0.57
  2  13 0.53
  2  14 0.50
  2  15 0.58
  2  16 0.65
  2  17 0.49
  2  18 0.54
  2  19 0.51
  2  20 0.58
  2  21 0.60
  2  22 0.43
  3   1 0.65
  3   2 0.51
  3   3 0.87
  3   4 0.68
  3   5 0.66
  3   6 0.66
  3   7 0.59
  3   8 0.57
  3   9 0.77
  3  10 0.64
  3  11 0.62
  3  12 0.59
  3  13 0.75
  3  14 0.83
  3  15 0.56
  3  16 0.49
  3  17 0.59
  3  18 0.64
  3  19 0.69
  3  20 0.65
  3  21 0.49
  3  22 0.61
  4   1 0.62
  4   2 0.45
  4   3 0.68
  4   4 0.85
  4   5 0.51
  4   6 0.57
  4   7 0.55
  4   8 0.54
  4   9 0.55
  4  10 0.49
  4  11 0.57
  4  12 0.57
  4  13 0.57
  4  14 0.63
  4  15 0.47
  4  16 0.42
  4  17 0.47
  4  18 0.65
  4  19 0.63
  4  20 0.66
  4  21 0.51
  4  22 0.60
  5   1 0.51
  5   2 0.52
  5   3 0.51
  5   4 0.45
  5   5 0.92
  5   6 0.75
  5   7 0.58
  5   8 0.65
  5   9 0.68
  5  10 0.67
  5  11 0.55
  5  12 0.50
  5  13 0.53
  5  14 0.67
  5  15 0.77
  5  16 0.75
  5  17 0.53
  5  18 0.55
  5  19 0.56
  5  20 0.61
  5  21 0.59
  5  22 0.51
  6   1 0.73
  6   2 0.59
  6   3 0.69
  6   4 0.51
  6   5 0.67
  6   6 0.89
  6   7 0.64
  6   8 0.69
  6   9 0.64
  6  10 0.72
  6  11 0.71
  6  12 0.74
  6  13 0.75
  6  14 0.72
  6  15 0.72
  6  16 0.69
  6  17 0.65
  6  18 0.76
  6  19 0.78
  6  20 0.74
  6  21 0.69
  6  22 0.56
  7   1 0.54
  7   2 0.67
  7   3 0.43
  7   4 0.36
  7   5 0.67
  7   6 0.67
  7   7 0.80
  7   8 0.70
  7   9 0.49
  7  10 0.48
  7  11 0.44
  7  12 0.51
  7  13 0.53
  7  14 0.53
  7  15 0.53
  7  16 0.61
  7  17 0.46
  7  18 0.51
  7  19 0.49
  7  20 0.54
  7  21 0.59
  7  22 0.52
  8   1 0.58
  8   2 0.68
  8   3 0.52
  8   4 0.36
  8   5 0.64
  8   6 0.72
  8   7 0.61
  8   8 0.88
  8   9 0.46
  8  10 0.58
  8  11 0.50
  8  12 0.64
  8  13 0.65
  8  14 0.58
  8  15 0.63
  8  16 0.70
  8  17 0.49
  8  18 0.58
  8  19 0.62
  8  20 0.61
  8  21 0.69
  8  22 0.50
  9   1 0.58
  9   2 0.43
  9   3 0.61
  9   4 0.43
  9   5 0.65
  9   6 0.68
  9   7 0.53
  9   8 0.51
  9   9 0.89
  9  10 0.81
  9  11 0.70
  9  12 0.57
  9  13 0.64
  9  14 0.65
  9  15 0.63
  9  16 0.64
  9  17 0.73
  9  18 0.59
  9  19 0.62
  9  20 0.59
  9  21 0.56
  9  22 0.39
 10   1 0.61
 10   2 0.48
 10   3 0.48
 10   4 0.28
 10   5 0.54
 10   6 0.69
 10   7 0.45
 10   8 0.51
 10   9 0.59
 10  10 0.85
 10  11 0.61
 10  12 0.60
 10  13 0.64
 10  14 0.58
 10  15 0.64
 10  16 0.63
 10  17 0.75
 10  18 0.49
 10  19 0.61
 10  20 0.50
 10  21 0.66
 10  22 0.34
 11   1 0.68
 11   2 0.40
 11   3 0.60
 11   4 0.39
 11   5 0.51
 11   6 0.65
 11   7 0.55
 11   8 0.50
 11   9 0.67
 11  10 0.67
 11  11 0.93
 11  12 0.71
 11  13 0.68
 11  14 0.54
 11  15 0.63
 11  16 0.55
 11  17 0.72
 11  18 0.69
 11  19 0.71
 11  20 0.62
 11  21 0.63
 11  22 0.49
 12   1 0.70
 12   2 0.58
 12   3 0.50
 12   4 0.31
 12   5 0.48
 12   6 0.64
 12   7 0.58
 12   8 0.68
 12   9 0.49
 12  10 0.61
 12  11 0.70
 12  12 0.90
 12  13 0.69
 12  14 0.49
 12  15 0.60
 12  16 0.64
 12  17 0.68
 12  18 0.64
 12  19 0.67
 12  20 0.63
 12  21 0.77
 12  22 0.45
 13   1 0.68
 13   2 0.60
 13   3 0.69
 13   4 0.49
 13   5 0.60
 13   6 0.70
 13   7 0.63
 13   8 0.64
 13   9 0.72
 13  10 0.71
 13  11 0.69
 13  12 0.69
 13  13 0.86
 13  14 0.72
 13  15 0.62
 13  16 0.62
 13  17 0.72
 13  18 0.64
 13  19 0.67
 13  20 0.66
 13  21 0.65
 13  22 0.53
 14   1 0.67
 14   2 0.54
 14   3 0.75
 14   4 0.56
 14   5 0.70
 14   6 0.73
 14   7 0.56
 14   8 0.60
 14   9 0.70
 14  10 0.71
 14  11 0.61
 14  12 0.64
 14  13 0.73
 14  14 0.91
 14  15 0.67
 14  16 0.61
 14  17 0.61
 14  18 0.64
 14  19 0.72
 14  20 0.65
 14  21 0.55
 14  22 0.55
 15   1 0.71
 15   2 0.53
 15   3 0.55
 15   4 0.37
 15   5 0.67
 15   6 0.79
 15   7 0.57
 15   8 0.67
 15   9 0.55
 15  10 0.72
 15  11 0.64
 15  12 0.67
 15  13 0.68
 15  14 0.62
 15  15 0.87
 15  16 0.74
 15  17 0.62
 15  18 0.60
 15  19 0.69
 15  20 0.60
 15  21 0.68
 15  22 0.49
 16   1 0.67
 16   2 0.66
 16   3 0.49
 16   4 0.41
 16   5 0.64
 16   6 0.73
 16   7 0.64
 16   8 0.70
 16   9 0.60
 16  10 0.68
 16  11 0.65
 16  12 0.72
 16  13 0.64
 16  14 0.59
 16  15 0.66
 16  16 0.85
 16  17 0.70
 16  18 0.64
 16  19 0.63
 16  20 0.74
 16  21 0.70
 16  22 0.46
 17   1 0.74
 17   2 0.52
 17   3 0.63
 17   4 0.41
 17   5 0.48
 17   6 0.65
 17   7 0.52
 17   8 0.56
 17   9 0.60
 17  10 0.73
 17  11 0.74
 17  12 0.77
 17  13 0.79
 17  14 0.60
 17  15 0.60
 17  16 0.60
 17  17 0.90
 17  18 0.63
 17  19 0.71
 17  20 0.63
 17  21 0.68
 17  22 0.42
 18   1 0.69
 18   2 0.57
 18   3 0.59
 18   4 0.53
 18   5 0.62
 18   6 0.78
 18   7 0.69
 18   8 0.67
 18   9 0.68
 18  10 0.64
 18  11 0.76
 18  12 0.72
 18  13 0.63
 18  14 0.63
 18  15 0.65
 18  16 0.68
 18  17 0.60
 18  18 0.91
 18  19 0.71
 18  20 0.78
 18  21 0.64
 18  22 0.55
 19   1 0.75
 19   2 0.55
 19   3 0.68
 19   4 0.44
 19   5 0.58
 19   6 0.72
 19   7 0.54
 19   8 0.59
 19   9 0.56
 19  10 0.68
 19  11 0.67
 19  12 0.71
 19  13 0.71
 19  14 0.71
 19  15 0.62
 19  16 0.60
 19  17 0.62
 19  18 0.66
 19  19 0.88
 19  20 0.68
 19  21 0.64
 19  22 0.55
 20   1 0.64
 20   2 0.56
 20   3 0.54
 20   4 0.50
 20   5 0.64
 20   6 0.70
 20   7 0.60
 20   8 0.63
 20   9 0.67
 20  10 0.67
 20  11 0.64
 20  12 0.65
 20  13 0.60
 20  14 0.61
 20  15 0.61
 20  16 0.71
 20  17 0.63
 20  18 0.66
 20  19 0.65
 20  20 0.83
 20  21 0.62
 20  22 0.47
 21   1 0.58
 21   2 0.53
 21   3 0.43
 21   4 0.30
 21   5 0.59
 21   6 0.69
 21   7 0.53
 21   8 0.67
 21   9 0.47
 21  10 0.65
 21  11 0.58
 21  12 0.67
 21  13 0.60
 21  14 0.49
 21  15 0.65
 21  16 0.70
 21  17 0.61
 21  18 0.55
 21  19 0.58
 21  20 0.57
 21  21 0.92
 21  22 0.45
 22   1 0.58
 22   2 0.60
 22   3 0.61
 22   4 0.54
 22   5 0.62
 22   6 0.58
 22   7 0.73
 22   8 0.64
 22   9 0.49
 22  10 0.40
 22  11 0.57
 22  12 0.58
 22  13 0.56
 22  14 0.62
 22  15 0.48
 22  16 0.49
 22  17 0.37
 22  18 0.61
 22  19 0.60
 22  20 0.62
 22  21 0.53
 22  22 0.90
  1   1 0.89
  1   2 0.68
  1   3 0.63
  1   4 0.44
  1   5 0.63
  1   6 0.76
  1   7 0.66
  1   8 0.72
  1   9 0.60
  1  10 0.67
  1  11 0.69
  1  12 0.74
  1  13 0.71
  1  14 0.64
  1  15 0.70
  1  16 0.71
  1  17 0.66
  1  18 0.70
  1  19 0.73
  1  20 0.73
  1  21 0.69
  1  22 0.56
  2   1 0.58
  2   2 0.89
  2   3 0.38
  2   4 0.32
  2   5 0.53
  2   6 0.66
  2   7 0.57
  2   8 0.73
  2   9 0.43
  2  10 0.53
  2  11 0.47
  2  12 0.57
  2  13 0.53
  2  14 0.50
  2  15 0.58
  2  16 0.65
  2  17 0.49
  2  18 0.54
  2  19 0.51
  2  20 0.58
  2  21 0.60
  2  22 0.43
  3   1 0.65
  3   2 0.51
  3   3 0.87
  3   4 0.68
  3   5 0.66
  3   6 0.66
  3   7 0.59
  3   8 0.57
  3   9 0.77
  3  10 0.64
  3  11 0.62
  3  12 0.59
  3  13 0.75
  3  14 0.83
  3  15 0.56
  3  16 0.49
  3  17 0.59
  3  18 0.64
  3  19 0.69
  3  20 0.65
  3  21 0.49
  3  22 0.61
  4   1 0.62
  4   2 0.45
  4   3 0.68
  4   4 0.85
  4   5 0.51
  4   6 0.57
  4   7 0.55
  4   8 0.54
  4   9 0.55
  4  10 0.49
  4  11 0.57
  4  12 0.57
  4  13 0.57
  4  14 0.63
  4  15 0.47
  4  16 0.42
  4  17 0.47
  4  18 0.65
  4  19 0.63
  4  20 0.66
  4  21 0.51
  4  22 0.60
  5   1 0.51
  5   2 0.52
  5   3 0.51
  5   4 0.45
  5   5 0.92
  5   6 0.75
  5   7 0.58
  5   8 0.65
  5   9 0.68
  5  10 0.67
  5  11 0.55
  5  12 0.50
  5  13 0.53
  5  14 0.67
  5  15 0.77
  5  16 0.75
  5  17 0.53
  5  18 0.55
  5  19 0.56
  5  20 0.61
  5  21 0.59
  5  22 0.51
  6   1 0.73
  6   2 0.59
  6   3 0.69
  6   4 0.51
  6   5 0.67
  6   6 0.89
  6   7 0.64
  6   8 0.69
  6   9 0.64
  6  10 0.72
  6  11 0.71
  6  12 0.74
  6  13 0.75
  6  14 0.72
  6  15 0.72
  6  16 0.69
  6  17 0.65
  6  18 0.76
  6  19 0.78
  6  20 0.74
  6  21 0.69
  6  22 0.56
  7   1 0.54
  7   2 0.67
  7   3 0.43
  7   4 0.36
  7   5 0.67
  7   6 0.67
  7   7 0.80
  7   8 0.70
  7   9 0.49
  7  10 0.48
  7  11 0.44
  7  12 0.51
  7  13 0.53
  7  14 0.53
  7  15 0.53
  7  16 0.61
  7  17 0.46
  7  18 0.51
  7  19 0.49
  7  20 0.54
  7  21 0.59
  7  22 0.52
  8   1 0.58
  8   2 0.68
  8   3 0.52
  8   4 0.36
  8   5 0.64
  8   6 0.72
  8   7 0.61
  8   8 0.88
  8   9 0.46
  8  10 0.58
  8  11 0.50
  8  12 0.64
  8  13 0.65
  8  14 0.58
  8  15 0.63
  8  16 0.70
  8  17 0.49
  8  18 0.58
  8  19 0.62
  8  20 0.61
  8  21 0.69
  8  22 0.50
  9   1 0.58
  9   2 0.43
  9   3 0.61
  9   4 0.43
  9   5 0.65
  9   6 0.68
  9   7 0.53
  9   8 0.51
  9   9 0.89
  9  10 0.81
  9  11 0.70
  9  12 0.57
  9  13 0.64
  9  14 0.65
  9  15 0.63
  9  16 0.64
  9  17 0.73
  9  18 0.59
  9  19 0.62
  9  20 0.59
  9  21 0.56
  9  22 0.39
 10   1 0.61
 10   2 0.48
 10   3 0.48
 10   4 0.28
 10   5 0.54
 10   6 0.69
 10   7 0.45
 10   8 0.51
 10   9 0.59
 10  10 0.85
 10  11 0.61
 10  12 0.60
 10  13 0.64
 10  14 0.58
 10  15 0.64
 10  16 0.63
 10  17 0.75
 10  18 0.49
 10  19 0.61
 10  20 0.50
 10  21 0.66
 10  22 0.34
 11   1 0.68
 11   2 0.40
 11   3 0.60
 11   4 0.39
 11   5 0.51
 11   6 0.65
 11   7 0.55
 11   8 0.50
 11   9 0.67
 11  10 0.67
 11  11 0.93
 11  12 0.71
 11  13 0.68
 11  14 0.54
 11  15 0.63
 11  16 0.55
 11  17 0.72
 11  18 0.69
 11  19 0.71
 11  20 0.62
 11  21 0.63
 11  22 0.49
 12   1 0.70
 12   2 0.58
 12   3 0.50
 12   4 0.31
 12   5 0.48
 12   6 0.64
 12   7 0.58
 12   8 0.68
 12   9 0.49
 12  10 0.61
 12  11 0.70
 12  12 0.90
 12  13 0.69
 12  14 0.49
 12  15 0.60
 12  16 0.64
 12  17 0.68
 12  18 0.64
 12  19 0.67
 12  20 0.63
 12  21 0.77
 12  22 0.45
 13   1 0.68
 13   2 0.60
 13   3 0.69
 13   4 0.49
 13   5 0.60
 13   6 0.70
 13   7 0.63
 13   8 0.64
 13   9 0.72
 13  10 0.71
 13  11 0.69
 13  12 0.69
 13  13 0.86
 13  14 0.72
 13  15 0.62
 13  16 0.62
 13  17 0.72
 13  18 0.64
 13  19 0.67
 13  20 0.66
 13  21 0.65
 13  22 0.53
 14   1 0.67
 14   2 0.54
 14   3 0.75
 14   4 0.56
 14   5 0.70
 14   6 0.73
 14   7 0.56
 14   8 0.60
 14   9 0.70
 14  10 0.71
 14  11 0.61
 14  12 0.64
 14  13 0.73
 14  14 0.91
 14  15 0.67
 14  16 0.61
 14  17 0.61
 14  18 0.64
 14  19 0.72
 14  20 0.65
 14  21 0.55
 14  22 0.55
 15   1 0.71
 15   2 0.53
 15   3 0.55
 15   4 0.37
 15   5 0.67
 15   6 0.79
 15   7 0.57
 15   8 0.67
 15   9 0.55
 15  10 0.72
 15  11 0.64
 15  12 0.67
 15  13 0.68
 15  14 0.62
 15  15 0.87
 15  16 0.74
 15  17 0.62
 15  18 0.60
 15  19 0.69
 15  20 0.60
 15  21 0.68
 15  22 0.49
 16   1 0.67
 16   2 0.66
 16   3 0.49
 16   4 0.41
 16   5 0.64
 16   6 0.73
 16   7 0.64
 16   8 0.70
 16   9 0.60
 16  10 0.68
 16  11 0.65
 16  12 0.72
 16  13 0.64
 16  14 0.59
 16  15 0.66
 16  16 0.85
 16  17 0.70
 16  18 0.64
 16  19 0.63
 16  20 0.74
 16  21 0.70
 16  22 0.46
 17   1 0.74
 17   2 0.52
 17   3 0.63
 17   4 0.41
 17   5 0.48
 17   6 0.65
 17   7 0.52
 17   8 0.56
 17   9 0.60
 17  10 0.73
 17  11 0.74
 17  12 0.77
 17  13 0.79
 17  14 0.60
 17  15 0.60
 17  16 0.60
 17  17 0.90
 17  18 0.63
 17  19 0.71
 17  20 0.63
 17  21 0.68
 17  22 0.42
 18   1 0.69
 18   2 0.57
 18   3 0.59
 18   4 0.53
 18   5 0.62
 18   6 0.78
 18   7 0.69
 18   8 0.67
 18   9 0.68
 18  10 0.64
 18  11 0.76
 18  12 0.72
 18  13 0.63
 18  14 0.63
 18  15 0.65
 18  16 0.68
 18  17 0.60
 18  18 0.91
 18  19 0.71
 18  20 0.78
 18  21 0.64
 18  22 0.55
 19   1 0.75
 19   2 0.55
 19   3 0.68
 19   4 0.44
 19   5 0.58
 19   6 0.72
 19   7 0.54
 19   8 0.59
 19   9 0.56
 19  10 0.68
 19  11 0.67
 19  12 0.71
 19  13 0.71
 19  14 0.71
 19  15 0.62
 19  16 0.60
 19  17 0.62
 19  18 0.66
 19  19 0.88
 19  20 0.68
 19  21 0.64
 19  22 0.55
 20   1 0.64
 20   2 0.56
 20   3 0.54
 20   4 0.50
 20   5 0.64
 20   6 0.70
 20   7 0.60
 20   8 0.63
 20   9 0.67
 20  10 0.67
 20  11 0.64
 20  12 0.65
 20  13 0.60
 20  14 0.61
 20  15 0.61
 20  16 0.71
 20  17 0.63
 20  18 0.66
 20  19 0.65
 20  20 0.83
 20  21 0.62
 20  22 0.47
 21   1 0.58
 21   2 0.53
 21   3 0.43
 21   4 0.30
 21   5 0.59
 21   6 0.69
 21   7 0.53
 21   8 0.67
 21   9 0.47
 21  10 0.65
 21  11 0.58
 21  12 0.67
 21  13 0.60
 21  14 0.49
 21  15 0.65
 21  16 0.70
 21  17 0.61
 21  18 0.55
 21  19 0.58
 21  20 0.57
 21  21 0.92
 21  22 0.45
 22   1 0.58
 22   2 0.60
 22   3 0.61
 22   4 0.54
 22   5 0.62
 22   6 0.58
 22   7 0.73
 22   8 0.64
 22   9 0.49
 22  10 0.40
 22  11 0.57
 22  12 0.58
 22  13 0.56
 22  14 0.62
 22  15 0.48
 22  16 0.49
 22  17 0.37
 22  18 0.61
 22  19 0.60
 22  20 0.62
 22  21 0.53
 22  22 0.90
