  1   1 0.85
  1   2 0.47
  1   3 0.14
  1   5 0.46
  1   6 0.26
  1   7 0.33
  1   8 0.25
  1   9 0.26
  1  10 0.34
  1  11 0.47
  1  12 0.44
  1  13 0.27
  1  14 0.34
  1  15 0.48
  1  16 0.30
  1  17 0.45
  1  18 0.38
  1  19 0.38
  1  20 0.25
  1  21 0.37
  1  22 0.54
  2   1 0.50
  2   2 0.69
  2   3 0.18
  2   5 0.49
  2   6 0.38
  2   7 0.34
  2   8 0.31
  2   9 0.32
  2  10 0.58
  2  11 0.49
  2  12 0.50
  2  13 0.49
  2  14 0.52
  2  15 0.47
  2  16 0.35
  2  17 0.47
  2  18 0.52
  2  19 0.45
  2  20 0.33
  2  21 0.45
  2  22 0.55
  3   1 0.28
  3   2 0.32
  3   3 0.51
  3   5 0.37
  3   6 0.27
  3   7 0.36
  3   8 0.34
  3   9 0.21
  3  10 0.26
  3  11 0.34
  3  12 0.31
  3  13 0.25
  3  14 0.38
  3  15 0.31
  3  16 0.30
  3  17 0.39
  3  18 0.34
  3  19 0.40
  3  20 0.19
  3  21 0.28
  3  22 0.36
  4   1 0.06
  4   2 0.16
  4   3 0.11
  4   5 0.24
  4   6 0.20
  4   7 0.10
  4   8 0.16
  4   9 0.12
  4  10 0.22
  4  11 0.12
  4  12 0.22
  4  13 0.09
  4  14 0.18
  4  15 0.12
  4  16 0.14
  4  17 0.17
  4  18 0.21
  4  19 0.10
  4  20 0.12
  4  21 0.09
  4  22 0.19
  5   1 0.41
  5   2 0.46
  5   3 0.28
  5   5 0.81
  5   6 0.34
  5   7 0.47
  5   8 0.27
  5   9 0.30
  5  10 0.47
  5  11 0.38
  5  12 0.36
  5  13 0.38
  5  14 0.54
  5  15 0.49
  5  16 0.38
  5  17 0.47
  5  18 0.42
  5  19 0.50
  5  20 0.32
  5  21 0.31
  5  22 0.43
  6   1 0.34
  6   2 0.47
  6   3 0.23
  6   5 0.40
  6   6 0.50
  6   7 0.35
  6   8 0.35
  6   9 0.25
  6  10 0.41
  6  11 0.43
  6  12 0.40
  6  13 0.32
  6  14 0.36
  6  15 0.31
  6  16 0.33
  6  17 0.43
  6  18 0.48
  6  19 0.45
  6  20 0.26
  6  21 0.32
  6  22 0.48
  7   1 0.34
  7   2 0.39
  7   3 0.23
  7   5 0.54
  7   6 0.35
  7   7 0.71
  7   8 0.29
  7   9 0.32
  7  10 0.41
  7  11 0.46
  7  12 0.25
  7  13 0.48
  7  14 0.58
  7  15 0.42
  7  16 0.40
  7  17 0.48
  7  18 0.48
  7  19 0.57
  7  20 0.25
  7  21 0.35
  7  22 0.45
  8   1 0.22
  8   2 0.28
  8   3 0.28
  8   5 0.32
  8   6 0.25
  8   7 0.31
  8   8 0.88
  8   9 0.24
  8  10 0.28
  8  11 0.28
  8  12 0.29
  8  13 0.22
  8  14 0.40
  8  15 0.31
  8  16 0.24
  8  17 0.46
  8  18 0.45
  8  19 0.34
  8  20 0.22
  8  21 0.24
  8  22 0.38
  9   1 0.33
  9   2 0.42
  9   3 0.14
  9   5 0.48
  9   6 0.40
  9   7 0.25
  9   8 0.23
  9   9 0.50
  9  10 0.56
  9  11 0.50
  9  12 0.52
  9  13 0.33
  9  14 0.49
  9  15 0.44
  9  16 0.34
  9  17 0.39
  9  18 0.39
  9  19 0.43
  9  20 0.28
  9  21 0.42
  9  22 0.56
 10   1 0.32
 10   2 0.46
 10   3 0.15
 10   5 0.43
 10   6 0.38
 10   7 0.25
 10   8 0.24
 10   9 0.18
 10  10 0.87
 10  11 0.37
 10  12 0.54
 10  13 0.51
 10  14 0.53
 10  15 0.45
 10  16 0.30
 10  17 0.39
 10  18 0.37
 10  19 0.40
 10  20 0.31
 10  21 0.35
 10  22 0.48
 11   1 0.44
 11   2 0.45
 11   3 0.18
 11   5 0.42
 11   6 0.30
 11   7 0.39
 11   8 0.26
 11   9 0.38
 11  10 0.37
 11  11 0.71
 11  12 0.49
 11  13 0.34
 11  14 0.42
 11  15 0.44
 11  16 0.42
 11  17 0.44
 11  18 0.47
 11  19 0.56
 11  20 0.25
 11  21 0.48
 11  22 0.65
 12   1 0.47
 12   2 0.39
 12   3 0.17
 12   5 0.35
 12   6 0.29
 12   7 0.19
 12   8 0.29
 12   9 0.20
 12  10 0.46
 12  11 0.42
 12  12 0.79
 12  13 0.28
 12  14 0.29
 12  15 0.40
 12  16 0.27
 12  17 0.32
 12  18 0.36
 12  19 0.35
 12  20 0.25
 12  21 0.36
 12  22 0.61
 13   1 0.22
 13   2 0.35
 13   3 0.17
 13   5 0.36
 13   6 0.36
 13   7 0.29
 13   8 0.19
 13   9 0.13
 13  10 0.42
 13  11 0.31
 13  12 0.30
 13  13 0.85
 13  14 0.42
 13  15 0.30
 13  16 0.25
 13  17 0.32
 13  18 0.51
 13  19 0.32
 13  20 0.30
 13  21 0.26
 13  22 0.35
 14   1 0.41
 14   2 0.49
 14   3 0.24
 14   5 0.46
 14   6 0.32
 14   7 0.47
 14   8 0.41
 14   9 0.35
 14  10 0.47
 14  11 0.52
 14  12 0.36
 14  13 0.33
 14  14 0.78
 14  15 0.43
 14  16 0.39
 14  17 0.51
 14  18 0.46
 14  19 0.56
 14  20 0.26
 14  21 0.35
 14  22 0.54
 15   1 0.36
 15   2 0.44
 15   3 0.20
 15   5 0.48
 15   6 0.29
 15   7 0.30
 15   8 0.30
 15   9 0.30
 15  10 0.49
 15  11 0.36
 15  12 0.38
 15  13 0.40
 15  14 0.52
 15  15 0.72
 15  16 0.28
 15  17 0.45
 15  18 0.33
 15  19 0.41
 15  20 0.26
 15  21 0.29
 15  22 0.43
 16   1 0.41
 16   2 0.45
 16   3 0.20
 16   5 0.53
 16   6 0.37
 16   7 0.37
 16   8 0.32
 16   9 0.41
 16  10 0.56
 16  11 0.58
 16  12 0.51
 16  13 0.36
 16  14 0.51
 16  15 0.45
 16  16 0.65
 16  17 0.55
 16  18 0.48
 16  19 0.47
 16  20 0.29
 16  21 0.54
 16  22 0.60
 17   1 0.40
 17   2 0.40
 17   3 0.22
 17   5 0.47
 17   6 0.27
 17   7 0.52
 17   8 0.38
 17   9 0.24
 17  10 0.47
 17  11 0.49
 17  12 0.34
 17  13 0.36
 17  14 0.46
 17  15 0.43
 17  16 0.41
 17  17 0.79
 17  18 0.45
 17  19 0.63
 17  20 0.24
 17  21 0.36
 17  22 0.46
 18   1 0.18
 18   2 0.36
 18   3 0.20
 18   5 0.40
 18   6 0.34
 18   7 0.22
 18   8 0.34
 18   9 0.19
 18  10 0.36
 18  11 0.24
 18  12 0.33
 18  13 0.31
 18  14 0.31
 18  15 0.23
 18  16 0.22
 18  17 0.30
 18  18 0.66
 18  19 0.24
 18  20 0.27
 18  21 0.31
 18  22 0.35
 19   1 0.46
 19   2 0.42
 19   3 0.20
 19   5 0.51
 19   6 0.28
 19   7 0.54
 19   8 0.33
 19   9 0.31
 19  10 0.47
 19  11 0.58
 19  12 0.46
 19  13 0.36
 19  14 0.50
 19  15 0.44
 19  16 0.41
 19  17 0.48
 19  18 0.45
 19  19 0.86
 19  20 0.23
 19  21 0.38
 19  22 0.63
 20   1 0.25
 20   2 0.39
 20   3 0.21
 20   5 0.46
 20   6 0.42
 20   7 0.20
 20   8 0.25
 20   9 0.22
 20  10 0.45
 20  11 0.26
 20  12 0.34
 20  13 0.47
 20  14 0.48
 20  15 0.32
 20  16 0.24
 20  17 0.31
 20  18 0.47
 20  19 0.27
 20  20 0.47
 20  21 0.26
 20  22 0.39
 21   1 0.29
 21   2 0.40
 21   3 0.17
 21   5 0.38
 21   6 0.51
 21   7 0.22
 21   8 0.24
 21   9 0.24
 21  10 0.52
 21  11 0.34
 21  12 0.46
 21  13 0.39
 21  14 0.33
 21  15 0.38
 21  16 0.29
 21  17 0.33
 21  18 0.41
 21  19 0.27
 21  20 0.28
 21  21 0.59
 21  22 0.39
 22   1 0.49
 22   2 0.47
 22   3 0.24
 22   5 0.41
 22   6 0.34
 22   7 0.29
 22   8 0.36
 22   9 0.28
 22  10 0.46
 22  11 0.54
 22  12 0.59
 22  13 0.34
 22  14 0.41
 22  15 0.41
 22  16 0.35
 22  17 0.43
 22  18 0.46
 22  19 0.52
 22  20 0.27
 22  21 0.39
 22  22 0.81
  1   1 0.85
  1   2 0.46
  1   3 0.14
  1   5 0.46
  1   6 0.26
  1   7 0.33
  1   8 0.25
  1   9 0.26
  1  10 0.34
  1  11 0.47
  1  12 0.44
  1  13 0.27
  1  14 0.34
  1  15 0.47
  1  16 0.29
  1  17 0.45
  1  18 0.38
  1  19 0.37
  1  20 0.25
  1  21 0.36
  1  22 0.54
  2   1 0.50
  2   2 0.69
  2   3 0.18
  2   5 0.49
  2   6 0.38
  2   7 0.34
  2   8 0.31
  2   9 0.32
  2  10 0.57
  2  11 0.49
  2  12 0.50
  2  13 0.49
  2  14 0.52
  2  15 0.46
  2  16 0.35
  2  17 0.47
  2  18 0.52
  2  19 0.45
  2  20 0.33
  2  21 0.45
  2  22 0.55
  3   1 0.28
  3   2 0.32
  3   3 0.51
  3   5 0.37
  3   6 0.27
  3   7 0.36
  3   8 0.33
  3   9 0.20
  3  10 0.25
  3  11 0.34
  3  12 0.30
  3  13 0.25
  3  14 0.38
  3  15 0.31
  3  16 0.29
  3  17 0.39
  3  18 0.34
  3  19 0.40
  3  20 0.18
  3  21 0.27
  3  22 0.36
  4   1 0.06
  4   2 0.16
  4   3 0.11
  4   5 0.24
  4   6 0.20
  4   7 0.10
  4   8 0.16
  4   9 0.12
  4  10 0.22
  4  11 0.12
  4  12 0.22
  4  13 0.09
  4  14 0.18
  4  15 0.12
  4  16 0.14
  4  17 0.17
  4  18 0.21
  4  19 0.10
  4  20 0.12
  4  21 0.09
  4  22 0.19
  5   1 0.41
  5   2 0.45
  5   3 0.28
  5   5 0.81
  5   6 0.34
  5   7 0.47
  5   8 0.27
  5   9 0.30
  5  10 0.47
  5  11 0.38
  5  12 0.36
  5  13 0.38
  5  14 0.54
  5  15 0.48
  5  16 0.38
  5  17 0.47
  5  18 0.42
  5  19 0.49
  5  20 0.32
  5  21 0.31
  5  22 0.42
  6   1 0.34
  6   2 0.47
  6   3 0.23
  6   5 0.39
  6   6 0.50
  6   7 0.34
  6   8 0.35
  6   9 0.25
  6  10 0.41
  6  11 0.43
  6  12 0.40
  6  13 0.32
  6  14 0.36
  6  15 0.31
  6  16 0.33
  6  17 0.43
  6  18 0.48
  6  19 0.45
  6  20 0.26
  6  21 0.32
  6  22 0.48
  7   1 0.33
  7   2 0.39
  7   3 0.23
  7   5 0.54
  7   6 0.35
  7   7 0.71
  7   8 0.29
  7   9 0.32
  7  10 0.41
  7  11 0.46
  7  12 0.25
  7  13 0.48
  7  14 0.58
  7  15 0.42
  7  16 0.40
  7  17 0.48
  7  18 0.48
  7  19 0.57
  7  20 0.25
  7  21 0.35
  7  22 0.44
  8   1 0.22
  8   2 0.28
  8   3 0.28
  8   5 0.32
  8   6 0.25
  8   7 0.31
  8   8 0.88
  8   9 0.24
  8  10 0.28
  8  11 0.28
  8  12 0.29
  8  13 0.22
  8  14 0.40
  8  15 0.31
  8  16 0.24
  8  17 0.45
  8  18 0.45
  8  19 0.34
  8  20 0.22
  8  21 0.24
  8  22 0.37
  9   1 0.33
  9   2 0.41
  9   3 0.14
  9   5 0.48
  9   6 0.40
  9   7 0.25
  9   8 0.23
  9   9 0.50
  9  10 0.56
  9  11 0.50
  9  12 0.52
  9  13 0.33
  9  14 0.49
  9  15 0.44
  9  16 0.34
  9  17 0.39
  9  18 0.39
  9  19 0.43
  9  20 0.28
  9  21 0.42
  9  22 0.56
 10   1 0.32
 10   2 0.46
 10   3 0.15
 10   5 0.43
 10   6 0.38
 10   7 0.24
 10   8 0.24
 10   9 0.18
 10  10 0.86
 10  11 0.36
 10  12 0.54
 10  13 0.51
 10  14 0.52
 10  15 0.44
 10  16 0.29
 10  17 0.38
 10  18 0.37
 10  19 0.39
 10  20 0.31
 10  21 0.35
 10  22 0.48
 11   1 0.44
 11   2 0.45
 11   3 0.18
 11   5 0.42
 11   6 0.30
 11   7 0.39
 11   8 0.26
 11   9 0.38
 11  10 0.37
 11  11 0.71
 11  12 0.49
 11  13 0.33
 11  14 0.42
 11  15 0.44
 11  16 0.42
 11  17 0.44
 11  18 0.47
 11  19 0.56
 11  20 0.25
 11  21 0.47
 11  22 0.65
 12   1 0.47
 12   2 0.39
 12   3 0.17
 12   5 0.35
 12   6 0.29
 12   7 0.19
 12   8 0.29
 12   9 0.20
 12  10 0.46
 12  11 0.42
 12  12 0.79
 12  13 0.27
 12  14 0.29
 12  15 0.40
 12  16 0.27
 12  17 0.32
 12  18 0.35
 12  19 0.34
 12  20 0.25
 12  21 0.35
 12  22 0.61
 13   1 0.22
 13   2 0.35
 13   3 0.17
 13   5 0.36
 13   6 0.36
 13   7 0.29
 13   8 0.19
 13   9 0.13
 13  10 0.42
 13  11 0.31
 13  12 0.29
 13  13 0.85
 13  14 0.42
 13  15 0.30
 13  16 0.25
 13  17 0.32
 13  18 0.51
 13  19 0.32
 13  20 0.30
 13  21 0.26
 13  22 0.35
 14   1 0.41
 14   2 0.49
 14   3 0.24
 14   5 0.46
 14   6 0.31
 14   7 0.47
 14   8 0.41
 14   9 0.35
 14  10 0.47
 14  11 0.52
 14  12 0.36
 14  13 0.32
 14  14 0.78
 14  15 0.42
 14  16 0.39
 14  17 0.51
 14  18 0.45
 14  19 0.56
 14  20 0.26
 14  21 0.35
 14  22 0.54
 15   1 0.36
 15   2 0.44
 15   3 0.20
 15   5 0.48
 15   6 0.28
 15   7 0.30
 15   8 0.30
 15   9 0.30
 15  10 0.49
 15  11 0.35
 15  12 0.38
 15  13 0.39
 15  14 0.52
 15  15 0.71
 15  16 0.28
 15  17 0.45
 15  18 0.33
 15  19 0.41
 15  20 0.26
 15  21 0.29
 15  22 0.43
 16   1 0.40
 16   2 0.45
 16   3 0.20
 16   5 0.53
 16   6 0.37
 16   7 0.37
 16   8 0.32
 16   9 0.41
 16  10 0.56
 16  11 0.58
 16  12 0.51
 16  13 0.36
 16  14 0.50
 16  15 0.45
 16  16 0.65
 16  17 0.55
 16  18 0.48
 16  19 0.47
 16  20 0.29
 16  21 0.54
 16  22 0.59
 17   1 0.40
 17   2 0.40
 17   3 0.22
 17   5 0.47
 17   6 0.27
 17   7 0.52
 17   8 0.38
 17   9 0.24
 17  10 0.47
 17  11 0.49
 17  12 0.33
 17  13 0.36
 17  14 0.45
 17  15 0.43
 17  16 0.41
 17  17 0.79
 17  18 0.45
 17  19 0.62
 17  20 0.24
 17  21 0.36
 17  22 0.46
 18   1 0.18
 18   2 0.36
 18   3 0.20
 18   5 0.40
 18   6 0.34
 18   7 0.22
 18   8 0.34
 18   9 0.19
 18  10 0.35
 18  11 0.24
 18  12 0.33
 18  13 0.31
 18  14 0.31
 18  15 0.23
 18  16 0.21
 18  17 0.30
 18  18 0.66
 18  19 0.24
 18  20 0.27
 18  21 0.31
 18  22 0.34
 19   1 0.46
 19   2 0.42
 19   3 0.20
 19   5 0.51
 19   6 0.27
 19   7 0.54
 19   8 0.32
 19   9 0.31
 19  10 0.47
 19  11 0.58
 19  12 0.46
 19  13 0.36
 19  14 0.50
 19  15 0.43
 19  16 0.41
 19  17 0.48
 19  18 0.45
 19  19 0.86
 19  20 0.23
 19  21 0.38
 19  22 0.63
 20   1 0.25
 20   2 0.38
 20   3 0.21
 20   5 0.46
 20   6 0.41
 20   7 0.20
 20   8 0.25
 20   9 0.22
 20  10 0.44
 20  11 0.26
 20  12 0.34
 20  13 0.47
 20  14 0.48
 20  15 0.32
 20  16 0.24
 20  17 0.31
 20  18 0.47
 20  19 0.27
 20  20 0.47
 20  21 0.26
 20  22 0.38
 21   1 0.29
 21   2 0.40
 21   3 0.17
 21   5 0.37
 21   6 0.51
 21   7 0.22
 21   8 0.24
 21   9 0.24
 21  10 0.51
 21  11 0.34
 21  12 0.46
 21  13 0.39
 21  14 0.33
 21  15 0.37
 21  16 0.28
 21  17 0.33
 21  18 0.41
 21  19 0.27
 21  20 0.28
 21  21 0.59
 21  22 0.39
 22   1 0.49
 22   2 0.46
 22   3 0.24
 22   5 0.41
 22   6 0.33
 22   7 0.29
 22   8 0.36
 22   9 0.28
 22  10 0.46
 22  11 0.54
 22  12 0.59
 22  13 0.34
 22  14 0.41
 22  15 0.41
 22  16 0.35
 22  17 0.43
 22  18 0.46
 22  19 0.52
 22  20 0.27
 22  21 0.39
 22  22 0.81
  1   1 0.85
  1   2 0.46
  1   3 0.14
  1   5 0.46
  1   6 0.26
  1   7 0.33
  1   8 0.25
  1   9 0.26
  1  10 0.34
  1  11 0.47
  1  12 0.44
  1  13 0.27
  1  14 0.34
  1  15 0.47
  1  16 0.29
  1  17 0.45
  1  18 0.38
  1  19 0.37
  1  20 0.25
  1  21 0.36
  1  22 0.54
  2   1 0.50
  2   2 0.69
  2   3 0.18
  2   5 0.49
  2   6 0.38
  2   7 0.34
  2   8 0.31
  2   9 0.32
  2  10 0.57
  2  11 0.49
  2  12 0.50
  2  13 0.49
  2  14 0.52
  2  15 0.46
  2  16 0.35
  2  17 0.47
  2  18 0.52
  2  19 0.45
  2  20 0.33
  2  21 0.45
  2  22 0.55
  3   1 0.28
  3   2 0.32
  3   3 0.51
  3   5 0.37
  3   6 0.27
  3   7 0.36
  3   8 0.33
  3   9 0.20
  3  10 0.25
  3  11 0.34
  3  12 0.30
  3  13 0.25
  3  14 0.38
  3  15 0.31
  3  16 0.29
  3  17 0.39
  3  18 0.34
  3  19 0.40
  3  20 0.18
  3  21 0.27
  3  22 0.36
  4   1 0.06
  4   2 0.16
  4   3 0.11
  4   5 0.24
  4   6 0.20
  4   7 0.10
  4   8 0.16
  4   9 0.12
  4  10 0.22
  4  11 0.12
  4  12 0.22
  4  13 0.09
  4  14 0.18
  4  15 0.12
  4  16 0.14
  4  17 0.17
  4  18 0.21
  4  19 0.10
  4  20 0.12
  4  21 0.09
  4  22 0.19
  5   1 0.41
  5   2 0.45
  5   3 0.28
  5   5 0.81
  5   6 0.34
  5   7 0.47
  5   8 0.27
  5   9 0.30
  5  10 0.47
  5  11 0.38
  5  12 0.36
  5  13 0.38
  5  14 0.54
  5  15 0.48
  5  16 0.38
  5  17 0.47
  5  18 0.42
  5  19 0.49
  5  20 0.32
  5  21 0.31
  5  22 0.42
  6   1 0.34
  6   2 0.47
  6   3 0.23
  6   5 0.39
  6   6 0.50
  6   7 0.34
  6   8 0.35
  6   9 0.25
  6  10 0.41
  6  11 0.43
  6  12 0.40
  6  13 0.32
  6  14 0.36
  6  15 0.31
  6  16 0.33
  6  17 0.43
  6  18 0.48
  6  19 0.45
  6  20 0.26
  6  21 0.32
  6  22 0.48
  7   1 0.33
  7   2 0.39
  7   3 0.23
  7   5 0.54
  7   6 0.35
  7   7 0.71
  7   8 0.29
  7   9 0.32
  7  10 0.41
  7  11 0.46
  7  12 0.25
  7  13 0.48
  7  14 0.58
  7  15 0.42
  7  16 0.40
  7  17 0.48
  7  18 0.48
  7  19 0.57
  7  20 0.25
  7  21 0.35
  7  22 0.44
  8   1 0.22
  8   2 0.28
  8   3 0.28
  8   5 0.32
  8   6 0.25
  8   7 0.31
  8   8 0.88
  8   9 0.24
  8  10 0.28
  8  11 0.28
  8  12 0.29
  8  13 0.22
  8  14 0.40
  8  15 0.31
  8  16 0.24
  8  17 0.45
  8  18 0.45
  8  19 0.34
  8  20 0.22
  8  21 0.24
  8  22 0.37
  9   1 0.33
  9   2 0.41
  9   3 0.14
  9   5 0.48
  9   6 0.40
  9   7 0.25
  9   8 0.23
  9   9 0.50
  9  10 0.56
  9  11 0.50
  9  12 0.52
  9  13 0.33
  9  14 0.49
  9  15 0.44
  9  16 0.34
  9  17 0.39
  9  18 0.39
  9  19 0.43
  9  20 0.28
  9  21 0.42
  9  22 0.56
 10   1 0.32
 10   2 0.46
 10   3 0.15
 10   5 0.43
 10   6 0.38
 10   7 0.24
 10   8 0.24
 10   9 0.18
 10  10 0.86
 10  11 0.36
 10  12 0.54
 10  13 0.51
 10  14 0.52
 10  15 0.44
 10  16 0.29
 10  17 0.38
 10  18 0.37
 10  19 0.39
 10  20 0.31
 10  21 0.35
 10  22 0.48
 11   1 0.44
 11   2 0.45
 11   3 0.18
 11   5 0.42
 11   6 0.30
 11   7 0.39
 11   8 0.26
 11   9 0.38
 11  10 0.37
 11  11 0.71
 11  12 0.49
 11  13 0.33
 11  14 0.42
 11  15 0.44
 11  16 0.42
 11  17 0.44
 11  18 0.47
 11  19 0.56
 11  20 0.25
 11  21 0.47
 11  22 0.65
 12   1 0.47
 12   2 0.39
 12   3 0.17
 12   5 0.35
 12   6 0.29
 12   7 0.19
 12   8 0.29
 12   9 0.20
 12  10 0.46
 12  11 0.42
 12  12 0.79
 12  13 0.27
 12  14 0.29
 12  15 0.40
 12  16 0.27
 12  17 0.32
 12  18 0.35
 12  19 0.34
 12  20 0.25
 12  21 0.35
 12  22 0.61
 13   1 0.22
 13   2 0.35
 13   3 0.17
 13   5 0.36
 13   6 0.36
 13   7 0.29
 13   8 0.19
 13   9 0.13
 13  10 0.42
 13  11 0.31
 13  12 0.29
 13  13 0.85
 13  14 0.42
 13  15 0.30
 13  16 0.25
 13  17 0.32
 13  18 0.51
 13  19 0.32
 13  20 0.30
 13  21 0.26
 13  22 0.35
 14   1 0.41
 14   2 0.49
 14   3 0.24
 14   5 0.46
 14   6 0.31
 14   7 0.47
 14   8 0.41
 14   9 0.35
 14  10 0.47
 14  11 0.52
 14  12 0.36
 14  13 0.32
 14  14 0.78
 14  15 0.42
 14  16 0.39
 14  17 0.51
 14  18 0.45
 14  19 0.56
 14  20 0.26
 14  21 0.35
 14  22 0.54
 15   1 0.36
 15   2 0.44
 15   3 0.20
 15   5 0.48
 15   6 0.28
 15   7 0.30
 15   8 0.30
 15   9 0.30
 15  10 0.49
 15  11 0.35
 15  12 0.38
 15  13 0.39
 15  14 0.52
 15  15 0.71
 15  16 0.28
 15  17 0.45
 15  18 0.33
 15  19 0.41
 15  20 0.26
 15  21 0.29
 15  22 0.43
 16   1 0.40
 16   2 0.45
 16   3 0.20
 16   5 0.53
 16   6 0.37
 16   7 0.37
 16   8 0.32
 16   9 0.41
 16  10 0.56
 16  11 0.58
 16  12 0.51
 16  13 0.36
 16  14 0.50
 16  15 0.45
 16  16 0.65
 16  17 0.55
 16  18 0.48
 16  19 0.47
 16  20 0.29
 16  21 0.54
 16  22 0.59
 17   1 0.40
 17   2 0.40
 17   3 0.22
 17   5 0.47
 17   6 0.27
 17   7 0.52
 17   8 0.38
 17   9 0.24
 17  10 0.47
 17  11 0.49
 17  12 0.33
 17  13 0.36
 17  14 0.45
 17  15 0.43
 17  16 0.41
 17  17 0.79
 17  18 0.45
 17  19 0.62
 17  20 0.24
 17  21 0.36
 17  22 0.46
 18   1 0.18
 18   2 0.36
 18   3 0.20
 18   5 0.40
 18   6 0.34
 18   7 0.22
 18   8 0.34
 18   9 0.19
 18  10 0.35
 18  11 0.24
 18  12 0.33
 18  13 0.31
 18  14 0.31
 18  15 0.23
 18  16 0.21
 18  17 0.30
 18  18 0.66
 18  19 0.24
 18  20 0.27
 18  21 0.31
 18  22 0.34
 19   1 0.46
 19   2 0.42
 19   3 0.20
 19   5 0.51
 19   6 0.27
 19   7 0.54
 19   8 0.32
 19   9 0.31
 19  10 0.47
 19  11 0.58
 19  12 0.46
 19  13 0.36
 19  14 0.50
 19  15 0.43
 19  16 0.41
 19  17 0.48
 19  18 0.45
 19  19 0.86
 19  20 0.23
 19  21 0.38
 19  22 0.63
 20   1 0.25
 20   2 0.38
 20   3 0.21
 20   5 0.46
 20   6 0.41
 20   7 0.20
 20   8 0.25
 20   9 0.22
 20  10 0.44
 20  11 0.26
 20  12 0.34
 20  13 0.47
 20  14 0.48
 20  15 0.32
 20  16 0.24
 20  17 0.31
 20  18 0.47
 20  19 0.27
 20  20 0.47
 20  21 0.26
 20  22 0.38
 21   1 0.29
 21   2 0.40
 21   3 0.17
 21   5 0.37
 21   6 0.51
 21   7 0.22
 21   8 0.24
 21   9 0.24
 21  10 0.51
 21  11 0.34
 21  12 0.46
 21  13 0.39
 21  14 0.33
 21  15 0.37
 21  16 0.28
 21  17 0.33
 21  18 0.41
 21  19 0.27
 21  20 0.28
 21  21 0.59
 21  22 0.39
 22   1 0.49
 22   2 0.46
 22   3 0.24
 22   5 0.41
 22   6 0.33
 22   7 0.29
 22   8 0.36
 22   9 0.28
 22  10 0.46
 22  11 0.54
 22  12 0.59
 22  13 0.34
 22  14 0.41
 22  15 0.41
 22  16 0.35
 22  17 0.43
 22  18 0.46
 22  19 0.52
 22  20 0.27
 22  21 0.39
 22  22 0.81
