  1   1 0.83
  1   2 0.25
  1   3 0.21
  1   4 0.16
  1   5 0.44
  1   6 0.47
  1   7 0.33
  1   8 0.46
  1   9 0.24
  1  10 0.26
  1  11 0.45
  1  12 0.52
  1  13 0.52
  1  14 0.49
  1  15 0.26
  1  16 0.64
  1  17 0.53
  1  18 0.32
  1  19 0.52
  1  20 0.51
  1  21 0.44
  1  22 0.37
  2   1 0.58
  2   2 0.67
  2   3 0.11
  2   4 0.09
  2   5 0.33
  2   6 0.45
  2   7 0.18
  2   8 0.37
  2   9 0.30
  2  10 0.46
  2  11 0.33
  2  12 0.36
  2  13 0.35
  2  14 0.54
  2  15 0.24
  2  16 0.46
  2  17 0.41
  2  18 0.28
  2  19 0.51
  2  20 0.35
  2  21 0.43
  2  22 0.38
  3   1 0.52
  3   2 0.22
  3   3 0.10
  3   4 0.10
  3   5 0.46
  3   6 0.41
  3   7 0.25
  3   8 0.45
  3   9 0.42
  3  10 0.39
  3  11 0.32
  3  12 0.40
  3  13 0.55
  3  14 0.43
  3  15 0.24
  3  16 0.41
  3  17 0.40
  3  18 0.34
  3  19 0.50
  3  20 0.40
  3  21 0.37
  3  22 0.43
  4   1 0.46
  4   2 0.24
  4   3 0.09
  4   4 0.11
  4   5 0.30
  4   6 0.42
  4   7 0.17
  4   8 0.31
  4   9 0.29
  4  10 0.28
  4  11 0.32
  4  12 0.31
  4  13 0.33
  4  14 0.53
  4  15 0.26
  4  16 0.52
  4  17 0.40
  4  18 0.26
  4  19 0.52
  4  20 0.38
  4  21 0.41
  4  22 0.23
  5   1 0.43
  5   2 0.14
  5   3 0.06
  5   4 0.04
  5   5 0.55
  5   6 0.37
  5   7 0.34
  5   8 0.40
  5   9 0.38
  5  10 0.28
  5  11 0.46
  5  12 0.42
  5  13 0.56
  5  14 0.35
  5  15 0.25
  5  16 0.46
  5  17 0.49
  5  18 0.23
  5  19 0.47
  5  20 0.39
  5  21 0.32
  5  22 0.31
  6   1 0.54
  6   2 0.26
  6   3 0.08
  6   4 0.03
  6   5 0.39
  6   6 0.86
  6   7 0.31
  6   8 0.52
  6   9 0.54
  6  10 0.44
  6  11 0.50
  6  12 0.47
  6  13 0.38
  6  14 0.54
  6  15 0.43
  6  16 0.51
  6  17 0.54
  6  18 0.36
  6  19 0.61
  6  20 0.40
  6  21 0.58
  6  22 0.30
  7   1 0.38
  7   2 0.08
  7   3 0.05
  7   4 0.01
  7   5 0.29
  7   6 0.34
  7   7 0.56
  7   8 0.44
  7   9 0.13
  7  10 0.09
  7  11 0.47
  7  12 0.33
  7  13 0.36
  7  14 0.25
  7  15 0.27
  7  16 0.33
  7  17 0.35
  7  18 0.21
  7  19 0.28
  7  20 0.38
  7  21 0.26
  7  22 0.33
  8   1 0.51
  8   2 0.39
  8   3 0.05
  8   4 0.05
  8   5 0.34
  8   6 0.54
  8   7 0.24
  8   8 0.66
  8   9 0.38
  8  10 0.36
  8  11 0.35
  8  12 0.38
  8  13 0.37
  8  14 0.48
  8  15 0.31
  8  16 0.37
  8  17 0.38
  8  18 0.41
  8  19 0.50
  8  20 0.34
  8  21 0.42
  8  22 0.39
  9   1 0.27
  9   2 0.35
  9   3 0.04
  9   4 0.02
  9   5 0.23
  9   6 0.52
  9   7 0.10
  9   8 0.31
  9   9 0.78
  9  10 0.62
  9  11 0.30
  9  12 0.23
  9  13 0.27
  9  14 0.54
  9  15 0.22
  9  16 0.22
  9  17 0.27
  9  18 0.28
  9  19 0.63
  9  20 0.22
  9  21 0.36
  9  22 0.20
 10   1 0.32
 10   2 0.42
 10   3 0.04
 10   4 0.01
 10   5 0.25
 10   6 0.53
 10   7 0.07
 10   8 0.24
 10   9 0.54
 10  10 0.89
 10  11 0.21
 10  12 0.19
 10  13 0.25
 10  14 0.51
 10  15 0.19
 10  16 0.22
 10  17 0.26
 10  18 0.21
 10  19 0.48
 10  20 0.14
 10  21 0.40
 10  22 0.21
 11   1 0.47
 11   2 0.24
 11   3 0.05
 11   4 0.04
 11   5 0.38
 11   6 0.61
 11   7 0.35
 11   8 0.52
 11   9 0.45
 11  10 0.35
 11  11 0.84
 11  12 0.44
 11  13 0.36
 11  14 0.38
 11  15 0.45
 11  16 0.47
 11  17 0.58
 11  18 0.35
 11  19 0.46
 11  20 0.58
 11  21 0.47
 11  22 0.25
 12   1 0.53
 12   2 0.35
 12   3 0.07
 12   4 0.04
 12   5 0.36
 12   6 0.73
 12   7 0.29
 12   8 0.50
 12   9 0.50
 12  10 0.49
 12  11 0.48
 12  12 0.52
 12  13 0.38
 12  14 0.51
 12  15 0.39
 12  16 0.48
 12  17 0.48
 12  18 0.34
 12  19 0.59
 12  20 0.38
 12  21 0.53
 12  22 0.30
 13   1 0.58
 13   2 0.19
 13   3 0.06
 13   4 0.14
 13   5 0.52
 13   6 0.46
 13   7 0.37
 13   8 0.52
 13   9 0.37
 13  10 0.33
 13  11 0.42
 13  12 0.49
 13  13 0.80
 13  14 0.43
 13  15 0.28
 13  16 0.54
 13  17 0.49
 13  18 0.35
 13  19 0.53
 13  20 0.45
 13  21 0.41
 13  22 0.39
 14   1 0.55
 14   2 0.44
 14   3 0.10
 14   4 0.05
 14   5 0.37
 14   6 0.63
 14   7 0.22
 14   8 0.34
 14   9 0.50
 14  10 0.58
 14  11 0.33
 14  12 0.39
 14  13 0.38
 14  14 0.86
 14  15 0.30
 14  16 0.42
 14  17 0.40
 14  18 0.28
 14  19 0.68
 14  20 0.30
 14  21 0.48
 14  22 0.32
 15   1 0.61
 15   2 0.23
 15   3 0.04
 15   4 0.04
 15   5 0.48
 15   6 0.72
 15   7 0.35
 15   8 0.57
 15   9 0.52
 15  10 0.37
 15  11 0.53
 15  12 0.45
 15  13 0.45
 15  14 0.52
 15  15 0.59
 15  16 0.49
 15  17 0.53
 15  18 0.43
 15  19 0.59
 15  20 0.43
 15  21 0.53
 15  22 0.38
 16   1 0.60
 16   2 0.24
 16   3 0.06
 16   4 0.05
 16   5 0.37
 16   6 0.62
 16   7 0.24
 16   8 0.46
 16   9 0.44
 16  10 0.38
 16  11 0.48
 16  12 0.45
 16  13 0.34
 16  14 0.52
 16  15 0.41
 16  16 0.69
 16  17 0.60
 16  18 0.33
 16  19 0.58
 16  20 0.44
 16  21 0.55
 16  22 0.36
 17   1 0.43
 17   2 0.24
 17   3 0.07
 17   4 0.03
 17   5 0.29
 17   6 0.54
 17   7 0.28
 17   8 0.43
 17   9 0.35
 17  10 0.43
 17  11 0.58
 17  12 0.45
 17  13 0.34
 17  14 0.39
 17  15 0.34
 17  16 0.55
 17  17 0.83
 17  18 0.29
 17  19 0.48
 17  20 0.50
 17  21 0.46
 17  22 0.19
 18   1 0.60
 18   2 0.19
 18   3 0.10
 18   4 0.12
 18   5 0.43
 18   6 0.52
 18   7 0.29
 18   8 0.61
 18   9 0.38
 18  10 0.27
 18  11 0.40
 18  12 0.50
 18  13 0.53
 18  14 0.46
 18  15 0.32
 18  16 0.51
 18  17 0.43
 18  18 0.46
 18  19 0.57
 18  20 0.47
 18  21 0.40
 18  22 0.43
 19   1 0.51
 19   2 0.31
 19   3 0.08
 19   4 0.03
 19   5 0.38
 19   6 0.65
 19   7 0.25
 19   8 0.45
 19   9 0.67
 19  10 0.57
 19  11 0.38
 19  12 0.45
 19  13 0.43
 19  14 0.71
 19  15 0.36
 19  16 0.47
 19  17 0.48
 19  18 0.36
 19  19 0.83
 19  20 0.35
 19  21 0.46
 19  22 0.36
 20   1 0.61
 20   2 0.22
 20   3 0.08
 20   4 0.08
 20   5 0.46
 20   6 0.58
 20   7 0.39
 20   8 0.62
 20   9 0.35
 20  10 0.34
 20  11 0.72
 20  12 0.59
 20  13 0.53
 20  14 0.43
 20  15 0.36
 20  16 0.70
 20  17 0.76
 20  18 0.37
 20  19 0.56
 20  20 0.79
 20  21 0.49
 20  22 0.35
 21   1 0.46
 21   2 0.22
 21   3 0.10
 21   4 0.16
 21   5 0.38
 21   6 0.43
 21   7 0.25
 21   8 0.36
 21   9 0.30
 21  10 0.32
 21  11 0.48
 21  12 0.47
 21  13 0.45
 21  14 0.39
 21  15 0.23
 21  16 0.57
 21  17 0.58
 21  18 0.26
 21  19 0.47
 21  20 0.54
 21  21 0.59
 21  22 0.20
 22   1 0.63
 22   2 0.25
 22   3 0.11
 22   4 0.08
 22   5 0.42
 22   6 0.41
 22   7 0.32
 22   8 0.50
 22   9 0.34
 22  10 0.29
 22  11 0.31
 22  12 0.36
 22  13 0.50
 22  14 0.42
 22  15 0.29
 22  16 0.39
 22  17 0.38
 22  18 0.40
 22  19 0.48
 22  20 0.36
 22  21 0.34
 22  22 0.91
  1   1 0.83
  1   2 0.25
  1   3 0.21
  1   4 0.16
  1   5 0.43
  1   6 0.47
  1   7 0.33
  1   8 0.46
  1   9 0.24
  1  10 0.26
  1  11 0.45
  1  12 0.52
  1  13 0.52
  1  14 0.48
  1  15 0.26
  1  16 0.64
  1  17 0.53
  1  18 0.32
  1  19 0.52
  1  20 0.51
  1  21 0.44
  1  22 0.37
  2   1 0.58
  2   2 0.67
  2   3 0.11
  2   4 0.09
  2   5 0.33
  2   6 0.45
  2   7 0.18
  2   8 0.37
  2   9 0.30
  2  10 0.46
  2  11 0.33
  2  12 0.36
  2  13 0.35
  2  14 0.54
  2  15 0.24
  2  16 0.46
  2  17 0.40
  2  18 0.28
  2  19 0.51
  2  20 0.35
  2  21 0.43
  2  22 0.38
  3   1 0.52
  3   2 0.22
  3   3 0.10
  3   4 0.10
  3   5 0.46
  3   6 0.41
  3   7 0.25
  3   8 0.45
  3   9 0.42
  3  10 0.39
  3  11 0.32
  3  12 0.40
  3  13 0.55
  3  14 0.43
  3  15 0.24
  3  16 0.41
  3  17 0.40
  3  18 0.34
  3  19 0.50
  3  20 0.40
  3  21 0.37
  3  22 0.43
  4   1 0.46
  4   2 0.24
  4   3 0.09
  4   4 0.11
  4   5 0.30
  4   6 0.42
  4   7 0.17
  4   8 0.31
  4   9 0.29
  4  10 0.28
  4  11 0.32
  4  12 0.31
  4  13 0.33
  4  14 0.53
  4  15 0.26
  4  16 0.52
  4  17 0.40
  4  18 0.26
  4  19 0.52
  4  20 0.38
  4  21 0.41
  4  22 0.23
  5   1 0.43
  5   2 0.14
  5   3 0.06
  5   4 0.04
  5   5 0.55
  5   6 0.37
  5   7 0.34
  5   8 0.40
  5   9 0.38
  5  10 0.28
  5  11 0.46
  5  12 0.42
  5  13 0.56
  5  14 0.34
  5  15 0.25
  5  16 0.46
  5  17 0.49
  5  18 0.23
  5  19 0.47
  5  20 0.39
  5  21 0.32
  5  22 0.31
  6   1 0.54
  6   2 0.26
  6   3 0.07
  6   4 0.03
  6   5 0.38
  6   6 0.86
  6   7 0.31
  6   8 0.52
  6   9 0.54
  6  10 0.44
  6  11 0.50
  6  12 0.47
  6  13 0.38
  6  14 0.54
  6  15 0.43
  6  16 0.51
  6  17 0.54
  6  18 0.35
  6  19 0.61
  6  20 0.40
  6  21 0.58
  6  22 0.30
  7   1 0.38
  7   2 0.08
  7   3 0.05
  7   4 0.01
  7   5 0.29
  7   6 0.34
  7   7 0.56
  7   8 0.44
  7   9 0.13
  7  10 0.09
  7  11 0.47
  7  12 0.33
  7  13 0.36
  7  14 0.25
  7  15 0.27
  7  16 0.33
  7  17 0.35
  7  18 0.21
  7  19 0.28
  7  20 0.38
  7  21 0.26
  7  22 0.33
  8   1 0.51
  8   2 0.39
  8   3 0.05
  8   4 0.05
  8   5 0.34
  8   6 0.54
  8   7 0.24
  8   8 0.66
  8   9 0.38
  8  10 0.36
  8  11 0.35
  8  12 0.38
  8  13 0.37
  8  14 0.48
  8  15 0.31
  8  16 0.37
  8  17 0.37
  8  18 0.41
  8  19 0.50
  8  20 0.34
  8  21 0.42
  8  22 0.39
  9   1 0.27
  9   2 0.35
  9   3 0.04
  9   4 0.02
  9   5 0.23
  9   6 0.52
  9   7 0.10
  9   8 0.31
  9   9 0.78
  9  10 0.61
  9  11 0.30
  9  12 0.23
  9  13 0.27
  9  14 0.54
  9  15 0.21
  9  16 0.22
  9  17 0.26
  9  18 0.28
  9  19 0.63
  9  20 0.22
  9  21 0.36
  9  22 0.19
 10   1 0.32
 10   2 0.42
 10   3 0.04
 10   4 0.01
 10   5 0.25
 10   6 0.53
 10   7 0.07
 10   8 0.24
 10   9 0.54
 10  10 0.89
 10  11 0.21
 10  12 0.19
 10  13 0.25
 10  14 0.51
 10  15 0.19
 10  16 0.22
 10  17 0.25
 10  18 0.21
 10  19 0.48
 10  20 0.14
 10  21 0.40
 10  22 0.21
 11   1 0.47
 11   2 0.23
 11   3 0.05
 11   4 0.04
 11   5 0.37
 11   6 0.61
 11   7 0.35
 11   8 0.52
 11   9 0.45
 11  10 0.35
 11  11 0.84
 11  12 0.44
 11  13 0.36
 11  14 0.38
 11  15 0.45
 11  16 0.47
 11  17 0.57
 11  18 0.35
 11  19 0.46
 11  20 0.57
 11  21 0.47
 11  22 0.25
 12   1 0.53
 12   2 0.35
 12   3 0.07
 12   4 0.04
 12   5 0.36
 12   6 0.73
 12   7 0.29
 12   8 0.50
 12   9 0.50
 12  10 0.49
 12  11 0.48
 12  12 0.52
 12  13 0.38
 12  14 0.51
 12  15 0.39
 12  16 0.48
 12  17 0.48
 12  18 0.34
 12  19 0.59
 12  20 0.38
 12  21 0.53
 12  22 0.30
 13   1 0.58
 13   2 0.19
 13   3 0.06
 13   4 0.14
 13   5 0.52
 13   6 0.46
 13   7 0.37
 13   8 0.52
 13   9 0.37
 13  10 0.33
 13  11 0.42
 13  12 0.49
 13  13 0.80
 13  14 0.43
 13  15 0.28
 13  16 0.54
 13  17 0.49
 13  18 0.35
 13  19 0.53
 13  20 0.45
 13  21 0.41
 13  22 0.39
 14   1 0.55
 14   2 0.44
 14   3 0.10
 14   4 0.05
 14   5 0.37
 14   6 0.63
 14   7 0.22
 14   8 0.34
 14   9 0.50
 14  10 0.58
 14  11 0.33
 14  12 0.39
 14  13 0.38
 14  14 0.86
 14  15 0.30
 14  16 0.42
 14  17 0.40
 14  18 0.28
 14  19 0.68
 14  20 0.30
 14  21 0.48
 14  22 0.32
 15   1 0.61
 15   2 0.23
 15   3 0.04
 15   4 0.04
 15   5 0.48
 15   6 0.72
 15   7 0.35
 15   8 0.57
 15   9 0.52
 15  10 0.37
 15  11 0.53
 15  12 0.45
 15  13 0.45
 15  14 0.52
 15  15 0.59
 15  16 0.49
 15  17 0.52
 15  18 0.43
 15  19 0.59
 15  20 0.43
 15  21 0.53
 15  22 0.38
 16   1 0.60
 16   2 0.24
 16   3 0.06
 16   4 0.05
 16   5 0.37
 16   6 0.62
 16   7 0.24
 16   8 0.46
 16   9 0.44
 16  10 0.38
 16  11 0.48
 16  12 0.45
 16  13 0.34
 16  14 0.52
 16  15 0.41
 16  16 0.69
 16  17 0.60
 16  18 0.33
 16  19 0.58
 16  20 0.44
 16  21 0.55
 16  22 0.36
 17   1 0.43
 17   2 0.24
 17   3 0.07
 17   4 0.03
 17   5 0.29
 17   6 0.54
 17   7 0.28
 17   8 0.42
 17   9 0.35
 17  10 0.43
 17  11 0.58
 17  12 0.45
 17  13 0.34
 17  14 0.39
 17  15 0.34
 17  16 0.55
 17  17 0.83
 17  18 0.28
 17  19 0.48
 17  20 0.50
 17  21 0.46
 17  22 0.19
 18   1 0.59
 18   2 0.19
 18   3 0.10
 18   4 0.12
 18   5 0.43
 18   6 0.52
 18   7 0.29
 18   8 0.61
 18   9 0.38
 18  10 0.27
 18  11 0.40
 18  12 0.50
 18  13 0.53
 18  14 0.46
 18  15 0.32
 18  16 0.51
 18  17 0.43
 18  18 0.46
 18  19 0.57
 18  20 0.47
 18  21 0.40
 18  22 0.43
 19   1 0.51
 19   2 0.31
 19   3 0.08
 19   4 0.03
 19   5 0.38
 19   6 0.65
 19   7 0.25
 19   8 0.45
 19   9 0.67
 19  10 0.57
 19  11 0.38
 19  12 0.45
 19  13 0.43
 19  14 0.71
 19  15 0.36
 19  16 0.47
 19  17 0.48
 19  18 0.36
 19  19 0.83
 19  20 0.35
 19  21 0.46
 19  22 0.35
 20   1 0.61
 20   2 0.22
 20   3 0.08
 20   4 0.08
 20   5 0.46
 20   6 0.58
 20   7 0.39
 20   8 0.62
 20   9 0.35
 20  10 0.34
 20  11 0.72
 20  12 0.59
 20  13 0.53
 20  14 0.43
 20  15 0.36
 20  16 0.70
 20  17 0.75
 20  18 0.37
 20  19 0.56
 20  20 0.79
 20  21 0.49
 20  22 0.35
 21   1 0.46
 21   2 0.22
 21   3 0.10
 21   4 0.16
 21   5 0.38
 21   6 0.43
 21   7 0.25
 21   8 0.36
 21   9 0.30
 21  10 0.32
 21  11 0.48
 21  12 0.47
 21  13 0.45
 21  14 0.39
 21  15 0.23
 21  16 0.57
 21  17 0.58
 21  18 0.26
 21  19 0.47
 21  20 0.54
 21  21 0.59
 21  22 0.20
 22   1 0.63
 22   2 0.25
 22   3 0.11
 22   4 0.08
 22   5 0.42
 22   6 0.41
 22   7 0.32
 22   8 0.50
 22   9 0.34
 22  10 0.29
 22  11 0.31
 22  12 0.36
 22  13 0.50
 22  14 0.42
 22  15 0.29
 22  16 0.39
 22  17 0.38
 22  18 0.40
 22  19 0.48
 22  20 0.36
 22  21 0.34
 22  22 0.91
  1   1 0.83
  1   2 0.25
  1   3 0.21
  1   4 0.16
  1   5 0.43
  1   6 0.47
  1   7 0.33
  1   8 0.46
  1   9 0.24
  1  10 0.26
  1  11 0.45
  1  12 0.52
  1  13 0.52
  1  14 0.48
  1  15 0.26
  1  16 0.64
  1  17 0.53
  1  18 0.32
  1  19 0.52
  1  20 0.51
  1  21 0.44
  1  22 0.37
  2   1 0.58
  2   2 0.67
  2   3 0.11
  2   4 0.09
  2   5 0.33
  2   6 0.45
  2   7 0.18
  2   8 0.37
  2   9 0.30
  2  10 0.46
  2  11 0.33
  2  12 0.36
  2  13 0.35
  2  14 0.54
  2  15 0.24
  2  16 0.46
  2  17 0.40
  2  18 0.28
  2  19 0.51
  2  20 0.35
  2  21 0.43
  2  22 0.38
  3   1 0.52
  3   2 0.22
  3   3 0.10
  3   4 0.10
  3   5 0.46
  3   6 0.41
  3   7 0.25
  3   8 0.45
  3   9 0.42
  3  10 0.39
  3  11 0.32
  3  12 0.40
  3  13 0.55
  3  14 0.43
  3  15 0.24
  3  16 0.41
  3  17 0.40
  3  18 0.34
  3  19 0.50
  3  20 0.40
  3  21 0.37
  3  22 0.43
  4   1 0.46
  4   2 0.24
  4   3 0.09
  4   4 0.11
  4   5 0.30
  4   6 0.42
  4   7 0.17
  4   8 0.31
  4   9 0.29
  4  10 0.28
  4  11 0.32
  4  12 0.31
  4  13 0.33
  4  14 0.53
  4  15 0.26
  4  16 0.52
  4  17 0.40
  4  18 0.26
  4  19 0.52
  4  20 0.38
  4  21 0.41
  4  22 0.23
  5   1 0.43
  5   2 0.14
  5   3 0.06
  5   4 0.04
  5   5 0.55
  5   6 0.37
  5   7 0.34
  5   8 0.40
  5   9 0.38
  5  10 0.28
  5  11 0.46
  5  12 0.42
  5  13 0.56
  5  14 0.34
  5  15 0.25
  5  16 0.46
  5  17 0.49
  5  18 0.23
  5  19 0.47
  5  20 0.39
  5  21 0.32
  5  22 0.31
  6   1 0.54
  6   2 0.26
  6   3 0.07
  6   4 0.03
  6   5 0.38
  6   6 0.86
  6   7 0.31
  6   8 0.52
  6   9 0.54
  6  10 0.44
  6  11 0.50
  6  12 0.47
  6  13 0.38
  6  14 0.54
  6  15 0.43
  6  16 0.51
  6  17 0.54
  6  18 0.35
  6  19 0.61
  6  20 0.40
  6  21 0.58
  6  22 0.30
  7   1 0.38
  7   2 0.08
  7   3 0.05
  7   4 0.01
  7   5 0.29
  7   6 0.34
  7   7 0.56
  7   8 0.44
  7   9 0.13
  7  10 0.09
  7  11 0.47
  7  12 0.33
  7  13 0.36
  7  14 0.25
  7  15 0.27
  7  16 0.33
  7  17 0.35
  7  18 0.21
  7  19 0.28
  7  20 0.38
  7  21 0.26
  7  22 0.33
  8   1 0.51
  8   2 0.39
  8   3 0.05
  8   4 0.05
  8   5 0.34
  8   6 0.54
  8   7 0.24
  8   8 0.66
  8   9 0.38
  8  10 0.36
  8  11 0.35
  8  12 0.38
  8  13 0.37
  8  14 0.48
  8  15 0.31
  8  16 0.37
  8  17 0.37
  8  18 0.41
  8  19 0.50
  8  20 0.34
  8  21 0.42
  8  22 0.39
  9   1 0.27
  9   2 0.35
  9   3 0.04
  9   4 0.02
  9   5 0.23
  9   6 0.52
  9   7 0.10
  9   8 0.31
  9   9 0.78
  9  10 0.61
  9  11 0.30
  9  12 0.23
  9  13 0.27
  9  14 0.54
  9  15 0.21
  9  16 0.22
  9  17 0.26
  9  18 0.28
  9  19 0.63
  9  20 0.22
  9  21 0.36
  9  22 0.19
 10   1 0.32
 10   2 0.42
 10   3 0.04
 10   4 0.01
 10   5 0.25
 10   6 0.53
 10   7 0.07
 10   8 0.24
 10   9 0.54
 10  10 0.89
 10  11 0.21
 10  12 0.19
 10  13 0.25
 10  14 0.51
 10  15 0.19
 10  16 0.22
 10  17 0.25
 10  18 0.21
 10  19 0.48
 10  20 0.14
 10  21 0.40
 10  22 0.21
 11   1 0.47
 11   2 0.23
 11   3 0.05
 11   4 0.04
 11   5 0.37
 11   6 0.61
 11   7 0.35
 11   8 0.52
 11   9 0.45
 11  10 0.35
 11  11 0.84
 11  12 0.44
 11  13 0.36
 11  14 0.38
 11  15 0.45
 11  16 0.47
 11  17 0.57
 11  18 0.35
 11  19 0.46
 11  20 0.57
 11  21 0.47
 11  22 0.25
 12   1 0.53
 12   2 0.35
 12   3 0.07
 12   4 0.04
 12   5 0.36
 12   6 0.73
 12   7 0.29
 12   8 0.50
 12   9 0.50
 12  10 0.49
 12  11 0.48
 12  12 0.52
 12  13 0.38
 12  14 0.51
 12  15 0.39
 12  16 0.48
 12  17 0.48
 12  18 0.34
 12  19 0.59
 12  20 0.38
 12  21 0.53
 12  22 0.30
 13   1 0.58
 13   2 0.19
 13   3 0.06
 13   4 0.14
 13   5 0.52
 13   6 0.46
 13   7 0.37
 13   8 0.52
 13   9 0.37
 13  10 0.33
 13  11 0.42
 13  12 0.49
 13  13 0.80
 13  14 0.43
 13  15 0.28
 13  16 0.54
 13  17 0.49
 13  18 0.35
 13  19 0.53
 13  20 0.45
 13  21 0.41
 13  22 0.39
 14   1 0.55
 14   2 0.44
 14   3 0.10
 14   4 0.05
 14   5 0.37
 14   6 0.63
 14   7 0.22
 14   8 0.34
 14   9 0.50
 14  10 0.58
 14  11 0.33
 14  12 0.39
 14  13 0.38
 14  14 0.86
 14  15 0.30
 14  16 0.42
 14  17 0.40
 14  18 0.28
 14  19 0.68
 14  20 0.30
 14  21 0.48
 14  22 0.32
 15   1 0.61
 15   2 0.23
 15   3 0.04
 15   4 0.04
 15   5 0.48
 15   6 0.72
 15   7 0.35
 15   8 0.57
 15   9 0.52
 15  10 0.37
 15  11 0.53
 15  12 0.45
 15  13 0.45
 15  14 0.52
 15  15 0.59
 15  16 0.49
 15  17 0.52
 15  18 0.43
 15  19 0.59
 15  20 0.43
 15  21 0.53
 15  22 0.38
 16   1 0.60
 16   2 0.24
 16   3 0.06
 16   4 0.05
 16   5 0.37
 16   6 0.62
 16   7 0.24
 16   8 0.46
 16   9 0.44
 16  10 0.38
 16  11 0.48
 16  12 0.45
 16  13 0.34
 16  14 0.52
 16  15 0.41
 16  16 0.69
 16  17 0.60
 16  18 0.33
 16  19 0.58
 16  20 0.44
 16  21 0.55
 16  22 0.36
 17   1 0.43
 17   2 0.24
 17   3 0.07
 17   4 0.03
 17   5 0.29
 17   6 0.54
 17   7 0.28
 17   8 0.42
 17   9 0.35
 17  10 0.43
 17  11 0.58
 17  12 0.45
 17  13 0.34
 17  14 0.39
 17  15 0.34
 17  16 0.55
 17  17 0.83
 17  18 0.28
 17  19 0.48
 17  20 0.50
 17  21 0.46
 17  22 0.19
 18   1 0.59
 18   2 0.19
 18   3 0.10
 18   4 0.12
 18   5 0.43
 18   6 0.52
 18   7 0.29
 18   8 0.61
 18   9 0.38
 18  10 0.27
 18  11 0.40
 18  12 0.50
 18  13 0.53
 18  14 0.46
 18  15 0.32
 18  16 0.51
 18  17 0.43
 18  18 0.46
 18  19 0.57
 18  20 0.47
 18  21 0.40
 18  22 0.43
 19   1 0.51
 19   2 0.31
 19   3 0.08
 19   4 0.03
 19   5 0.38
 19   6 0.65
 19   7 0.25
 19   8 0.45
 19   9 0.67
 19  10 0.57
 19  11 0.38
 19  12 0.45
 19  13 0.43
 19  14 0.71
 19  15 0.36
 19  16 0.47
 19  17 0.48
 19  18 0.36
 19  19 0.83
 19  20 0.35
 19  21 0.46
 19  22 0.35
 20   1 0.61
 20   2 0.22
 20   3 0.08
 20   4 0.08
 20   5 0.46
 20   6 0.58
 20   7 0.39
 20   8 0.62
 20   9 0.35
 20  10 0.34
 20  11 0.72
 20  12 0.59
 20  13 0.53
 20  14 0.43
 20  15 0.36
 20  16 0.70
 20  17 0.75
 20  18 0.37
 20  19 0.56
 20  20 0.79
 20  21 0.49
 20  22 0.35
 21   1 0.46
 21   2 0.22
 21   3 0.10
 21   4 0.16
 21   5 0.38
 21   6 0.43
 21   7 0.25
 21   8 0.36
 21   9 0.30
 21  10 0.32
 21  11 0.48
 21  12 0.47
 21  13 0.45
 21  14 0.39
 21  15 0.23
 21  16 0.57
 21  17 0.58
 21  18 0.26
 21  19 0.47
 21  20 0.54
 21  21 0.59
 21  22 0.20
 22   1 0.63
 22   2 0.25
 22   3 0.11
 22   4 0.08
 22   5 0.42
 22   6 0.41
 22   7 0.32
 22   8 0.50
 22   9 0.34
 22  10 0.29
 22  11 0.31
 22  12 0.36
 22  13 0.50
 22  14 0.42
 22  15 0.29
 22  16 0.39
 22  17 0.38
 22  18 0.40
 22  19 0.48
 22  20 0.36
 22  21 0.34
 22  22 0.91
