  1   1 0.93
  1   2 0.59
  1   3 0.39
  1   4 0.11
  1   5 0.65
  1   6 0.41
  1   7 0.15
  1   8 0.50
  1   9 0.61
  1  10 0.61
  1  11 0.58
  1  12 0.46
  1  13 0.60
  1  14 0.48
  1  15 0.44
  1  16 0.54
  1  17 0.50
  1  18 0.43
  1  19 0.66
  1  20 0.39
  1  21 0.19
  1  22 0.55
  2   1 0.51
  2   2 0.92
  2   3 0.35
  2   4 0.14
  2   5 0.50
  2   6 0.38
  2   7 0.10
  2   8 0.37
  2   9 0.62
  2  10 0.51
  2  11 0.47
  2  12 0.40
  2  13 0.55
  2  14 0.50
  2  15 0.64
  2  16 0.44
  2  17 0.47
  2  18 0.28
  2  19 0.47
  2  20 0.30
  2  21 0.16
  2  22 0.40
  3   1 0.38
  3   2 0.50
  3   3 0.82
  3   4 0.26
  3   5 0.46
  3   6 0.40
  3   7 0.21
  3   8 0.30
  3   9 0.39
  3  10 0.40
  3  11 0.47
  3  12 0.38
  3  13 0.49
  3  14 0.67
  3  15 0.45
  3  16 0.35
  3  17 0.65
  3  18 0.25
  3  19 0.38
  3  20 0.28
  3  21 0.20
  3  22 0.39
  4   1 0.31
  4   2 0.28
  4   3 0.33
  4   4 0.66
  4   5 0.37
  4   6 0.37
  4   7 0.16
  4   8 0.32
  4   9 0.38
  4  10 0.29
  4  11 0.29
  4  12 0.45
  4  13 0.23
  4  14 0.42
  4  15 0.28
  4  16 0.38
  4  17 0.39
  4  18 0.38
  4  19 0.43
  4  20 0.37
  4  21 0.19
  4  22 0.34
  5   1 0.66
  5   2 0.67
  5   3 0.62
  5   4 0.24
  5   5 0.79
  5   6 0.57
  5   7 0.18
  5   8 0.49
  5   9 0.60
  5  10 0.61
  5  11 0.66
  5  12 0.57
  5  13 0.72
  5  14 0.71
  5  15 0.63
  5  16 0.53
  5  17 0.73
  5  18 0.46
  5  19 0.65
  5  20 0.38
  5  21 0.20
  5  22 0.50
  6   1 0.50
  6   2 0.47
  6   3 0.37
  6   4 0.23
  6   5 0.53
  6   6 0.92
  6   7 0.11
  6   8 0.60
  6   9 0.35
  6  10 0.43
  6  11 0.44
  6  12 0.42
  6  13 0.47
  6  14 0.46
  6  15 0.48
  6  16 0.59
  6  17 0.44
  6  18 0.54
  6  19 0.65
  6  20 0.51
  6  21 0.20
  6  22 0.55
  7   1 0.13
  7   2 0.14
  7   3 0.20
  7   4 0.09
  7   5 0.22
  7   6 0.15
  7   7 0.52
  7   8 0.18
  7   9 0.22
  7  10 0.22
  7  11 0.11
  7  12 0.09
  7  13 0.08
  7  14 0.15
  7  15 0.12
  7  16 0.14
  7  17 0.15
  7  18 0.15
  7  19 0.15
  7  20 0.20
  7  21 0.40
  7  22 0.18
  8   1 0.50
  8   2 0.39
  8   3 0.34
  8   4 0.15
  8   5 0.65
  8   6 0.65
  8   7 0.14
  8   8 0.90
  8   9 0.38
  8  10 0.43
  8  11 0.41
  8  12 0.35
  8  13 0.43
  8  14 0.34
  8  15 0.33
  8  16 0.51
  8  17 0.36
  8  18 0.55
  8  19 0.65
  8  20 0.48
  8  21 0.16
  8  22 0.56
  9   1 0.57
  9   2 0.69
  9   3 0.41
  9   4 0.28
  9   5 0.66
  9   6 0.42
  9   7 0.24
  9   8 0.43
  9   9 0.94
  9  10 0.62
  9  11 0.53
  9  12 0.41
  9  13 0.50
  9  14 0.48
  9  15 0.62
  9  16 0.46
  9  17 0.51
  9  18 0.43
  9  19 0.60
  9  20 0.31
  9  21 0.22
  9  22 0.41
 10   1 0.60
 10   2 0.65
 10   3 0.43
 10   4 0.17
 10   5 0.65
 10   6 0.37
 10   7 0.21
 10   8 0.37
 10   9 0.68
 10  10 0.91
 10  11 0.71
 10  12 0.50
 10  13 0.71
 10  14 0.42
 10  15 0.66
 10  16 0.47
 10  17 0.47
 10  18 0.49
 10  19 0.63
 10  20 0.29
 10  21 0.27
 10  22 0.45
 11   1 0.57
 11   2 0.54
 11   3 0.38
 11   4 0.21
 11   5 0.52
 11   6 0.45
 11   7 0.10
 11   8 0.35
 11   9 0.46
 11  10 0.61
 11  11 0.94
 11  12 0.49
 11  13 0.80
 11  14 0.41
 11  15 0.50
 11  16 0.40
 11  17 0.50
 11  18 0.48
 11  19 0.56
 11  20 0.25
 11  21 0.13
 11  22 0.37
 12   1 0.38
 12   2 0.41
 12   3 0.27
 12   4 0.37
 12   5 0.33
 12   6 0.28
 12   7 0.05
 12   8 0.25
 12   9 0.29
 12  10 0.42
 12  11 0.44
 12  12 0.88
 12  13 0.62
 12  14 0.39
 12  15 0.30
 12  16 0.27
 12  17 0.54
 12  18 0.31
 12  19 0.50
 12  20 0.22
 12  21 0.13
 12  22 0.30
 13   1 0.60
 13   2 0.67
 13   3 0.34
 13   4 0.12
 13   5 0.62
 13   6 0.45
 13   7 0.10
 13   8 0.45
 13   9 0.61
 13  10 0.65
 13  11 0.64
 13  12 0.54
 13  13 0.81
 13  14 0.39
 13  15 0.65
 13  16 0.48
 13  17 0.50
 13  18 0.40
 13  19 0.63
 13  20 0.33
 13  21 0.15
 13  22 0.46
 14   1 0.54
 14   2 0.53
 14   3 0.69
 14   4 0.30
 14   5 0.54
 14   6 0.50
 14   7 0.16
 14   8 0.41
 14   9 0.44
 14  10 0.38
 14  11 0.40
 14  12 0.56
 14  13 0.47
 14  14 0.95
 14  15 0.43
 14  16 0.53
 14  17 0.77
 14  18 0.37
 14  19 0.56
 14  20 0.33
 14  21 0.19
 14  22 0.48
 15   1 0.42
 15   2 0.66
 15   3 0.35
 15   4 0.19
 15   5 0.49
 15   6 0.45
 15   7 0.10
 15   8 0.33
 15   9 0.53
 15  10 0.53
 15  11 0.53
 15  12 0.34
 15  13 0.54
 15  14 0.38
 15  15 0.94
 15  16 0.47
 15  17 0.41
 15  18 0.35
 15  19 0.46
 15  20 0.33
 15  21 0.17
 15  22 0.38
 16   1 0.59
 16   2 0.47
 16   3 0.42
 16   4 0.20
 16   5 0.51
 16   6 0.57
 16   7 0.08
 16   8 0.43
 16   9 0.42
 16  10 0.39
 16  11 0.47
 16  12 0.50
 16  13 0.54
 16  14 0.55
 16  15 0.48
 16  16 0.84
 16  17 0.52
 16  18 0.44
 16  19 0.64
 16  20 0.42
 16  21 0.13
 16  22 0.51
 17   1 0.54
 17   2 0.63
 17   3 0.59
 17   4 0.23
 17   5 0.54
 17   6 0.46
 17   7 0.11
 17   8 0.39
 17   9 0.50
 17  10 0.46
 17  11 0.50
 17  12 0.61
 17  13 0.63
 17  14 0.74
 17  15 0.54
 17  16 0.45
 17  17 0.91
 17  18 0.31
 17  19 0.55
 17  20 0.28
 17  21 0.17
 17  22 0.40
 18   1 0.49
 18   2 0.35
 18   3 0.34
 18   4 0.16
 18   5 0.54
 18   6 0.52
 18   7 0.16
 18   8 0.49
 18   9 0.41
 18  10 0.48
 18  11 0.44
 18  12 0.42
 18  13 0.39
 18  14 0.40
 18  15 0.35
 18  16 0.60
 18  17 0.33
 18  18 0.95
 18  19 0.70
 18  20 0.52
 18  21 0.20
 18  22 0.64
 19   1 0.74
 19   2 0.56
 19   3 0.39
 19   4 0.17
 19   5 0.72
 19   6 0.69
 19   7 0.11
 19   8 0.64
 19   9 0.54
 19  10 0.65
 19  11 0.63
 19  12 0.57
 19  13 0.70
 19  14 0.45
 19  15 0.50
 19  16 0.66
 19  17 0.51
 19  18 0.67
 19  19 0.90
 19  20 0.50
 19  21 0.18
 19  22 0.63
 20   1 0.42
 20   2 0.34
 20   3 0.41
 20   4 0.14
 20   5 0.47
 20   6 0.45
 20   7 0.29
 20   8 0.57
 20   9 0.32
 20  10 0.33
 20  11 0.23
 20  12 0.32
 20  13 0.28
 20  14 0.32
 20  15 0.29
 20  16 0.54
 20  17 0.26
 20  18 0.44
 20  19 0.55
 20  20 0.90
 20  21 0.33
 20  22 0.72
 21   1 0.18
 21   2 0.16
 21   3 0.18
 21   4 0.10
 21   5 0.23
 21   6 0.15
 21   7 0.36
 21   8 0.20
 21   9 0.18
 21  10 0.27
 21  11 0.13
 21  12 0.15
 21  13 0.12
 21  14 0.18
 21  15 0.17
 21  16 0.16
 21  17 0.15
 21  18 0.16
 21  19 0.21
 21  20 0.28
 21  21 0.83
 21  22 0.25
 22   1 0.68
 22   2 0.56
 22   3 0.52
 22   4 0.20
 22   5 0.71
 22   6 0.65
 22   7 0.18
 22   8 0.71
 22   9 0.48
 22  10 0.52
 22  11 0.48
 22  12 0.52
 22  13 0.55
 22  14 0.56
 22  15 0.47
 22  16 0.65
 22  17 0.51
 22  18 0.58
 22  19 0.73
 22  20 0.57
 22  21 0.24
 22  22 0.85
  1   1 0.93
  1   2 0.59
  1   3 0.39
  1   4 0.11
  1   5 0.65
  1   6 0.41
  1   7 0.14
  1   8 0.50
  1   9 0.61
  1  10 0.61
  1  11 0.58
  1  12 0.46
  1  13 0.60
  1  14 0.48
  1  15 0.44
  1  16 0.54
  1  17 0.50
  1  18 0.43
  1  19 0.66
  1  20 0.39
  1  21 0.19
  1  22 0.55
  2   1 0.51
  2   2 0.92
  2   3 0.35
  2   4 0.14
  2   5 0.50
  2   6 0.38
  2   7 0.10
  2   8 0.37
  2   9 0.61
  2  10 0.51
  2  11 0.47
  2  12 0.40
  2  13 0.55
  2  14 0.50
  2  15 0.64
  2  16 0.43
  2  17 0.47
  2  18 0.27
  2  19 0.46
  2  20 0.30
  2  21 0.16
  2  22 0.40
  3   1 0.38
  3   2 0.50
  3   3 0.82
  3   4 0.26
  3   5 0.46
  3   6 0.40
  3   7 0.21
  3   8 0.30
  3   9 0.39
  3  10 0.40
  3  11 0.47
  3  12 0.38
  3  13 0.49
  3  14 0.67
  3  15 0.45
  3  16 0.35
  3  17 0.65
  3  18 0.25
  3  19 0.38
  3  20 0.28
  3  21 0.20
  3  22 0.39
  4   1 0.31
  4   2 0.28
  4   3 0.33
  4   4 0.66
  4   5 0.37
  4   6 0.37
  4   7 0.16
  4   8 0.32
  4   9 0.38
  4  10 0.29
  4  11 0.29
  4  12 0.45
  4  13 0.23
  4  14 0.42
  4  15 0.28
  4  16 0.38
  4  17 0.39
  4  18 0.38
  4  19 0.43
  4  20 0.37
  4  21 0.19
  4  22 0.34
  5   1 0.66
  5   2 0.67
  5   3 0.62
  5   4 0.24
  5   5 0.79
  5   6 0.57
  5   7 0.18
  5   8 0.49
  5   9 0.60
  5  10 0.61
  5  11 0.66
  5  12 0.57
  5  13 0.72
  5  14 0.71
  5  15 0.63
  5  16 0.53
  5  17 0.73
  5  18 0.46
  5  19 0.65
  5  20 0.38
  5  21 0.20
  5  22 0.50
  6   1 0.50
  6   2 0.47
  6   3 0.37
  6   4 0.23
  6   5 0.53
  6   6 0.92
  6   7 0.11
  6   8 0.60
  6   9 0.35
  6  10 0.43
  6  11 0.44
  6  12 0.42
  6  13 0.47
  6  14 0.46
  6  15 0.48
  6  16 0.59
  6  17 0.44
  6  18 0.54
  6  19 0.65
  6  20 0.51
  6  21 0.20
  6  22 0.55
  7   1 0.13
  7   2 0.14
  7   3 0.20
  7   4 0.09
  7   5 0.22
  7   6 0.15
  7   7 0.52
  7   8 0.18
  7   9 0.22
  7  10 0.22
  7  11 0.11
  7  12 0.08
  7  13 0.08
  7  14 0.14
  7  15 0.12
  7  16 0.14
  7  17 0.15
  7  18 0.15
  7  19 0.15
  7  20 0.20
  7  21 0.40
  7  22 0.18
  8   1 0.50
  8   2 0.39
  8   3 0.34
  8   4 0.15
  8   5 0.65
  8   6 0.65
  8   7 0.14
  8   8 0.90
  8   9 0.38
  8  10 0.43
  8  11 0.41
  8  12 0.35
  8  13 0.43
  8  14 0.34
  8  15 0.33
  8  16 0.51
  8  17 0.36
  8  18 0.55
  8  19 0.65
  8  20 0.48
  8  21 0.16
  8  22 0.56
  9   1 0.57
  9   2 0.69
  9   3 0.41
  9   4 0.28
  9   5 0.66
  9   6 0.42
  9   7 0.24
  9   8 0.43
  9   9 0.94
  9  10 0.62
  9  11 0.53
  9  12 0.41
  9  13 0.50
  9  14 0.48
  9  15 0.62
  9  16 0.46
  9  17 0.51
  9  18 0.43
  9  19 0.60
  9  20 0.31
  9  21 0.22
  9  22 0.41
 10   1 0.60
 10   2 0.65
 10   3 0.43
 10   4 0.17
 10   5 0.65
 10   6 0.37
 10   7 0.21
 10   8 0.37
 10   9 0.68
 10  10 0.91
 10  11 0.71
 10  12 0.50
 10  13 0.71
 10  14 0.42
 10  15 0.66
 10  16 0.47
 10  17 0.47
 10  18 0.49
 10  19 0.63
 10  20 0.29
 10  21 0.27
 10  22 0.45
 11   1 0.57
 11   2 0.53
 11   3 0.38
 11   4 0.21
 11   5 0.52
 11   6 0.45
 11   7 0.10
 11   8 0.35
 11   9 0.46
 11  10 0.61
 11  11 0.94
 11  12 0.49
 11  13 0.80
 11  14 0.41
 11  15 0.50
 11  16 0.40
 11  17 0.50
 11  18 0.48
 11  19 0.56
 11  20 0.24
 11  21 0.12
 11  22 0.37
 12   1 0.38
 12   2 0.40
 12   3 0.27
 12   4 0.37
 12   5 0.33
 12   6 0.28
 12   7 0.05
 12   8 0.25
 12   9 0.28
 12  10 0.42
 12  11 0.44
 12  12 0.88
 12  13 0.62
 12  14 0.39
 12  15 0.30
 12  16 0.27
 12  17 0.54
 12  18 0.31
 12  19 0.50
 12  20 0.21
 12  21 0.13
 12  22 0.30
 13   1 0.60
 13   2 0.67
 13   3 0.34
 13   4 0.12
 13   5 0.62
 13   6 0.45
 13   7 0.10
 13   8 0.45
 13   9 0.61
 13  10 0.65
 13  11 0.64
 13  12 0.54
 13  13 0.81
 13  14 0.39
 13  15 0.64
 13  16 0.48
 13  17 0.50
 13  18 0.39
 13  19 0.62
 13  20 0.33
 13  21 0.15
 13  22 0.46
 14   1 0.54
 14   2 0.53
 14   3 0.69
 14   4 0.30
 14   5 0.54
 14   6 0.50
 14   7 0.16
 14   8 0.41
 14   9 0.44
 14  10 0.38
 14  11 0.40
 14  12 0.56
 14  13 0.47
 14  14 0.95
 14  15 0.43
 14  16 0.53
 14  17 0.77
 14  18 0.37
 14  19 0.56
 14  20 0.33
 14  21 0.19
 14  22 0.48
 15   1 0.42
 15   2 0.66
 15   3 0.35
 15   4 0.19
 15   5 0.49
 15   6 0.45
 15   7 0.10
 15   8 0.33
 15   9 0.53
 15  10 0.53
 15  11 0.53
 15  12 0.34
 15  13 0.54
 15  14 0.38
 15  15 0.94
 15  16 0.47
 15  17 0.41
 15  18 0.35
 15  19 0.46
 15  20 0.33
 15  21 0.17
 15  22 0.38
 16   1 0.59
 16   2 0.47
 16   3 0.42
 16   4 0.20
 16   5 0.51
 16   6 0.57
 16   7 0.08
 16   8 0.43
 16   9 0.42
 16  10 0.39
 16  11 0.47
 16  12 0.50
 16  13 0.54
 16  14 0.55
 16  15 0.48
 16  16 0.84
 16  17 0.52
 16  18 0.44
 16  19 0.64
 16  20 0.42
 16  21 0.13
 16  22 0.51
 17   1 0.54
 17   2 0.63
 17   3 0.59
 17   4 0.23
 17   5 0.54
 17   6 0.46
 17   7 0.10
 17   8 0.39
 17   9 0.50
 17  10 0.46
 17  11 0.50
 17  12 0.61
 17  13 0.63
 17  14 0.74
 17  15 0.54
 17  16 0.45
 17  17 0.91
 17  18 0.31
 17  19 0.55
 17  20 0.27
 17  21 0.17
 17  22 0.40
 18   1 0.49
 18   2 0.35
 18   3 0.34
 18   4 0.16
 18   5 0.54
 18   6 0.52
 18   7 0.16
 18   8 0.49
 18   9 0.41
 18  10 0.47
 18  11 0.44
 18  12 0.42
 18  13 0.39
 18  14 0.40
 18  15 0.35
 18  16 0.60
 18  17 0.33
 18  18 0.95
 18  19 0.70
 18  20 0.52
 18  21 0.20
 18  22 0.64
 19   1 0.74
 19   2 0.56
 19   3 0.39
 19   4 0.17
 19   5 0.72
 19   6 0.69
 19   7 0.11
 19   8 0.64
 19   9 0.54
 19  10 0.65
 19  11 0.63
 19  12 0.57
 19  13 0.70
 19  14 0.45
 19  15 0.49
 19  16 0.66
 19  17 0.51
 19  18 0.66
 19  19 0.90
 19  20 0.50
 19  21 0.18
 19  22 0.63
 20   1 0.42
 20   2 0.34
 20   3 0.41
 20   4 0.14
 20   5 0.47
 20   6 0.45
 20   7 0.29
 20   8 0.57
 20   9 0.32
 20  10 0.33
 20  11 0.23
 20  12 0.31
 20  13 0.28
 20  14 0.32
 20  15 0.29
 20  16 0.54
 20  17 0.26
 20  18 0.44
 20  19 0.54
 20  20 0.89
 20  21 0.33
 20  22 0.72
 21   1 0.18
 21   2 0.16
 21   3 0.18
 21   4 0.10
 21   5 0.23
 21   6 0.15
 21   7 0.36
 21   8 0.20
 21   9 0.18
 21  10 0.27
 21  11 0.13
 21  12 0.15
 21  13 0.12
 21  14 0.18
 21  15 0.17
 21  16 0.16
 21  17 0.15
 21  18 0.15
 21  19 0.21
 21  20 0.28
 21  21 0.83
 21  22 0.25
 22   1 0.68
 22   2 0.56
 22   3 0.52
 22   4 0.20
 22   5 0.71
 22   6 0.65
 22   7 0.18
 22   8 0.71
 22   9 0.47
 22  10 0.52
 22  11 0.48
 22  12 0.52
 22  13 0.55
 22  14 0.56
 22  15 0.47
 22  16 0.65
 22  17 0.51
 22  18 0.58
 22  19 0.73
 22  20 0.57
 22  21 0.24
 22  22 0.85
  1   1 0.93
  1   2 0.59
  1   3 0.39
  1   4 0.11
  1   5 0.65
  1   6 0.41
  1   7 0.14
  1   8 0.50
  1   9 0.61
  1  10 0.61
  1  11 0.58
  1  12 0.46
  1  13 0.60
  1  14 0.48
  1  15 0.44
  1  16 0.54
  1  17 0.50
  1  18 0.43
  1  19 0.66
  1  20 0.39
  1  21 0.19
  1  22 0.55
  2   1 0.51
  2   2 0.92
  2   3 0.35
  2   4 0.14
  2   5 0.50
  2   6 0.38
  2   7 0.10
  2   8 0.37
  2   9 0.61
  2  10 0.51
  2  11 0.47
  2  12 0.40
  2  13 0.55
  2  14 0.50
  2  15 0.64
  2  16 0.43
  2  17 0.47
  2  18 0.27
  2  19 0.46
  2  20 0.30
  2  21 0.16
  2  22 0.40
  3   1 0.38
  3   2 0.50
  3   3 0.82
  3   4 0.26
  3   5 0.46
  3   6 0.40
  3   7 0.21
  3   8 0.30
  3   9 0.39
  3  10 0.40
  3  11 0.47
  3  12 0.38
  3  13 0.49
  3  14 0.67
  3  15 0.45
  3  16 0.35
  3  17 0.65
  3  18 0.25
  3  19 0.38
  3  20 0.28
  3  21 0.20
  3  22 0.39
  4   1 0.31
  4   2 0.28
  4   3 0.33
  4   4 0.66
  4   5 0.37
  4   6 0.37
  4   7 0.16
  4   8 0.32
  4   9 0.38
  4  10 0.29
  4  11 0.29
  4  12 0.45
  4  13 0.23
  4  14 0.42
  4  15 0.28
  4  16 0.38
  4  17 0.39
  4  18 0.38
  4  19 0.43
  4  20 0.37
  4  21 0.19
  4  22 0.34
  5   1 0.66
  5   2 0.67
  5   3 0.62
  5   4 0.24
  5   5 0.79
  5   6 0.57
  5   7 0.18
  5   8 0.49
  5   9 0.60
  5  10 0.61
  5  11 0.66
  5  12 0.57
  5  13 0.72
  5  14 0.71
  5  15 0.63
  5  16 0.53
  5  17 0.73
  5  18 0.46
  5  19 0.65
  5  20 0.38
  5  21 0.20
  5  22 0.50
  6   1 0.50
  6   2 0.47
  6   3 0.37
  6   4 0.23
  6   5 0.53
  6   6 0.92
  6   7 0.11
  6   8 0.60
  6   9 0.35
  6  10 0.43
  6  11 0.44
  6  12 0.42
  6  13 0.47
  6  14 0.46
  6  15 0.48
  6  16 0.59
  6  17 0.44
  6  18 0.54
  6  19 0.65
  6  20 0.51
  6  21 0.20
  6  22 0.55
  7   1 0.13
  7   2 0.14
  7   3 0.20
  7   4 0.09
  7   5 0.22
  7   6 0.15
  7   7 0.52
  7   8 0.18
  7   9 0.22
  7  10 0.22
  7  11 0.11
  7  12 0.08
  7  13 0.08
  7  14 0.14
  7  15 0.12
  7  16 0.14
  7  17 0.15
  7  18 0.15
  7  19 0.15
  7  20 0.20
  7  21 0.40
  7  22 0.18
  8   1 0.50
  8   2 0.39
  8   3 0.34
  8   4 0.15
  8   5 0.65
  8   6 0.65
  8   7 0.14
  8   8 0.90
  8   9 0.38
  8  10 0.43
  8  11 0.41
  8  12 0.35
  8  13 0.43
  8  14 0.34
  8  15 0.33
  8  16 0.51
  8  17 0.36
  8  18 0.55
  8  19 0.65
  8  20 0.48
  8  21 0.16
  8  22 0.56
  9   1 0.57
  9   2 0.69
  9   3 0.41
  9   4 0.28
  9   5 0.66
  9   6 0.42
  9   7 0.24
  9   8 0.43
  9   9 0.94
  9  10 0.62
  9  11 0.53
  9  12 0.41
  9  13 0.50
  9  14 0.48
  9  15 0.62
  9  16 0.46
  9  17 0.51
  9  18 0.43
  9  19 0.60
  9  20 0.31
  9  21 0.22
  9  22 0.41
 10   1 0.60
 10   2 0.65
 10   3 0.43
 10   4 0.17
 10   5 0.65
 10   6 0.37
 10   7 0.21
 10   8 0.37
 10   9 0.68
 10  10 0.91
 10  11 0.71
 10  12 0.50
 10  13 0.71
 10  14 0.42
 10  15 0.66
 10  16 0.47
 10  17 0.47
 10  18 0.49
 10  19 0.63
 10  20 0.29
 10  21 0.27
 10  22 0.45
 11   1 0.57
 11   2 0.53
 11   3 0.38
 11   4 0.21
 11   5 0.52
 11   6 0.45
 11   7 0.10
 11   8 0.35
 11   9 0.46
 11  10 0.61
 11  11 0.94
 11  12 0.49
 11  13 0.80
 11  14 0.41
 11  15 0.50
 11  16 0.40
 11  17 0.50
 11  18 0.48
 11  19 0.56
 11  20 0.24
 11  21 0.12
 11  22 0.37
 12   1 0.38
 12   2 0.40
 12   3 0.27
 12   4 0.37
 12   5 0.33
 12   6 0.28
 12   7 0.05
 12   8 0.25
 12   9 0.28
 12  10 0.42
 12  11 0.44
 12  12 0.88
 12  13 0.62
 12  14 0.39
 12  15 0.30
 12  16 0.27
 12  17 0.54
 12  18 0.31
 12  19 0.50
 12  20 0.21
 12  21 0.13
 12  22 0.30
 13   1 0.60
 13   2 0.67
 13   3 0.34
 13   4 0.12
 13   5 0.62
 13   6 0.45
 13   7 0.10
 13   8 0.45
 13   9 0.61
 13  10 0.65
 13  11 0.64
 13  12 0.54
 13  13 0.81
 13  14 0.39
 13  15 0.64
 13  16 0.48
 13  17 0.50
 13  18 0.39
 13  19 0.62
 13  20 0.33
 13  21 0.15
 13  22 0.46
 14   1 0.54
 14   2 0.53
 14   3 0.69
 14   4 0.30
 14   5 0.54
 14   6 0.50
 14   7 0.16
 14   8 0.41
 14   9 0.44
 14  10 0.38
 14  11 0.40
 14  12 0.56
 14  13 0.47
 14  14 0.95
 14  15 0.43
 14  16 0.53
 14  17 0.77
 14  18 0.37
 14  19 0.56
 14  20 0.33
 14  21 0.19
 14  22 0.48
 15   1 0.42
 15   2 0.66
 15   3 0.35
 15   4 0.19
 15   5 0.49
 15   6 0.45
 15   7 0.10
 15   8 0.33
 15   9 0.53
 15  10 0.53
 15  11 0.53
 15  12 0.34
 15  13 0.54
 15  14 0.38
 15  15 0.94
 15  16 0.47
 15  17 0.41
 15  18 0.35
 15  19 0.46
 15  20 0.33
 15  21 0.17
 15  22 0.38
 16   1 0.59
 16   2 0.47
 16   3 0.42
 16   4 0.20
 16   5 0.51
 16   6 0.57
 16   7 0.08
 16   8 0.43
 16   9 0.42
 16  10 0.39
 16  11 0.47
 16  12 0.50
 16  13 0.54
 16  14 0.55
 16  15 0.48
 16  16 0.84
 16  17 0.52
 16  18 0.44
 16  19 0.64
 16  20 0.42
 16  21 0.13
 16  22 0.51
 17   1 0.54
 17   2 0.63
 17   3 0.59
 17   4 0.23
 17   5 0.54
 17   6 0.46
 17   7 0.10
 17   8 0.39
 17   9 0.50
 17  10 0.46
 17  11 0.50
 17  12 0.61
 17  13 0.63
 17  14 0.74
 17  15 0.54
 17  16 0.45
 17  17 0.91
 17  18 0.31
 17  19 0.55
 17  20 0.27
 17  21 0.17
 17  22 0.40
 18   1 0.49
 18   2 0.35
 18   3 0.34
 18   4 0.16
 18   5 0.54
 18   6 0.52
 18   7 0.16
 18   8 0.49
 18   9 0.41
 18  10 0.47
 18  11 0.44
 18  12 0.42
 18  13 0.39
 18  14 0.40
 18  15 0.35
 18  16 0.60
 18  17 0.33
 18  18 0.95
 18  19 0.70
 18  20 0.52
 18  21 0.20
 18  22 0.64
 19   1 0.74
 19   2 0.56
 19   3 0.39
 19   4 0.17
 19   5 0.72
 19   6 0.69
 19   7 0.11
 19   8 0.64
 19   9 0.54
 19  10 0.65
 19  11 0.63
 19  12 0.57
 19  13 0.70
 19  14 0.45
 19  15 0.49
 19  16 0.66
 19  17 0.51
 19  18 0.66
 19  19 0.90
 19  20 0.50
 19  21 0.18
 19  22 0.63
 20   1 0.42
 20   2 0.34
 20   3 0.41
 20   4 0.14
 20   5 0.47
 20   6 0.45
 20   7 0.29
 20   8 0.57
 20   9 0.32
 20  10 0.33
 20  11 0.23
 20  12 0.31
 20  13 0.28
 20  14 0.32
 20  15 0.29
 20  16 0.54
 20  17 0.26
 20  18 0.44
 20  19 0.54
 20  20 0.89
 20  21 0.33
 20  22 0.72
 21   1 0.18
 21   2 0.16
 21   3 0.18
 21   4 0.10
 21   5 0.23
 21   6 0.15
 21   7 0.36
 21   8 0.20
 21   9 0.18
 21  10 0.27
 21  11 0.13
 21  12 0.15
 21  13 0.12
 21  14 0.18
 21  15 0.17
 21  16 0.16
 21  17 0.15
 21  18 0.15
 21  19 0.21
 21  20 0.28
 21  21 0.83
 21  22 0.25
 22   1 0.68
 22   2 0.56
 22   3 0.52
 22   4 0.20
 22   5 0.71
 22   6 0.65
 22   7 0.18
 22   8 0.71
 22   9 0.47
 22  10 0.52
 22  11 0.48
 22  12 0.52
 22  13 0.55
 22  14 0.56
 22  15 0.47
 22  16 0.65
 22  17 0.51
 22  18 0.58
 22  19 0.73
 22  20 0.57
 22  21 0.24
 22  22 0.85
