  1   1 0.95
  1   2 0.72
  1   3 0.63
  1   4 0.29
  1   5 0.57
  1   6 0.57
  1   7 0.42
  1   8 0.50
  1   9 0.49
  1  10 0.65
  1  11 0.64
  1  12 0.62
  1  13 0.62
  1  14 0.36
  1  15 0.63
  1  16 0.48
  1  17 0.54
  1  18 0.56
  1  19 0.56
  1  20 0.52
  1  21 0.64
  1  22 0.46
  2   1 0.80
  2   2 0.90
  2   3 0.63
  2   4 0.36
  2   5 0.59
  2   6 0.69
  2   7 0.45
  2   8 0.57
  2   9 0.48
  2  10 0.71
  2  11 0.64
  2  12 0.67
  2  13 0.66
  2  14 0.43
  2  15 0.63
  2  16 0.56
  2  17 0.61
  2  18 0.60
  2  19 0.69
  2  20 0.59
  2  21 0.69
  2  22 0.49
  3   1 0.74
  3   2 0.62
  3   3 0.85
  3   4 0.26
  3   5 0.73
  3   6 0.57
  3   7 0.47
  3   8 0.57
  3   9 0.60
  3  10 0.70
  3  11 0.70
  3  12 0.57
  3  13 0.65
  3  14 0.46
  3  15 0.66
  3  16 0.52
  3  17 0.56
  3  18 0.62
  3  19 0.58
  3  20 0.68
  3  21 0.68
  3  22 0.54
  4   1 0.39
  4   2 0.46
  4   3 0.27
  4   4 0.89
  4   5 0.36
  4   6 0.42
  4   7 0.31
  4   8 0.36
  4   9 0.30
  4  10 0.31
  4  11 0.28
  4  12 0.48
  4  13 0.30
  4  14 0.28
  4  15 0.31
  4  16 0.42
  4  17 0.41
  4  18 0.39
  4  19 0.41
  4  20 0.28
  4  21 0.35
  4  22 0.24
  5   1 0.53
  5   2 0.50
  5   3 0.59
  5   4 0.36
  5   5 0.85
  5   6 0.55
  5   7 0.36
  5   8 0.62
  5   9 0.76
  5  10 0.63
  5  11 0.60
  5  12 0.56
  5  13 0.47
  5  14 0.64
  5  15 0.53
  5  16 0.58
  5  17 0.64
  5  18 0.61
  5  19 0.55
  5  20 0.61
  5  21 0.54
  5  22 0.41
  6   1 0.59
  6   2 0.67
  6   3 0.50
  6   4 0.34
  6   5 0.65
  6   6 0.92
  6   7 0.47
  6   8 0.67
  6   9 0.53
  6  10 0.72
  6  11 0.63
  6  12 0.71
  6  13 0.68
  6  14 0.55
  6  15 0.58
  6  16 0.74
  6  17 0.66
  6  18 0.67
  6  19 0.72
  6  20 0.54
  6  21 0.74
  6  22 0.44
  7   1 0.45
  7   2 0.48
  7   3 0.49
  7   4 0.27
  7   5 0.44
  7   6 0.48
  7   7 0.79
  7   8 0.66
  7   9 0.40
  7  10 0.69
  7  11 0.61
  7  12 0.55
  7  13 0.60
  7  14 0.44
  7  15 0.65
  7  16 0.52
  7  17 0.54
  7  18 0.64
  7  19 0.51
  7  20 0.51
  7  21 0.63
  7  22 0.55
  8   1 0.63
  8   2 0.68
  8   3 0.58
  8   4 0.39
  8   5 0.67
  8   6 0.73
  8   7 0.55
  8   8 0.89
  8   9 0.59
  8  10 0.78
  8  11 0.68
  8  12 0.71
  8  13 0.70
  8  14 0.59
  8  15 0.72
  8  16 0.76
  8  17 0.69
  8  18 0.76
  8  19 0.75
  8  20 0.64
  8  21 0.77
  8  22 0.60
  9   1 0.51
  9   2 0.50
  9   3 0.57
  9   4 0.25
  9   5 0.75
  9   6 0.53
  9   7 0.32
  9   8 0.53
  9   9 0.83
  9  10 0.55
  9  11 0.63
  9  12 0.51
  9  13 0.48
  9  14 0.47
  9  15 0.49
  9  16 0.49
  9  17 0.48
  9  18 0.49
  9  19 0.50
  9  20 0.61
  9  21 0.55
  9  22 0.49
 10   1 0.68
 10   2 0.63
 10   3 0.65
 10   4 0.24
 10   5 0.60
 10   6 0.61
 10   7 0.51
 10   8 0.62
 10   9 0.52
 10  10 0.87
 10  11 0.73
 10  12 0.61
 10  13 0.70
 10  14 0.43
 10  15 0.78
 10  16 0.57
 10  17 0.56
 10  18 0.63
 10  19 0.59
 10  20 0.59
 10  21 0.71
 10  22 0.53
 11   1 0.59
 11   2 0.61
 11   3 0.60
 11   4 0.28
 11   5 0.73
 11   6 0.62
 11   7 0.50
 11   8 0.67
 11   9 0.65
 11  10 0.71
 11  11 0.87
 11  12 0.61
 11  13 0.60
 11  14 0.52
 11  15 0.60
 11  16 0.60
 11  17 0.71
 11  18 0.67
 11  19 0.63
 11  20 0.61
 11  21 0.66
 11  22 0.47
 12   1 0.66
 12   2 0.71
 12   3 0.51
 12   4 0.37
 12   5 0.60
 12   6 0.75
 12   7 0.49
 12   8 0.66
 12   9 0.53
 12  10 0.71
 12  11 0.68
 12  12 0.89
 12  13 0.62
 12  14 0.53
 12  15 0.64
 12  16 0.70
 12  17 0.72
 12  18 0.67
 12  19 0.76
 12  20 0.58
 12  21 0.71
 12  22 0.44
 13   1 0.67
 13   2 0.68
 13   3 0.69
 13   4 0.27
 13   5 0.56
 13   6 0.64
 13   7 0.57
 13   8 0.62
 13   9 0.48
 13  10 0.78
 13  11 0.70
 13  12 0.66
 13  13 0.90
 13  14 0.37
 13  15 0.75
 13  16 0.62
 13  17 0.58
 13  18 0.70
 13  19 0.64
 13  20 0.59
 13  21 0.74
 13  22 0.57
 14   1 0.50
 14   2 0.52
 14   3 0.44
 14   4 0.33
 14   5 0.62
 14   6 0.52
 14   7 0.37
 14   8 0.59
 14   9 0.56
 14  10 0.59
 14  11 0.56
 14  12 0.55
 14  13 0.41
 14  14 0.86
 14  15 0.56
 14  16 0.52
 14  17 0.64
 14  18 0.51
 14  19 0.57
 14  20 0.60
 14  21 0.56
 14  22 0.47
 15   1 0.60
 15   2 0.51
 15   3 0.53
 15   4 0.22
 15   5 0.45
 15   6 0.42
 15   7 0.46
 15   8 0.56
 15   9 0.37
 15  10 0.65
 15  11 0.56
 15  12 0.53
 15  13 0.56
 15  14 0.36
 15  15 0.89
 15  16 0.44
 15  17 0.42
 15  18 0.52
 15  19 0.46
 15  20 0.49
 15  21 0.59
 15  22 0.51
 16   1 0.63
 16   2 0.65
 16   3 0.57
 16   4 0.36
 16   5 0.60
 16   6 0.72
 16   7 0.46
 16   8 0.61
 16   9 0.49
 16  10 0.69
 16  11 0.62
 16  12 0.69
 16  13 0.68
 16  14 0.44
 16  15 0.67
 16  16 0.82
 16  17 0.64
 16  18 0.66
 16  19 0.68
 16  20 0.54
 16  21 0.68
 16  22 0.46
 17   1 0.61
 17   2 0.65
 17   3 0.56
 17   4 0.38
 17   5 0.64
 17   6 0.70
 17   7 0.55
 17   8 0.71
 17   9 0.57
 17  10 0.74
 17  11 0.71
 17  12 0.71
 17  13 0.65
 17  14 0.61
 17  15 0.64
 17  16 0.70
 17  17 0.90
 17  18 0.71
 17  19 0.71
 17  20 0.60
 17  21 0.74
 17  22 0.44
 18   1 0.66
 18   2 0.67
 18   3 0.69
 18   4 0.34
 18   5 0.68
 18   6 0.71
 18   7 0.56
 18   8 0.75
 18   9 0.57
 18  10 0.80
 18  11 0.74
 18  12 0.68
 18  13 0.78
 18  14 0.48
 18  15 0.75
 18  16 0.73
 18  17 0.67
 18  18 0.88
 18  19 0.70
 18  20 0.70
 18  21 0.78
 18  22 0.60
 19   1 0.59
 19   2 0.65
 19   3 0.54
 19   4 0.28
 19   5 0.61
 19   6 0.71
 19   7 0.38
 19   8 0.61
 19   9 0.48
 19  10 0.63
 19  11 0.66
 19  12 0.67
 19  13 0.64
 19  14 0.45
 19  15 0.56
 19  16 0.61
 19  17 0.59
 19  18 0.57
 19  19 0.85
 19  20 0.56
 19  21 0.73
 19  22 0.45
 20   1 0.55
 20   2 0.59
 20   3 0.68
 20   4 0.29
 20   5 0.70
 20   6 0.59
 20   7 0.48
 20   8 0.70
 20   9 0.67
 20  10 0.69
 20  11 0.72
 20  12 0.55
 20  13 0.57
 20  14 0.63
 20  15 0.62
 20  16 0.58
 20  17 0.64
 20  18 0.64
 20  19 0.65
 20  20 0.90
 20  21 0.64
 20  22 0.53
 21   1 0.68
 21   2 0.66
 21   3 0.56
 21   4 0.34
 21   5 0.61
 21   6 0.70
 21   7 0.46
 21   8 0.59
 21   9 0.48
 21  10 0.67
 21  11 0.66
 21  12 0.70
 21  13 0.65
 21  14 0.45
 21  15 0.70
 21  16 0.58
 21  17 0.60
 21  18 0.62
 21  19 0.67
 21  20 0.54
 21  21 0.89
 21  22 0.47
 22   1 0.42
 22   2 0.49
 22   3 0.44
 22   4 0.25
 22   5 0.54
 22   6 0.45
 22   7 0.36
 22   8 0.65
 22   9 0.52
 22  10 0.57
 22  11 0.51
 22  12 0.45
 22  13 0.49
 22  14 0.61
 22  15 0.59
 22  16 0.52
 22  17 0.47
 22  18 0.55
 22  19 0.48
 22  20 0.58
 22  21 0.54
 22  22 0.85
  1   1 0.95
  1   2 0.72
  1   3 0.63
  1   4 0.29
  1   5 0.56
  1   6 0.57
  1   7 0.42
  1   8 0.50
  1   9 0.48
  1  10 0.65
  1  11 0.63
  1  12 0.61
  1  13 0.62
  1  14 0.35
  1  15 0.63
  1  16 0.48
  1  17 0.53
  1  18 0.56
  1  19 0.56
  1  20 0.52
  1  21 0.64
  1  22 0.46
  2   1 0.80
  2   2 0.90
  2   3 0.63
  2   4 0.36
  2   5 0.59
  2   6 0.68
  2   7 0.45
  2   8 0.57
  2   9 0.48
  2  10 0.71
  2  11 0.64
  2  12 0.67
  2  13 0.65
  2  14 0.43
  2  15 0.62
  2  16 0.56
  2  17 0.61
  2  18 0.60
  2  19 0.69
  2  20 0.59
  2  21 0.68
  2  22 0.49
  3   1 0.74
  3   2 0.62
  3   3 0.85
  3   4 0.26
  3   5 0.73
  3   6 0.56
  3   7 0.47
  3   8 0.57
  3   9 0.60
  3  10 0.69
  3  11 0.70
  3  12 0.57
  3  13 0.65
  3  14 0.46
  3  15 0.66
  3  16 0.51
  3  17 0.55
  3  18 0.62
  3  19 0.58
  3  20 0.68
  3  21 0.68
  3  22 0.54
  4   1 0.38
  4   2 0.46
  4   3 0.27
  4   4 0.89
  4   5 0.36
  4   6 0.42
  4   7 0.31
  4   8 0.36
  4   9 0.29
  4  10 0.31
  4  11 0.28
  4  12 0.48
  4  13 0.30
  4  14 0.28
  4  15 0.31
  4  16 0.42
  4  17 0.41
  4  18 0.39
  4  19 0.41
  4  20 0.28
  4  21 0.35
  4  22 0.24
  5   1 0.52
  5   2 0.50
  5   3 0.59
  5   4 0.36
  5   5 0.85
  5   6 0.55
  5   7 0.36
  5   8 0.62
  5   9 0.76
  5  10 0.62
  5  11 0.60
  5  12 0.55
  5  13 0.46
  5  14 0.63
  5  15 0.52
  5  16 0.57
  5  17 0.63
  5  18 0.60
  5  19 0.55
  5  20 0.61
  5  21 0.54
  5  22 0.41
  6   1 0.58
  6   2 0.66
  6   3 0.50
  6   4 0.34
  6   5 0.65
  6   6 0.92
  6   7 0.46
  6   8 0.67
  6   9 0.52
  6  10 0.72
  6  11 0.63
  6  12 0.71
  6  13 0.68
  6  14 0.55
  6  15 0.58
  6  16 0.74
  6  17 0.66
  6  18 0.66
  6  19 0.72
  6  20 0.54
  6  21 0.74
  6  22 0.43
  7   1 0.44
  7   2 0.48
  7   3 0.48
  7   4 0.27
  7   5 0.43
  7   6 0.48
  7   7 0.78
  7   8 0.66
  7   9 0.40
  7  10 0.69
  7  11 0.61
  7  12 0.55
  7  13 0.60
  7  14 0.44
  7  15 0.65
  7  16 0.52
  7  17 0.53
  7  18 0.64
  7  19 0.51
  7  20 0.50
  7  21 0.63
  7  22 0.55
  8   1 0.62
  8   2 0.68
  8   3 0.58
  8   4 0.39
  8   5 0.67
  8   6 0.73
  8   7 0.55
  8   8 0.89
  8   9 0.59
  8  10 0.78
  8  11 0.68
  8  12 0.71
  8  13 0.70
  8  14 0.59
  8  15 0.72
  8  16 0.76
  8  17 0.69
  8  18 0.76
  8  19 0.75
  8  20 0.64
  8  21 0.76
  8  22 0.59
  9   1 0.51
  9   2 0.49
  9   3 0.57
  9   4 0.25
  9   5 0.75
  9   6 0.52
  9   7 0.32
  9   8 0.52
  9   9 0.83
  9  10 0.55
  9  11 0.63
  9  12 0.50
  9  13 0.48
  9  14 0.47
  9  15 0.49
  9  16 0.48
  9  17 0.47
  9  18 0.49
  9  19 0.50
  9  20 0.61
  9  21 0.55
  9  22 0.49
 10   1 0.68
 10   2 0.62
 10   3 0.64
 10   4 0.24
 10   5 0.60
 10   6 0.61
 10   7 0.51
 10   8 0.62
 10   9 0.52
 10  10 0.87
 10  11 0.73
 10  12 0.61
 10  13 0.70
 10  14 0.43
 10  15 0.78
 10  16 0.57
 10  17 0.56
 10  18 0.63
 10  19 0.58
 10  20 0.59
 10  21 0.71
 10  22 0.52
 11   1 0.59
 11   2 0.61
 11   3 0.60
 11   4 0.27
 11   5 0.73
 11   6 0.62
 11   7 0.50
 11   8 0.67
 11   9 0.65
 11  10 0.71
 11  11 0.87
 11  12 0.61
 11  13 0.60
 11  14 0.52
 11  15 0.59
 11  16 0.60
 11  17 0.70
 11  18 0.67
 11  19 0.63
 11  20 0.61
 11  21 0.66
 11  22 0.47
 12   1 0.66
 12   2 0.71
 12   3 0.51
 12   4 0.37
 12   5 0.60
 12   6 0.75
 12   7 0.48
 12   8 0.66
 12   9 0.53
 12  10 0.71
 12  11 0.68
 12  12 0.89
 12  13 0.62
 12  14 0.52
 12  15 0.64
 12  16 0.69
 12  17 0.72
 12  18 0.67
 12  19 0.76
 12  20 0.57
 12  21 0.71
 12  22 0.43
 13   1 0.67
 13   2 0.68
 13   3 0.69
 13   4 0.27
 13   5 0.56
 13   6 0.64
 13   7 0.56
 13   8 0.62
 13   9 0.48
 13  10 0.78
 13  11 0.69
 13  12 0.66
 13  13 0.90
 13  14 0.36
 13  15 0.75
 13  16 0.61
 13  17 0.58
 13  18 0.70
 13  19 0.64
 13  20 0.59
 13  21 0.74
 13  22 0.57
 14   1 0.49
 14   2 0.52
 14   3 0.44
 14   4 0.33
 14   5 0.62
 14   6 0.52
 14   7 0.36
 14   8 0.59
 14   9 0.56
 14  10 0.59
 14  11 0.55
 14  12 0.54
 14  13 0.41
 14  14 0.86
 14  15 0.56
 14  16 0.51
 14  17 0.64
 14  18 0.51
 14  19 0.57
 14  20 0.60
 14  21 0.55
 14  22 0.46
 15   1 0.60
 15   2 0.51
 15   3 0.53
 15   4 0.22
 15   5 0.44
 15   6 0.42
 15   7 0.45
 15   8 0.55
 15   9 0.36
 15  10 0.64
 15  11 0.56
 15  12 0.53
 15  13 0.55
 15  14 0.36
 15  15 0.89
 15  16 0.43
 15  17 0.41
 15  18 0.52
 15  19 0.46
 15  20 0.49
 15  21 0.58
 15  22 0.50
 16   1 0.62
 16   2 0.65
 16   3 0.56
 16   4 0.36
 16   5 0.59
 16   6 0.72
 16   7 0.45
 16   8 0.61
 16   9 0.49
 16  10 0.69
 16  11 0.61
 16  12 0.68
 16  13 0.68
 16  14 0.43
 16  15 0.66
 16  16 0.82
 16  17 0.64
 16  18 0.66
 16  19 0.67
 16  20 0.54
 16  21 0.68
 16  22 0.46
 17   1 0.60
 17   2 0.65
 17   3 0.56
 17   4 0.38
 17   5 0.64
 17   6 0.70
 17   7 0.55
 17   8 0.71
 17   9 0.57
 17  10 0.74
 17  11 0.70
 17  12 0.71
 17  13 0.64
 17  14 0.60
 17  15 0.63
 17  16 0.70
 17  17 0.90
 17  18 0.71
 17  19 0.71
 17  20 0.59
 17  21 0.74
 17  22 0.43
 18   1 0.66
 18   2 0.67
 18   3 0.69
 18   4 0.34
 18   5 0.67
 18   6 0.71
 18   7 0.56
 18   8 0.75
 18   9 0.56
 18  10 0.80
 18  11 0.74
 18  12 0.67
 18  13 0.78
 18  14 0.48
 18  15 0.75
 18  16 0.73
 18  17 0.66
 18  18 0.88
 18  19 0.70
 18  20 0.70
 18  21 0.77
 18  22 0.60
 19   1 0.59
 19   2 0.65
 19   3 0.54
 19   4 0.28
 19   5 0.61
 19   6 0.71
 19   7 0.38
 19   8 0.61
 19   9 0.48
 19  10 0.63
 19  11 0.66
 19  12 0.67
 19  13 0.64
 19  14 0.45
 19  15 0.56
 19  16 0.61
 19  17 0.59
 19  18 0.57
 19  19 0.85
 19  20 0.56
 19  21 0.73
 19  22 0.45
 20   1 0.55
 20   2 0.59
 20   3 0.68
 20   4 0.29
 20   5 0.70
 20   6 0.59
 20   7 0.48
 20   8 0.70
 20   9 0.67
 20  10 0.69
 20  11 0.72
 20  12 0.55
 20  13 0.57
 20  14 0.63
 20  15 0.62
 20  16 0.58
 20  17 0.64
 20  18 0.64
 20  19 0.64
 20  20 0.90
 20  21 0.64
 20  22 0.53
 21   1 0.67
 21   2 0.66
 21   3 0.55
 21   4 0.34
 21   5 0.61
 21   6 0.70
 21   7 0.45
 21   8 0.59
 21   9 0.48
 21  10 0.66
 21  11 0.66
 21  12 0.70
 21  13 0.65
 21  14 0.45
 21  15 0.69
 21  16 0.58
 21  17 0.60
 21  18 0.62
 21  19 0.66
 21  20 0.53
 21  21 0.88
 21  22 0.46
 22   1 0.42
 22   2 0.49
 22   3 0.43
 22   4 0.25
 22   5 0.54
 22   6 0.45
 22   7 0.36
 22   8 0.65
 22   9 0.52
 22  10 0.57
 22  11 0.51
 22  12 0.45
 22  13 0.49
 22  14 0.60
 22  15 0.58
 22  16 0.51
 22  17 0.46
 22  18 0.55
 22  19 0.47
 22  20 0.57
 22  21 0.54
 22  22 0.85
  1   1 0.95
  1   2 0.72
  1   3 0.63
  1   4 0.29
  1   5 0.56
  1   6 0.57
  1   7 0.42
  1   8 0.50
  1   9 0.48
  1  10 0.65
  1  11 0.63
  1  12 0.61
  1  13 0.62
  1  14 0.35
  1  15 0.63
  1  16 0.48
  1  17 0.53
  1  18 0.56
  1  19 0.56
  1  20 0.52
  1  21 0.64
  1  22 0.46
  2   1 0.80
  2   2 0.90
  2   3 0.63
  2   4 0.36
  2   5 0.59
  2   6 0.68
  2   7 0.45
  2   8 0.57
  2   9 0.48
  2  10 0.71
  2  11 0.64
  2  12 0.67
  2  13 0.65
  2  14 0.43
  2  15 0.62
  2  16 0.56
  2  17 0.61
  2  18 0.60
  2  19 0.69
  2  20 0.59
  2  21 0.68
  2  22 0.49
  3   1 0.74
  3   2 0.62
  3   3 0.85
  3   4 0.26
  3   5 0.73
  3   6 0.56
  3   7 0.47
  3   8 0.57
  3   9 0.60
  3  10 0.69
  3  11 0.70
  3  12 0.57
  3  13 0.65
  3  14 0.46
  3  15 0.66
  3  16 0.51
  3  17 0.55
  3  18 0.62
  3  19 0.58
  3  20 0.68
  3  21 0.68
  3  22 0.54
  4   1 0.38
  4   2 0.46
  4   3 0.27
  4   4 0.89
  4   5 0.36
  4   6 0.42
  4   7 0.31
  4   8 0.36
  4   9 0.29
  4  10 0.31
  4  11 0.28
  4  12 0.48
  4  13 0.30
  4  14 0.28
  4  15 0.31
  4  16 0.42
  4  17 0.41
  4  18 0.39
  4  19 0.41
  4  20 0.28
  4  21 0.35
  4  22 0.24
  5   1 0.52
  5   2 0.50
  5   3 0.59
  5   4 0.36
  5   5 0.85
  5   6 0.55
  5   7 0.36
  5   8 0.62
  5   9 0.76
  5  10 0.62
  5  11 0.60
  5  12 0.55
  5  13 0.46
  5  14 0.63
  5  15 0.52
  5  16 0.57
  5  17 0.63
  5  18 0.60
  5  19 0.55
  5  20 0.61
  5  21 0.54
  5  22 0.41
  6   1 0.58
  6   2 0.66
  6   3 0.50
  6   4 0.34
  6   5 0.65
  6   6 0.92
  6   7 0.46
  6   8 0.67
  6   9 0.52
  6  10 0.72
  6  11 0.63
  6  12 0.71
  6  13 0.68
  6  14 0.55
  6  15 0.58
  6  16 0.74
  6  17 0.66
  6  18 0.66
  6  19 0.72
  6  20 0.54
  6  21 0.74
  6  22 0.43
  7   1 0.44
  7   2 0.48
  7   3 0.48
  7   4 0.27
  7   5 0.43
  7   6 0.48
  7   7 0.78
  7   8 0.66
  7   9 0.40
  7  10 0.69
  7  11 0.61
  7  12 0.55
  7  13 0.60
  7  14 0.44
  7  15 0.65
  7  16 0.52
  7  17 0.53
  7  18 0.64
  7  19 0.51
  7  20 0.50
  7  21 0.63
  7  22 0.55
  8   1 0.62
  8   2 0.68
  8   3 0.58
  8   4 0.39
  8   5 0.67
  8   6 0.73
  8   7 0.55
  8   8 0.89
  8   9 0.59
  8  10 0.78
  8  11 0.68
  8  12 0.71
  8  13 0.70
  8  14 0.59
  8  15 0.72
  8  16 0.76
  8  17 0.69
  8  18 0.76
  8  19 0.75
  8  20 0.64
  8  21 0.76
  8  22 0.59
  9   1 0.51
  9   2 0.49
  9   3 0.57
  9   4 0.25
  9   5 0.75
  9   6 0.52
  9   7 0.32
  9   8 0.52
  9   9 0.83
  9  10 0.55
  9  11 0.63
  9  12 0.50
  9  13 0.48
  9  14 0.47
  9  15 0.49
  9  16 0.48
  9  17 0.47
  9  18 0.49
  9  19 0.50
  9  20 0.61
  9  21 0.55
  9  22 0.49
 10   1 0.68
 10   2 0.62
 10   3 0.64
 10   4 0.24
 10   5 0.60
 10   6 0.61
 10   7 0.51
 10   8 0.62
 10   9 0.52
 10  10 0.87
 10  11 0.73
 10  12 0.61
 10  13 0.70
 10  14 0.43
 10  15 0.78
 10  16 0.57
 10  17 0.56
 10  18 0.63
 10  19 0.58
 10  20 0.59
 10  21 0.71
 10  22 0.52
 11   1 0.59
 11   2 0.61
 11   3 0.60
 11   4 0.27
 11   5 0.73
 11   6 0.62
 11   7 0.50
 11   8 0.67
 11   9 0.65
 11  10 0.71
 11  11 0.87
 11  12 0.61
 11  13 0.60
 11  14 0.52
 11  15 0.59
 11  16 0.60
 11  17 0.70
 11  18 0.67
 11  19 0.63
 11  20 0.61
 11  21 0.66
 11  22 0.47
 12   1 0.66
 12   2 0.71
 12   3 0.51
 12   4 0.37
 12   5 0.60
 12   6 0.75
 12   7 0.48
 12   8 0.66
 12   9 0.53
 12  10 0.71
 12  11 0.68
 12  12 0.89
 12  13 0.62
 12  14 0.52
 12  15 0.64
 12  16 0.69
 12  17 0.72
 12  18 0.67
 12  19 0.76
 12  20 0.57
 12  21 0.71
 12  22 0.43
 13   1 0.67
 13   2 0.68
 13   3 0.69
 13   4 0.27
 13   5 0.56
 13   6 0.64
 13   7 0.56
 13   8 0.62
 13   9 0.48
 13  10 0.78
 13  11 0.69
 13  12 0.66
 13  13 0.90
 13  14 0.36
 13  15 0.75
 13  16 0.61
 13  17 0.58
 13  18 0.70
 13  19 0.64
 13  20 0.59
 13  21 0.74
 13  22 0.57
 14   1 0.49
 14   2 0.52
 14   3 0.44
 14   4 0.33
 14   5 0.62
 14   6 0.52
 14   7 0.36
 14   8 0.59
 14   9 0.56
 14  10 0.59
 14  11 0.55
 14  12 0.54
 14  13 0.41
 14  14 0.86
 14  15 0.56
 14  16 0.51
 14  17 0.64
 14  18 0.51
 14  19 0.57
 14  20 0.60
 14  21 0.55
 14  22 0.46
 15   1 0.60
 15   2 0.51
 15   3 0.53
 15   4 0.22
 15   5 0.44
 15   6 0.42
 15   7 0.45
 15   8 0.55
 15   9 0.36
 15  10 0.64
 15  11 0.56
 15  12 0.53
 15  13 0.55
 15  14 0.36
 15  15 0.89
 15  16 0.43
 15  17 0.41
 15  18 0.52
 15  19 0.46
 15  20 0.49
 15  21 0.58
 15  22 0.50
 16   1 0.62
 16   2 0.65
 16   3 0.56
 16   4 0.36
 16   5 0.59
 16   6 0.72
 16   7 0.45
 16   8 0.61
 16   9 0.49
 16  10 0.69
 16  11 0.61
 16  12 0.68
 16  13 0.68
 16  14 0.43
 16  15 0.66
 16  16 0.82
 16  17 0.64
 16  18 0.66
 16  19 0.67
 16  20 0.54
 16  21 0.68
 16  22 0.46
 17   1 0.60
 17   2 0.65
 17   3 0.56
 17   4 0.38
 17   5 0.64
 17   6 0.70
 17   7 0.55
 17   8 0.71
 17   9 0.57
 17  10 0.74
 17  11 0.70
 17  12 0.71
 17  13 0.64
 17  14 0.60
 17  15 0.63
 17  16 0.70
 17  17 0.90
 17  18 0.71
 17  19 0.71
 17  20 0.59
 17  21 0.74
 17  22 0.43
 18   1 0.66
 18   2 0.67
 18   3 0.69
 18   4 0.34
 18   5 0.67
 18   6 0.71
 18   7 0.56
 18   8 0.75
 18   9 0.56
 18  10 0.80
 18  11 0.74
 18  12 0.67
 18  13 0.78
 18  14 0.48
 18  15 0.75
 18  16 0.73
 18  17 0.66
 18  18 0.88
 18  19 0.70
 18  20 0.70
 18  21 0.77
 18  22 0.60
 19   1 0.59
 19   2 0.65
 19   3 0.54
 19   4 0.28
 19   5 0.61
 19   6 0.71
 19   7 0.38
 19   8 0.61
 19   9 0.48
 19  10 0.63
 19  11 0.66
 19  12 0.67
 19  13 0.64
 19  14 0.45
 19  15 0.56
 19  16 0.61
 19  17 0.59
 19  18 0.57
 19  19 0.85
 19  20 0.56
 19  21 0.73
 19  22 0.45
 20   1 0.55
 20   2 0.59
 20   3 0.68
 20   4 0.29
 20   5 0.70
 20   6 0.59
 20   7 0.48
 20   8 0.70
 20   9 0.67
 20  10 0.69
 20  11 0.72
 20  12 0.55
 20  13 0.57
 20  14 0.63
 20  15 0.62
 20  16 0.58
 20  17 0.64
 20  18 0.64
 20  19 0.64
 20  20 0.90
 20  21 0.64
 20  22 0.53
 21   1 0.67
 21   2 0.66
 21   3 0.55
 21   4 0.34
 21   5 0.61
 21   6 0.70
 21   7 0.45
 21   8 0.59
 21   9 0.48
 21  10 0.66
 21  11 0.66
 21  12 0.70
 21  13 0.65
 21  14 0.45
 21  15 0.69
 21  16 0.58
 21  17 0.60
 21  18 0.62
 21  19 0.66
 21  20 0.53
 21  21 0.88
 21  22 0.46
 22   1 0.42
 22   2 0.49
 22   3 0.43
 22   4 0.25
 22   5 0.54
 22   6 0.45
 22   7 0.36
 22   8 0.65
 22   9 0.52
 22  10 0.57
 22  11 0.51
 22  12 0.45
 22  13 0.49
 22  14 0.60
 22  15 0.58
 22  16 0.51
 22  17 0.46
 22  18 0.55
 22  19 0.47
 22  20 0.57
 22  21 0.54
 22  22 0.85
