  1   1 0.90
  1   2 0.66
  1   3 0.29
  1   4 0.24
  1   5 0.75
  1   6 0.67
  1   7 0.52
  1   8 0.73
  1   9 0.72
  1  10 0.75
  1  11 0.71
  1  12 0.44
  1  13 0.45
  1  14 0.62
  1  15 0.71
  1  16 0.77
  1  17 0.59
  1  18 0.71
  1  19 0.71
  1  20 0.58
  1  21 0.57
  1  22 0.76
  2   1 0.81
  2   2 0.87
  2   3 0.24
  2   4 0.22
  2   5 0.75
  2   6 0.75
  2   7 0.64
  2   8 0.78
  2   9 0.73
  2  10 0.81
  2  11 0.82
  2  12 0.56
  2  13 0.59
  2  14 0.65
  2  15 0.69
  2  16 0.80
  2  17 0.64
  2  18 0.69
  2  19 0.64
  2  20 0.66
  2  21 0.61
  2  22 0.79
  3   1 0.56
  3   2 0.30
  3   3 0.38
  3   4 0.25
  3   5 0.54
  3   6 0.35
  3   7 0.30
  3   8 0.47
  3   9 0.52
  3  10 0.49
  3  11 0.38
  3  12 0.17
  3  13 0.13
  3  14 0.41
  3  15 0.63
  3  16 0.56
  3  17 0.29
  3  18 0.35
  3  19 0.49
  3  20 0.35
  3  21 0.41
  3  22 0.52
  4   1 0.66
  4   2 0.56
  4   3 0.32
  4   4 0.48
  4   5 0.61
  4   6 0.57
  4   7 0.42
  4   8 0.55
  4   9 0.67
  4  10 0.68
  4  11 0.54
  4  12 0.33
  4  13 0.32
  4  14 0.39
  4  15 0.64
  4  16 0.63
  4  17 0.35
  4  18 0.58
  4  19 0.61
  4  20 0.41
  4  21 0.65
  4  22 0.59
  5   1 0.71
  5   2 0.61
  5   3 0.28
  5   4 0.26
  5   5 0.92
  5   6 0.56
  5   7 0.62
  5   8 0.66
  5   9 0.73
  5  10 0.76
  5  11 0.72
  5  12 0.39
  5  13 0.39
  5  14 0.54
  5  15 0.65
  5  16 0.75
  5  17 0.47
  5  18 0.57
  5  19 0.69
  5  20 0.52
  5  21 0.58
  5  22 0.76
  6   1 0.80
  6   2 0.75
  6   3 0.18
  6   4 0.18
  6   5 0.69
  6   6 0.90
  6   7 0.53
  6   8 0.79
  6   9 0.86
  6  10 0.72
  6  11 0.78
  6  12 0.60
  6  13 0.58
  6  14 0.67
  6  15 0.79
  6  16 0.87
  6  17 0.73
  6  18 0.82
  6  19 0.77
  6  20 0.68
  6  21 0.68
  6  22 0.78
  7   1 0.57
  7   2 0.51
  7   3 0.26
  7   4 0.11
  7   5 0.73
  7   6 0.45
  7   7 0.74
  7   8 0.58
  7   9 0.54
  7  10 0.66
  7  11 0.64
  7  12 0.31
  7  13 0.30
  7  14 0.49
  7  15 0.45
  7  16 0.59
  7  17 0.45
  7  18 0.38
  7  19 0.46
  7  20 0.42
  7  21 0.38
  7  22 0.68
  8   1 0.67
  8   2 0.56
  8   3 0.19
  8   4 0.17
  8   5 0.71
  8   6 0.59
  8   7 0.47
  8   8 0.88
  8   9 0.69
  8  10 0.59
  8  11 0.69
  8  12 0.45
  8  13 0.40
  8  14 0.75
  8  15 0.69
  8  16 0.77
  8  17 0.60
  8  18 0.59
  8  19 0.65
  8  20 0.55
  8  21 0.50
  8  22 0.71
  9   1 0.72
  9   2 0.57
  9   3 0.28
  9   4 0.20
  9   5 0.77
  9   6 0.65
  9   7 0.44
  9   8 0.72
  9   9 0.78
  9  10 0.65
  9  11 0.65
  9  12 0.47
  9  13 0.42
  9  14 0.74
  9  15 0.72
  9  16 0.80
  9  17 0.62
  9  18 0.62
  9  19 0.70
  9  20 0.62
  9  21 0.53
  9  22 0.75
 10   1 0.70
 10   2 0.55
 10   3 0.39
 10   4 0.27
 10   5 0.80
 10   6 0.52
 10   7 0.58
 10   8 0.63
 10   9 0.66
 10  10 0.84
 10  11 0.66
 10  12 0.34
 10  13 0.36
 10  14 0.50
 10  15 0.65
 10  16 0.69
 10  17 0.41
 10  18 0.53
 10  19 0.59
 10  20 0.48
 10  21 0.59
 10  22 0.73
 11   1 0.75
 11   2 0.71
 11   3 0.23
 11   4 0.19
 11   5 0.74
 11   6 0.70
 11   7 0.59
 11   8 0.85
 11   9 0.75
 11  10 0.77
 11  11 0.91
 11  12 0.62
 11  13 0.59
 11  14 0.70
 11  15 0.73
 11  16 0.85
 11  17 0.70
 11  18 0.73
 11  19 0.68
 11  20 0.67
 11  21 0.66
 11  22 0.80
 12   1 0.49
 12   2 0.56
 12   3 0.08
 12   4 0.04
 12   5 0.45
 12   6 0.61
 12   7 0.36
 12   8 0.62
 12   9 0.57
 12  10 0.49
 12  11 0.62
 12  12 0.91
 12  13 0.72
 12  14 0.67
 12  15 0.55
 12  16 0.68
 12  17 0.78
 12  18 0.63
 12  19 0.49
 12  20 0.70
 12  21 0.41
 12  22 0.56
 13   1 0.61
 13   2 0.67
 13   3 0.08
 13   4 0.09
 13   5 0.45
 13   6 0.73
 13   7 0.38
 13   8 0.63
 13   9 0.62
 13  10 0.57
 13  11 0.66
 13  12 0.79
 13  13 0.88
 13  14 0.69
 13  15 0.58
 13  16 0.67
 13  17 0.74
 13  18 0.73
 13  19 0.52
 13  20 0.75
 13  21 0.46
 13  22 0.58
 14   1 0.57
 14   2 0.48
 14   3 0.19
 14   4 0.11
 14   5 0.55
 14   6 0.55
 14   7 0.36
 14   8 0.64
 14   9 0.57
 14  10 0.50
 14  11 0.55
 14  12 0.52
 14  13 0.51
 14  14 0.91
 14  15 0.55
 14  16 0.64
 14  17 0.62
 14  18 0.52
 14  19 0.53
 14  20 0.65
 14  21 0.38
 14  22 0.55
 15   1 0.77
 15   2 0.63
 15   3 0.31
 15   4 0.26
 15   5 0.65
 15   6 0.68
 15   7 0.45
 15   8 0.71
 15   9 0.73
 15  10 0.75
 15  11 0.71
 15  12 0.55
 15  13 0.55
 15  14 0.61
 15  15 0.85
 15  16 0.78
 15  17 0.63
 15  18 0.73
 15  19 0.61
 15  20 0.59
 15  21 0.66
 15  22 0.77
 16   1 0.73
 16   2 0.58
 16   3 0.26
 16   4 0.16
 16   5 0.72
 16   6 0.68
 16   7 0.46
 16   8 0.81
 16   9 0.74
 16  10 0.62
 16  11 0.71
 16  12 0.55
 16  13 0.46
 16  14 0.74
 16  15 0.77
 16  16 0.92
 16  17 0.73
 16  18 0.63
 16  19 0.74
 16  20 0.70
 16  21 0.48
 16  22 0.76
 17   1 0.62
 17   2 0.52
 17   3 0.20
 17   4 0.09
 17   5 0.65
 17   6 0.62
 17   7 0.41
 17   8 0.72
 17   9 0.63
 17  10 0.56
 17  11 0.66
 17  12 0.59
 17  13 0.51
 17  14 0.76
 17  15 0.60
 17  16 0.74
 17  17 0.82
 17  18 0.58
 17  19 0.60
 17  20 0.69
 17  21 0.39
 17  22 0.67
 18   1 0.74
 18   2 0.55
 18   3 0.16
 18   4 0.16
 18   5 0.57
 18   6 0.72
 18   7 0.41
 18   8 0.77
 18   9 0.74
 18  10 0.59
 18  11 0.67
 18  12 0.57
 18  13 0.51
 18  14 0.72
 18  15 0.72
 18  16 0.80
 18  17 0.68
 18  18 0.80
 18  19 0.69
 18  20 0.59
 18  21 0.54
 18  22 0.70
 19   1 0.70
 19   2 0.53
 19   3 0.28
 19   4 0.27
 19   5 0.71
 19   6 0.63
 19   7 0.43
 19   8 0.68
 19   9 0.73
 19  10 0.57
 19  11 0.57
 19  12 0.38
 19  13 0.32
 19  14 0.60
 19  15 0.70
 19  16 0.76
 19  17 0.52
 19  18 0.54
 19  19 0.86
 19  20 0.63
 19  21 0.51
 19  22 0.63
 20   1 0.63
 20   2 0.49
 20   3 0.26
 20   4 0.19
 20   5 0.61
 20   6 0.64
 20   7 0.36
 20   8 0.62
 20   9 0.65
 20  10 0.52
 20  11 0.53
 20  12 0.44
 20  13 0.43
 20  14 0.69
 20  15 0.63
 20  16 0.72
 20  17 0.58
 20  18 0.55
 20  19 0.70
 20  20 0.73
 20  21 0.42
 20  22 0.63
 21   1 0.71
 21   2 0.73
 21   3 0.22
 21   4 0.19
 21   5 0.64
 21   6 0.74
 21   7 0.57
 21   8 0.66
 21   9 0.75
 21  10 0.80
 21  11 0.78
 21  12 0.65
 21  13 0.66
 21  14 0.53
 21  15 0.73
 21  16 0.75
 21  17 0.58
 21  18 0.80
 21  19 0.58
 21  20 0.60
 21  21 0.83
 21  22 0.75
 22   1 0.66
 22   2 0.53
 22   3 0.27
 22   4 0.20
 22   5 0.73
 22   6 0.54
 22   7 0.52
 22   8 0.56
 22   9 0.67
 22  10 0.71
 22  11 0.63
 22  12 0.44
 22  13 0.47
 22  14 0.54
 22  15 0.65
 22  16 0.69
 22  17 0.47
 22  18 0.59
 22  19 0.59
 22  20 0.53
 22  21 0.52
 22  22 0.77
  1   1 0.90
  1   2 0.66
  1   3 0.29
  1   4 0.24
  1   5 0.74
  1   6 0.67
  1   7 0.52
  1   8 0.73
  1   9 0.71
  1  10 0.74
  1  11 0.70
  1  12 0.44
  1  13 0.45
  1  14 0.61
  1  15 0.70
  1  16 0.77
  1  17 0.59
  1  18 0.70
  1  19 0.71
  1  20 0.58
  1  21 0.57
  1  22 0.76
  2   1 0.81
  2   2 0.87
  2   3 0.24
  2   4 0.22
  2   5 0.75
  2   6 0.75
  2   7 0.64
  2   8 0.78
  2   9 0.73
  2  10 0.81
  2  11 0.81
  2  12 0.56
  2  13 0.59
  2  14 0.65
  2  15 0.69
  2  16 0.80
  2  17 0.64
  2  18 0.69
  2  19 0.64
  2  20 0.66
  2  21 0.61
  2  22 0.79
  3   1 0.56
  3   2 0.30
  3   3 0.38
  3   4 0.25
  3   5 0.54
  3   6 0.35
  3   7 0.30
  3   8 0.47
  3   9 0.52
  3  10 0.49
  3  11 0.38
  3  12 0.16
  3  13 0.13
  3  14 0.40
  3  15 0.63
  3  16 0.55
  3  17 0.29
  3  18 0.35
  3  19 0.49
  3  20 0.35
  3  21 0.41
  3  22 0.52
  4   1 0.66
  4   2 0.55
  4   3 0.32
  4   4 0.48
  4   5 0.61
  4   6 0.57
  4   7 0.42
  4   8 0.55
  4   9 0.67
  4  10 0.68
  4  11 0.53
  4  12 0.32
  4  13 0.32
  4  14 0.39
  4  15 0.64
  4  16 0.63
  4  17 0.35
  4  18 0.58
  4  19 0.61
  4  20 0.41
  4  21 0.64
  4  22 0.59
  5   1 0.71
  5   2 0.61
  5   3 0.28
  5   4 0.26
  5   5 0.92
  5   6 0.56
  5   7 0.62
  5   8 0.66
  5   9 0.73
  5  10 0.76
  5  11 0.72
  5  12 0.39
  5  13 0.38
  5  14 0.53
  5  15 0.64
  5  16 0.75
  5  17 0.47
  5  18 0.57
  5  19 0.69
  5  20 0.52
  5  21 0.58
  5  22 0.76
  6   1 0.80
  6   2 0.75
  6   3 0.18
  6   4 0.18
  6   5 0.69
  6   6 0.90
  6   7 0.53
  6   8 0.79
  6   9 0.86
  6  10 0.72
  6  11 0.78
  6  12 0.59
  6  13 0.58
  6  14 0.67
  6  15 0.79
  6  16 0.87
  6  17 0.73
  6  18 0.82
  6  19 0.76
  6  20 0.68
  6  21 0.68
  6  22 0.78
  7   1 0.57
  7   2 0.51
  7   3 0.26
  7   4 0.11
  7   5 0.73
  7   6 0.45
  7   7 0.74
  7   8 0.58
  7   9 0.53
  7  10 0.66
  7  11 0.64
  7  12 0.31
  7  13 0.30
  7  14 0.48
  7  15 0.45
  7  16 0.59
  7  17 0.45
  7  18 0.38
  7  19 0.46
  7  20 0.42
  7  21 0.37
  7  22 0.68
  8   1 0.67
  8   2 0.56
  8   3 0.19
  8   4 0.17
  8   5 0.71
  8   6 0.58
  8   7 0.47
  8   8 0.88
  8   9 0.69
  8  10 0.59
  8  11 0.68
  8  12 0.45
  8  13 0.40
  8  14 0.74
  8  15 0.69
  8  16 0.77
  8  17 0.60
  8  18 0.59
  8  19 0.65
  8  20 0.55
  8  21 0.50
  8  22 0.71
  9   1 0.72
  9   2 0.57
  9   3 0.28
  9   4 0.20
  9   5 0.77
  9   6 0.64
  9   7 0.44
  9   8 0.72
  9   9 0.78
  9  10 0.65
  9  11 0.65
  9  12 0.47
  9  13 0.42
  9  14 0.74
  9  15 0.72
  9  16 0.80
  9  17 0.62
  9  18 0.62
  9  19 0.70
  9  20 0.62
  9  21 0.52
  9  22 0.74
 10   1 0.69
 10   2 0.55
 10   3 0.39
 10   4 0.27
 10   5 0.79
 10   6 0.52
 10   7 0.58
 10   8 0.62
 10   9 0.66
 10  10 0.84
 10  11 0.66
 10  12 0.34
 10  13 0.36
 10  14 0.50
 10  15 0.65
 10  16 0.69
 10  17 0.41
 10  18 0.52
 10  19 0.59
 10  20 0.48
 10  21 0.59
 10  22 0.73
 11   1 0.75
 11   2 0.71
 11   3 0.23
 11   4 0.19
 11   5 0.74
 11   6 0.70
 11   7 0.59
 11   8 0.85
 11   9 0.75
 11  10 0.77
 11  11 0.91
 11  12 0.62
 11  13 0.59
 11  14 0.70
 11  15 0.73
 11  16 0.85
 11  17 0.70
 11  18 0.73
 11  19 0.67
 11  20 0.67
 11  21 0.66
 11  22 0.80
 12   1 0.49
 12   2 0.56
 12   3 0.08
 12   4 0.04
 12   5 0.44
 12   6 0.61
 12   7 0.36
 12   8 0.62
 12   9 0.57
 12  10 0.48
 12  11 0.62
 12  12 0.91
 12  13 0.72
 12  14 0.66
 12  15 0.55
 12  16 0.68
 12  17 0.78
 12  18 0.63
 12  19 0.49
 12  20 0.70
 12  21 0.41
 12  22 0.56
 13   1 0.61
 13   2 0.66
 13   3 0.08
 13   4 0.09
 13   5 0.45
 13   6 0.73
 13   7 0.38
 13   8 0.63
 13   9 0.62
 13  10 0.57
 13  11 0.66
 13  12 0.79
 13  13 0.88
 13  14 0.69
 13  15 0.58
 13  16 0.66
 13  17 0.74
 13  18 0.73
 13  19 0.52
 13  20 0.75
 13  21 0.46
 13  22 0.58
 14   1 0.57
 14   2 0.48
 14   3 0.18
 14   4 0.11
 14   5 0.54
 14   6 0.55
 14   7 0.36
 14   8 0.64
 14   9 0.57
 14  10 0.50
 14  11 0.55
 14  12 0.52
 14  13 0.51
 14  14 0.91
 14  15 0.54
 14  16 0.63
 14  17 0.61
 14  18 0.52
 14  19 0.53
 14  20 0.65
 14  21 0.38
 14  22 0.55
 15   1 0.77
 15   2 0.63
 15   3 0.31
 15   4 0.26
 15   5 0.65
 15   6 0.68
 15   7 0.45
 15   8 0.71
 15   9 0.73
 15  10 0.74
 15  11 0.71
 15  12 0.55
 15  13 0.54
 15  14 0.60
 15  15 0.84
 15  16 0.78
 15  17 0.63
 15  18 0.73
 15  19 0.61
 15  20 0.59
 15  21 0.65
 15  22 0.77
 16   1 0.73
 16   2 0.58
 16   3 0.26
 16   4 0.16
 16   5 0.72
 16   6 0.67
 16   7 0.46
 16   8 0.81
 16   9 0.73
 16  10 0.61
 16  11 0.71
 16  12 0.55
 16  13 0.46
 16  14 0.74
 16  15 0.76
 16  16 0.92
 16  17 0.73
 16  18 0.63
 16  19 0.74
 16  20 0.70
 16  21 0.48
 16  22 0.76
 17   1 0.62
 17   2 0.51
 17   3 0.20
 17   4 0.09
 17   5 0.65
 17   6 0.62
 17   7 0.41
 17   8 0.72
 17   9 0.63
 17  10 0.55
 17  11 0.65
 17  12 0.59
 17  13 0.51
 17  14 0.76
 17  15 0.60
 17  16 0.74
 17  17 0.82
 17  18 0.58
 17  19 0.60
 17  20 0.69
 17  21 0.38
 17  22 0.67
 18   1 0.74
 18   2 0.54
 18   3 0.16
 18   4 0.16
 18   5 0.57
 18   6 0.72
 18   7 0.41
 18   8 0.77
 18   9 0.74
 18  10 0.58
 18  11 0.67
 18  12 0.57
 18  13 0.50
 18  14 0.71
 18  15 0.72
 18  16 0.80
 18  17 0.67
 18  18 0.80
 18  19 0.69
 18  20 0.59
 18  21 0.53
 18  22 0.69
 19   1 0.70
 19   2 0.53
 19   3 0.28
 19   4 0.27
 19   5 0.70
 19   6 0.63
 19   7 0.43
 19   8 0.68
 19   9 0.72
 19  10 0.57
 19  11 0.56
 19  12 0.38
 19  13 0.31
 19  14 0.60
 19  15 0.69
 19  16 0.76
 19  17 0.52
 19  18 0.53
 19  19 0.86
 19  20 0.62
 19  21 0.50
 19  22 0.63
 20   1 0.63
 20   2 0.49
 20   3 0.26
 20   4 0.19
 20   5 0.61
 20   6 0.63
 20   7 0.36
 20   8 0.61
 20   9 0.64
 20  10 0.52
 20  11 0.53
 20  12 0.44
 20  13 0.42
 20  14 0.69
 20  15 0.63
 20  16 0.71
 20  17 0.58
 20  18 0.54
 20  19 0.70
 20  20 0.73
 20  21 0.42
 20  22 0.62
 21   1 0.71
 21   2 0.73
 21   3 0.22
 21   4 0.19
 21   5 0.64
 21   6 0.73
 21   7 0.57
 21   8 0.66
 21   9 0.75
 21  10 0.80
 21  11 0.78
 21  12 0.65
 21  13 0.66
 21  14 0.53
 21  15 0.73
 21  16 0.75
 21  17 0.58
 21  18 0.80
 21  19 0.58
 21  20 0.60
 21  21 0.83
 21  22 0.75
 22   1 0.66
 22   2 0.53
 22   3 0.27
 22   4 0.20
 22   5 0.73
 22   6 0.54
 22   7 0.52
 22   8 0.56
 22   9 0.66
 22  10 0.71
 22  11 0.63
 22  12 0.43
 22  13 0.47
 22  14 0.53
 22  15 0.65
 22  16 0.69
 22  17 0.47
 22  18 0.59
 22  19 0.59
 22  20 0.53
 22  21 0.52
 22  22 0.77
  1   1 0.90
  1   2 0.66
  1   3 0.29
  1   4 0.24
  1   5 0.74
  1   6 0.67
  1   7 0.52
  1   8 0.73
  1   9 0.71
  1  10 0.74
  1  11 0.70
  1  12 0.44
  1  13 0.45
  1  14 0.61
  1  15 0.70
  1  16 0.77
  1  17 0.59
  1  18 0.70
  1  19 0.71
  1  20 0.58
  1  21 0.57
  1  22 0.76
  2   1 0.81
  2   2 0.87
  2   3 0.24
  2   4 0.22
  2   5 0.75
  2   6 0.75
  2   7 0.64
  2   8 0.78
  2   9 0.73
  2  10 0.81
  2  11 0.81
  2  12 0.56
  2  13 0.59
  2  14 0.65
  2  15 0.69
  2  16 0.80
  2  17 0.64
  2  18 0.69
  2  19 0.64
  2  20 0.66
  2  21 0.61
  2  22 0.79
  3   1 0.56
  3   2 0.30
  3   3 0.38
  3   4 0.25
  3   5 0.54
  3   6 0.35
  3   7 0.30
  3   8 0.47
  3   9 0.52
  3  10 0.49
  3  11 0.38
  3  12 0.16
  3  13 0.13
  3  14 0.40
  3  15 0.63
  3  16 0.55
  3  17 0.29
  3  18 0.35
  3  19 0.49
  3  20 0.35
  3  21 0.41
  3  22 0.52
  4   1 0.66
  4   2 0.55
  4   3 0.32
  4   4 0.48
  4   5 0.61
  4   6 0.57
  4   7 0.42
  4   8 0.55
  4   9 0.67
  4  10 0.68
  4  11 0.53
  4  12 0.32
  4  13 0.32
  4  14 0.39
  4  15 0.64
  4  16 0.63
  4  17 0.35
  4  18 0.58
  4  19 0.61
  4  20 0.41
  4  21 0.64
  4  22 0.59
  5   1 0.71
  5   2 0.61
  5   3 0.28
  5   4 0.26
  5   5 0.92
  5   6 0.56
  5   7 0.62
  5   8 0.66
  5   9 0.73
  5  10 0.76
  5  11 0.72
  5  12 0.39
  5  13 0.38
  5  14 0.53
  5  15 0.64
  5  16 0.75
  5  17 0.47
  5  18 0.57
  5  19 0.69
  5  20 0.52
  5  21 0.58
  5  22 0.76
  6   1 0.80
  6   2 0.75
  6   3 0.18
  6   4 0.18
  6   5 0.69
  6   6 0.90
  6   7 0.53
  6   8 0.79
  6   9 0.86
  6  10 0.72
  6  11 0.78
  6  12 0.59
  6  13 0.58
  6  14 0.67
  6  15 0.79
  6  16 0.87
  6  17 0.73
  6  18 0.82
  6  19 0.76
  6  20 0.68
  6  21 0.68
  6  22 0.78
  7   1 0.57
  7   2 0.51
  7   3 0.26
  7   4 0.11
  7   5 0.73
  7   6 0.45
  7   7 0.74
  7   8 0.58
  7   9 0.53
  7  10 0.66
  7  11 0.64
  7  12 0.31
  7  13 0.30
  7  14 0.48
  7  15 0.45
  7  16 0.59
  7  17 0.45
  7  18 0.38
  7  19 0.46
  7  20 0.42
  7  21 0.37
  7  22 0.68
  8   1 0.67
  8   2 0.56
  8   3 0.19
  8   4 0.17
  8   5 0.71
  8   6 0.58
  8   7 0.47
  8   8 0.88
  8   9 0.69
  8  10 0.59
  8  11 0.68
  8  12 0.45
  8  13 0.40
  8  14 0.74
  8  15 0.69
  8  16 0.77
  8  17 0.60
  8  18 0.59
  8  19 0.65
  8  20 0.55
  8  21 0.50
  8  22 0.71
  9   1 0.72
  9   2 0.57
  9   3 0.28
  9   4 0.20
  9   5 0.77
  9   6 0.64
  9   7 0.44
  9   8 0.72
  9   9 0.78
  9  10 0.65
  9  11 0.65
  9  12 0.47
  9  13 0.42
  9  14 0.74
  9  15 0.72
  9  16 0.80
  9  17 0.62
  9  18 0.62
  9  19 0.70
  9  20 0.62
  9  21 0.52
  9  22 0.74
 10   1 0.69
 10   2 0.55
 10   3 0.39
 10   4 0.27
 10   5 0.79
 10   6 0.52
 10   7 0.58
 10   8 0.62
 10   9 0.66
 10  10 0.84
 10  11 0.66
 10  12 0.34
 10  13 0.36
 10  14 0.50
 10  15 0.65
 10  16 0.69
 10  17 0.41
 10  18 0.52
 10  19 0.59
 10  20 0.48
 10  21 0.59
 10  22 0.73
 11   1 0.75
 11   2 0.71
 11   3 0.23
 11   4 0.19
 11   5 0.74
 11   6 0.70
 11   7 0.59
 11   8 0.85
 11   9 0.75
 11  10 0.77
 11  11 0.91
 11  12 0.62
 11  13 0.59
 11  14 0.70
 11  15 0.73
 11  16 0.85
 11  17 0.70
 11  18 0.73
 11  19 0.67
 11  20 0.67
 11  21 0.66
 11  22 0.80
 12   1 0.49
 12   2 0.56
 12   3 0.08
 12   4 0.04
 12   5 0.44
 12   6 0.61
 12   7 0.36
 12   8 0.62
 12   9 0.57
 12  10 0.48
 12  11 0.62
 12  12 0.91
 12  13 0.72
 12  14 0.66
 12  15 0.55
 12  16 0.68
 12  17 0.78
 12  18 0.63
 12  19 0.49
 12  20 0.70
 12  21 0.41
 12  22 0.56
 13   1 0.61
 13   2 0.66
 13   3 0.08
 13   4 0.09
 13   5 0.45
 13   6 0.73
 13   7 0.38
 13   8 0.63
 13   9 0.62
 13  10 0.57
 13  11 0.66
 13  12 0.79
 13  13 0.88
 13  14 0.69
 13  15 0.58
 13  16 0.66
 13  17 0.74
 13  18 0.73
 13  19 0.52
 13  20 0.75
 13  21 0.46
 13  22 0.58
 14   1 0.57
 14   2 0.48
 14   3 0.18
 14   4 0.11
 14   5 0.54
 14   6 0.55
 14   7 0.36
 14   8 0.64
 14   9 0.57
 14  10 0.50
 14  11 0.55
 14  12 0.52
 14  13 0.51
 14  14 0.91
 14  15 0.54
 14  16 0.63
 14  17 0.61
 14  18 0.52
 14  19 0.53
 14  20 0.65
 14  21 0.38
 14  22 0.55
 15   1 0.77
 15   2 0.63
 15   3 0.31
 15   4 0.26
 15   5 0.65
 15   6 0.68
 15   7 0.45
 15   8 0.71
 15   9 0.73
 15  10 0.74
 15  11 0.71
 15  12 0.55
 15  13 0.54
 15  14 0.60
 15  15 0.84
 15  16 0.78
 15  17 0.63
 15  18 0.73
 15  19 0.61
 15  20 0.59
 15  21 0.65
 15  22 0.77
 16   1 0.73
 16   2 0.58
 16   3 0.26
 16   4 0.16
 16   5 0.72
 16   6 0.67
 16   7 0.46
 16   8 0.81
 16   9 0.73
 16  10 0.61
 16  11 0.71
 16  12 0.55
 16  13 0.46
 16  14 0.74
 16  15 0.76
 16  16 0.92
 16  17 0.73
 16  18 0.63
 16  19 0.74
 16  20 0.70
 16  21 0.48
 16  22 0.76
 17   1 0.62
 17   2 0.51
 17   3 0.20
 17   4 0.09
 17   5 0.65
 17   6 0.62
 17   7 0.41
 17   8 0.72
 17   9 0.63
 17  10 0.55
 17  11 0.65
 17  12 0.59
 17  13 0.51
 17  14 0.76
 17  15 0.60
 17  16 0.74
 17  17 0.82
 17  18 0.58
 17  19 0.60
 17  20 0.69
 17  21 0.38
 17  22 0.67
 18   1 0.74
 18   2 0.54
 18   3 0.16
 18   4 0.16
 18   5 0.57
 18   6 0.72
 18   7 0.41
 18   8 0.77
 18   9 0.74
 18  10 0.58
 18  11 0.67
 18  12 0.57
 18  13 0.50
 18  14 0.71
 18  15 0.72
 18  16 0.80
 18  17 0.67
 18  18 0.80
 18  19 0.69
 18  20 0.59
 18  21 0.53
 18  22 0.69
 19   1 0.70
 19   2 0.53
 19   3 0.28
 19   4 0.27
 19   5 0.70
 19   6 0.63
 19   7 0.43
 19   8 0.68
 19   9 0.72
 19  10 0.57
 19  11 0.56
 19  12 0.38
 19  13 0.31
 19  14 0.60
 19  15 0.69
 19  16 0.76
 19  17 0.52
 19  18 0.53
 19  19 0.86
 19  20 0.62
 19  21 0.50
 19  22 0.63
 20   1 0.63
 20   2 0.49
 20   3 0.26
 20   4 0.19
 20   5 0.61
 20   6 0.63
 20   7 0.36
 20   8 0.61
 20   9 0.64
 20  10 0.52
 20  11 0.53
 20  12 0.44
 20  13 0.42
 20  14 0.69
 20  15 0.63
 20  16 0.71
 20  17 0.58
 20  18 0.54
 20  19 0.70
 20  20 0.73
 20  21 0.42
 20  22 0.62
 21   1 0.71
 21   2 0.73
 21   3 0.22
 21   4 0.19
 21   5 0.64
 21   6 0.73
 21   7 0.57
 21   8 0.66
 21   9 0.75
 21  10 0.80
 21  11 0.78
 21  12 0.65
 21  13 0.66
 21  14 0.53
 21  15 0.73
 21  16 0.75
 21  17 0.58
 21  18 0.80
 21  19 0.58
 21  20 0.60
 21  21 0.83
 21  22 0.75
 22   1 0.66
 22   2 0.53
 22   3 0.27
 22   4 0.20
 22   5 0.73
 22   6 0.54
 22   7 0.52
 22   8 0.56
 22   9 0.66
 22  10 0.71
 22  11 0.63
 22  12 0.43
 22  13 0.47
 22  14 0.53
 22  15 0.65
 22  16 0.69
 22  17 0.47
 22  18 0.59
 22  19 0.59
 22  20 0.53
 22  21 0.52
 22  22 0.77
