  1   1 0.90
  1   2 0.42
  1   3 0.33
  1   4 0.39
  1   5 0.52
  1   6 0.30
  1   7 0.33
  1   8 0.53
  1   9 0.44
  1  10 0.42
  1  11 0.21
  1  12 0.42
  1  13 0.41
  1  14 0.62
  1  15 0.44
  1  16 0.29
  1  17 0.35
  1  18 0.28
  1  19 0.43
  1  20 0.48
  1  21 0.27
  1  22 0.51
  2   1 0.46
  2   2 0.84
  2   3 0.41
  2   4 0.45
  2   5 0.57
  2   6 0.47
  2   7 0.52
  2   8 0.63
  2   9 0.37
  2  10 0.52
  2  11 0.50
  2  12 0.55
  2  13 0.71
  2  14 0.56
  2  15 0.53
  2  16 0.44
  2  17 0.46
  2  18 0.62
  2  19 0.53
  2  20 0.55
  2  21 0.38
  2  22 0.46
  3   1 0.48
  3   2 0.35
  3   3 0.85
  3   4 0.42
  3   5 0.56
  3   6 0.53
  3   7 0.45
  3   8 0.44
  3   9 0.26
  3  10 0.38
  3  11 0.52
  3  12 0.56
  3  13 0.53
  3  14 0.53
  3  15 0.45
  3  16 0.46
  3  17 0.40
  3  18 0.28
  3  19 0.36
  3  20 0.53
  3  21 0.38
  3  22 0.36
  4   1 0.32
  4   2 0.32
  4   3 0.23
  4   4 0.74
  4   5 0.44
  4   6 0.47
  4   7 0.42
  4   8 0.41
  4   9 0.23
  4  10 0.52
  4  11 0.40
  4  12 0.51
  4  13 0.41
  4  14 0.48
  4  15 0.60
  4  16 0.42
  4  17 0.43
  4  18 0.42
  4  19 0.53
  4  20 0.49
  4  21 0.40
  4  22 0.48
  5   1 0.56
  5   2 0.46
  5   3 0.42
  5   4 0.54
  5   5 0.91
  5   6 0.63
  5   7 0.57
  5   8 0.64
  5   9 0.44
  5  10 0.61
  5  11 0.39
  5  12 0.71
  5  13 0.60
  5  14 0.64
  5  15 0.73
  5  16 0.60
  5  17 0.57
  5  18 0.35
  5  19 0.58
  5  20 0.64
  5  21 0.58
  5  22 0.71
  6   1 0.38
  6   2 0.40
  6   3 0.43
  6   4 0.49
  6   5 0.60
  6   6 0.96
  6   7 0.55
  6   8 0.46
  6   9 0.29
  6  10 0.56
  6  11 0.42
  6  12 0.66
  6  13 0.53
  6  14 0.52
  6  15 0.58
  6  16 0.53
  6  17 0.54
  6  18 0.34
  6  19 0.57
  6  20 0.61
  6  21 0.59
  6  22 0.57
  7   1 0.50
  7   2 0.60
  7   3 0.51
  7   4 0.54
  7   5 0.59
  7   6 0.62
  7   7 0.92
  7   8 0.63
  7   9 0.33
  7  10 0.59
  7  11 0.44
  7  12 0.58
  7  13 0.61
  7  14 0.64
  7  15 0.60
  7  16 0.65
  7  17 0.58
  7  18 0.50
  7  19 0.58
  7  20 0.53
  7  21 0.41
  7  22 0.50
  8   1 0.58
  8   2 0.56
  8   3 0.44
  8   4 0.57
  8   5 0.67
  8   6 0.51
  8   7 0.55
  8   8 0.91
  8   9 0.43
  8  10 0.56
  8  11 0.41
  8  12 0.58
  8  13 0.53
  8  14 0.69
  8  15 0.66
  8  16 0.57
  8  17 0.62
  8  18 0.44
  8  19 0.62
  8  20 0.63
  8  21 0.46
  8  22 0.62
  9   1 0.50
  9   2 0.37
  9   3 0.23
  9   4 0.39
  9   5 0.58
  9   6 0.37
  9   7 0.42
  9   8 0.57
  9   9 0.70
  9  10 0.48
  9  11 0.28
  9  12 0.46
  9  13 0.39
  9  14 0.48
  9  15 0.50
  9  16 0.41
  9  17 0.58
  9  18 0.29
  9  19 0.41
  9  20 0.48
  9  21 0.39
  9  22 0.55
 10   1 0.47
 10   2 0.48
 10   3 0.35
 10   4 0.44
 10   5 0.59
 10   6 0.58
 10   7 0.54
 10   8 0.53
 10   9 0.29
 10  10 0.93
 10  11 0.34
 10  12 0.54
 10  13 0.58
 10  14 0.59
 10  15 0.59
 10  16 0.40
 10  17 0.45
 10  18 0.37
 10  19 0.52
 10  20 0.56
 10  21 0.42
 10  22 0.55
 11   1 0.31
 11   2 0.36
 11   3 0.43
 11   4 0.43
 11   5 0.43
 11   6 0.49
 11   7 0.42
 11   8 0.38
 11   9 0.24
 11  10 0.42
 11  11 0.84
 11  12 0.57
 11  13 0.52
 11  14 0.39
 11  15 0.48
 11  16 0.38
 11  17 0.36
 11  18 0.48
 11  19 0.48
 11  20 0.53
 11  21 0.46
 11  22 0.41
 12   1 0.46
 12   2 0.42
 12   3 0.46
 12   4 0.58
 12   5 0.67
 12   6 0.71
 12   7 0.57
 12   8 0.52
 12   9 0.34
 12  10 0.57
 12  11 0.49
 12  12 0.88
 12  13 0.60
 12  14 0.56
 12  15 0.68
 12  16 0.63
 12  17 0.64
 12  18 0.42
 12  19 0.62
 12  20 0.63
 12  21 0.57
 12  22 0.60
 13   1 0.54
 13   2 0.61
 13   3 0.46
 13   4 0.50
 13   5 0.73
 13   6 0.59
 13   7 0.56
 13   8 0.59
 13   9 0.38
 13  10 0.58
 13  11 0.48
 13  12 0.70
 13  13 0.90
 13  14 0.65
 13  15 0.65
 13  16 0.54
 13  17 0.46
 13  18 0.53
 13  19 0.58
 13  20 0.66
 13  21 0.48
 13  22 0.67
 14   1 0.69
 14   2 0.64
 14   3 0.51
 14   4 0.59
 14   5 0.68
 14   6 0.57
 14   7 0.63
 14   8 0.68
 14   9 0.50
 14  10 0.66
 14  11 0.41
 14  12 0.63
 14  13 0.60
 14  14 0.90
 14  15 0.67
 14  16 0.50
 14  17 0.58
 14  18 0.41
 14  19 0.56
 14  20 0.64
 14  21 0.47
 14  22 0.61
 15   1 0.52
 15   2 0.51
 15   3 0.42
 15   4 0.63
 15   5 0.71
 15   6 0.56
 15   7 0.56
 15   8 0.62
 15   9 0.38
 15  10 0.58
 15  11 0.42
 15  12 0.69
 15  13 0.60
 15  14 0.66
 15  15 0.93
 15  16 0.56
 15  17 0.60
 15  18 0.49
 15  19 0.63
 15  20 0.67
 15  21 0.58
 15  22 0.67
 16   1 0.37
 16   2 0.49
 16   3 0.43
 16   4 0.39
 16   5 0.65
 16   6 0.58
 16   7 0.59
 16   8 0.59
 16   9 0.33
 16  10 0.36
 16  11 0.33
 16  12 0.64
 16  13 0.47
 16  14 0.46
 16  15 0.51
 16  16 0.82
 16  17 0.57
 16  18 0.35
 16  19 0.49
 16  20 0.43
 16  21 0.49
 16  22 0.48
 17   1 0.44
 17   2 0.48
 17   3 0.36
 17   4 0.41
 17   5 0.58
 17   6 0.50
 17   7 0.60
 17   8 0.58
 17   9 0.42
 17  10 0.34
 17  11 0.30
 17  12 0.55
 17  13 0.41
 17  14 0.50
 17  15 0.53
 17  16 0.56
 17  17 0.82
 17  18 0.33
 17  19 0.41
 17  20 0.46
 17  21 0.44
 17  22 0.47
 18   1 0.34
 18   2 0.59
 18   3 0.28
 18   4 0.44
 18   5 0.42
 18   6 0.40
 18   7 0.49
 18   8 0.48
 18   9 0.26
 18  10 0.38
 18  11 0.38
 18  12 0.49
 18  13 0.53
 18  14 0.45
 18  15 0.51
 18  16 0.43
 18  17 0.38
 18  18 0.94
 18  19 0.58
 18  20 0.51
 18  21 0.38
 18  22 0.44
 19   1 0.47
 19   2 0.49
 19   3 0.39
 19   4 0.55
 19   5 0.60
 19   6 0.60
 19   7 0.55
 19   8 0.59
 19   9 0.33
 19  10 0.58
 19  11 0.43
 19  12 0.68
 19  13 0.57
 19  14 0.56
 19  15 0.67
 19  16 0.56
 19  17 0.52
 19  18 0.57
 19  19 0.90
 19  20 0.64
 19  21 0.58
 19  22 0.59
 20   1 0.52
 20   2 0.44
 20   3 0.38
 20   4 0.44
 20   5 0.63
 20   6 0.55
 20   7 0.44
 20   8 0.50
 20   9 0.36
 20  10 0.56
 20  11 0.40
 20  12 0.60
 20  13 0.60
 20  14 0.57
 20  15 0.63
 20  16 0.39
 20  17 0.41
 20  18 0.52
 20  19 0.58
 20  20 0.88
 20  21 0.50
 20  22 0.66
 21   1 0.32
 21   2 0.34
 21   3 0.32
 21   4 0.54
 21   5 0.59
 21   6 0.62
 21   7 0.44
 21   8 0.47
 21   9 0.33
 21  10 0.48
 21  11 0.38
 21  12 0.68
 21  13 0.46
 21  14 0.47
 21  15 0.60
 21  16 0.53
 21  17 0.55
 21  18 0.36
 21  19 0.62
 21  20 0.55
 21  21 0.94
 21  22 0.65
 22   1 0.51
 22   2 0.40
 22   3 0.30
 22   4 0.48
 22   5 0.65
 22   6 0.54
 22   7 0.47
 22   8 0.53
 22   9 0.42
 22  10 0.54
 22  11 0.30
 22  12 0.55
 22  13 0.55
 22  14 0.61
 22  15 0.65
 22  16 0.50
 22  17 0.58
 22  18 0.39
 22  19 0.53
 22  20 0.60
 22  21 0.59
 22  22 0.91
  1   1 0.90
  1   2 0.41
  1   3 0.33
  1   4 0.39
  1   5 0.52
  1   6 0.29
  1   7 0.33
  1   8 0.53
  1   9 0.44
  1  10 0.41
  1  11 0.21
  1  12 0.42
  1  13 0.41
  1  14 0.61
  1  15 0.43
  1  16 0.29
  1  17 0.35
  1  18 0.28
  1  19 0.42
  1  20 0.47
  1  21 0.27
  1  22 0.51
  2   1 0.46
  2   2 0.84
  2   3 0.41
  2   4 0.45
  2   5 0.56
  2   6 0.46
  2   7 0.52
  2   8 0.63
  2   9 0.37
  2  10 0.52
  2  11 0.50
  2  12 0.55
  2  13 0.71
  2  14 0.56
  2  15 0.53
  2  16 0.43
  2  17 0.46
  2  18 0.61
  2  19 0.52
  2  20 0.55
  2  21 0.38
  2  22 0.45
  3   1 0.48
  3   2 0.35
  3   3 0.85
  3   4 0.42
  3   5 0.56
  3   6 0.52
  3   7 0.45
  3   8 0.44
  3   9 0.26
  3  10 0.38
  3  11 0.51
  3  12 0.56
  3  13 0.53
  3  14 0.53
  3  15 0.45
  3  16 0.46
  3  17 0.40
  3  18 0.27
  3  19 0.36
  3  20 0.52
  3  21 0.37
  3  22 0.36
  4   1 0.31
  4   2 0.32
  4   3 0.23
  4   4 0.74
  4   5 0.44
  4   6 0.47
  4   7 0.42
  4   8 0.40
  4   9 0.23
  4  10 0.51
  4  11 0.40
  4  12 0.51
  4  13 0.41
  4  14 0.48
  4  15 0.60
  4  16 0.42
  4  17 0.43
  4  18 0.42
  4  19 0.53
  4  20 0.48
  4  21 0.40
  4  22 0.47
  5   1 0.55
  5   2 0.46
  5   3 0.41
  5   4 0.54
  5   5 0.91
  5   6 0.62
  5   7 0.57
  5   8 0.63
  5   9 0.44
  5  10 0.61
  5  11 0.39
  5  12 0.70
  5  13 0.60
  5  14 0.64
  5  15 0.73
  5  16 0.59
  5  17 0.57
  5  18 0.35
  5  19 0.57
  5  20 0.64
  5  21 0.58
  5  22 0.71
  6   1 0.37
  6   2 0.39
  6   3 0.43
  6   4 0.49
  6   5 0.60
  6   6 0.95
  6   7 0.55
  6   8 0.46
  6   9 0.29
  6  10 0.56
  6  11 0.42
  6  12 0.66
  6  13 0.53
  6  14 0.52
  6  15 0.57
  6  16 0.52
  6  17 0.54
  6  18 0.33
  6  19 0.57
  6  20 0.61
  6  21 0.59
  6  22 0.57
  7   1 0.50
  7   2 0.60
  7   3 0.51
  7   4 0.54
  7   5 0.59
  7   6 0.61
  7   7 0.92
  7   8 0.63
  7   9 0.32
  7  10 0.59
  7  11 0.44
  7  12 0.57
  7  13 0.61
  7  14 0.64
  7  15 0.60
  7  16 0.65
  7  17 0.58
  7  18 0.50
  7  19 0.58
  7  20 0.52
  7  21 0.41
  7  22 0.50
  8   1 0.58
  8   2 0.56
  8   3 0.44
  8   4 0.56
  8   5 0.67
  8   6 0.51
  8   7 0.55
  8   8 0.91
  8   9 0.43
  8  10 0.56
  8  11 0.41
  8  12 0.58
  8  13 0.52
  8  14 0.69
  8  15 0.66
  8  16 0.57
  8  17 0.61
  8  18 0.44
  8  19 0.61
  8  20 0.63
  8  21 0.46
  8  22 0.61
  9   1 0.50
  9   2 0.37
  9   3 0.23
  9   4 0.38
  9   5 0.58
  9   6 0.37
  9   7 0.41
  9   8 0.56
  9   9 0.70
  9  10 0.47
  9  11 0.28
  9  12 0.45
  9  13 0.39
  9  14 0.48
  9  15 0.49
  9  16 0.41
  9  17 0.58
  9  18 0.29
  9  19 0.41
  9  20 0.48
  9  21 0.39
  9  22 0.54
 10   1 0.47
 10   2 0.47
 10   3 0.34
 10   4 0.44
 10   5 0.58
 10   6 0.57
 10   7 0.54
 10   8 0.53
 10   9 0.28
 10  10 0.93
 10  11 0.33
 10  12 0.53
 10  13 0.58
 10  14 0.59
 10  15 0.58
 10  16 0.40
 10  17 0.45
 10  18 0.36
 10  19 0.52
 10  20 0.56
 10  21 0.42
 10  22 0.55
 11   1 0.31
 11   2 0.35
 11   3 0.43
 11   4 0.42
 11   5 0.43
 11   6 0.49
 11   7 0.42
 11   8 0.37
 11   9 0.24
 11  10 0.42
 11  11 0.84
 11  12 0.57
 11  13 0.51
 11  14 0.39
 11  15 0.48
 11  16 0.37
 11  17 0.36
 11  18 0.47
 11  19 0.47
 11  20 0.53
 11  21 0.45
 11  22 0.41
 12   1 0.46
 12   2 0.42
 12   3 0.46
 12   4 0.58
 12   5 0.66
 12   6 0.70
 12   7 0.57
 12   8 0.51
 12   9 0.34
 12  10 0.56
 12  11 0.48
 12  12 0.88
 12  13 0.59
 12  14 0.55
 12  15 0.67
 12  16 0.63
 12  17 0.63
 12  18 0.42
 12  19 0.61
 12  20 0.63
 12  21 0.57
 12  22 0.59
 13   1 0.53
 13   2 0.60
 13   3 0.46
 13   4 0.50
 13   5 0.73
 13   6 0.58
 13   7 0.56
 13   8 0.59
 13   9 0.37
 13  10 0.58
 13  11 0.48
 13  12 0.70
 13  13 0.90
 13  14 0.65
 13  15 0.65
 13  16 0.54
 13  17 0.46
 13  18 0.53
 13  19 0.58
 13  20 0.65
 13  21 0.48
 13  22 0.66
 14   1 0.69
 14   2 0.64
 14   3 0.51
 14   4 0.59
 14   5 0.68
 14   6 0.57
 14   7 0.63
 14   8 0.68
 14   9 0.50
 14  10 0.66
 14  11 0.40
 14  12 0.62
 14  13 0.60
 14  14 0.90
 14  15 0.66
 14  16 0.49
 14  17 0.58
 14  18 0.41
 14  19 0.56
 14  20 0.63
 14  21 0.47
 14  22 0.60
 15   1 0.52
 15   2 0.51
 15   3 0.42
 15   4 0.63
 15   5 0.71
 15   6 0.55
 15   7 0.56
 15   8 0.61
 15   9 0.38
 15  10 0.58
 15  11 0.41
 15  12 0.68
 15  13 0.60
 15  14 0.66
 15  15 0.93
 15  16 0.56
 15  17 0.60
 15  18 0.49
 15  19 0.63
 15  20 0.67
 15  21 0.57
 15  22 0.67
 16   1 0.36
 16   2 0.49
 16   3 0.43
 16   4 0.39
 16   5 0.65
 16   6 0.57
 16   7 0.59
 16   8 0.59
 16   9 0.33
 16  10 0.36
 16  11 0.33
 16  12 0.64
 16  13 0.47
 16  14 0.45
 16  15 0.51
 16  16 0.82
 16  17 0.57
 16  18 0.34
 16  19 0.49
 16  20 0.42
 16  21 0.49
 16  22 0.47
 17   1 0.44
 17   2 0.47
 17   3 0.36
 17   4 0.41
 17   5 0.57
 17   6 0.50
 17   7 0.60
 17   8 0.58
 17   9 0.42
 17  10 0.34
 17  11 0.30
 17  12 0.55
 17  13 0.40
 17  14 0.49
 17  15 0.52
 17  16 0.56
 17  17 0.82
 17  18 0.32
 17  19 0.41
 17  20 0.45
 17  21 0.43
 17  22 0.46
 18   1 0.33
 18   2 0.59
 18   3 0.28
 18   4 0.43
 18   5 0.42
 18   6 0.39
 18   7 0.49
 18   8 0.48
 18   9 0.26
 18  10 0.37
 18  11 0.37
 18  12 0.49
 18  13 0.53
 18  14 0.44
 18  15 0.51
 18  16 0.43
 18  17 0.38
 18  18 0.94
 18  19 0.57
 18  20 0.51
 18  21 0.37
 18  22 0.44
 19   1 0.47
 19   2 0.49
 19   3 0.39
 19   4 0.55
 19   5 0.60
 19   6 0.59
 19   7 0.55
 19   8 0.59
 19   9 0.32
 19  10 0.58
 19  11 0.42
 19  12 0.67
 19  13 0.57
 19  14 0.56
 19  15 0.67
 19  16 0.56
 19  17 0.52
 19  18 0.56
 19  19 0.90
 19  20 0.63
 19  21 0.58
 19  22 0.59
 20   1 0.51
 20   2 0.44
 20   3 0.37
 20   4 0.43
 20   5 0.62
 20   6 0.54
 20   7 0.44
 20   8 0.50
 20   9 0.36
 20  10 0.55
 20  11 0.40
 20  12 0.60
 20  13 0.60
 20  14 0.57
 20  15 0.62
 20  16 0.39
 20  17 0.41
 20  18 0.52
 20  19 0.58
 20  20 0.87
 20  21 0.50
 20  22 0.65
 21   1 0.32
 21   2 0.34
 21   3 0.32
 21   4 0.54
 21   5 0.58
 21   6 0.62
 21   7 0.44
 21   8 0.47
 21   9 0.33
 21  10 0.48
 21  11 0.38
 21  12 0.68
 21  13 0.46
 21  14 0.47
 21  15 0.60
 21  16 0.53
 21  17 0.54
 21  18 0.35
 21  19 0.62
 21  20 0.55
 21  21 0.94
 21  22 0.64
 22   1 0.50
 22   2 0.39
 22   3 0.29
 22   4 0.48
 22   5 0.65
 22   6 0.53
 22   7 0.47
 22   8 0.53
 22   9 0.42
 22  10 0.54
 22  11 0.29
 22  12 0.55
 22  13 0.54
 22  14 0.61
 22  15 0.65
 22  16 0.50
 22  17 0.58
 22  18 0.38
 22  19 0.52
 22  20 0.60
 22  21 0.58
 22  22 0.91
  1   1 0.90
  1   2 0.41
  1   3 0.33
  1   4 0.39
  1   5 0.52
  1   6 0.29
  1   7 0.33
  1   8 0.53
  1   9 0.44
  1  10 0.41
  1  11 0.21
  1  12 0.42
  1  13 0.41
  1  14 0.61
  1  15 0.43
  1  16 0.29
  1  17 0.35
  1  18 0.28
  1  19 0.42
  1  20 0.47
  1  21 0.27
  1  22 0.51
  2   1 0.46
  2   2 0.84
  2   3 0.41
  2   4 0.45
  2   5 0.56
  2   6 0.46
  2   7 0.52
  2   8 0.63
  2   9 0.37
  2  10 0.52
  2  11 0.50
  2  12 0.55
  2  13 0.71
  2  14 0.56
  2  15 0.53
  2  16 0.43
  2  17 0.46
  2  18 0.61
  2  19 0.52
  2  20 0.55
  2  21 0.38
  2  22 0.45
  3   1 0.48
  3   2 0.35
  3   3 0.85
  3   4 0.42
  3   5 0.56
  3   6 0.52
  3   7 0.45
  3   8 0.44
  3   9 0.26
  3  10 0.38
  3  11 0.51
  3  12 0.56
  3  13 0.53
  3  14 0.53
  3  15 0.45
  3  16 0.46
  3  17 0.40
  3  18 0.27
  3  19 0.36
  3  20 0.52
  3  21 0.37
  3  22 0.36
  4   1 0.31
  4   2 0.32
  4   3 0.23
  4   4 0.74
  4   5 0.44
  4   6 0.47
  4   7 0.42
  4   8 0.40
  4   9 0.23
  4  10 0.51
  4  11 0.40
  4  12 0.51
  4  13 0.41
  4  14 0.48
  4  15 0.60
  4  16 0.42
  4  17 0.43
  4  18 0.42
  4  19 0.53
  4  20 0.48
  4  21 0.40
  4  22 0.47
  5   1 0.55
  5   2 0.46
  5   3 0.41
  5   4 0.54
  5   5 0.91
  5   6 0.62
  5   7 0.57
  5   8 0.63
  5   9 0.44
  5  10 0.61
  5  11 0.39
  5  12 0.70
  5  13 0.60
  5  14 0.64
  5  15 0.73
  5  16 0.59
  5  17 0.57
  5  18 0.35
  5  19 0.57
  5  20 0.64
  5  21 0.58
  5  22 0.71
  6   1 0.37
  6   2 0.39
  6   3 0.43
  6   4 0.49
  6   5 0.60
  6   6 0.95
  6   7 0.55
  6   8 0.46
  6   9 0.29
  6  10 0.56
  6  11 0.42
  6  12 0.66
  6  13 0.53
  6  14 0.52
  6  15 0.57
  6  16 0.52
  6  17 0.54
  6  18 0.33
  6  19 0.57
  6  20 0.61
  6  21 0.59
  6  22 0.57
  7   1 0.50
  7   2 0.60
  7   3 0.51
  7   4 0.54
  7   5 0.59
  7   6 0.61
  7   7 0.92
  7   8 0.63
  7   9 0.32
  7  10 0.59
  7  11 0.44
  7  12 0.57
  7  13 0.61
  7  14 0.64
  7  15 0.60
  7  16 0.65
  7  17 0.58
  7  18 0.50
  7  19 0.58
  7  20 0.52
  7  21 0.41
  7  22 0.50
  8   1 0.58
  8   2 0.56
  8   3 0.44
  8   4 0.56
  8   5 0.67
  8   6 0.51
  8   7 0.55
  8   8 0.91
  8   9 0.43
  8  10 0.56
  8  11 0.41
  8  12 0.58
  8  13 0.52
  8  14 0.69
  8  15 0.66
  8  16 0.57
  8  17 0.61
  8  18 0.44
  8  19 0.61
  8  20 0.63
  8  21 0.46
  8  22 0.61
  9   1 0.50
  9   2 0.37
  9   3 0.23
  9   4 0.38
  9   5 0.58
  9   6 0.37
  9   7 0.41
  9   8 0.56
  9   9 0.70
  9  10 0.47
  9  11 0.28
  9  12 0.45
  9  13 0.39
  9  14 0.48
  9  15 0.49
  9  16 0.41
  9  17 0.58
  9  18 0.29
  9  19 0.41
  9  20 0.48
  9  21 0.39
  9  22 0.54
 10   1 0.47
 10   2 0.47
 10   3 0.34
 10   4 0.44
 10   5 0.58
 10   6 0.57
 10   7 0.54
 10   8 0.53
 10   9 0.28
 10  10 0.93
 10  11 0.33
 10  12 0.53
 10  13 0.58
 10  14 0.59
 10  15 0.58
 10  16 0.40
 10  17 0.45
 10  18 0.36
 10  19 0.52
 10  20 0.56
 10  21 0.42
 10  22 0.55
 11   1 0.31
 11   2 0.35
 11   3 0.43
 11   4 0.42
 11   5 0.43
 11   6 0.49
 11   7 0.42
 11   8 0.37
 11   9 0.24
 11  10 0.42
 11  11 0.84
 11  12 0.57
 11  13 0.51
 11  14 0.39
 11  15 0.48
 11  16 0.37
 11  17 0.36
 11  18 0.47
 11  19 0.47
 11  20 0.53
 11  21 0.45
 11  22 0.41
 12   1 0.46
 12   2 0.42
 12   3 0.46
 12   4 0.58
 12   5 0.66
 12   6 0.70
 12   7 0.57
 12   8 0.51
 12   9 0.34
 12  10 0.56
 12  11 0.48
 12  12 0.88
 12  13 0.59
 12  14 0.55
 12  15 0.67
 12  16 0.63
 12  17 0.63
 12  18 0.42
 12  19 0.61
 12  20 0.63
 12  21 0.57
 12  22 0.59
 13   1 0.53
 13   2 0.60
 13   3 0.46
 13   4 0.50
 13   5 0.73
 13   6 0.58
 13   7 0.56
 13   8 0.59
 13   9 0.37
 13  10 0.58
 13  11 0.48
 13  12 0.70
 13  13 0.90
 13  14 0.65
 13  15 0.65
 13  16 0.54
 13  17 0.46
 13  18 0.53
 13  19 0.58
 13  20 0.65
 13  21 0.48
 13  22 0.66
 14   1 0.69
 14   2 0.64
 14   3 0.51
 14   4 0.59
 14   5 0.68
 14   6 0.57
 14   7 0.63
 14   8 0.68
 14   9 0.50
 14  10 0.66
 14  11 0.40
 14  12 0.62
 14  13 0.60
 14  14 0.90
 14  15 0.66
 14  16 0.49
 14  17 0.58
 14  18 0.41
 14  19 0.56
 14  20 0.63
 14  21 0.47
 14  22 0.60
 15   1 0.52
 15   2 0.51
 15   3 0.42
 15   4 0.63
 15   5 0.71
 15   6 0.55
 15   7 0.56
 15   8 0.61
 15   9 0.38
 15  10 0.58
 15  11 0.41
 15  12 0.68
 15  13 0.60
 15  14 0.66
 15  15 0.93
 15  16 0.56
 15  17 0.60
 15  18 0.49
 15  19 0.63
 15  20 0.67
 15  21 0.57
 15  22 0.67
 16   1 0.36
 16   2 0.49
 16   3 0.43
 16   4 0.39
 16   5 0.65
 16   6 0.57
 16   7 0.59
 16   8 0.59
 16   9 0.33
 16  10 0.36
 16  11 0.33
 16  12 0.64
 16  13 0.47
 16  14 0.45
 16  15 0.51
 16  16 0.82
 16  17 0.57
 16  18 0.34
 16  19 0.49
 16  20 0.42
 16  21 0.49
 16  22 0.47
 17   1 0.44
 17   2 0.47
 17   3 0.36
 17   4 0.41
 17   5 0.57
 17   6 0.50
 17   7 0.60
 17   8 0.58
 17   9 0.42
 17  10 0.34
 17  11 0.30
 17  12 0.55
 17  13 0.40
 17  14 0.49
 17  15 0.52
 17  16 0.56
 17  17 0.82
 17  18 0.32
 17  19 0.41
 17  20 0.45
 17  21 0.43
 17  22 0.46
 18   1 0.33
 18   2 0.59
 18   3 0.28
 18   4 0.43
 18   5 0.42
 18   6 0.39
 18   7 0.49
 18   8 0.48
 18   9 0.26
 18  10 0.37
 18  11 0.37
 18  12 0.49
 18  13 0.53
 18  14 0.44
 18  15 0.51
 18  16 0.43
 18  17 0.38
 18  18 0.94
 18  19 0.57
 18  20 0.51
 18  21 0.37
 18  22 0.44
 19   1 0.47
 19   2 0.49
 19   3 0.39
 19   4 0.55
 19   5 0.60
 19   6 0.59
 19   7 0.55
 19   8 0.59
 19   9 0.32
 19  10 0.58
 19  11 0.42
 19  12 0.67
 19  13 0.57
 19  14 0.56
 19  15 0.67
 19  16 0.56
 19  17 0.52
 19  18 0.56
 19  19 0.90
 19  20 0.63
 19  21 0.58
 19  22 0.59
 20   1 0.51
 20   2 0.44
 20   3 0.37
 20   4 0.43
 20   5 0.62
 20   6 0.54
 20   7 0.44
 20   8 0.50
 20   9 0.36
 20  10 0.55
 20  11 0.40
 20  12 0.60
 20  13 0.60
 20  14 0.57
 20  15 0.62
 20  16 0.39
 20  17 0.41
 20  18 0.52
 20  19 0.58
 20  20 0.87
 20  21 0.50
 20  22 0.65
 21   1 0.32
 21   2 0.34
 21   3 0.32
 21   4 0.54
 21   5 0.58
 21   6 0.62
 21   7 0.44
 21   8 0.47
 21   9 0.33
 21  10 0.48
 21  11 0.38
 21  12 0.68
 21  13 0.46
 21  14 0.47
 21  15 0.60
 21  16 0.53
 21  17 0.54
 21  18 0.35
 21  19 0.62
 21  20 0.55
 21  21 0.94
 21  22 0.64
 22   1 0.50
 22   2 0.39
 22   3 0.29
 22   4 0.48
 22   5 0.65
 22   6 0.53
 22   7 0.47
 22   8 0.53
 22   9 0.42
 22  10 0.54
 22  11 0.29
 22  12 0.55
 22  13 0.54
 22  14 0.61
 22  15 0.65
 22  16 0.50
 22  17 0.58
 22  18 0.38
 22  19 0.52
 22  20 0.60
 22  21 0.58
 22  22 0.91
