  1   1 0.92
  1   2 0.62
  1   3 0.59
  1   4 0.53
  1   5 0.72
  1   6 0.65
  1   7 0.41
  1   8 0.59
  1   9 0.57
  1  10 0.63
  1  11 0.56
  1  12 0.53
  1  13 0.47
  1  14 0.68
  1  15 0.70
  1  16 0.61
  1  17 0.41
  1  18 0.54
  1  19 0.64
  1  20 0.43
  1  21 0.63
  1  22 0.48
  2   1 0.74
  2   2 0.87
  2   3 0.45
  2   4 0.47
  2   5 0.64
  2   6 0.68
  2   7 0.42
  2   8 0.53
  2   9 0.62
  2  10 0.52
  2  11 0.57
  2  12 0.48
  2  13 0.47
  2  14 0.68
  2  15 0.64
  2  16 0.54
  2  17 0.43
  2  18 0.49
  2  19 0.55
  2  20 0.40
  2  21 0.55
  2  22 0.42
  3   1 0.57
  3   2 0.44
  3   3 0.81
  3   4 0.40
  3   5 0.61
  3   6 0.51
  3   7 0.35
  3   8 0.48
  3   9 0.47
  3  10 0.68
  3  11 0.53
  3  12 0.45
  3  13 0.45
  3  14 0.57
  3  15 0.50
  3  16 0.54
  3  17 0.40
  3  18 0.48
  3  19 0.62
  3  20 0.37
  3  21 0.60
  3  22 0.50
  4   1 0.43
  4   2 0.35
  4   3 0.31
  4   4 0.59
  4   5 0.43
  4   6 0.47
  4   7 0.38
  4   8 0.47
  4   9 0.40
  4  10 0.52
  4  11 0.45
  4  12 0.53
  4  13 0.54
  4  14 0.48
  4  15 0.42
  4  16 0.54
  4  17 0.45
  4  18 0.45
  4  19 0.49
  4  20 0.49
  4  21 0.45
  4  22 0.45
  5   1 0.67
  5   2 0.55
  5   3 0.44
  5   4 0.48
  5   5 0.86
  5   6 0.64
  5   7 0.42
  5   8 0.59
  5   9 0.64
  5  10 0.61
  5  11 0.58
  5  12 0.48
  5  13 0.47
  5  14 0.69
  5  15 0.68
  5  16 0.58
  5  17 0.42
  5  18 0.54
  5  19 0.56
  5  20 0.43
  5  21 0.55
  5  22 0.51
  6   1 0.69
  6   2 0.60
  6   3 0.42
  6   4 0.49
  6   5 0.65
  6   6 0.92
  6   7 0.53
  6   8 0.67
  6   9 0.57
  6  10 0.62
  6  11 0.71
  6  12 0.68
  6  13 0.64
  6  14 0.76
  6  15 0.64
  6  16 0.62
  6  17 0.65
  6  18 0.67
  6  19 0.62
  6  20 0.53
  6  21 0.67
  6  22 0.56
  7   1 0.48
  7   2 0.41
  7   3 0.31
  7   4 0.46
  7   5 0.47
  7   6 0.65
  7   7 0.78
  7   8 0.74
  7   9 0.45
  7  10 0.49
  7  11 0.50
  7  12 0.67
  7  13 0.60
  7  14 0.61
  7  15 0.49
  7  16 0.52
  7  17 0.63
  7  18 0.61
  7  19 0.53
  7  20 0.46
  7  21 0.62
  7  22 0.62
  8   1 0.69
  8   2 0.59
  8   3 0.53
  8   4 0.56
  8   5 0.67
  8   6 0.75
  8   7 0.64
  8   8 0.90
  8   9 0.52
  8  10 0.57
  8  11 0.55
  8  12 0.63
  8  13 0.54
  8  14 0.70
  8  15 0.71
  8  16 0.63
  8  17 0.56
  8  18 0.73
  8  19 0.63
  8  20 0.43
  8  21 0.79
  8  22 0.62
  9   1 0.69
  9   2 0.64
  9   3 0.49
  9   4 0.42
  9   5 0.68
  9   6 0.63
  9   7 0.41
  9   8 0.56
  9   9 0.81
  9  10 0.58
  9  11 0.59
  9  12 0.47
  9  13 0.49
  9  14 0.68
  9  15 0.62
  9  16 0.59
  9  17 0.45
  9  18 0.53
  9  19 0.59
  9  20 0.48
  9  21 0.55
  9  22 0.48
 10   1 0.56
 10   2 0.45
 10   3 0.53
 10   4 0.39
 10   5 0.61
 10   6 0.61
 10   7 0.44
 10   8 0.56
 10   9 0.51
 10  10 0.93
 10  11 0.60
 10  12 0.54
 10  13 0.59
 10  14 0.62
 10  15 0.58
 10  16 0.66
 10  17 0.53
 10  18 0.56
 10  19 0.67
 10  20 0.47
 10  21 0.58
 10  22 0.63
 11   1 0.50
 11   2 0.43
 11   3 0.34
 11   4 0.28
 11   5 0.50
 11   6 0.57
 11   7 0.33
 11   8 0.46
 11   9 0.52
 11  10 0.58
 11  11 0.86
 11  12 0.53
 11  13 0.58
 11  14 0.54
 11  15 0.50
 11  16 0.56
 11  17 0.59
 11  18 0.54
 11  19 0.52
 11  20 0.56
 11  21 0.48
 11  22 0.45
 12   1 0.60
 12   2 0.47
 12   3 0.40
 12   4 0.41
 12   5 0.55
 12   6 0.69
 12   7 0.53
 12   8 0.64
 12   9 0.46
 12  10 0.56
 12  11 0.68
 12  12 0.91
 12  13 0.60
 12  14 0.64
 12  15 0.55
 12  16 0.60
 12  17 0.71
 12  18 0.67
 12  19 0.63
 12  20 0.53
 12  21 0.65
 12  22 0.53
 13   1 0.41
 13   2 0.36
 13   3 0.33
 13   4 0.28
 13   5 0.40
 13   6 0.55
 13   7 0.38
 13   8 0.52
 13   9 0.49
 13  10 0.63
 13  11 0.59
 13  12 0.61
 13  13 0.92
 13  14 0.59
 13  15 0.46
 13  16 0.63
 13  17 0.63
 13  18 0.57
 13  19 0.58
 13  20 0.70
 13  21 0.54
 13  22 0.61
 14   1 0.67
 14   2 0.60
 14   3 0.49
 14   4 0.53
 14   5 0.69
 14   6 0.76
 14   7 0.55
 14   8 0.65
 14   9 0.61
 14  10 0.64
 14  11 0.68
 14  12 0.63
 14  13 0.65
 14  14 0.92
 14  15 0.62
 14  16 0.65
 14  17 0.58
 14  18 0.63
 14  19 0.71
 14  20 0.54
 14  21 0.69
 14  22 0.62
 15   1 0.69
 15   2 0.61
 15   3 0.45
 15   4 0.51
 15   5 0.66
 15   6 0.70
 15   7 0.52
 15   8 0.71
 15   9 0.57
 15  10 0.66
 15  11 0.62
 15  12 0.58
 15  13 0.55
 15  14 0.67
 15  15 0.91
 15  16 0.60
 15  17 0.56
 15  18 0.67
 15  19 0.58
 15  20 0.50
 15  21 0.65
 15  22 0.58
 16   1 0.62
 16   2 0.51
 16   3 0.44
 16   4 0.47
 16   5 0.61
 16   6 0.68
 16   7 0.47
 16   8 0.64
 16   9 0.56
 16  10 0.71
 16  11 0.59
 16  12 0.65
 16  13 0.66
 16  14 0.68
 16  15 0.61
 16  16 0.91
 16  17 0.58
 16  18 0.70
 16  19 0.78
 16  20 0.56
 16  21 0.65
 16  22 0.58
 17   1 0.45
 17   2 0.41
 17   3 0.32
 17   4 0.28
 17   5 0.43
 17   6 0.69
 17   7 0.52
 17   8 0.62
 17   9 0.41
 17  10 0.56
 17  11 0.64
 17  12 0.71
 17  13 0.64
 17  14 0.57
 17  15 0.48
 17  16 0.57
 17  17 0.93
 17  18 0.64
 17  19 0.59
 17  20 0.53
 17  21 0.60
 17  22 0.55
 18   1 0.56
 18   2 0.46
 18   3 0.39
 18   4 0.44
 18   5 0.52
 18   6 0.72
 18   7 0.58
 18   8 0.72
 18   9 0.47
 18  10 0.56
 18  11 0.64
 18  12 0.70
 18  13 0.64
 18  14 0.65
 18  15 0.63
 18  16 0.64
 18  17 0.73
 18  18 0.93
 18  19 0.62
 18  20 0.54
 18  21 0.72
 18  22 0.62
 19   1 0.55
 19   2 0.39
 19   3 0.47
 19   4 0.39
 19   5 0.53
 19   6 0.58
 19   7 0.47
 19   8 0.52
 19   9 0.40
 19  10 0.67
 19  11 0.57
 19  12 0.64
 19  13 0.58
 19  14 0.63
 19  15 0.46
 19  16 0.69
 19  17 0.57
 19  18 0.60
 19  19 0.91
 19  20 0.46
 19  21 0.61
 19  22 0.53
 20   1 0.52
 20   2 0.42
 20   3 0.32
 20   4 0.35
 20   5 0.45
 20   6 0.59
 20   7 0.36
 20   8 0.54
 20   9 0.53
 20  10 0.60
 20  11 0.63
 20  12 0.65
 20  13 0.73
 20  14 0.59
 20  15 0.53
 20  16 0.64
 20  17 0.62
 20  18 0.60
 20  19 0.61
 20  20 0.87
 20  21 0.54
 20  22 0.55
 21   1 0.59
 21   2 0.50
 21   3 0.52
 21   4 0.48
 21   5 0.59
 21   6 0.72
 21   7 0.61
 21   8 0.71
 21   9 0.45
 21  10 0.55
 21  11 0.60
 21  12 0.60
 21  13 0.54
 21  14 0.65
 21  15 0.61
 21  16 0.59
 21  17 0.58
 21  18 0.75
 21  19 0.60
 21  20 0.44
 21  21 0.90
 21  22 0.64
 22   1 0.43
 22   2 0.37
 22   3 0.34
 22   4 0.27
 22   5 0.43
 22   6 0.57
 22   7 0.47
 22   8 0.62
 22   9 0.47
 22  10 0.62
 22  11 0.55
 22  12 0.57
 22  13 0.69
 22  14 0.58
 22  15 0.54
 22  16 0.63
 22  17 0.61
 22  18 0.63
 22  19 0.54
 22  20 0.62
 22  21 0.58
 22  22 0.89
  1   1 0.91
  1   2 0.61
  1   3 0.59
  1   4 0.52
  1   5 0.71
  1   6 0.65
  1   7 0.41
  1   8 0.59
  1   9 0.57
  1  10 0.63
  1  11 0.56
  1  12 0.52
  1  13 0.47
  1  14 0.67
  1  15 0.70
  1  16 0.60
  1  17 0.41
  1  18 0.53
  1  19 0.63
  1  20 0.42
  1  21 0.63
  1  22 0.47
  2   1 0.74
  2   2 0.87
  2   3 0.45
  2   4 0.47
  2   5 0.63
  2   6 0.67
  2   7 0.41
  2   8 0.53
  2   9 0.61
  2  10 0.52
  2  11 0.57
  2  12 0.48
  2  13 0.46
  2  14 0.68
  2  15 0.64
  2  16 0.53
  2  17 0.43
  2  18 0.49
  2  19 0.54
  2  20 0.40
  2  21 0.55
  2  22 0.42
  3   1 0.57
  3   2 0.44
  3   3 0.81
  3   4 0.40
  3   5 0.60
  3   6 0.50
  3   7 0.35
  3   8 0.48
  3   9 0.47
  3  10 0.68
  3  11 0.52
  3  12 0.44
  3  13 0.45
  3  14 0.57
  3  15 0.50
  3  16 0.54
  3  17 0.39
  3  18 0.47
  3  19 0.61
  3  20 0.36
  3  21 0.60
  3  22 0.50
  4   1 0.42
  4   2 0.35
  4   3 0.31
  4   4 0.59
  4   5 0.42
  4   6 0.46
  4   7 0.37
  4   8 0.47
  4   9 0.39
  4  10 0.52
  4  11 0.45
  4  12 0.52
  4  13 0.53
  4  14 0.47
  4  15 0.41
  4  16 0.54
  4  17 0.44
  4  18 0.45
  4  19 0.49
  4  20 0.49
  4  21 0.45
  4  22 0.45
  5   1 0.67
  5   2 0.55
  5   3 0.44
  5   4 0.48
  5   5 0.86
  5   6 0.64
  5   7 0.41
  5   8 0.59
  5   9 0.63
  5  10 0.61
  5  11 0.57
  5  12 0.48
  5  13 0.46
  5  14 0.69
  5  15 0.68
  5  16 0.58
  5  17 0.42
  5  18 0.53
  5  19 0.56
  5  20 0.42
  5  21 0.54
  5  22 0.50
  6   1 0.68
  6   2 0.60
  6   3 0.42
  6   4 0.48
  6   5 0.65
  6   6 0.92
  6   7 0.53
  6   8 0.67
  6   9 0.56
  6  10 0.62
  6  11 0.71
  6  12 0.67
  6  13 0.63
  6  14 0.75
  6  15 0.64
  6  16 0.62
  6  17 0.64
  6  18 0.67
  6  19 0.62
  6  20 0.52
  6  21 0.67
  6  22 0.56
  7   1 0.47
  7   2 0.40
  7   3 0.30
  7   4 0.46
  7   5 0.47
  7   6 0.65
  7   7 0.78
  7   8 0.74
  7   9 0.44
  7  10 0.48
  7  11 0.49
  7  12 0.67
  7  13 0.59
  7  14 0.61
  7  15 0.49
  7  16 0.52
  7  17 0.62
  7  18 0.60
  7  19 0.53
  7  20 0.46
  7  21 0.61
  7  22 0.61
  8   1 0.68
  8   2 0.58
  8   3 0.53
  8   4 0.55
  8   5 0.66
  8   6 0.74
  8   7 0.64
  8   8 0.90
  8   9 0.51
  8  10 0.56
  8  11 0.55
  8  12 0.62
  8  13 0.53
  8  14 0.69
  8  15 0.70
  8  16 0.63
  8  17 0.55
  8  18 0.73
  8  19 0.63
  8  20 0.43
  8  21 0.79
  8  22 0.62
  9   1 0.69
  9   2 0.64
  9   3 0.48
  9   4 0.42
  9   5 0.68
  9   6 0.63
  9   7 0.40
  9   8 0.55
  9   9 0.81
  9  10 0.57
  9  11 0.58
  9  12 0.47
  9  13 0.48
  9  14 0.67
  9  15 0.61
  9  16 0.58
  9  17 0.44
  9  18 0.52
  9  19 0.58
  9  20 0.47
  9  21 0.54
  9  22 0.47
 10   1 0.55
 10   2 0.45
 10   3 0.53
 10   4 0.39
 10   5 0.61
 10   6 0.60
 10   7 0.44
 10   8 0.55
 10   9 0.50
 10  10 0.93
 10  11 0.60
 10  12 0.54
 10  13 0.59
 10  14 0.61
 10  15 0.57
 10  16 0.65
 10  17 0.53
 10  18 0.55
 10  19 0.67
 10  20 0.47
 10  21 0.57
 10  22 0.62
 11   1 0.50
 11   2 0.42
 11   3 0.34
 11   4 0.27
 11   5 0.50
 11   6 0.56
 11   7 0.32
 11   8 0.45
 11   9 0.51
 11  10 0.58
 11  11 0.86
 11  12 0.52
 11  13 0.58
 11  14 0.54
 11  15 0.49
 11  16 0.55
 11  17 0.58
 11  18 0.53
 11  19 0.51
 11  20 0.56
 11  21 0.48
 11  22 0.44
 12   1 0.59
 12   2 0.47
 12   3 0.40
 12   4 0.41
 12   5 0.55
 12   6 0.69
 12   7 0.53
 12   8 0.64
 12   9 0.45
 12  10 0.55
 12  11 0.67
 12  12 0.91
 12  13 0.60
 12  14 0.64
 12  15 0.55
 12  16 0.60
 12  17 0.71
 12  18 0.66
 12  19 0.62
 12  20 0.53
 12  21 0.65
 12  22 0.53
 13   1 0.41
 13   2 0.35
 13   3 0.33
 13   4 0.27
 13   5 0.39
 13   6 0.55
 13   7 0.38
 13   8 0.51
 13   9 0.49
 13  10 0.62
 13  11 0.58
 13  12 0.60
 13  13 0.92
 13  14 0.58
 13  15 0.46
 13  16 0.63
 13  17 0.63
 13  18 0.57
 13  19 0.57
 13  20 0.69
 13  21 0.53
 13  22 0.61
 14   1 0.67
 14   2 0.60
 14   3 0.49
 14   4 0.52
 14   5 0.69
 14   6 0.76
 14   7 0.55
 14   8 0.64
 14   9 0.60
 14  10 0.63
 14  11 0.68
 14  12 0.63
 14  13 0.65
 14  14 0.92
 14  15 0.61
 14  16 0.65
 14  17 0.58
 14  18 0.63
 14  19 0.70
 14  20 0.53
 14  21 0.68
 14  22 0.61
 15   1 0.68
 15   2 0.60
 15   3 0.45
 15   4 0.50
 15   5 0.66
 15   6 0.69
 15   7 0.52
 15   8 0.70
 15   9 0.56
 15  10 0.65
 15  11 0.62
 15  12 0.58
 15  13 0.54
 15  14 0.67
 15  15 0.91
 15  16 0.60
 15  17 0.55
 15  18 0.66
 15  19 0.57
 15  20 0.50
 15  21 0.65
 15  22 0.58
 16   1 0.61
 16   2 0.50
 16   3 0.44
 16   4 0.47
 16   5 0.60
 16   6 0.68
 16   7 0.46
 16   8 0.64
 16   9 0.55
 16  10 0.70
 16  11 0.59
 16  12 0.64
 16  13 0.66
 16  14 0.68
 16  15 0.61
 16  16 0.91
 16  17 0.57
 16  18 0.69
 16  19 0.77
 16  20 0.55
 16  21 0.65
 16  22 0.58
 17   1 0.45
 17   2 0.40
 17   3 0.32
 17   4 0.27
 17   5 0.42
 17   6 0.69
 17   7 0.52
 17   8 0.61
 17   9 0.40
 17  10 0.55
 17  11 0.64
 17  12 0.70
 17  13 0.63
 17  14 0.56
 17  15 0.48
 17  16 0.57
 17  17 0.93
 17  18 0.64
 17  19 0.58
 17  20 0.53
 17  21 0.60
 17  22 0.55
 18   1 0.55
 18   2 0.46
 18   3 0.39
 18   4 0.44
 18   5 0.52
 18   6 0.72
 18   7 0.58
 18   8 0.71
 18   9 0.47
 18  10 0.56
 18  11 0.64
 18  12 0.70
 18  13 0.63
 18  14 0.65
 18  15 0.62
 18  16 0.63
 18  17 0.72
 18  18 0.93
 18  19 0.62
 18  20 0.54
 18  21 0.72
 18  22 0.61
 19   1 0.55
 19   2 0.39
 19   3 0.47
 19   4 0.39
 19   5 0.52
 19   6 0.58
 19   7 0.46
 19   8 0.51
 19   9 0.39
 19  10 0.67
 19  11 0.56
 19  12 0.64
 19  13 0.58
 19  14 0.63
 19  15 0.45
 19  16 0.68
 19  17 0.56
 19  18 0.60
 19  19 0.91
 19  20 0.46
 19  21 0.60
 19  22 0.53
 20   1 0.52
 20   2 0.41
 20   3 0.31
 20   4 0.35
 20   5 0.45
 20   6 0.58
 20   7 0.36
 20   8 0.54
 20   9 0.52
 20  10 0.60
 20  11 0.62
 20  12 0.65
 20  13 0.73
 20  14 0.59
 20  15 0.52
 20  16 0.63
 20  17 0.62
 20  18 0.60
 20  19 0.60
 20  20 0.87
 20  21 0.54
 20  22 0.54
 21   1 0.58
 21   2 0.49
 21   3 0.52
 21   4 0.47
 21   5 0.59
 21   6 0.71
 21   7 0.60
 21   8 0.70
 21   9 0.45
 21  10 0.54
 21  11 0.60
 21  12 0.59
 21  13 0.53
 21  14 0.65
 21  15 0.60
 21  16 0.59
 21  17 0.58
 21  18 0.75
 21  19 0.59
 21  20 0.43
 21  21 0.90
 21  22 0.64
 22   1 0.42
 22   2 0.36
 22   3 0.34
 22   4 0.26
 22   5 0.43
 22   6 0.56
 22   7 0.46
 22   8 0.62
 22   9 0.46
 22  10 0.62
 22  11 0.55
 22  12 0.56
 22  13 0.69
 22  14 0.58
 22  15 0.53
 22  16 0.63
 22  17 0.60
 22  18 0.62
 22  19 0.53
 22  20 0.61
 22  21 0.58
 22  22 0.88
  1   1 0.91
  1   2 0.61
  1   3 0.59
  1   4 0.52
  1   5 0.71
  1   6 0.65
  1   7 0.41
  1   8 0.59
  1   9 0.57
  1  10 0.63
  1  11 0.56
  1  12 0.52
  1  13 0.47
  1  14 0.67
  1  15 0.70
  1  16 0.60
  1  17 0.41
  1  18 0.53
  1  19 0.63
  1  20 0.42
  1  21 0.63
  1  22 0.47
  2   1 0.74
  2   2 0.87
  2   3 0.45
  2   4 0.47
  2   5 0.63
  2   6 0.67
  2   7 0.41
  2   8 0.53
  2   9 0.61
  2  10 0.52
  2  11 0.57
  2  12 0.48
  2  13 0.46
  2  14 0.68
  2  15 0.64
  2  16 0.53
  2  17 0.43
  2  18 0.49
  2  19 0.54
  2  20 0.40
  2  21 0.55
  2  22 0.42
  3   1 0.57
  3   2 0.44
  3   3 0.81
  3   4 0.40
  3   5 0.60
  3   6 0.50
  3   7 0.35
  3   8 0.48
  3   9 0.47
  3  10 0.68
  3  11 0.52
  3  12 0.44
  3  13 0.45
  3  14 0.57
  3  15 0.50
  3  16 0.54
  3  17 0.39
  3  18 0.47
  3  19 0.61
  3  20 0.36
  3  21 0.60
  3  22 0.50
  4   1 0.42
  4   2 0.35
  4   3 0.31
  4   4 0.59
  4   5 0.42
  4   6 0.46
  4   7 0.37
  4   8 0.47
  4   9 0.39
  4  10 0.52
  4  11 0.45
  4  12 0.52
  4  13 0.53
  4  14 0.47
  4  15 0.41
  4  16 0.54
  4  17 0.44
  4  18 0.45
  4  19 0.49
  4  20 0.49
  4  21 0.45
  4  22 0.45
  5   1 0.67
  5   2 0.55
  5   3 0.44
  5   4 0.48
  5   5 0.86
  5   6 0.64
  5   7 0.41
  5   8 0.59
  5   9 0.63
  5  10 0.61
  5  11 0.57
  5  12 0.48
  5  13 0.46
  5  14 0.69
  5  15 0.68
  5  16 0.58
  5  17 0.42
  5  18 0.53
  5  19 0.56
  5  20 0.42
  5  21 0.54
  5  22 0.50
  6   1 0.68
  6   2 0.60
  6   3 0.42
  6   4 0.48
  6   5 0.65
  6   6 0.92
  6   7 0.53
  6   8 0.67
  6   9 0.56
  6  10 0.62
  6  11 0.71
  6  12 0.67
  6  13 0.63
  6  14 0.75
  6  15 0.64
  6  16 0.62
  6  17 0.64
  6  18 0.67
  6  19 0.62
  6  20 0.52
  6  21 0.67
  6  22 0.56
  7   1 0.47
  7   2 0.40
  7   3 0.30
  7   4 0.46
  7   5 0.47
  7   6 0.65
  7   7 0.78
  7   8 0.74
  7   9 0.44
  7  10 0.48
  7  11 0.49
  7  12 0.67
  7  13 0.59
  7  14 0.61
  7  15 0.49
  7  16 0.52
  7  17 0.62
  7  18 0.60
  7  19 0.53
  7  20 0.46
  7  21 0.61
  7  22 0.61
  8   1 0.68
  8   2 0.58
  8   3 0.53
  8   4 0.55
  8   5 0.66
  8   6 0.74
  8   7 0.64
  8   8 0.90
  8   9 0.51
  8  10 0.56
  8  11 0.55
  8  12 0.62
  8  13 0.53
  8  14 0.69
  8  15 0.70
  8  16 0.63
  8  17 0.55
  8  18 0.73
  8  19 0.63
  8  20 0.43
  8  21 0.79
  8  22 0.62
  9   1 0.69
  9   2 0.64
  9   3 0.48
  9   4 0.42
  9   5 0.68
  9   6 0.63
  9   7 0.40
  9   8 0.55
  9   9 0.81
  9  10 0.57
  9  11 0.58
  9  12 0.47
  9  13 0.48
  9  14 0.67
  9  15 0.61
  9  16 0.58
  9  17 0.44
  9  18 0.52
  9  19 0.58
  9  20 0.47
  9  21 0.54
  9  22 0.47
 10   1 0.55
 10   2 0.45
 10   3 0.53
 10   4 0.39
 10   5 0.61
 10   6 0.60
 10   7 0.44
 10   8 0.55
 10   9 0.50
 10  10 0.93
 10  11 0.60
 10  12 0.54
 10  13 0.59
 10  14 0.61
 10  15 0.57
 10  16 0.65
 10  17 0.53
 10  18 0.55
 10  19 0.67
 10  20 0.47
 10  21 0.57
 10  22 0.62
 11   1 0.50
 11   2 0.42
 11   3 0.34
 11   4 0.27
 11   5 0.50
 11   6 0.56
 11   7 0.32
 11   8 0.45
 11   9 0.51
 11  10 0.58
 11  11 0.86
 11  12 0.52
 11  13 0.58
 11  14 0.54
 11  15 0.49
 11  16 0.55
 11  17 0.58
 11  18 0.53
 11  19 0.51
 11  20 0.56
 11  21 0.48
 11  22 0.44
 12   1 0.59
 12   2 0.47
 12   3 0.40
 12   4 0.41
 12   5 0.55
 12   6 0.69
 12   7 0.53
 12   8 0.64
 12   9 0.45
 12  10 0.55
 12  11 0.67
 12  12 0.91
 12  13 0.60
 12  14 0.64
 12  15 0.55
 12  16 0.60
 12  17 0.71
 12  18 0.66
 12  19 0.62
 12  20 0.53
 12  21 0.65
 12  22 0.53
 13   1 0.41
 13   2 0.35
 13   3 0.33
 13   4 0.27
 13   5 0.39
 13   6 0.55
 13   7 0.38
 13   8 0.51
 13   9 0.49
 13  10 0.62
 13  11 0.58
 13  12 0.60
 13  13 0.92
 13  14 0.58
 13  15 0.46
 13  16 0.63
 13  17 0.63
 13  18 0.57
 13  19 0.57
 13  20 0.69
 13  21 0.53
 13  22 0.61
 14   1 0.67
 14   2 0.60
 14   3 0.49
 14   4 0.52
 14   5 0.69
 14   6 0.76
 14   7 0.55
 14   8 0.64
 14   9 0.60
 14  10 0.63
 14  11 0.68
 14  12 0.63
 14  13 0.65
 14  14 0.92
 14  15 0.61
 14  16 0.65
 14  17 0.58
 14  18 0.63
 14  19 0.70
 14  20 0.53
 14  21 0.68
 14  22 0.61
 15   1 0.68
 15   2 0.60
 15   3 0.45
 15   4 0.50
 15   5 0.66
 15   6 0.69
 15   7 0.52
 15   8 0.70
 15   9 0.56
 15  10 0.65
 15  11 0.62
 15  12 0.58
 15  13 0.54
 15  14 0.67
 15  15 0.91
 15  16 0.60
 15  17 0.55
 15  18 0.66
 15  19 0.57
 15  20 0.50
 15  21 0.65
 15  22 0.58
 16   1 0.61
 16   2 0.50
 16   3 0.44
 16   4 0.47
 16   5 0.60
 16   6 0.68
 16   7 0.46
 16   8 0.64
 16   9 0.55
 16  10 0.70
 16  11 0.59
 16  12 0.64
 16  13 0.66
 16  14 0.68
 16  15 0.61
 16  16 0.91
 16  17 0.57
 16  18 0.69
 16  19 0.77
 16  20 0.55
 16  21 0.65
 16  22 0.58
 17   1 0.45
 17   2 0.40
 17   3 0.32
 17   4 0.27
 17   5 0.42
 17   6 0.69
 17   7 0.52
 17   8 0.61
 17   9 0.40
 17  10 0.55
 17  11 0.64
 17  12 0.70
 17  13 0.63
 17  14 0.56
 17  15 0.48
 17  16 0.57
 17  17 0.93
 17  18 0.64
 17  19 0.58
 17  20 0.53
 17  21 0.60
 17  22 0.55
 18   1 0.55
 18   2 0.46
 18   3 0.39
 18   4 0.44
 18   5 0.52
 18   6 0.72
 18   7 0.58
 18   8 0.71
 18   9 0.47
 18  10 0.56
 18  11 0.64
 18  12 0.70
 18  13 0.63
 18  14 0.65
 18  15 0.62
 18  16 0.63
 18  17 0.72
 18  18 0.93
 18  19 0.62
 18  20 0.54
 18  21 0.72
 18  22 0.61
 19   1 0.55
 19   2 0.39
 19   3 0.47
 19   4 0.39
 19   5 0.52
 19   6 0.58
 19   7 0.46
 19   8 0.51
 19   9 0.39
 19  10 0.67
 19  11 0.56
 19  12 0.64
 19  13 0.58
 19  14 0.63
 19  15 0.45
 19  16 0.68
 19  17 0.56
 19  18 0.60
 19  19 0.91
 19  20 0.46
 19  21 0.60
 19  22 0.53
 20   1 0.52
 20   2 0.41
 20   3 0.31
 20   4 0.35
 20   5 0.45
 20   6 0.58
 20   7 0.36
 20   8 0.54
 20   9 0.52
 20  10 0.60
 20  11 0.62
 20  12 0.65
 20  13 0.73
 20  14 0.59
 20  15 0.52
 20  16 0.63
 20  17 0.62
 20  18 0.60
 20  19 0.60
 20  20 0.87
 20  21 0.54
 20  22 0.54
 21   1 0.58
 21   2 0.49
 21   3 0.52
 21   4 0.47
 21   5 0.59
 21   6 0.71
 21   7 0.60
 21   8 0.70
 21   9 0.45
 21  10 0.54
 21  11 0.60
 21  12 0.59
 21  13 0.53
 21  14 0.65
 21  15 0.60
 21  16 0.59
 21  17 0.58
 21  18 0.75
 21  19 0.59
 21  20 0.43
 21  21 0.90
 21  22 0.64
 22   1 0.42
 22   2 0.36
 22   3 0.34
 22   4 0.26
 22   5 0.43
 22   6 0.56
 22   7 0.46
 22   8 0.62
 22   9 0.46
 22  10 0.62
 22  11 0.55
 22  12 0.56
 22  13 0.69
 22  14 0.58
 22  15 0.53
 22  16 0.63
 22  17 0.60
 22  18 0.62
 22  19 0.53
 22  20 0.61
 22  21 0.58
 22  22 0.88
