  1   1 1.00
  1   2 0.36
  1   3 0.23
  1   4 0.14
  1   5 0.13
  1   6 0.29
  1   7 0.10
  1   8 0.08
  1   9 0.22
  1  10 0.23
  1  11 0.26
  1  12 0.22
  1  13 0.08
  1  14 0.12
  1  15 0.10
  1  16 0.10
  1  17 0.13
  1  18 0.19
  1  19 0.19
  1  20 0.05
  1  21 0.12
  1  22 0.15
  2   1 0.36
  2   2 1.00
  2   3 0.13
  2   4 0.25
  2   5 0.14
  2   6 0.60
  2   7 0.17
  2   8 0.07
  2   9 0.13
  2  10 0.31
  2  11 0.46
  2  12 0.30
  2  13 0.14
  2  14 0.11
  2  15 0.33
  2  16 0.13
  2  17 0.29
  2  18 0.36
  2  19 0.35
  2  20 0.03
  2  21 0.37
  2  22 0.31
  3   1 0.23
  3   2 0.13
  3   3 1.00
  3   4 0.09
  3   5 0.11
  3   6 0.11
  3   7 0.14
  3   8 0.13
  3   9 0.17
  3  10 0.20
  3  11 0.16
  3  12 0.12
  3  13 0.08
  3  14 0.13
  3  15 0.08
  3  16 0.15
  3  17 0.15
  3  18 0.10
  3  19 0.10
  3  20 0.05
  3  21 0.09
  3  22 0.16
  4   1 0.14
  4   2 0.25
  4   3 0.09
  4   4 1.00
  4   5 0.07
  4   6 0.20
  4   7 0.18
  4   8 0.10
  4   9 0.10
  4  10 0.20
  4  11 0.24
  4  12 0.33
  4  13 0.03
  4  14 0.07
  4  15 0.23
  4  16 0.13
  4  17 0.15
  4  18 0.16
  4  19 0.21
  4  20 0.05
  4  21 0.25
  4  22 0.20
  5   1 0.13
  5   2 0.14
  5   3 0.11
  5   4 0.07
  5   5 1.00
  5   6 0.12
  5   7 0.04
  5   8 0.24
  5   9 0.29
  5  10 0.15
  5  11 0.20
  5  12 0.09
  5  13 0.07
  5  14 0.11
  5  15 0.07
  5  16 0.15
  5  17 0.26
  5  18 0.07
  5  19 0.10
  5  20 0.06
  5  21 0.08
  5  22 0.11
  6   1 0.29
  6   2 0.60
  6   3 0.11
  6   4 0.20
  6   5 0.12
  6   6 1.00
  6   7 0.10
  6   8 0.03
  6   9 0.08
  6  10 0.29
  6  11 0.39
  6  12 0.33
  6  13 0.10
  6  14 0.07
  6  15 0.22
  6  16 0.09
  6  17 0.23
  6  18 0.45
  6  19 0.43
  6  20 0.01
  6  21 0.29
  6  22 0.17
  7   1 0.10
  7   2 0.17
  7   3 0.14
  7   4 0.18
  7   5 0.04
  7   6 0.10
  7   7 1.00
  7   8 0.45
  7   9 0.04
  7  10 0.06
  7  11 0.12
  7  12 0.19
  7  13 0.09
  7  14 0.08
  7  15 0.22
  7  16 0.26
  7  17 0.07
  7  18 0.13
  7  19 0.11
  7  20 0.07
  7  21 0.13
  7  22 0.24
  8   1 0.08
  8   2 0.07
  8   3 0.13
  8   4 0.10
  8   5 0.24
  8   6 0.03
  8   7 0.45
  8   8 1.00
  8   9 0.29
  8  10 0.05
  8  11 0.13
  8  12 0.21
  8  13 0.07
  8  14 0.10
  8  15 0.16
  8  16 0.33
  8  17 0.26
  8  18 0.08
  8  19 0.08
  8  20 0.11
  8  21 0.09
  8  22 0.31
  9   1 0.22
  9   2 0.13
  9   3 0.17
  9   4 0.10
  9   5 0.29
  9   6 0.08
  9   7 0.04
  9   8 0.29
  9   9 1.00
  9  10 0.19
  9  11 0.28
  9  12 0.10
  9  13 0.10
  9  14 0.11
  9  15 0.06
  9  16 0.24
  9  17 0.27
  9  18 0.11
  9  19 0.09
  9  20 0.04
  9  21 0.12
  9  22 0.17
 10   1 0.23
 10   2 0.31
 10   3 0.20
 10   4 0.20
 10   5 0.15
 10   6 0.29
 10   7 0.06
 10   8 0.05
 10   9 0.19
 10  10 1.00
 10  11 0.40
 10  12 0.23
 10  13 0.09
 10  14 0.12
 10  15 0.19
 10  16 0.12
 10  17 0.23
 10  18 0.31
 10  19 0.20
 10  20 0.03
 10  21 0.24
 10  22 0.19
 11   1 0.26
 11   2 0.46
 11   3 0.16
 11   4 0.24
 11   5 0.20
 11   6 0.39
 11   7 0.12
 11   8 0.13
 11   9 0.28
 11  10 0.40
 11  11 1.00
 11  12 0.25
 11  13 0.13
 11  14 0.13
 11  15 0.21
 11  16 0.18
 11  17 0.39
 11  18 0.28
 11  19 0.30
 11  20 0.06
 11  21 0.30
 11  22 0.27
 12   1 0.22
 12   2 0.30
 12   3 0.12
 12   4 0.33
 12   5 0.09
 12   6 0.33
 12   7 0.19
 12   8 0.21
 12   9 0.10
 12  10 0.23
 12  11 0.25
 12  12 1.00
 12  13 0.10
 12  14 0.12
 12  15 0.34
 12  16 0.29
 12  17 0.21
 12  18 0.36
 12  19 0.37
 12  20 0.07
 12  21 0.44
 12  22 0.33
 13   1 0.08
 13   2 0.14
 13   3 0.08
 13   4 0.03
 13   5 0.07
 13   6 0.10
 13   7 0.09
 13   8 0.07
 13   9 0.10
 13  10 0.09
 13  11 0.13
 13  12 0.10
 13  13 1.00
 13  14 0.08
 13  15 0.11
 13  16 0.16
 13  17 0.08
 13  18 0.08
 13  19 0.09
 13  20 0.04
 13  21 0.12
 13  22 0.16
 14   1 0.12
 14   2 0.11
 14   3 0.13
 14   4 0.07
 14   5 0.11
 14   6 0.07
 14   7 0.08
 14   8 0.10
 14   9 0.11
 14  10 0.12
 14  11 0.13
 14  12 0.12
 14  13 0.08
 14  14 1.00
 14  15 0.07
 14  16 0.20
 14  17 0.11
 14  18 0.08
 14  19 0.08
 14  20 0.06
 14  21 0.07
 14  22 0.11
 15   1 0.10
 15   2 0.33
 15   3 0.08
 15   4 0.23
 15   5 0.07
 15   6 0.22
 15   7 0.22
 15   8 0.16
 15   9 0.06
 15  10 0.19
 15  11 0.21
 15  12 0.34
 15  13 0.11
 15  14 0.07
 15  15 1.00
 15  16 0.22
 15  17 0.16
 15  18 0.18
 15  19 0.23
 15  20 0.06
 15  21 0.46
 15  22 0.33
 16   1 0.10
 16   2 0.13
 16   3 0.15
 16   4 0.13
 16   5 0.15
 16   6 0.09
 16   7 0.26
 16   8 0.33
 16   9 0.24
 16  10 0.12
 16  11 0.18
 16  12 0.29
 16  13 0.16
 16  14 0.20
 16  15 0.22
 16  16 1.00
 16  17 0.21
 16  18 0.16
 16  19 0.18
 16  20 0.11
 16  21 0.24
 16  22 0.30
 17   1 0.13
 17   2 0.29
 17   3 0.15
 17   4 0.15
 17   5 0.26
 17   6 0.23
 17   7 0.07
 17   8 0.26
 17   9 0.27
 17  10 0.23
 17  11 0.39
 17  12 0.21
 17  13 0.08
 17  14 0.11
 17  15 0.16
 17  16 0.21
 17  17 1.00
 17  18 0.30
 17  19 0.16
 17  20 0.06
 17  21 0.29
 17  22 0.34
 18   1 0.19
 18   2 0.36
 18   3 0.10
 18   4 0.16
 18   5 0.07
 18   6 0.45
 18   7 0.13
 18   8 0.08
 18   9 0.11
 18  10 0.31
 18  11 0.28
 18  12 0.36
 18  13 0.08
 18  14 0.08
 18  15 0.18
 18  16 0.16
 18  17 0.30
 18  18 1.00
 18  19 0.43
 18  20 0.02
 18  21 0.31
 18  22 0.19
 19   1 0.19
 19   2 0.35
 19   3 0.10
 19   4 0.21
 19   5 0.10
 19   6 0.43
 19   7 0.11
 19   8 0.08
 19   9 0.09
 19  10 0.20
 19  11 0.30
 19  12 0.37
 19  13 0.09
 19  14 0.08
 19  15 0.23
 19  16 0.18
 19  17 0.16
 19  18 0.43
 19  19 1.00
 19  20 0.03
 19  21 0.31
 19  22 0.16
 20   1 0.05
 20   2 0.03
 20   3 0.05
 20   4 0.05
 20   5 0.06
 20   6 0.01
 20   7 0.07
 20   8 0.11
 20   9 0.04
 20  10 0.03
 20  11 0.06
 20  12 0.07
 20  13 0.04
 20  14 0.06
 20  15 0.06
 20  16 0.11
 20  17 0.06
 20  18 0.02
 20  19 0.03
 20  20 1.00
 20  21 0.04
 20  22 0.08
 21   1 0.12
 21   2 0.37
 21   3 0.09
 21   4 0.25
 21   5 0.08
 21   6 0.29
 21   7 0.13
 21   8 0.09
 21   9 0.12
 21  10 0.24
 21  11 0.30
 21  12 0.44
 21  13 0.12
 21  14 0.07
 21  15 0.46
 21  16 0.24
 21  17 0.29
 21  18 0.31
 21  19 0.31
 21  20 0.04
 21  21 1.00
 21  22 0.42
 22   1 0.15
 22   2 0.31
 22   3 0.16
 22   4 0.20
 22   5 0.11
 22   6 0.17
 22   7 0.24
 22   8 0.31
 22   9 0.17
 22  10 0.19
 22  11 0.27
 22  12 0.33
 22  13 0.16
 22  14 0.11
 22  15 0.33
 22  16 0.30
 22  17 0.34
 22  18 0.19
 22  19 0.16
 22  20 0.08
 22  21 0.42
 22  22 1.00
  1   1 1.00
  1   2 0.36
  1   3 0.23
  1   4 0.14
  1   5 0.13
  1   6 0.29
  1   7 0.10
  1   8 0.08
  1   9 0.22
  1  10 0.23
  1  11 0.26
  1  12 0.22
  1  13 0.08
  1  14 0.12
  1  15 0.10
  1  16 0.10
  1  17 0.13
  1  18 0.19
  1  19 0.19
  1  20 0.05
  1  21 0.12
  1  22 0.14
  2   1 0.36
  2   2 1.00
  2   3 0.13
  2   4 0.25
  2   5 0.14
  2   6 0.59
  2   7 0.17
  2   8 0.07
  2   9 0.13
  2  10 0.31
  2  11 0.46
  2  12 0.30
  2  13 0.14
  2  14 0.11
  2  15 0.33
  2  16 0.13
  2  17 0.29
  2  18 0.35
  2  19 0.34
  2  20 0.03
  2  21 0.37
  2  22 0.31
  3   1 0.23
  3   2 0.13
  3   3 1.00
  3   4 0.09
  3   5 0.11
  3   6 0.11
  3   7 0.14
  3   8 0.13
  3   9 0.17
  3  10 0.20
  3  11 0.16
  3  12 0.12
  3  13 0.08
  3  14 0.13
  3  15 0.08
  3  16 0.15
  3  17 0.15
  3  18 0.10
  3  19 0.09
  3  20 0.05
  3  21 0.08
  3  22 0.16
  4   1 0.14
  4   2 0.25
  4   3 0.09
  4   4 1.00
  4   5 0.07
  4   6 0.20
  4   7 0.18
  4   8 0.10
  4   9 0.10
  4  10 0.20
  4  11 0.24
  4  12 0.33
  4  13 0.03
  4  14 0.07
  4  15 0.23
  4  16 0.13
  4  17 0.15
  4  18 0.16
  4  19 0.21
  4  20 0.05
  4  21 0.25
  4  22 0.20
  5   1 0.13
  5   2 0.14
  5   3 0.11
  5   4 0.07
  5   5 1.00
  5   6 0.12
  5   7 0.04
  5   8 0.24
  5   9 0.29
  5  10 0.15
  5  11 0.20
  5  12 0.09
  5  13 0.07
  5  14 0.11
  5  15 0.07
  5  16 0.15
  5  17 0.26
  5  18 0.07
  5  19 0.10
  5  20 0.06
  5  21 0.08
  5  22 0.11
  6   1 0.29
  6   2 0.59
  6   3 0.11
  6   4 0.20
  6   5 0.12
  6   6 1.00
  6   7 0.10
  6   8 0.03
  6   9 0.08
  6  10 0.29
  6  11 0.39
  6  12 0.32
  6  13 0.10
  6  14 0.07
  6  15 0.22
  6  16 0.09
  6  17 0.23
  6  18 0.44
  6  19 0.43
  6  20 0.01
  6  21 0.28
  6  22 0.16
  7   1 0.10
  7   2 0.17
  7   3 0.14
  7   4 0.18
  7   5 0.04
  7   6 0.10
  7   7 1.00
  7   8 0.45
  7   9 0.04
  7  10 0.06
  7  11 0.12
  7  12 0.19
  7  13 0.09
  7  14 0.08
  7  15 0.22
  7  16 0.26
  7  17 0.07
  7  18 0.12
  7  19 0.11
  7  20 0.07
  7  21 0.13
  7  22 0.24
  8   1 0.08
  8   2 0.07
  8   3 0.13
  8   4 0.10
  8   5 0.24
  8   6 0.03
  8   7 0.45
  8   8 1.00
  8   9 0.29
  8  10 0.04
  8  11 0.13
  8  12 0.21
  8  13 0.07
  8  14 0.10
  8  15 0.16
  8  16 0.33
  8  17 0.26
  8  18 0.08
  8  19 0.08
  8  20 0.11
  8  21 0.09
  8  22 0.31
  9   1 0.22
  9   2 0.13
  9   3 0.17
  9   4 0.10
  9   5 0.29
  9   6 0.08
  9   7 0.04
  9   8 0.29
  9   9 1.00
  9  10 0.19
  9  11 0.28
  9  12 0.10
  9  13 0.10
  9  14 0.11
  9  15 0.06
  9  16 0.24
  9  17 0.27
  9  18 0.11
  9  19 0.09
  9  20 0.04
  9  21 0.12
  9  22 0.17
 10   1 0.23
 10   2 0.31
 10   3 0.20
 10   4 0.20
 10   5 0.15
 10   6 0.29
 10   7 0.06
 10   8 0.04
 10   9 0.19
 10  10 1.00
 10  11 0.40
 10  12 0.23
 10  13 0.09
 10  14 0.12
 10  15 0.19
 10  16 0.12
 10  17 0.23
 10  18 0.31
 10  19 0.20
 10  20 0.03
 10  21 0.24
 10  22 0.19
 11   1 0.26
 11   2 0.46
 11   3 0.16
 11   4 0.24
 11   5 0.20
 11   6 0.39
 11   7 0.12
 11   8 0.13
 11   9 0.28
 11  10 0.40
 11  11 1.00
 11  12 0.25
 11  13 0.13
 11  14 0.13
 11  15 0.21
 11  16 0.18
 11  17 0.38
 11  18 0.28
 11  19 0.30
 11  20 0.06
 11  21 0.30
 11  22 0.27
 12   1 0.22
 12   2 0.30
 12   3 0.12
 12   4 0.33
 12   5 0.09
 12   6 0.32
 12   7 0.19
 12   8 0.21
 12   9 0.10
 12  10 0.23
 12  11 0.25
 12  12 1.00
 12  13 0.10
 12  14 0.12
 12  15 0.34
 12  16 0.29
 12  17 0.21
 12  18 0.36
 12  19 0.36
 12  20 0.06
 12  21 0.44
 12  22 0.33
 13   1 0.08
 13   2 0.14
 13   3 0.08
 13   4 0.03
 13   5 0.07
 13   6 0.10
 13   7 0.09
 13   8 0.07
 13   9 0.10
 13  10 0.09
 13  11 0.13
 13  12 0.10
 13  13 1.00
 13  14 0.08
 13  15 0.11
 13  16 0.16
 13  17 0.08
 13  18 0.08
 13  19 0.09
 13  20 0.04
 13  21 0.12
 13  22 0.15
 14   1 0.12
 14   2 0.11
 14   3 0.13
 14   4 0.07
 14   5 0.11
 14   6 0.07
 14   7 0.08
 14   8 0.10
 14   9 0.11
 14  10 0.12
 14  11 0.13
 14  12 0.12
 14  13 0.08
 14  14 1.00
 14  15 0.07
 14  16 0.20
 14  17 0.11
 14  18 0.08
 14  19 0.08
 14  20 0.06
 14  21 0.06
 14  22 0.11
 15   1 0.10
 15   2 0.33
 15   3 0.08
 15   4 0.23
 15   5 0.07
 15   6 0.22
 15   7 0.22
 15   8 0.16
 15   9 0.06
 15  10 0.19
 15  11 0.21
 15  12 0.34
 15  13 0.11
 15  14 0.07
 15  15 1.00
 15  16 0.22
 15  17 0.16
 15  18 0.18
 15  19 0.23
 15  20 0.06
 15  21 0.46
 15  22 0.33
 16   1 0.10
 16   2 0.13
 16   3 0.15
 16   4 0.13
 16   5 0.15
 16   6 0.09
 16   7 0.26
 16   8 0.33
 16   9 0.24
 16  10 0.12
 16  11 0.18
 16  12 0.29
 16  13 0.16
 16  14 0.20
 16  15 0.22
 16  16 1.00
 16  17 0.21
 16  18 0.16
 16  19 0.18
 16  20 0.11
 16  21 0.23
 16  22 0.30
 17   1 0.13
 17   2 0.29
 17   3 0.15
 17   4 0.15
 17   5 0.26
 17   6 0.23
 17   7 0.07
 17   8 0.26
 17   9 0.27
 17  10 0.23
 17  11 0.38
 17  12 0.21
 17  13 0.08
 17  14 0.11
 17  15 0.16
 17  16 0.21
 17  17 1.00
 17  18 0.30
 17  19 0.16
 17  20 0.06
 17  21 0.29
 17  22 0.33
 18   1 0.19
 18   2 0.35
 18   3 0.10
 18   4 0.16
 18   5 0.07
 18   6 0.44
 18   7 0.12
 18   8 0.08
 18   9 0.11
 18  10 0.31
 18  11 0.28
 18  12 0.36
 18  13 0.08
 18  14 0.08
 18  15 0.18
 18  16 0.16
 18  17 0.30
 18  18 1.00
 18  19 0.43
 18  20 0.02
 18  21 0.30
 18  22 0.19
 19   1 0.19
 19   2 0.34
 19   3 0.09
 19   4 0.21
 19   5 0.10
 19   6 0.43
 19   7 0.11
 19   8 0.08
 19   9 0.09
 19  10 0.20
 19  11 0.30
 19  12 0.36
 19  13 0.09
 19  14 0.08
 19  15 0.23
 19  16 0.18
 19  17 0.16
 19  18 0.43
 19  19 1.00
 19  20 0.03
 19  21 0.31
 19  22 0.16
 20   1 0.05
 20   2 0.03
 20   3 0.05
 20   4 0.05
 20   5 0.06
 20   6 0.01
 20   7 0.07
 20   8 0.11
 20   9 0.04
 20  10 0.03
 20  11 0.06
 20  12 0.06
 20  13 0.04
 20  14 0.06
 20  15 0.06
 20  16 0.11
 20  17 0.06
 20  18 0.02
 20  19 0.03
 20  20 1.00
 20  21 0.03
 20  22 0.08
 21   1 0.12
 21   2 0.37
 21   3 0.08
 21   4 0.25
 21   5 0.08
 21   6 0.28
 21   7 0.13
 21   8 0.09
 21   9 0.12
 21  10 0.24
 21  11 0.30
 21  12 0.44
 21  13 0.12
 21  14 0.06
 21  15 0.46
 21  16 0.23
 21  17 0.29
 21  18 0.30
 21  19 0.31
 21  20 0.03
 21  21 1.00
 21  22 0.42
 22   1 0.14
 22   2 0.31
 22   3 0.16
 22   4 0.20
 22   5 0.11
 22   6 0.16
 22   7 0.24
 22   8 0.31
 22   9 0.17
 22  10 0.19
 22  11 0.27
 22  12 0.33
 22  13 0.15
 22  14 0.11
 22  15 0.33
 22  16 0.30
 22  17 0.33
 22  18 0.19
 22  19 0.16
 22  20 0.08
 22  21 0.42
 22  22 1.00
