  1   1 1.00
  1   2 0.74
  1   3 0.67
  1   4 0.57
  1   5 0.72
  1   6 0.70
  1   7 0.44
  1   8 0.68
  1   9 0.78
  1  10 0.67
  1  11 0.69
  1  12 0.71
  1  13 0.57
  1  14 0.65
  1  15 0.59
  1  16 0.71
  1  17 0.70
  1  18 0.65
  1  19 0.71
  1  20 0.68
  1  21 0.67
  1  22 0.68
  2   1 0.74
  2   2 1.00
  2   3 0.68
  2   4 0.47
  2   5 0.61
  2   6 0.66
  2   7 0.51
  2   8 0.71
  2   9 0.80
  2  10 0.73
  2  11 0.69
  2  12 0.72
  2  13 0.70
  2  14 0.54
  2  15 0.71
  2  16 0.68
  2  17 0.65
  2  18 0.66
  2  19 0.64
  2  20 0.65
  2  21 0.79
  2  22 0.66
  3   1 0.67
  3   2 0.68
  3   3 1.00
  3   4 0.67
  3   5 0.66
  3   6 0.72
  3   7 0.50
  3   8 0.72
  3   9 0.74
  3  10 0.77
  3  11 0.68
  3  12 0.72
  3  13 0.77
  3  14 0.48
  3  15 0.62
  3  16 0.79
  3  17 0.77
  3  18 0.69
  3  19 0.68
  3  20 0.75
  3  21 0.73
  3  22 0.76
  4   1 0.57
  4   2 0.47
  4   3 0.67
  4   4 1.00
  4   5 0.51
  4   6 0.60
  4   7 0.42
  4   8 0.52
  4   9 0.66
  4  10 0.59
  4  11 0.54
  4  12 0.55
  4  13 0.49
  4  14 0.37
  4  15 0.51
  4  16 0.57
  4  17 0.58
  4  18 0.58
  4  19 0.51
  4  20 0.72
  4  21 0.50
  4  22 0.62
  5   1 0.72
  5   2 0.61
  5   3 0.66
  5   4 0.51
  5   5 1.00
  5   6 0.65
  5   7 0.51
  5   8 0.78
  5   9 0.72
  5  10 0.64
  5  11 0.79
  5  12 0.77
  5  13 0.58
  5  14 0.62
  5  15 0.60
  5  16 0.69
  5  17 0.71
  5  18 0.68
  5  19 0.65
  5  20 0.70
  5  21 0.67
  5  22 0.74
  6   1 0.70
  6   2 0.66
  6   3 0.72
  6   4 0.60
  6   5 0.65
  6   6 1.00
  6   7 0.43
  6   8 0.70
  6   9 0.73
  6  10 0.79
  6  11 0.65
  6  12 0.72
  6  13 0.65
  6  14 0.59
  6  15 0.63
  6  16 0.72
  6  17 0.80
  6  18 0.58
  6  19 0.75
  6  20 0.80
  6  21 0.67
  6  22 0.72
  7   1 0.44
  7   2 0.51
  7   3 0.50
  7   4 0.42
  7   5 0.51
  7   6 0.43
  7   7 1.00
  7   8 0.65
  7   9 0.63
  7  10 0.52
  7  11 0.63
  7  12 0.49
  7  13 0.67
  7  14 0.22
  7  15 0.76
  7  16 0.49
  7  17 0.44
  7  18 0.72
  7  19 0.44
  7  20 0.54
  7  21 0.56
  7  22 0.71
  8   1 0.68
  8   2 0.71
  8   3 0.72
  8   4 0.52
  8   5 0.78
  8   6 0.70
  8   7 0.65
  8   8 1.00
  8   9 0.79
  8  10 0.74
  8  11 0.84
  8  12 0.84
  8  13 0.72
  8  14 0.51
  8  15 0.72
  8  16 0.74
  8  17 0.74
  8  18 0.77
  8  19 0.73
  8  20 0.76
  8  21 0.76
  8  22 0.81
  9   1 0.78
  9   2 0.80
  9   3 0.74
  9   4 0.66
  9   5 0.72
  9   6 0.73
  9   7 0.63
  9   8 0.79
  9   9 1.00
  9  10 0.79
  9  11 0.80
  9  12 0.78
  9  13 0.73
  9  14 0.57
  9  15 0.78
  9  16 0.72
  9  17 0.74
  9  18 0.76
  9  19 0.70
  9  20 0.80
  9  21 0.80
  9  22 0.77
 10   1 0.67
 10   2 0.73
 10   3 0.77
 10   4 0.59
 10   5 0.64
 10   6 0.79
 10   7 0.52
 10   8 0.74
 10   9 0.79
 10  10 1.00
 10  11 0.74
 10  12 0.74
 10  13 0.75
 10  14 0.53
 10  15 0.72
 10  16 0.71
 10  17 0.80
 10  18 0.65
 10  19 0.70
 10  20 0.80
 10  21 0.78
 10  22 0.74
 11   1 0.69
 11   2 0.69
 11   3 0.68
 11   4 0.54
 11   5 0.79
 11   6 0.65
 11   7 0.63
 11   8 0.84
 11   9 0.80
 11  10 0.74
 11  11 1.00
 11  12 0.81
 11  13 0.68
 11  14 0.57
 11  15 0.72
 11  16 0.69
 11  17 0.74
 11  18 0.79
 11  19 0.67
 11  20 0.79
 11  21 0.80
 11  22 0.79
 12   1 0.71
 12   2 0.72
 12   3 0.72
 12   4 0.55
 12   5 0.77
 12   6 0.72
 12   7 0.49
 12   8 0.84
 12   9 0.78
 12  10 0.74
 12  11 0.81
 12  12 1.00
 12  13 0.67
 12  14 0.59
 12  15 0.64
 12  16 0.72
 12  17 0.77
 12  18 0.70
 12  19 0.74
 12  20 0.74
 12  21 0.78
 12  22 0.75
 13   1 0.57
 13   2 0.70
 13   3 0.77
 13   4 0.49
 13   5 0.58
 13   6 0.65
 13   7 0.67
 13   8 0.72
 13   9 0.73
 13  10 0.75
 13  11 0.68
 13  12 0.67
 13  13 1.00
 13  14 0.39
 13  15 0.72
 13  16 0.68
 13  17 0.67
 13  18 0.72
 13  19 0.60
 13  20 0.65
 13  21 0.76
 13  22 0.70
 14   1 0.65
 14   2 0.54
 14   3 0.48
 14   4 0.37
 14   5 0.62
 14   6 0.59
 14   7 0.22
 14   8 0.51
 14   9 0.57
 14  10 0.53
 14  11 0.57
 14  12 0.59
 14  13 0.39
 14  14 1.00
 14  15 0.39
 14  16 0.51
 14  17 0.61
 14  18 0.42
 14  19 0.57
 14  20 0.58
 14  21 0.56
 14  22 0.51
 15   1 0.59
 15   2 0.71
 15   3 0.62
 15   4 0.51
 15   5 0.60
 15   6 0.63
 15   7 0.76
 15   8 0.72
 15   9 0.78
 15  10 0.72
 15  11 0.72
 15  12 0.64
 15  13 0.72
 15  14 0.39
 15  15 1.00
 15  16 0.64
 15  17 0.60
 15  18 0.77
 15  19 0.56
 15  20 0.69
 15  21 0.72
 15  22 0.76
 16   1 0.71
 16   2 0.68
 16   3 0.79
 16   4 0.57
 16   5 0.69
 16   6 0.72
 16   7 0.49
 16   8 0.74
 16   9 0.72
 16  10 0.71
 16  11 0.69
 16  12 0.72
 16  13 0.68
 16  14 0.51
 16  15 0.64
 16  16 1.00
 16  17 0.75
 16  18 0.70
 16  19 0.70
 16  20 0.73
 16  21 0.71
 16  22 0.72
 17   1 0.70
 17   2 0.65
 17   3 0.77
 17   4 0.58
 17   5 0.71
 17   6 0.80
 17   7 0.44
 17   8 0.74
 17   9 0.74
 17  10 0.80
 17  11 0.74
 17  12 0.77
 17  13 0.67
 17  14 0.61
 17  15 0.60
 17  16 0.75
 17  17 1.00
 17  18 0.64
 17  19 0.76
 17  20 0.83
 17  21 0.72
 17  22 0.73
 18   1 0.65
 18   2 0.66
 18   3 0.69
 18   4 0.58
 18   5 0.68
 18   6 0.58
 18   7 0.72
 18   8 0.77
 18   9 0.76
 18  10 0.65
 18  11 0.79
 18  12 0.70
 18  13 0.72
 18  14 0.42
 18  15 0.77
 18  16 0.70
 18  17 0.64
 18  18 1.00
 18  19 0.61
 18  20 0.71
 18  21 0.73
 18  22 0.71
 19   1 0.71
 19   2 0.64
 19   3 0.68
 19   4 0.51
 19   5 0.65
 19   6 0.75
 19   7 0.44
 19   8 0.73
 19   9 0.70
 19  10 0.70
 19  11 0.67
 19  12 0.74
 19  13 0.60
 19  14 0.57
 19  15 0.56
 19  16 0.70
 19  17 0.76
 19  18 0.61
 19  19 1.00
 19  20 0.73
 19  21 0.65
 19  22 0.65
 20   1 0.68
 20   2 0.65
 20   3 0.75
 20   4 0.72
 20   5 0.70
 20   6 0.80
 20   7 0.54
 20   8 0.76
 20   9 0.80
 20  10 0.80
 20  11 0.79
 20  12 0.74
 20  13 0.65
 20  14 0.58
 20  15 0.69
 20  16 0.73
 20  17 0.83
 20  18 0.71
 20  19 0.73
 20  20 1.00
 20  21 0.72
 20  22 0.79
 21   1 0.67
 21   2 0.79
 21   3 0.73
 21   4 0.50
 21   5 0.67
 21   6 0.67
 21   7 0.56
 21   8 0.76
 21   9 0.80
 21  10 0.78
 21  11 0.80
 21  12 0.78
 21  13 0.76
 21  14 0.56
 21  15 0.72
 21  16 0.71
 21  17 0.72
 21  18 0.73
 21  19 0.65
 21  20 0.72
 21  21 1.00
 21  22 0.73
 22   1 0.68
 22   2 0.66
 22   3 0.76
 22   4 0.62
 22   5 0.74
 22   6 0.72
 22   7 0.71
 22   8 0.81
 22   9 0.77
 22  10 0.74
 22  11 0.79
 22  12 0.75
 22  13 0.70
 22  14 0.51
 22  15 0.76
 22  16 0.72
 22  17 0.73
 22  18 0.71
 22  19 0.65
 22  20 0.79
 22  21 0.73
 22  22 1.00
  1   1 1.00
  1   2 0.74
  1   3 0.67
  1   4 0.56
  1   5 0.71
  1   6 0.70
  1   7 0.44
  1   8 0.68
  1   9 0.78
  1  10 0.66
  1  11 0.68
  1  12 0.71
  1  13 0.57
  1  14 0.65
  1  15 0.59
  1  16 0.70
  1  17 0.70
  1  18 0.64
  1  19 0.71
  1  20 0.68
  1  21 0.67
  1  22 0.68
  2   1 0.74
  2   2 1.00
  2   3 0.68
  2   4 0.46
  2   5 0.61
  2   6 0.66
  2   7 0.51
  2   8 0.71
  2   9 0.80
  2  10 0.73
  2  11 0.68
  2  12 0.72
  2  13 0.70
  2  14 0.53
  2  15 0.71
  2  16 0.67
  2  17 0.65
  2  18 0.66
  2  19 0.64
  2  20 0.65
  2  21 0.79
  2  22 0.66
  3   1 0.67
  3   2 0.68
  3   3 1.00
  3   4 0.67
  3   5 0.65
  3   6 0.71
  3   7 0.49
  3   8 0.72
  3   9 0.73
  3  10 0.76
  3  11 0.68
  3  12 0.72
  3  13 0.76
  3  14 0.48
  3  15 0.62
  3  16 0.79
  3  17 0.77
  3  18 0.68
  3  19 0.68
  3  20 0.75
  3  21 0.73
  3  22 0.76
  4   1 0.56
  4   2 0.46
  4   3 0.67
  4   4 1.00
  4   5 0.51
  4   6 0.59
  4   7 0.42
  4   8 0.52
  4   9 0.66
  4  10 0.59
  4  11 0.54
  4  12 0.54
  4  13 0.49
  4  14 0.36
  4  15 0.51
  4  16 0.57
  4  17 0.57
  4  18 0.57
  4  19 0.51
  4  20 0.72
  4  21 0.50
  4  22 0.62
  5   1 0.71
  5   2 0.61
  5   3 0.65
  5   4 0.51
  5   5 1.00
  5   6 0.65
  5   7 0.50
  5   8 0.77
  5   9 0.71
  5  10 0.64
  5  11 0.79
  5  12 0.77
  5  13 0.57
  5  14 0.61
  5  15 0.60
  5  16 0.69
  5  17 0.71
  5  18 0.68
  5  19 0.65
  5  20 0.69
  5  21 0.67
  5  22 0.74
  6   1 0.70
  6   2 0.66
  6   3 0.71
  6   4 0.59
  6   5 0.65
  6   6 1.00
  6   7 0.43
  6   8 0.70
  6   9 0.73
  6  10 0.79
  6  11 0.65
  6  12 0.72
  6  13 0.65
  6  14 0.58
  6  15 0.63
  6  16 0.71
  6  17 0.80
  6  18 0.58
  6  19 0.74
  6  20 0.79
  6  21 0.67
  6  22 0.72
  7   1 0.44
  7   2 0.51
  7   3 0.49
  7   4 0.42
  7   5 0.50
  7   6 0.43
  7   7 1.00
  7   8 0.65
  7   9 0.62
  7  10 0.52
  7  11 0.62
  7  12 0.49
  7  13 0.66
  7  14 0.22
  7  15 0.76
  7  16 0.48
  7  17 0.44
  7  18 0.71
  7  19 0.44
  7  20 0.54
  7  21 0.56
  7  22 0.71
  8   1 0.68
  8   2 0.71
  8   3 0.72
  8   4 0.52
  8   5 0.77
  8   6 0.70
  8   7 0.65
  8   8 1.00
  8   9 0.78
  8  10 0.74
  8  11 0.84
  8  12 0.83
  8  13 0.72
  8  14 0.51
  8  15 0.72
  8  16 0.74
  8  17 0.74
  8  18 0.77
  8  19 0.72
  8  20 0.76
  8  21 0.76
  8  22 0.80
  9   1 0.78
  9   2 0.80
  9   3 0.73
  9   4 0.66
  9   5 0.71
  9   6 0.73
  9   7 0.62
  9   8 0.78
  9   9 1.00
  9  10 0.79
  9  11 0.80
  9  12 0.78
  9  13 0.73
  9  14 0.57
  9  15 0.78
  9  16 0.72
  9  17 0.74
  9  18 0.75
  9  19 0.69
  9  20 0.80
  9  21 0.79
  9  22 0.77
 10   1 0.66
 10   2 0.73
 10   3 0.76
 10   4 0.59
 10   5 0.64
 10   6 0.79
 10   7 0.52
 10   8 0.74
 10   9 0.79
 10  10 1.00
 10  11 0.73
 10  12 0.73
 10  13 0.75
 10  14 0.52
 10  15 0.72
 10  16 0.70
 10  17 0.80
 10  18 0.65
 10  19 0.69
 10  20 0.79
 10  21 0.77
 10  22 0.74
 11   1 0.68
 11   2 0.68
 11   3 0.68
 11   4 0.54
 11   5 0.79
 11   6 0.65
 11   7 0.62
 11   8 0.84
 11   9 0.80
 11  10 0.73
 11  11 1.00
 11  12 0.81
 11  13 0.68
 11  14 0.56
 11  15 0.72
 11  16 0.69
 11  17 0.73
 11  18 0.78
 11  19 0.67
 11  20 0.78
 11  21 0.80
 11  22 0.79
 12   1 0.71
 12   2 0.72
 12   3 0.72
 12   4 0.54
 12   5 0.77
 12   6 0.72
 12   7 0.49
 12   8 0.83
 12   9 0.78
 12  10 0.73
 12  11 0.81
 12  12 1.00
 12  13 0.66
 12  14 0.59
 12  15 0.64
 12  16 0.72
 12  17 0.76
 12  18 0.69
 12  19 0.74
 12  20 0.74
 12  21 0.78
 12  22 0.75
 13   1 0.57
 13   2 0.70
 13   3 0.76
 13   4 0.49
 13   5 0.57
 13   6 0.65
 13   7 0.66
 13   8 0.72
 13   9 0.73
 13  10 0.75
 13  11 0.68
 13  12 0.66
 13  13 1.00
 13  14 0.38
 13  15 0.72
 13  16 0.68
 13  17 0.66
 13  18 0.72
 13  19 0.59
 13  20 0.65
 13  21 0.76
 13  22 0.70
 14   1 0.65
 14   2 0.53
 14   3 0.48
 14   4 0.36
 14   5 0.61
 14   6 0.58
 14   7 0.22
 14   8 0.51
 14   9 0.57
 14  10 0.52
 14  11 0.56
 14  12 0.59
 14  13 0.38
 14  14 1.00
 14  15 0.39
 14  16 0.51
 14  17 0.61
 14  18 0.42
 14  19 0.57
 14  20 0.58
 14  21 0.56
 14  22 0.50
 15   1 0.59
 15   2 0.71
 15   3 0.62
 15   4 0.51
 15   5 0.60
 15   6 0.63
 15   7 0.76
 15   8 0.72
 15   9 0.78
 15  10 0.72
 15  11 0.72
 15  12 0.64
 15  13 0.72
 15  14 0.39
 15  15 1.00
 15  16 0.64
 15  17 0.60
 15  18 0.77
 15  19 0.56
 15  20 0.69
 15  21 0.72
 15  22 0.76
 16   1 0.70
 16   2 0.67
 16   3 0.79
 16   4 0.57
 16   5 0.69
 16   6 0.71
 16   7 0.48
 16   8 0.74
 16   9 0.72
 16  10 0.70
 16  11 0.69
 16  12 0.72
 16  13 0.68
 16  14 0.51
 16  15 0.64
 16  16 1.00
 16  17 0.74
 16  18 0.70
 16  19 0.70
 16  20 0.72
 16  21 0.71
 16  22 0.71
 17   1 0.70
 17   2 0.65
 17   3 0.77
 17   4 0.57
 17   5 0.71
 17   6 0.80
 17   7 0.44
 17   8 0.74
 17   9 0.74
 17  10 0.80
 17  11 0.73
 17  12 0.76
 17  13 0.66
 17  14 0.61
 17  15 0.60
 17  16 0.74
 17  17 1.00
 17  18 0.64
 17  19 0.76
 17  20 0.83
 17  21 0.71
 17  22 0.73
 18   1 0.64
 18   2 0.66
 18   3 0.68
 18   4 0.57
 18   5 0.68
 18   6 0.58
 18   7 0.71
 18   8 0.77
 18   9 0.75
 18  10 0.65
 18  11 0.78
 18  12 0.69
 18  13 0.72
 18  14 0.42
 18  15 0.77
 18  16 0.70
 18  17 0.64
 18  18 1.00
 18  19 0.60
 18  20 0.71
 18  21 0.73
 18  22 0.71
 19   1 0.71
 19   2 0.64
 19   3 0.68
 19   4 0.51
 19   5 0.65
 19   6 0.74
 19   7 0.44
 19   8 0.72
 19   9 0.69
 19  10 0.69
 19  11 0.67
 19  12 0.74
 19  13 0.59
 19  14 0.57
 19  15 0.56
 19  16 0.70
 19  17 0.76
 19  18 0.60
 19  19 1.00
 19  20 0.73
 19  21 0.65
 19  22 0.64
 20   1 0.68
 20   2 0.65
 20   3 0.75
 20   4 0.72
 20   5 0.69
 20   6 0.79
 20   7 0.54
 20   8 0.76
 20   9 0.80
 20  10 0.79
 20  11 0.78
 20  12 0.74
 20  13 0.65
 20  14 0.58
 20  15 0.69
 20  16 0.72
 20  17 0.83
 20  18 0.71
 20  19 0.73
 20  20 1.00
 20  21 0.71
 20  22 0.78
 21   1 0.67
 21   2 0.79
 21   3 0.73
 21   4 0.50
 21   5 0.67
 21   6 0.67
 21   7 0.56
 21   8 0.76
 21   9 0.79
 21  10 0.77
 21  11 0.80
 21  12 0.78
 21  13 0.76
 21  14 0.56
 21  15 0.72
 21  16 0.71
 21  17 0.71
 21  18 0.73
 21  19 0.65
 21  20 0.71
 21  21 1.00
 21  22 0.72
 22   1 0.68
 22   2 0.66
 22   3 0.76
 22   4 0.62
 22   5 0.74
 22   6 0.72
 22   7 0.71
 22   8 0.80
 22   9 0.77
 22  10 0.74
 22  11 0.79
 22  12 0.75
 22  13 0.70
 22  14 0.50
 22  15 0.76
 22  16 0.71
 22  17 0.73
 22  18 0.71
 22  19 0.64
 22  20 0.78
 22  21 0.72
 22  22 1.00
