  1   1 1.00
  1   2 0.35
  1   3 0.47
  1   4 0.29
  1   5 0.52
  1   6 0.64
  1   7 0.25
  1   8 0.34
  1   9 0.43
  1  10 0.43
  1  11 0.43
  1  12 0.44
  1  13 0.43
  1  14 0.59
  1  15 0.35
  1  16 0.40
  1  17 0.44
  1  18 0.44
  1  19 0.33
  1  20 0.42
  1  21 0.43
  1  22 0.46
  2   1 0.35
  2   2 1.00
  2   3 0.26
  2   4 0.30
  2   5 0.31
  2   6 0.42
  2   7 0.18
  2   8 0.14
  2   9 0.19
  2  10 0.28
  2  11 0.20
  2  12 0.30
  2  13 0.29
  2  14 0.27
  2  15 0.21
  2  16 0.20
  2  17 0.22
  2  18 0.22
  2  19 0.21
  2  20 0.29
  2  21 0.20
  2  22 0.35
  3   1 0.47
  3   2 0.26
  3   3 1.00
  3   4 0.21
  3   5 0.44
  3   6 0.48
  3   7 0.29
  3   8 0.37
  3   9 0.39
  3  10 0.35
  3  11 0.46
  3  12 0.54
  3  13 0.35
  3  14 0.36
  3  15 0.37
  3  16 0.40
  3  17 0.36
  3  18 0.40
  3  19 0.32
  3  20 0.37
  3  21 0.37
  3  22 0.35
  4   1 0.29
  4   2 0.30
  4   3 0.21
  4   4 1.00
  4   5 0.29
  4   6 0.36
  4   7 0.14
  4   8 0.13
  4   9 0.18
  4  10 0.20
  4  11 0.18
  4  12 0.21
  4  13 0.21
  4  14 0.20
  4  15 0.14
  4  16 0.17
  4  17 0.18
  4  18 0.15
  4  19 0.13
  4  20 0.21
  4  21 0.15
  4  22 0.24
  5   1 0.52
  5   2 0.31
  5   3 0.44
  5   4 0.29
  5   5 1.00
  5   6 0.60
  5   7 0.21
  5   8 0.38
  5   9 0.50
  5  10 0.38
  5  11 0.38
  5  12 0.49
  5  13 0.33
  5  14 0.47
  5  15 0.29
  5  16 0.47
  5  17 0.44
  5  18 0.38
  5  19 0.31
  5  20 0.43
  5  21 0.39
  5  22 0.41
  6   1 0.64
  6   2 0.42
  6   3 0.48
  6   4 0.36
  6   5 0.60
  6   6 1.00
  6   7 0.29
  6   8 0.40
  6   9 0.53
  6  10 0.57
  6  11 0.54
  6  12 0.60
  6  13 0.54
  6  14 0.59
  6  15 0.44
  6  16 0.59
  6  17 0.59
  6  18 0.57
  6  19 0.48
  6  20 0.56
  6  21 0.55
  6  22 0.53
  7   1 0.25
  7   2 0.18
  7   3 0.29
  7   4 0.14
  7   5 0.21
  7   6 0.29
  7   7 1.00
  7   8 0.40
  7   9 0.24
  7  10 0.43
  7  11 0.32
  7  12 0.40
  7  13 0.21
  7  14 0.19
  7  15 0.40
  7  16 0.43
  7  17 0.36
  7  18 0.44
  7  19 0.39
  7  20 0.18
  7  21 0.41
  7  22 0.40
  8   1 0.34
  8   2 0.14
  8   3 0.37
  8   4 0.13
  8   5 0.38
  8   6 0.40
  8   7 0.40
  8   8 1.00
  8   9 0.37
  8  10 0.30
  8  11 0.35
  8  12 0.45
  8  13 0.20
  8  14 0.29
  8  15 0.42
  8  16 0.44
  8  17 0.35
  8  18 0.45
  8  19 0.37
  8  20 0.26
  8  21 0.46
  8  22 0.33
  9   1 0.43
  9   2 0.19
  9   3 0.39
  9   4 0.18
  9   5 0.50
  9   6 0.53
  9   7 0.24
  9   8 0.37
  9   9 1.00
  9  10 0.42
  9  11 0.49
  9  12 0.40
  9  13 0.30
  9  14 0.38
  9  15 0.34
  9  16 0.52
  9  17 0.59
  9  18 0.49
  9  19 0.43
  9  20 0.42
  9  21 0.42
  9  22 0.41
 10   1 0.43
 10   2 0.28
 10   3 0.35
 10   4 0.20
 10   5 0.38
 10   6 0.57
 10   7 0.43
 10   8 0.30
 10   9 0.42
 10  10 1.00
 10  11 0.35
 10  12 0.56
 10  13 0.34
 10  14 0.34
 10  15 0.41
 10  16 0.56
 10  17 0.52
 10  18 0.52
 10  19 0.49
 10  20 0.37
 10  21 0.48
 10  22 0.49
 11   1 0.43
 11   2 0.20
 11   3 0.46
 11   4 0.18
 11   5 0.38
 11   6 0.54
 11   7 0.32
 11   8 0.35
 11   9 0.49
 11  10 0.35
 11  11 1.00
 11  12 0.48
 11  13 0.38
 11  14 0.45
 11  15 0.44
 11  16 0.57
 11  17 0.56
 11  18 0.62
 11  19 0.59
 11  20 0.49
 11  21 0.52
 11  22 0.44
 12   1 0.44
 12   2 0.30
 12   3 0.54
 12   4 0.21
 12   5 0.49
 12   6 0.60
 12   7 0.40
 12   8 0.45
 12   9 0.40
 12  10 0.56
 12  11 0.48
 12  12 1.00
 12  13 0.34
 12  14 0.38
 12  15 0.45
 12  16 0.60
 12  17 0.53
 12  18 0.53
 12  19 0.54
 12  20 0.47
 12  21 0.53
 12  22 0.57
 13   1 0.43
 13   2 0.29
 13   3 0.35
 13   4 0.21
 13   5 0.33
 13   6 0.54
 13   7 0.21
 13   8 0.20
 13   9 0.30
 13  10 0.34
 13  11 0.38
 13  12 0.34
 13  13 1.00
 13  14 0.44
 13  15 0.36
 13  16 0.28
 13  17 0.31
 13  18 0.29
 13  19 0.23
 13  20 0.55
 13  21 0.44
 13  22 0.32
 14   1 0.59
 14   2 0.27
 14   3 0.36
 14   4 0.20
 14   5 0.47
 14   6 0.59
 14   7 0.19
 14   8 0.29
 14   9 0.38
 14  10 0.34
 14  11 0.45
 14  12 0.38
 14  13 0.44
 14  14 1.00
 14  15 0.41
 14  16 0.43
 14  17 0.46
 14  18 0.42
 14  19 0.33
 14  20 0.42
 14  21 0.51
 14  22 0.39
 15   1 0.35
 15   2 0.21
 15   3 0.37
 15   4 0.14
 15   5 0.29
 15   6 0.44
 15   7 0.40
 15   8 0.42
 15   9 0.34
 15  10 0.41
 15  11 0.44
 15  12 0.45
 15  13 0.36
 15  14 0.41
 15  15 1.00
 15  16 0.54
 15  17 0.43
 15  18 0.46
 15  19 0.40
 15  20 0.41
 15  21 0.55
 15  22 0.49
 16   1 0.40
 16   2 0.20
 16   3 0.40
 16   4 0.17
 16   5 0.47
 16   6 0.59
 16   7 0.43
 16   8 0.44
 16   9 0.52
 16  10 0.56
 16  11 0.57
 16  12 0.60
 16  13 0.28
 16  14 0.43
 16  15 0.54
 16  16 1.00
 16  17 0.74
 16  18 0.68
 16  19 0.72
 16  20 0.46
 16  21 0.64
 16  22 0.53
 17   1 0.44
 17   2 0.22
 17   3 0.36
 17   4 0.18
 17   5 0.44
 17   6 0.59
 17   7 0.36
 17   8 0.35
 17   9 0.59
 17  10 0.52
 17  11 0.56
 17  12 0.53
 17  13 0.31
 17  14 0.46
 17  15 0.43
 17  16 0.74
 17  17 1.00
 17  18 0.71
 17  19 0.62
 17  20 0.49
 17  21 0.57
 17  22 0.55
 18   1 0.44
 18   2 0.22
 18   3 0.40
 18   4 0.15
 18   5 0.38
 18   6 0.57
 18   7 0.44
 18   8 0.45
 18   9 0.49
 18  10 0.52
 18  11 0.62
 18  12 0.53
 18  13 0.29
 18  14 0.42
 18  15 0.46
 18  16 0.68
 18  17 0.71
 18  18 1.00
 18  19 0.71
 18  20 0.46
 18  21 0.61
 18  22 0.54
 19   1 0.33
 19   2 0.21
 19   3 0.32
 19   4 0.13
 19   5 0.31
 19   6 0.48
 19   7 0.39
 19   8 0.37
 19   9 0.43
 19  10 0.49
 19  11 0.59
 19  12 0.54
 19  13 0.23
 19  14 0.33
 19  15 0.40
 19  16 0.72
 19  17 0.62
 19  18 0.71
 19  19 1.00
 19  20 0.41
 19  21 0.53
 19  22 0.52
 20   1 0.42
 20   2 0.29
 20   3 0.37
 20   4 0.21
 20   5 0.43
 20   6 0.56
 20   7 0.18
 20   8 0.26
 20   9 0.42
 20  10 0.37
 20  11 0.49
 20  12 0.47
 20  13 0.55
 20  14 0.42
 20  15 0.41
 20  16 0.46
 20  17 0.49
 20  18 0.46
 20  19 0.41
 20  20 1.00
 20  21 0.50
 20  22 0.45
 21   1 0.43
 21   2 0.20
 21   3 0.37
 21   4 0.15
 21   5 0.39
 21   6 0.55
 21   7 0.41
 21   8 0.46
 21   9 0.42
 21  10 0.48
 21  11 0.52
 21  12 0.53
 21  13 0.44
 21  14 0.51
 21  15 0.55
 21  16 0.64
 21  17 0.57
 21  18 0.61
 21  19 0.53
 21  20 0.50
 21  21 1.00
 21  22 0.52
 22   1 0.46
 22   2 0.35
 22   3 0.35
 22   4 0.24
 22   5 0.41
 22   6 0.53
 22   7 0.40
 22   8 0.33
 22   9 0.41
 22  10 0.49
 22  11 0.44
 22  12 0.57
 22  13 0.32
 22  14 0.39
 22  15 0.49
 22  16 0.53
 22  17 0.55
 22  18 0.54
 22  19 0.52
 22  20 0.45
 22  21 0.52
 22  22 1.00
  1   1 1.00
  1   2 0.35
  1   3 0.47
  1   4 0.29
  1   5 0.52
  1   6 0.63
  1   7 0.25
  1   8 0.34
  1   9 0.43
  1  10 0.43
  1  11 0.43
  1  12 0.44
  1  13 0.43
  1  14 0.59
  1  15 0.35
  1  16 0.40
  1  17 0.44
  1  18 0.44
  1  19 0.33
  1  20 0.42
  1  21 0.43
  1  22 0.46
  2   1 0.35
  2   2 1.00
  2   3 0.26
  2   4 0.30
  2   5 0.31
  2   6 0.42
  2   7 0.18
  2   8 0.14
  2   9 0.19
  2  10 0.28
  2  11 0.20
  2  12 0.30
  2  13 0.28
  2  14 0.27
  2  15 0.20
  2  16 0.20
  2  17 0.22
  2  18 0.22
  2  19 0.21
  2  20 0.29
  2  21 0.20
  2  22 0.35
  3   1 0.47
  3   2 0.26
  3   3 1.00
  3   4 0.21
  3   5 0.44
  3   6 0.48
  3   7 0.29
  3   8 0.37
  3   9 0.39
  3  10 0.34
  3  11 0.46
  3  12 0.54
  3  13 0.35
  3  14 0.36
  3  15 0.37
  3  16 0.40
  3  17 0.36
  3  18 0.40
  3  19 0.32
  3  20 0.37
  3  21 0.37
  3  22 0.34
  4   1 0.29
  4   2 0.30
  4   3 0.21
  4   4 1.00
  4   5 0.29
  4   6 0.36
  4   7 0.14
  4   8 0.13
  4   9 0.18
  4  10 0.20
  4  11 0.18
  4  12 0.21
  4  13 0.21
  4  14 0.20
  4  15 0.14
  4  16 0.17
  4  17 0.18
  4  18 0.15
  4  19 0.13
  4  20 0.21
  4  21 0.15
  4  22 0.24
  5   1 0.52
  5   2 0.31
  5   3 0.44
  5   4 0.29
  5   5 1.00
  5   6 0.60
  5   7 0.21
  5   8 0.38
  5   9 0.50
  5  10 0.38
  5  11 0.38
  5  12 0.49
  5  13 0.33
  5  14 0.47
  5  15 0.29
  5  16 0.47
  5  17 0.44
  5  18 0.38
  5  19 0.31
  5  20 0.43
  5  21 0.39
  5  22 0.41
  6   1 0.63
  6   2 0.42
  6   3 0.48
  6   4 0.36
  6   5 0.60
  6   6 1.00
  6   7 0.29
  6   8 0.40
  6   9 0.53
  6  10 0.57
  6  11 0.54
  6  12 0.60
  6  13 0.54
  6  14 0.59
  6  15 0.44
  6  16 0.59
  6  17 0.59
  6  18 0.57
  6  19 0.48
  6  20 0.56
  6  21 0.55
  6  22 0.52
  7   1 0.25
  7   2 0.18
  7   3 0.29
  7   4 0.14
  7   5 0.21
  7   6 0.29
  7   7 1.00
  7   8 0.40
  7   9 0.24
  7  10 0.43
  7  11 0.31
  7  12 0.39
  7  13 0.21
  7  14 0.19
  7  15 0.40
  7  16 0.43
  7  17 0.36
  7  18 0.44
  7  19 0.39
  7  20 0.18
  7  21 0.41
  7  22 0.40
  8   1 0.34
  8   2 0.14
  8   3 0.37
  8   4 0.13
  8   5 0.38
  8   6 0.40
  8   7 0.40
  8   8 1.00
  8   9 0.37
  8  10 0.30
  8  11 0.35
  8  12 0.45
  8  13 0.20
  8  14 0.29
  8  15 0.42
  8  16 0.44
  8  17 0.35
  8  18 0.45
  8  19 0.36
  8  20 0.26
  8  21 0.46
  8  22 0.33
  9   1 0.43
  9   2 0.19
  9   3 0.39
  9   4 0.18
  9   5 0.50
  9   6 0.53
  9   7 0.24
  9   8 0.37
  9   9 1.00
  9  10 0.42
  9  11 0.49
  9  12 0.40
  9  13 0.30
  9  14 0.38
  9  15 0.34
  9  16 0.52
  9  17 0.59
  9  18 0.49
  9  19 0.43
  9  20 0.42
  9  21 0.41
  9  22 0.41
 10   1 0.43
 10   2 0.28
 10   3 0.34
 10   4 0.20
 10   5 0.38
 10   6 0.57
 10   7 0.43
 10   8 0.30
 10   9 0.42
 10  10 1.00
 10  11 0.35
 10  12 0.56
 10  13 0.34
 10  14 0.34
 10  15 0.40
 10  16 0.56
 10  17 0.52
 10  18 0.52
 10  19 0.49
 10  20 0.37
 10  21 0.48
 10  22 0.49
 11   1 0.43
 11   2 0.20
 11   3 0.46
 11   4 0.18
 11   5 0.38
 11   6 0.54
 11   7 0.31
 11   8 0.35
 11   9 0.49
 11  10 0.35
 11  11 1.00
 11  12 0.47
 11  13 0.38
 11  14 0.44
 11  15 0.44
 11  16 0.57
 11  17 0.56
 11  18 0.62
 11  19 0.59
 11  20 0.49
 11  21 0.52
 11  22 0.44
 12   1 0.44
 12   2 0.30
 12   3 0.54
 12   4 0.21
 12   5 0.49
 12   6 0.60
 12   7 0.39
 12   8 0.45
 12   9 0.40
 12  10 0.56
 12  11 0.47
 12  12 1.00
 12  13 0.34
 12  14 0.38
 12  15 0.45
 12  16 0.60
 12  17 0.53
 12  18 0.53
 12  19 0.54
 12  20 0.47
 12  21 0.53
 12  22 0.57
 13   1 0.43
 13   2 0.28
 13   3 0.35
 13   4 0.21
 13   5 0.33
 13   6 0.54
 13   7 0.21
 13   8 0.20
 13   9 0.30
 13  10 0.34
 13  11 0.38
 13  12 0.34
 13  13 1.00
 13  14 0.44
 13  15 0.36
 13  16 0.28
 13  17 0.30
 13  18 0.29
 13  19 0.23
 13  20 0.55
 13  21 0.44
 13  22 0.32
 14   1 0.59
 14   2 0.27
 14   3 0.36
 14   4 0.20
 14   5 0.47
 14   6 0.59
 14   7 0.19
 14   8 0.29
 14   9 0.38
 14  10 0.34
 14  11 0.44
 14  12 0.38
 14  13 0.44
 14  14 1.00
 14  15 0.41
 14  16 0.43
 14  17 0.46
 14  18 0.42
 14  19 0.33
 14  20 0.42
 14  21 0.51
 14  22 0.38
 15   1 0.35
 15   2 0.20
 15   3 0.37
 15   4 0.14
 15   5 0.29
 15   6 0.44
 15   7 0.40
 15   8 0.42
 15   9 0.34
 15  10 0.40
 15  11 0.44
 15  12 0.45
 15  13 0.36
 15  14 0.41
 15  15 1.00
 15  16 0.53
 15  17 0.43
 15  18 0.46
 15  19 0.39
 15  20 0.41
 15  21 0.55
 15  22 0.49
 16   1 0.40
 16   2 0.20
 16   3 0.40
 16   4 0.17
 16   5 0.47
 16   6 0.59
 16   7 0.43
 16   8 0.44
 16   9 0.52
 16  10 0.56
 16  11 0.57
 16  12 0.60
 16  13 0.28
 16  14 0.43
 16  15 0.53
 16  16 1.00
 16  17 0.74
 16  18 0.68
 16  19 0.72
 16  20 0.46
 16  21 0.63
 16  22 0.53
 17   1 0.44
 17   2 0.22
 17   3 0.36
 17   4 0.18
 17   5 0.44
 17   6 0.59
 17   7 0.36
 17   8 0.35
 17   9 0.59
 17  10 0.52
 17  11 0.56
 17  12 0.53
 17  13 0.30
 17  14 0.46
 17  15 0.43
 17  16 0.74
 17  17 1.00
 17  18 0.71
 17  19 0.62
 17  20 0.49
 17  21 0.57
 17  22 0.55
 18   1 0.44
 18   2 0.22
 18   3 0.40
 18   4 0.15
 18   5 0.38
 18   6 0.57
 18   7 0.44
 18   8 0.45
 18   9 0.49
 18  10 0.52
 18  11 0.62
 18  12 0.53
 18  13 0.29
 18  14 0.42
 18  15 0.46
 18  16 0.68
 18  17 0.71
 18  18 1.00
 18  19 0.71
 18  20 0.46
 18  21 0.61
 18  22 0.54
 19   1 0.33
 19   2 0.21
 19   3 0.32
 19   4 0.13
 19   5 0.31
 19   6 0.48
 19   7 0.39
 19   8 0.36
 19   9 0.43
 19  10 0.49
 19  11 0.59
 19  12 0.54
 19  13 0.23
 19  14 0.33
 19  15 0.39
 19  16 0.72
 19  17 0.62
 19  18 0.71
 19  19 1.00
 19  20 0.41
 19  21 0.52
 19  22 0.52
 20   1 0.42
 20   2 0.29
 20   3 0.37
 20   4 0.21
 20   5 0.43
 20   6 0.56
 20   7 0.18
 20   8 0.26
 20   9 0.42
 20  10 0.37
 20  11 0.49
 20  12 0.47
 20  13 0.55
 20  14 0.42
 20  15 0.41
 20  16 0.46
 20  17 0.49
 20  18 0.46
 20  19 0.41
 20  20 1.00
 20  21 0.50
 20  22 0.45
 21   1 0.43
 21   2 0.20
 21   3 0.37
 21   4 0.15
 21   5 0.39
 21   6 0.55
 21   7 0.41
 21   8 0.46
 21   9 0.41
 21  10 0.48
 21  11 0.52
 21  12 0.53
 21  13 0.44
 21  14 0.51
 21  15 0.55
 21  16 0.63
 21  17 0.57
 21  18 0.61
 21  19 0.52
 21  20 0.50
 21  21 1.00
 21  22 0.51
 22   1 0.46
 22   2 0.35
 22   3 0.34
 22   4 0.24
 22   5 0.41
 22   6 0.52
 22   7 0.40
 22   8 0.33
 22   9 0.41
 22  10 0.49
 22  11 0.44
 22  12 0.57
 22  13 0.32
 22  14 0.38
 22  15 0.49
 22  16 0.53
 22  17 0.55
 22  18 0.54
 22  19 0.52
 22  20 0.45
 22  21 0.51
 22  22 1.00
