  1   1 1.00
  1   2 0.70
  1   3 0.27
  1   4 0.25
  1   5 0.25
  1   6 0.30
  1   7 0.29
  1   8 0.44
  1   9 0.26
  1  10 0.12
  1  11 0.21
  1  12 0.18
  1  13 0.24
  1  14 0.18
  1  15 0.13
  1  16 0.25
  1  17 0.23
  1  18 0.31
  1  19 0.33
  1  20 0.14
  1  21 0.31
  1  22 0.36
  2   1 0.70
  2   2 1.00
  2   3 0.19
  2   4 0.21
  2   5 0.19
  2   6 0.26
  2   7 0.26
  2   8 0.38
  2   9 0.21
  2  10 0.10
  2  11 0.15
  2  12 0.19
  2  13 0.19
  2  14 0.18
  2  15 0.10
  2  16 0.22
  2  17 0.18
  2  18 0.28
  2  19 0.29
  2  20 0.13
  2  21 0.27
  2  22 0.35
  3   1 0.27
  3   2 0.19
  3   3 1.00
  3   4 0.19
  3   5 0.61
  3   6 0.72
  3   7 0.28
  3   8 0.23
  3   9 0.55
  3  10 0.63
  3  11 0.66
  3  12 0.43
  3  13 0.74
  3  14 0.65
  3  15 0.55
  3  16 0.63
  3  17 0.66
  3  18 0.65
  3  19 0.66
  3  20 0.44
  3  21 0.39
  3  22 0.57
  4   1 0.25
  4   2 0.21
  4   3 0.19
  4   4 1.00
  4   5 0.37
  4   6 0.26
  4   7 0.40
  4   8 0.28
  4   9 0.35
  4  10 0.12
  4  11 0.28
  4  12 0.25
  4  13 0.29
  4  14 0.13
  4  15 0.15
  4  16 0.26
  4  17 0.27
  4  18 0.29
  4  19 0.24
  4  20 0.12
  4  21 0.43
  4  22 0.23
  5   1 0.25
  5   2 0.19
  5   3 0.61
  5   4 0.37
  5   5 1.00
  5   6 0.69
  5   7 0.42
  5   8 0.37
  5   9 0.49
  5  10 0.56
  5  11 0.60
  5  12 0.36
  5  13 0.65
  5  14 0.51
  5  15 0.56
  5  16 0.63
  5  17 0.50
  5  18 0.60
  5  19 0.55
  5  20 0.33
  5  21 0.55
  5  22 0.58
  6   1 0.30
  6   2 0.26
  6   3 0.72
  6   4 0.26
  6   5 0.69
  6   6 1.00
  6   7 0.35
  6   8 0.26
  6   9 0.54
  6  10 0.53
  6  11 0.67
  6  12 0.42
  6  13 0.65
  6  14 0.62
  6  15 0.51
  6  16 0.60
  6  17 0.57
  6  18 0.70
  6  19 0.70
  6  20 0.40
  6  21 0.49
  6  22 0.62
  7   1 0.29
  7   2 0.26
  7   3 0.28
  7   4 0.40
  7   5 0.42
  7   6 0.35
  7   7 1.00
  7   8 0.42
  7   9 0.26
  7  10 0.19
  7  11 0.23
  7  12 0.16
  7  13 0.28
  7  14 0.18
  7  15 0.21
  7  16 0.30
  7  17 0.24
  7  18 0.34
  7  19 0.34
  7  20 0.11
  7  21 0.50
  7  22 0.36
  8   1 0.44
  8   2 0.38
  8   3 0.23
  8   4 0.28
  8   5 0.37
  8   6 0.26
  8   7 0.42
  8   8 1.00
  8   9 0.21
  8  10 0.24
  8  11 0.20
  8  12 0.13
  8  13 0.22
  8  14 0.16
  8  15 0.26
  8  16 0.30
  8  17 0.19
  8  18 0.28
  8  19 0.28
  8  20 0.09
  8  21 0.33
  8  22 0.35
  9   1 0.26
  9   2 0.21
  9   3 0.55
  9   4 0.35
  9   5 0.49
  9   6 0.54
  9   7 0.26
  9   8 0.21
  9   9 1.00
  9  10 0.36
  9  11 0.56
  9  12 0.55
  9  13 0.65
  9  14 0.59
  9  15 0.38
  9  16 0.51
  9  17 0.60
  9  18 0.52
  9  19 0.58
  9  20 0.43
  9  21 0.46
  9  22 0.34
 10   1 0.12
 10   2 0.10
 10   3 0.63
 10   4 0.12
 10   5 0.56
 10   6 0.53
 10   7 0.19
 10   8 0.24
 10   9 0.36
 10  10 1.00
 10  11 0.55
 10  12 0.37
 10  13 0.58
 10  14 0.54
 10  15 0.69
 10  16 0.59
 10  17 0.53
 10  18 0.56
 10  19 0.47
 10  20 0.42
 10  21 0.29
 10  22 0.35
 11   1 0.21
 11   2 0.15
 11   3 0.66
 11   4 0.28
 11   5 0.60
 11   6 0.67
 11   7 0.23
 11   8 0.20
 11   9 0.56
 11  10 0.55
 11  11 1.00
 11  12 0.55
 11  13 0.73
 11  14 0.61
 11  15 0.56
 11  16 0.65
 11  17 0.67
 11  18 0.77
 11  19 0.59
 11  20 0.41
 11  21 0.37
 11  22 0.54
 12   1 0.18
 12   2 0.19
 12   3 0.43
 12   4 0.25
 12   5 0.36
 12   6 0.42
 12   7 0.16
 12   8 0.13
 12   9 0.55
 12  10 0.37
 12  11 0.55
 12  12 1.00
 12  13 0.47
 12  14 0.48
 12  15 0.35
 12  16 0.43
 12  17 0.47
 12  18 0.48
 12  19 0.46
 12  20 0.44
 12  21 0.26
 12  22 0.33
 13   1 0.24
 13   2 0.19
 13   3 0.74
 13   4 0.29
 13   5 0.65
 13   6 0.65
 13   7 0.28
 13   8 0.22
 13   9 0.65
 13  10 0.58
 13  11 0.73
 13  12 0.47
 13  13 1.00
 13  14 0.66
 13  15 0.52
 13  16 0.72
 13  17 0.70
 13  18 0.64
 13  19 0.64
 13  20 0.39
 13  21 0.44
 13  22 0.46
 14   1 0.18
 14   2 0.18
 14   3 0.65
 14   4 0.13
 14   5 0.51
 14   6 0.62
 14   7 0.18
 14   8 0.16
 14   9 0.59
 14  10 0.54
 14  11 0.61
 14  12 0.48
 14  13 0.66
 14  14 1.00
 14  15 0.47
 14  16 0.61
 14  17 0.67
 14  18 0.57
 14  19 0.62
 14  20 0.53
 14  21 0.30
 14  22 0.38
 15   1 0.13
 15   2 0.10
 15   3 0.55
 15   4 0.15
 15   5 0.56
 15   6 0.51
 15   7 0.21
 15   8 0.26
 15   9 0.38
 15  10 0.69
 15  11 0.56
 15  12 0.35
 15  13 0.52
 15  14 0.47
 15  15 1.00
 15  16 0.49
 15  17 0.50
 15  18 0.52
 15  19 0.39
 15  20 0.44
 15  21 0.32
 15  22 0.36
 16   1 0.25
 16   2 0.22
 16   3 0.63
 16   4 0.26
 16   5 0.63
 16   6 0.60
 16   7 0.30
 16   8 0.30
 16   9 0.51
 16  10 0.59
 16  11 0.65
 16  12 0.43
 16  13 0.72
 16  14 0.61
 16  15 0.49
 16  16 1.00
 16  17 0.62
 16  18 0.60
 16  19 0.53
 16  20 0.37
 16  21 0.44
 16  22 0.48
 17   1 0.23
 17   2 0.18
 17   3 0.66
 17   4 0.27
 17   5 0.50
 17   6 0.57
 17   7 0.24
 17   8 0.19
 17   9 0.60
 17  10 0.53
 17  11 0.67
 17  12 0.47
 17  13 0.70
 17  14 0.67
 17  15 0.50
 17  16 0.62
 17  17 1.00
 17  18 0.64
 17  19 0.58
 17  20 0.46
 17  21 0.39
 17  22 0.43
 18   1 0.31
 18   2 0.28
 18   3 0.65
 18   4 0.29
 18   5 0.60
 18   6 0.70
 18   7 0.34
 18   8 0.28
 18   9 0.52
 18  10 0.56
 18  11 0.77
 18  12 0.48
 18  13 0.64
 18  14 0.57
 18  15 0.52
 18  16 0.60
 18  17 0.64
 18  18 1.00
 18  19 0.63
 18  20 0.35
 18  21 0.46
 18  22 0.66
 19   1 0.33
 19   2 0.29
 19   3 0.66
 19   4 0.24
 19   5 0.55
 19   6 0.70
 19   7 0.34
 19   8 0.28
 19   9 0.58
 19  10 0.47
 19  11 0.59
 19  12 0.46
 19  13 0.64
 19  14 0.62
 19  15 0.39
 19  16 0.53
 19  17 0.58
 19  18 0.63
 19  19 1.00
 19  20 0.37
 19  21 0.40
 19  22 0.55
 20   1 0.14
 20   2 0.13
 20   3 0.44
 20   4 0.12
 20   5 0.33
 20   6 0.40
 20   7 0.11
 20   8 0.09
 20   9 0.43
 20  10 0.42
 20  11 0.41
 20  12 0.44
 20  13 0.39
 20  14 0.53
 20  15 0.44
 20  16 0.37
 20  17 0.46
 20  18 0.35
 20  19 0.37
 20  20 1.00
 20  21 0.19
 20  22 0.19
 21   1 0.31
 21   2 0.27
 21   3 0.39
 21   4 0.43
 21   5 0.55
 21   6 0.49
 21   7 0.50
 21   8 0.33
 21   9 0.46
 21  10 0.29
 21  11 0.37
 21  12 0.26
 21  13 0.44
 21  14 0.30
 21  15 0.32
 21  16 0.44
 21  17 0.39
 21  18 0.46
 21  19 0.40
 21  20 0.19
 21  21 1.00
 21  22 0.42
 22   1 0.36
 22   2 0.35
 22   3 0.57
 22   4 0.23
 22   5 0.58
 22   6 0.62
 22   7 0.36
 22   8 0.35
 22   9 0.34
 22  10 0.35
 22  11 0.54
 22  12 0.33
 22  13 0.46
 22  14 0.38
 22  15 0.36
 22  16 0.48
 22  17 0.43
 22  18 0.66
 22  19 0.55
 22  20 0.19
 22  21 0.42
 22  22 1.00
  1   1 1.00
  1   2 0.70
  1   3 0.27
  1   4 0.25
  1   5 0.24
  1   6 0.30
  1   7 0.29
  1   8 0.44
  1   9 0.26
  1  10 0.11
  1  11 0.21
  1  12 0.18
  1  13 0.24
  1  14 0.18
  1  15 0.13
  1  16 0.25
  1  17 0.22
  1  18 0.30
  1  19 0.33
  1  20 0.14
  1  21 0.31
  1  22 0.36
  2   1 0.70
  2   2 1.00
  2   3 0.19
  2   4 0.21
  2   5 0.18
  2   6 0.26
  2   7 0.26
  2   8 0.38
  2   9 0.21
  2  10 0.09
  2  11 0.15
  2  12 0.19
  2  13 0.19
  2  14 0.18
  2  15 0.10
  2  16 0.22
  2  17 0.18
  2  18 0.28
  2  19 0.29
  2  20 0.13
  2  21 0.27
  2  22 0.34
  3   1 0.27
  3   2 0.19
  3   3 1.00
  3   4 0.19
  3   5 0.61
  3   6 0.72
  3   7 0.28
  3   8 0.22
  3   9 0.55
  3  10 0.63
  3  11 0.66
  3  12 0.42
  3  13 0.73
  3  14 0.65
  3  15 0.55
  3  16 0.63
  3  17 0.66
  3  18 0.65
  3  19 0.66
  3  20 0.44
  3  21 0.39
  3  22 0.57
  4   1 0.25
  4   2 0.21
  4   3 0.19
  4   4 1.00
  4   5 0.37
  4   6 0.26
  4   7 0.40
  4   8 0.28
  4   9 0.35
  4  10 0.11
  4  11 0.28
  4  12 0.25
  4  13 0.28
  4  14 0.13
  4  15 0.15
  4  16 0.26
  4  17 0.27
  4  18 0.29
  4  19 0.24
  4  20 0.12
  4  21 0.43
  4  22 0.23
  5   1 0.24
  5   2 0.18
  5   3 0.61
  5   4 0.37
  5   5 1.00
  5   6 0.68
  5   7 0.42
  5   8 0.37
  5   9 0.49
  5  10 0.56
  5  11 0.60
  5  12 0.36
  5  13 0.65
  5  14 0.51
  5  15 0.56
  5  16 0.63
  5  17 0.49
  5  18 0.60
  5  19 0.54
  5  20 0.33
  5  21 0.55
  5  22 0.58
  6   1 0.30
  6   2 0.26
  6   3 0.72
  6   4 0.26
  6   5 0.68
  6   6 1.00
  6   7 0.35
  6   8 0.26
  6   9 0.54
  6  10 0.53
  6  11 0.67
  6  12 0.42
  6  13 0.65
  6  14 0.62
  6  15 0.51
  6  16 0.60
  6  17 0.56
  6  18 0.70
  6  19 0.70
  6  20 0.39
  6  21 0.48
  6  22 0.62
  7   1 0.29
  7   2 0.26
  7   3 0.28
  7   4 0.40
  7   5 0.42
  7   6 0.35
  7   7 1.00
  7   8 0.42
  7   9 0.26
  7  10 0.19
  7  11 0.23
  7  12 0.16
  7  13 0.28
  7  14 0.18
  7  15 0.21
  7  16 0.30
  7  17 0.24
  7  18 0.34
  7  19 0.34
  7  20 0.11
  7  21 0.50
  7  22 0.36
  8   1 0.44
  8   2 0.38
  8   3 0.22
  8   4 0.28
  8   5 0.37
  8   6 0.26
  8   7 0.42
  8   8 1.00
  8   9 0.21
  8  10 0.24
  8  11 0.19
  8  12 0.13
  8  13 0.22
  8  14 0.16
  8  15 0.26
  8  16 0.30
  8  17 0.19
  8  18 0.28
  8  19 0.28
  8  20 0.09
  8  21 0.33
  8  22 0.35
  9   1 0.26
  9   2 0.21
  9   3 0.55
  9   4 0.35
  9   5 0.49
  9   6 0.54
  9   7 0.26
  9   8 0.21
  9   9 1.00
  9  10 0.36
  9  11 0.56
  9  12 0.55
  9  13 0.65
  9  14 0.59
  9  15 0.37
  9  16 0.51
  9  17 0.60
  9  18 0.52
  9  19 0.58
  9  20 0.43
  9  21 0.46
  9  22 0.34
 10   1 0.11
 10   2 0.09
 10   3 0.63
 10   4 0.11
 10   5 0.56
 10   6 0.53
 10   7 0.19
 10   8 0.24
 10   9 0.36
 10  10 1.00
 10  11 0.54
 10  12 0.37
 10  13 0.58
 10  14 0.54
 10  15 0.68
 10  16 0.59
 10  17 0.53
 10  18 0.56
 10  19 0.46
 10  20 0.42
 10  21 0.29
 10  22 0.34
 11   1 0.21
 11   2 0.15
 11   3 0.66
 11   4 0.28
 11   5 0.60
 11   6 0.67
 11   7 0.23
 11   8 0.19
 11   9 0.56
 11  10 0.54
 11  11 1.00
 11  12 0.55
 11  13 0.73
 11  14 0.61
 11  15 0.56
 11  16 0.65
 11  17 0.67
 11  18 0.77
 11  19 0.59
 11  20 0.41
 11  21 0.36
 11  22 0.54
 12   1 0.18
 12   2 0.19
 12   3 0.42
 12   4 0.25
 12   5 0.36
 12   6 0.42
 12   7 0.16
 12   8 0.13
 12   9 0.55
 12  10 0.37
 12  11 0.55
 12  12 1.00
 12  13 0.47
 12  14 0.48
 12  15 0.34
 12  16 0.43
 12  17 0.47
 12  18 0.48
 12  19 0.45
 12  20 0.44
 12  21 0.26
 12  22 0.33
 13   1 0.24
 13   2 0.19
 13   3 0.73
 13   4 0.28
 13   5 0.65
 13   6 0.65
 13   7 0.28
 13   8 0.22
 13   9 0.65
 13  10 0.58
 13  11 0.73
 13  12 0.47
 13  13 1.00
 13  14 0.65
 13  15 0.52
 13  16 0.72
 13  17 0.70
 13  18 0.64
 13  19 0.64
 13  20 0.38
 13  21 0.44
 13  22 0.46
 14   1 0.18
 14   2 0.18
 14   3 0.65
 14   4 0.13
 14   5 0.51
 14   6 0.62
 14   7 0.18
 14   8 0.16
 14   9 0.59
 14  10 0.54
 14  11 0.61
 14  12 0.48
 14  13 0.65
 14  14 1.00
 14  15 0.46
 14  16 0.61
 14  17 0.66
 14  18 0.57
 14  19 0.62
 14  20 0.53
 14  21 0.30
 14  22 0.37
 15   1 0.13
 15   2 0.10
 15   3 0.55
 15   4 0.15
 15   5 0.56
 15   6 0.51
 15   7 0.21
 15   8 0.26
 15   9 0.37
 15  10 0.68
 15  11 0.56
 15  12 0.34
 15  13 0.52
 15  14 0.46
 15  15 1.00
 15  16 0.49
 15  17 0.50
 15  18 0.51
 15  19 0.39
 15  20 0.44
 15  21 0.32
 15  22 0.36
 16   1 0.25
 16   2 0.22
 16   3 0.63
 16   4 0.26
 16   5 0.63
 16   6 0.60
 16   7 0.30
 16   8 0.30
 16   9 0.51
 16  10 0.59
 16  11 0.65
 16  12 0.43
 16  13 0.72
 16  14 0.61
 16  15 0.49
 16  16 1.00
 16  17 0.61
 16  18 0.60
 16  19 0.53
 16  20 0.37
 16  21 0.44
 16  22 0.48
 17   1 0.22
 17   2 0.18
 17   3 0.66
 17   4 0.27
 17   5 0.49
 17   6 0.56
 17   7 0.24
 17   8 0.19
 17   9 0.60
 17  10 0.53
 17  11 0.67
 17  12 0.47
 17  13 0.70
 17  14 0.66
 17  15 0.50
 17  16 0.61
 17  17 1.00
 17  18 0.64
 17  19 0.58
 17  20 0.46
 17  21 0.39
 17  22 0.43
 18   1 0.30
 18   2 0.28
 18   3 0.65
 18   4 0.29
 18   5 0.60
 18   6 0.70
 18   7 0.34
 18   8 0.28
 18   9 0.52
 18  10 0.56
 18  11 0.77
 18  12 0.48
 18  13 0.64
 18  14 0.57
 18  15 0.51
 18  16 0.60
 18  17 0.64
 18  18 1.00
 18  19 0.63
 18  20 0.35
 18  21 0.46
 18  22 0.66
 19   1 0.33
 19   2 0.29
 19   3 0.66
 19   4 0.24
 19   5 0.54
 19   6 0.70
 19   7 0.34
 19   8 0.28
 19   9 0.58
 19  10 0.46
 19  11 0.59
 19  12 0.45
 19  13 0.64
 19  14 0.62
 19  15 0.39
 19  16 0.53
 19  17 0.58
 19  18 0.63
 19  19 1.00
 19  20 0.37
 19  21 0.40
 19  22 0.55
 20   1 0.14
 20   2 0.13
 20   3 0.44
 20   4 0.12
 20   5 0.33
 20   6 0.39
 20   7 0.11
 20   8 0.09
 20   9 0.43
 20  10 0.42
 20  11 0.41
 20  12 0.44
 20  13 0.38
 20  14 0.53
 20  15 0.44
 20  16 0.37
 20  17 0.46
 20  18 0.35
 20  19 0.37
 20  20 1.00
 20  21 0.19
 20  22 0.19
 21   1 0.31
 21   2 0.27
 21   3 0.39
 21   4 0.43
 21   5 0.55
 21   6 0.48
 21   7 0.50
 21   8 0.33
 21   9 0.46
 21  10 0.29
 21  11 0.36
 21  12 0.26
 21  13 0.44
 21  14 0.30
 21  15 0.32
 21  16 0.44
 21  17 0.39
 21  18 0.46
 21  19 0.40
 21  20 0.19
 21  21 1.00
 21  22 0.42
 22   1 0.36
 22   2 0.34
 22   3 0.57
 22   4 0.23
 22   5 0.58
 22   6 0.62
 22   7 0.36
 22   8 0.35
 22   9 0.34
 22  10 0.34
 22  11 0.54
 22  12 0.33
 22  13 0.46
 22  14 0.37
 22  15 0.36
 22  16 0.48
 22  17 0.43
 22  18 0.66
 22  19 0.55
 22  20 0.19
 22  21 0.42
 22  22 1.00
