  1   1 1.00
  1   2 0.77
  1   3 0.73
  1   4 0.52
  1   5 0.69
  1   6 0.71
  1   7 0.58
  1   8 0.75
  1   9 0.67
  1  10 0.63
  1  11 0.73
  1  12 0.61
  1  13 0.71
  1  14 0.76
  1  15 0.71
  1  16 0.60
  1  17 0.65
  1  18 0.73
  1  19 0.70
  1  20 0.75
  1  21 0.63
  1  22 0.74
  2   1 0.77
  2   2 1.00
  2   3 0.67
  2   4 0.58
  2   5 0.61
  2   6 0.64
  2   7 0.50
  2   8 0.65
  2   9 0.76
  2  10 0.52
  2  11 0.74
  2  12 0.54
  2  13 0.68
  2  14 0.76
  2  15 0.61
  2  16 0.59
  2  17 0.56
  2  18 0.70
  2  19 0.59
  2  20 0.69
  2  21 0.51
  2  22 0.74
  3   1 0.73
  3   2 0.67
  3   3 1.00
  3   4 0.52
  3   5 0.75
  3   6 0.67
  3   7 0.53
  3   8 0.65
  3   9 0.62
  3  10 0.58
  3  11 0.72
  3  12 0.59
  3  13 0.70
  3  14 0.70
  3  15 0.67
  3  16 0.62
  3  17 0.55
  3  18 0.71
  3  19 0.65
  3  20 0.72
  3  21 0.57
  3  22 0.74
  4   1 0.52
  4   2 0.58
  4   3 0.52
  4   4 1.00
  4   5 0.55
  4   6 0.54
  4   7 0.62
  4   8 0.58
  4   9 0.61
  4  10 0.56
  4  11 0.61
  4  12 0.54
  4  13 0.58
  4  14 0.55
  4  15 0.46
  4  16 0.45
  4  17 0.54
  4  18 0.56
  4  19 0.47
  4  20 0.57
  4  21 0.48
  4  22 0.57
  5   1 0.69
  5   2 0.61
  5   3 0.75
  5   4 0.55
  5   5 1.00
  5   6 0.61
  5   7 0.63
  5   8 0.67
  5   9 0.61
  5  10 0.65
  5  11 0.68
  5  12 0.60
  5  13 0.67
  5  14 0.67
  5  15 0.65
  5  16 0.58
  5  17 0.62
  5  18 0.67
  5  19 0.65
  5  20 0.70
  5  21 0.60
  5  22 0.72
  6   1 0.71
  6   2 0.64
  6   3 0.67
  6   4 0.54
  6   5 0.61
  6   6 1.00
  6   7 0.55
  6   8 0.66
  6   9 0.65
  6  10 0.64
  6  11 0.73
  6  12 0.63
  6  13 0.68
  6  14 0.65
  6  15 0.68
  6  16 0.70
  6  17 0.58
  6  18 0.73
  6  19 0.70
  6  20 0.75
  6  21 0.60
  6  22 0.66
  7   1 0.58
  7   2 0.50
  7   3 0.53
  7   4 0.62
  7   5 0.63
  7   6 0.55
  7   7 1.00
  7   8 0.72
  7   9 0.52
  7  10 0.66
  7  11 0.59
  7  12 0.62
  7  13 0.64
  7  14 0.55
  7  15 0.58
  7  16 0.45
  7  17 0.59
  7  18 0.60
  7  19 0.62
  7  20 0.66
  7  21 0.64
  7  22 0.63
  8   1 0.75
  8   2 0.65
  8   3 0.65
  8   4 0.58
  8   5 0.67
  8   6 0.66
  8   7 0.72
  8   8 1.00
  8   9 0.62
  8  10 0.69
  8  11 0.65
  8  12 0.69
  8  13 0.69
  8  14 0.69
  8  15 0.67
  8  16 0.57
  8  17 0.71
  8  18 0.70
  8  19 0.71
  8  20 0.70
  8  21 0.58
  8  22 0.72
  9   1 0.67
  9   2 0.76
  9   3 0.62
  9   4 0.61
  9   5 0.61
  9   6 0.65
  9   7 0.52
  9   8 0.62
  9   9 1.00
  9  10 0.64
  9  11 0.73
  9  12 0.58
  9  13 0.61
  9  14 0.77
  9  15 0.60
  9  16 0.64
  9  17 0.59
  9  18 0.73
  9  19 0.59
  9  20 0.72
  9  21 0.55
  9  22 0.69
 10   1 0.63
 10   2 0.52
 10   3 0.58
 10   4 0.56
 10   5 0.65
 10   6 0.64
 10   7 0.66
 10   8 0.69
 10   9 0.64
 10  10 1.00
 10  11 0.65
 10  12 0.68
 10  13 0.67
 10  14 0.64
 10  15 0.70
 10  16 0.60
 10  17 0.70
 10  18 0.69
 10  19 0.66
 10  20 0.70
 10  21 0.65
 10  22 0.64
 11   1 0.73
 11   2 0.74
 11   3 0.72
 11   4 0.61
 11   5 0.68
 11   6 0.73
 11   7 0.59
 11   8 0.65
 11   9 0.73
 11  10 0.65
 11  11 1.00
 11  12 0.67
 11  13 0.72
 11  14 0.76
 11  15 0.68
 11  16 0.69
 11  17 0.64
 11  18 0.80
 11  19 0.68
 11  20 0.75
 11  21 0.64
 11  22 0.76
 12   1 0.61
 12   2 0.54
 12   3 0.59
 12   4 0.54
 12   5 0.60
 12   6 0.63
 12   7 0.62
 12   8 0.69
 12   9 0.58
 12  10 0.68
 12  11 0.67
 12  12 1.00
 12  13 0.70
 12  14 0.62
 12  15 0.65
 12  16 0.67
 12  17 0.71
 12  18 0.76
 12  19 0.69
 12  20 0.66
 12  21 0.66
 12  22 0.69
 13   1 0.71
 13   2 0.68
 13   3 0.70
 13   4 0.58
 13   5 0.67
 13   6 0.68
 13   7 0.64
 13   8 0.69
 13   9 0.61
 13  10 0.67
 13  11 0.72
 13  12 0.70
 13  13 1.00
 13  14 0.74
 13  15 0.71
 13  16 0.65
 13  17 0.64
 13  18 0.75
 13  19 0.66
 13  20 0.69
 13  21 0.64
 13  22 0.76
 14   1 0.76
 14   2 0.76
 14   3 0.70
 14   4 0.55
 14   5 0.67
 14   6 0.65
 14   7 0.55
 14   8 0.69
 14   9 0.77
 14  10 0.64
 14  11 0.76
 14  12 0.62
 14  13 0.74
 14  14 1.00
 14  15 0.69
 14  16 0.66
 14  17 0.64
 14  18 0.79
 14  19 0.65
 14  20 0.68
 14  21 0.60
 14  22 0.77
 15   1 0.71
 15   2 0.61
 15   3 0.67
 15   4 0.46
 15   5 0.65
 15   6 0.68
 15   7 0.58
 15   8 0.67
 15   9 0.60
 15  10 0.70
 15  11 0.68
 15  12 0.65
 15  13 0.71
 15  14 0.69
 15  15 1.00
 15  16 0.66
 15  17 0.66
 15  18 0.69
 15  19 0.70
 15  20 0.70
 15  21 0.71
 15  22 0.69
 16   1 0.60
 16   2 0.59
 16   3 0.62
 16   4 0.45
 16   5 0.58
 16   6 0.70
 16   7 0.45
 16   8 0.57
 16   9 0.64
 16  10 0.60
 16  11 0.69
 16  12 0.67
 16  13 0.65
 16  14 0.66
 16  15 0.66
 16  16 1.00
 16  17 0.57
 16  18 0.76
 16  19 0.65
 16  20 0.64
 16  21 0.59
 16  22 0.65
 17   1 0.65
 17   2 0.56
 17   3 0.55
 17   4 0.54
 17   5 0.62
 17   6 0.58
 17   7 0.59
 17   8 0.71
 17   9 0.59
 17  10 0.70
 17  11 0.64
 17  12 0.71
 17  13 0.64
 17  14 0.64
 17  15 0.66
 17  16 0.57
 17  17 1.00
 17  18 0.65
 17  19 0.59
 17  20 0.61
 17  21 0.58
 17  22 0.68
 18   1 0.73
 18   2 0.70
 18   3 0.71
 18   4 0.56
 18   5 0.67
 18   6 0.73
 18   7 0.60
 18   8 0.70
 18   9 0.73
 18  10 0.69
 18  11 0.80
 18  12 0.76
 18  13 0.75
 18  14 0.79
 18  15 0.69
 18  16 0.76
 18  17 0.65
 18  18 1.00
 18  19 0.74
 18  20 0.76
 18  21 0.69
 18  22 0.78
 19   1 0.70
 19   2 0.59
 19   3 0.65
 19   4 0.47
 19   5 0.65
 19   6 0.70
 19   7 0.62
 19   8 0.71
 19   9 0.59
 19  10 0.66
 19  11 0.68
 19  12 0.69
 19  13 0.66
 19  14 0.65
 19  15 0.70
 19  16 0.65
 19  17 0.59
 19  18 0.74
 19  19 1.00
 19  20 0.70
 19  21 0.71
 19  22 0.71
 20   1 0.75
 20   2 0.69
 20   3 0.72
 20   4 0.57
 20   5 0.70
 20   6 0.75
 20   7 0.66
 20   8 0.70
 20   9 0.72
 20  10 0.70
 20  11 0.75
 20  12 0.66
 20  13 0.69
 20  14 0.68
 20  15 0.70
 20  16 0.64
 20  17 0.61
 20  18 0.76
 20  19 0.70
 20  20 1.00
 20  21 0.67
 20  22 0.75
 21   1 0.63
 21   2 0.51
 21   3 0.57
 21   4 0.48
 21   5 0.60
 21   6 0.60
 21   7 0.64
 21   8 0.58
 21   9 0.55
 21  10 0.65
 21  11 0.64
 21  12 0.66
 21  13 0.64
 21  14 0.60
 21  15 0.71
 21  16 0.59
 21  17 0.58
 21  18 0.69
 21  19 0.71
 21  20 0.67
 21  21 1.00
 21  22 0.67
 22   1 0.74
 22   2 0.74
 22   3 0.74
 22   4 0.57
 22   5 0.72
 22   6 0.66
 22   7 0.63
 22   8 0.72
 22   9 0.69
 22  10 0.64
 22  11 0.76
 22  12 0.69
 22  13 0.76
 22  14 0.77
 22  15 0.69
 22  16 0.65
 22  17 0.68
 22  18 0.78
 22  19 0.71
 22  20 0.75
 22  21 0.67
 22  22 1.00
  1   1 1.00
  1   2 0.77
  1   3 0.72
  1   4 0.52
  1   5 0.69
  1   6 0.70
  1   7 0.57
  1   8 0.75
  1   9 0.66
  1  10 0.63
  1  11 0.73
  1  12 0.61
  1  13 0.71
  1  14 0.75
  1  15 0.71
  1  16 0.59
  1  17 0.65
  1  18 0.72
  1  19 0.70
  1  20 0.74
  1  21 0.63
  1  22 0.73
  2   1 0.77
  2   2 1.00
  2   3 0.67
  2   4 0.58
  2   5 0.60
  2   6 0.64
  2   7 0.49
  2   8 0.65
  2   9 0.76
  2  10 0.52
  2  11 0.73
  2  12 0.53
  2  13 0.67
  2  14 0.75
  2  15 0.61
  2  16 0.58
  2  17 0.56
  2  18 0.69
  2  19 0.58
  2  20 0.68
  2  21 0.50
  2  22 0.74
  3   1 0.72
  3   2 0.67
  3   3 1.00
  3   4 0.52
  3   5 0.74
  3   6 0.66
  3   7 0.52
  3   8 0.64
  3   9 0.62
  3  10 0.57
  3  11 0.72
  3  12 0.59
  3  13 0.70
  3  14 0.70
  3  15 0.66
  3  16 0.61
  3  17 0.54
  3  18 0.71
  3  19 0.65
  3  20 0.72
  3  21 0.56
  3  22 0.73
  4   1 0.52
  4   2 0.58
  4   3 0.52
  4   4 1.00
  4   5 0.55
  4   6 0.53
  4   7 0.62
  4   8 0.58
  4   9 0.61
  4  10 0.55
  4  11 0.60
  4  12 0.53
  4  13 0.57
  4  14 0.55
  4  15 0.46
  4  16 0.45
  4  17 0.53
  4  18 0.56
  4  19 0.46
  4  20 0.57
  4  21 0.48
  4  22 0.56
  5   1 0.69
  5   2 0.60
  5   3 0.74
  5   4 0.55
  5   5 1.00
  5   6 0.60
  5   7 0.63
  5   8 0.66
  5   9 0.61
  5  10 0.64
  5  11 0.67
  5  12 0.59
  5  13 0.67
  5  14 0.66
  5  15 0.64
  5  16 0.58
  5  17 0.61
  5  18 0.67
  5  19 0.64
  5  20 0.69
  5  21 0.60
  5  22 0.71
  6   1 0.70
  6   2 0.64
  6   3 0.66
  6   4 0.53
  6   5 0.60
  6   6 1.00
  6   7 0.54
  6   8 0.65
  6   9 0.64
  6  10 0.63
  6  11 0.73
  6  12 0.62
  6  13 0.68
  6  14 0.64
  6  15 0.68
  6  16 0.70
  6  17 0.58
  6  18 0.73
  6  19 0.69
  6  20 0.74
  6  21 0.60
  6  22 0.65
  7   1 0.57
  7   2 0.49
  7   3 0.52
  7   4 0.62
  7   5 0.63
  7   6 0.54
  7   7 1.00
  7   8 0.71
  7   9 0.52
  7  10 0.66
  7  11 0.58
  7  12 0.61
  7  13 0.64
  7  14 0.54
  7  15 0.58
  7  16 0.44
  7  17 0.58
  7  18 0.59
  7  19 0.62
  7  20 0.66
  7  21 0.64
  7  22 0.62
  8   1 0.75
  8   2 0.65
  8   3 0.64
  8   4 0.58
  8   5 0.66
  8   6 0.65
  8   7 0.71
  8   8 1.00
  8   9 0.62
  8  10 0.69
  8  11 0.64
  8  12 0.69
  8  13 0.69
  8  14 0.68
  8  15 0.67
  8  16 0.57
  8  17 0.71
  8  18 0.70
  8  19 0.70
  8  20 0.70
  8  21 0.58
  8  22 0.71
  9   1 0.66
  9   2 0.76
  9   3 0.62
  9   4 0.61
  9   5 0.61
  9   6 0.64
  9   7 0.52
  9   8 0.62
  9   9 1.00
  9  10 0.63
  9  11 0.73
  9  12 0.58
  9  13 0.61
  9  14 0.76
  9  15 0.59
  9  16 0.63
  9  17 0.59
  9  18 0.72
  9  19 0.58
  9  20 0.72
  9  21 0.54
  9  22 0.68
 10   1 0.63
 10   2 0.52
 10   3 0.57
 10   4 0.55
 10   5 0.64
 10   6 0.63
 10   7 0.66
 10   8 0.69
 10   9 0.63
 10  10 1.00
 10  11 0.65
 10  12 0.68
 10  13 0.66
 10  14 0.64
 10  15 0.69
 10  16 0.59
 10  17 0.69
 10  18 0.68
 10  19 0.66
 10  20 0.69
 10  21 0.65
 10  22 0.63
 11   1 0.73
 11   2 0.73
 11   3 0.72
 11   4 0.60
 11   5 0.67
 11   6 0.73
 11   7 0.58
 11   8 0.64
 11   9 0.73
 11  10 0.65
 11  11 1.00
 11  12 0.67
 11  13 0.72
 11  14 0.75
 11  15 0.68
 11  16 0.68
 11  17 0.64
 11  18 0.80
 11  19 0.67
 11  20 0.75
 11  21 0.64
 11  22 0.76
 12   1 0.61
 12   2 0.53
 12   3 0.59
 12   4 0.53
 12   5 0.59
 12   6 0.62
 12   7 0.61
 12   8 0.69
 12   9 0.58
 12  10 0.68
 12  11 0.67
 12  12 1.00
 12  13 0.70
 12  14 0.62
 12  15 0.64
 12  16 0.66
 12  17 0.71
 12  18 0.75
 12  19 0.69
 12  20 0.66
 12  21 0.65
 12  22 0.69
 13   1 0.71
 13   2 0.67
 13   3 0.70
 13   4 0.57
 13   5 0.67
 13   6 0.68
 13   7 0.64
 13   8 0.69
 13   9 0.61
 13  10 0.66
 13  11 0.72
 13  12 0.70
 13  13 1.00
 13  14 0.73
 13  15 0.71
 13  16 0.64
 13  17 0.64
 13  18 0.75
 13  19 0.65
 13  20 0.68
 13  21 0.63
 13  22 0.75
 14   1 0.75
 14   2 0.75
 14   3 0.70
 14   4 0.55
 14   5 0.66
 14   6 0.64
 14   7 0.54
 14   8 0.68
 14   9 0.76
 14  10 0.64
 14  11 0.75
 14  12 0.62
 14  13 0.73
 14  14 1.00
 14  15 0.68
 14  16 0.66
 14  17 0.64
 14  18 0.79
 14  19 0.64
 14  20 0.68
 14  21 0.59
 14  22 0.76
 15   1 0.71
 15   2 0.61
 15   3 0.66
 15   4 0.46
 15   5 0.64
 15   6 0.68
 15   7 0.58
 15   8 0.67
 15   9 0.59
 15  10 0.69
 15  11 0.68
 15  12 0.64
 15  13 0.71
 15  14 0.68
 15  15 1.00
 15  16 0.65
 15  17 0.65
 15  18 0.69
 15  19 0.69
 15  20 0.70
 15  21 0.71
 15  22 0.69
 16   1 0.59
 16   2 0.58
 16   3 0.61
 16   4 0.45
 16   5 0.58
 16   6 0.70
 16   7 0.44
 16   8 0.57
 16   9 0.63
 16  10 0.59
 16  11 0.68
 16  12 0.66
 16  13 0.64
 16  14 0.66
 16  15 0.65
 16  16 1.00
 16  17 0.56
 16  18 0.75
 16  19 0.65
 16  20 0.64
 16  21 0.59
 16  22 0.64
 17   1 0.65
 17   2 0.56
 17   3 0.54
 17   4 0.53
 17   5 0.61
 17   6 0.58
 17   7 0.58
 17   8 0.71
 17   9 0.59
 17  10 0.69
 17  11 0.64
 17  12 0.71
 17  13 0.64
 17  14 0.64
 17  15 0.65
 17  16 0.56
 17  17 1.00
 17  18 0.65
 17  19 0.58
 17  20 0.60
 17  21 0.57
 17  22 0.67
 18   1 0.72
 18   2 0.69
 18   3 0.71
 18   4 0.56
 18   5 0.67
 18   6 0.73
 18   7 0.59
 18   8 0.70
 18   9 0.72
 18  10 0.68
 18  11 0.80
 18  12 0.75
 18  13 0.75
 18  14 0.79
 18  15 0.69
 18  16 0.75
 18  17 0.65
 18  18 1.00
 18  19 0.74
 18  20 0.75
 18  21 0.69
 18  22 0.78
 19   1 0.70
 19   2 0.58
 19   3 0.65
 19   4 0.46
 19   5 0.64
 19   6 0.69
 19   7 0.62
 19   8 0.70
 19   9 0.58
 19  10 0.66
 19  11 0.67
 19  12 0.69
 19  13 0.65
 19  14 0.64
 19  15 0.69
 19  16 0.65
 19  17 0.58
 19  18 0.74
 19  19 1.00
 19  20 0.69
 19  21 0.70
 19  22 0.70
 20   1 0.74
 20   2 0.68
 20   3 0.72
 20   4 0.57
 20   5 0.69
 20   6 0.74
 20   7 0.66
 20   8 0.70
 20   9 0.72
 20  10 0.69
 20  11 0.75
 20  12 0.66
 20  13 0.68
 20  14 0.68
 20  15 0.70
 20  16 0.64
 20  17 0.60
 20  18 0.75
 20  19 0.69
 20  20 1.00
 20  21 0.66
 20  22 0.74
 21   1 0.63
 21   2 0.50
 21   3 0.56
 21   4 0.48
 21   5 0.60
 21   6 0.60
 21   7 0.64
 21   8 0.58
 21   9 0.54
 21  10 0.65
 21  11 0.64
 21  12 0.65
 21  13 0.63
 21  14 0.59
 21  15 0.71
 21  16 0.59
 21  17 0.57
 21  18 0.69
 21  19 0.70
 21  20 0.66
 21  21 1.00
 21  22 0.67
 22   1 0.73
 22   2 0.74
 22   3 0.73
 22   4 0.56
 22   5 0.71
 22   6 0.65
 22   7 0.62
 22   8 0.71
 22   9 0.68
 22  10 0.63
 22  11 0.76
 22  12 0.69
 22  13 0.75
 22  14 0.76
 22  15 0.69
 22  16 0.64
 22  17 0.67
 22  18 0.78
 22  19 0.70
 22  20 0.74
 22  21 0.67
 22  22 1.00
