  1   1 1.00
  1   2 0.81
  1   3 0.56
  1   4 0.43
  1   5 0.72
  1   6 0.87
  1   7 0.42
  1   8 0.82
  1   9 0.77
  1  10 0.52
  1  11 0.78
  1  12 0.77
  1  13 0.67
  1  14 0.78
  1  15 0.66
  1  16 0.80
  1  17 0.48
  1  18 0.74
  1  19 0.77
  1  20 0.47
  1  21 0.59
  1  22 0.63
  2   1 0.81
  2   2 1.00
  2   3 0.52
  2   4 0.48
  2   5 0.68
  2   6 0.81
  2   7 0.52
  2   8 0.75
  2   9 0.65
  2  10 0.58
  2  11 0.84
  2  12 0.89
  2  13 0.83
  2  14 0.79
  2  15 0.66
  2  16 0.77
  2  17 0.57
  2  18 0.74
  2  19 0.80
  2  20 0.70
  2  21 0.59
  2  22 0.72
  3   1 0.56
  3   2 0.52
  3   3 1.00
  3   4 0.38
  3   5 0.39
  3   6 0.58
  3   7 0.48
  3   8 0.49
  3   9 0.80
  3  10 0.43
  3  11 0.42
  3  12 0.48
  3  13 0.38
  3  14 0.44
  3  15 0.43
  3  16 0.38
  3  17 0.50
  3  18 0.27
  3  19 0.48
  3  20 0.21
  3  21 0.43
  3  22 0.46
  4   1 0.43
  4   2 0.48
  4   3 0.38
  4   4 1.00
  4   5 0.48
  4   6 0.46
  4   7 0.41
  4   8 0.42
  4   9 0.37
  4  10 0.37
  4  11 0.40
  4  12 0.53
  4  13 0.41
  4  14 0.32
  4  15 0.40
  4  16 0.46
  4  17 0.33
  4  18 0.37
  4  19 0.47
  4  20 0.51
  4  21 0.42
  4  22 0.42
  5   1 0.72
  5   2 0.68
  5   3 0.39
  5   4 0.48
  5   5 1.00
  5   6 0.72
  5   7 0.39
  5   8 0.71
  5   9 0.54
  5  10 0.50
  5  11 0.66
  5  12 0.69
  5  13 0.63
  5  14 0.65
  5  15 0.61
  5  16 0.71
  5  17 0.32
  5  18 0.71
  5  19 0.65
  5  20 0.53
  5  21 0.59
  5  22 0.49
  6   1 0.87
  6   2 0.81
  6   3 0.58
  6   4 0.46
  6   5 0.72
  6   6 1.00
  6   7 0.50
  6   8 0.79
  6   9 0.79
  6  10 0.61
  6  11 0.84
  6  12 0.79
  6  13 0.77
  6  14 0.84
  6  15 0.67
  6  16 0.80
  6  17 0.54
  6  18 0.69
  6  19 0.84
  6  20 0.48
  6  21 0.68
  6  22 0.72
  7   1 0.42
  7   2 0.52
  7   3 0.48
  7   4 0.41
  7   5 0.39
  7   6 0.50
  7   7 1.00
  7   8 0.46
  7   9 0.44
  7  10 0.37
  7  11 0.50
  7  12 0.56
  7  13 0.55
  7  14 0.39
  7  15 0.56
  7  16 0.41
  7  17 0.51
  7  18 0.36
  7  19 0.43
  7  20 0.40
  7  21 0.45
  7  22 0.44
  8   1 0.82
  8   2 0.75
  8   3 0.49
  8   4 0.42
  8   5 0.71
  8   6 0.79
  8   7 0.46
  8   8 1.00
  8   9 0.61
  8  10 0.49
  8  11 0.71
  8  12 0.80
  8  13 0.71
  8  14 0.73
  8  15 0.79
  8  16 0.86
  8  17 0.44
  8  18 0.79
  8  19 0.67
  8  20 0.46
  8  21 0.67
  8  22 0.62
  9   1 0.77
  9   2 0.65
  9   3 0.80
  9   4 0.37
  9   5 0.54
  9   6 0.79
  9   7 0.44
  9   8 0.61
  9   9 1.00
  9  10 0.53
  9  11 0.58
  9  12 0.57
  9  13 0.52
  9  14 0.66
  9  15 0.55
  9  16 0.54
  9  17 0.56
  9  18 0.42
  9  19 0.65
  9  20 0.25
  9  21 0.56
  9  22 0.55
 10   1 0.52
 10   2 0.58
 10   3 0.43
 10   4 0.37
 10   5 0.50
 10   6 0.61
 10   7 0.37
 10   8 0.49
 10   9 0.53
 10  10 1.00
 10  11 0.62
 10  12 0.59
 10  13 0.49
 10  14 0.65
 10  15 0.43
 10  16 0.45
 10  17 0.46
 10  18 0.45
 10  19 0.64
 10  20 0.45
 10  21 0.61
 10  22 0.69
 11   1 0.78
 11   2 0.84
 11   3 0.42
 11   4 0.40
 11   5 0.66
 11   6 0.84
 11   7 0.50
 11   8 0.71
 11   9 0.58
 11  10 0.62
 11  11 1.00
 11  12 0.82
 11  13 0.85
 11  14 0.80
 11  15 0.61
 11  16 0.78
 11  17 0.52
 11  18 0.73
 11  19 0.83
 11  20 0.64
 11  21 0.55
 11  22 0.72
 12   1 0.77
 12   2 0.89
 12   3 0.48
 12   4 0.53
 12   5 0.69
 12   6 0.79
 12   7 0.56
 12   8 0.80
 12   9 0.57
 12  10 0.59
 12  11 0.82
 12  12 1.00
 12  13 0.83
 12  14 0.77
 12  15 0.72
 12  16 0.83
 12  17 0.55
 12  18 0.74
 12  19 0.76
 12  20 0.71
 12  21 0.71
 12  22 0.77
 13   1 0.67
 13   2 0.83
 13   3 0.38
 13   4 0.41
 13   5 0.63
 13   6 0.77
 13   7 0.55
 13   8 0.71
 13   9 0.52
 13  10 0.49
 13  11 0.85
 13  12 0.83
 13  13 1.00
 13  14 0.75
 13  15 0.62
 13  16 0.74
 13  17 0.53
 13  18 0.67
 13  19 0.73
 13  20 0.68
 13  21 0.53
 13  22 0.69
 14   1 0.78
 14   2 0.79
 14   3 0.44
 14   4 0.32
 14   5 0.65
 14   6 0.84
 14   7 0.39
 14   8 0.73
 14   9 0.66
 14  10 0.65
 14  11 0.80
 14  12 0.77
 14  13 0.75
 14  14 1.00
 14  15 0.62
 14  16 0.70
 14  17 0.45
 14  18 0.71
 14  19 0.77
 14  20 0.45
 14  21 0.59
 14  22 0.72
 15   1 0.66
 15   2 0.66
 15   3 0.43
 15   4 0.40
 15   5 0.61
 15   6 0.67
 15   7 0.56
 15   8 0.79
 15   9 0.55
 15  10 0.43
 15  11 0.61
 15  12 0.72
 15  13 0.62
 15  14 0.62
 15  15 1.00
 15  16 0.73
 15  17 0.47
 15  18 0.66
 15  19 0.56
 15  20 0.43
 15  21 0.61
 15  22 0.53
 16   1 0.80
 16   2 0.77
 16   3 0.38
 16   4 0.46
 16   5 0.71
 16   6 0.80
 16   7 0.41
 16   8 0.86
 16   9 0.54
 16  10 0.45
 16  11 0.78
 16  12 0.83
 16  13 0.74
 16  14 0.70
 16  15 0.73
 16  16 1.00
 16  17 0.37
 16  18 0.83
 16  19 0.73
 16  20 0.62
 16  21 0.61
 16  22 0.57
 17   1 0.48
 17   2 0.57
 17   3 0.50
 17   4 0.33
 17   5 0.32
 17   6 0.54
 17   7 0.51
 17   8 0.44
 17   9 0.56
 17  10 0.46
 17  11 0.52
 17  12 0.55
 17  13 0.53
 17  14 0.45
 17  15 0.47
 17  16 0.37
 17  17 1.00
 17  18 0.29
 17  19 0.57
 17  20 0.32
 17  21 0.37
 17  22 0.63
 18   1 0.74
 18   2 0.74
 18   3 0.27
 18   4 0.37
 18   5 0.71
 18   6 0.69
 18   7 0.36
 18   8 0.79
 18   9 0.42
 18  10 0.45
 18  11 0.73
 18  12 0.74
 18  13 0.67
 18  14 0.71
 18  15 0.66
 18  16 0.83
 18  17 0.29
 18  18 1.00
 18  19 0.70
 18  20 0.65
 18  21 0.51
 18  22 0.50
 19   1 0.77
 19   2 0.80
 19   3 0.48
 19   4 0.47
 19   5 0.65
 19   6 0.84
 19   7 0.43
 19   8 0.67
 19   9 0.65
 19  10 0.64
 19  11 0.83
 19  12 0.76
 19  13 0.73
 19  14 0.77
 19  15 0.56
 19  16 0.73
 19  17 0.57
 19  18 0.70
 19  19 1.00
 19  20 0.60
 19  21 0.58
 19  22 0.73
 20   1 0.47
 20   2 0.70
 20   3 0.21
 20   4 0.51
 20   5 0.53
 20   6 0.48
 20   7 0.40
 20   8 0.46
 20   9 0.25
 20  10 0.45
 20  11 0.64
 20  12 0.71
 20  13 0.68
 20  14 0.45
 20  15 0.43
 20  16 0.62
 20  17 0.32
 20  18 0.65
 20  19 0.60
 20  20 1.00
 20  21 0.43
 20  22 0.51
 21   1 0.59
 21   2 0.59
 21   3 0.43
 21   4 0.42
 21   5 0.59
 21   6 0.68
 21   7 0.45
 21   8 0.67
 21   9 0.56
 21  10 0.61
 21  11 0.55
 21  12 0.71
 21  13 0.53
 21  14 0.59
 21  15 0.61
 21  16 0.61
 21  17 0.37
 21  18 0.51
 21  19 0.58
 21  20 0.43
 21  21 1.00
 21  22 0.60
 22   1 0.63
 22   2 0.72
 22   3 0.46
 22   4 0.42
 22   5 0.49
 22   6 0.72
 22   7 0.44
 22   8 0.62
 22   9 0.55
 22  10 0.69
 22  11 0.72
 22  12 0.77
 22  13 0.69
 22  14 0.72
 22  15 0.53
 22  16 0.57
 22  17 0.63
 22  18 0.50
 22  19 0.73
 22  20 0.51
 22  21 0.60
 22  22 1.00
  1   1 1.00
  1   2 0.81
  1   3 0.55
  1   4 0.43
  1   5 0.72
  1   6 0.87
  1   7 0.42
  1   8 0.82
  1   9 0.77
  1  10 0.52
  1  11 0.78
  1  12 0.76
  1  13 0.67
  1  14 0.78
  1  15 0.66
  1  16 0.80
  1  17 0.48
  1  18 0.74
  1  19 0.77
  1  20 0.47
  1  21 0.59
  1  22 0.63
  2   1 0.81
  2   2 1.00
  2   3 0.52
  2   4 0.48
  2   5 0.68
  2   6 0.80
  2   7 0.52
  2   8 0.75
  2   9 0.65
  2  10 0.58
  2  11 0.84
  2  12 0.89
  2  13 0.83
  2  14 0.79
  2  15 0.66
  2  16 0.77
  2  17 0.57
  2  18 0.74
  2  19 0.80
  2  20 0.70
  2  21 0.59
  2  22 0.72
  3   1 0.55
  3   2 0.52
  3   3 1.00
  3   4 0.38
  3   5 0.39
  3   6 0.58
  3   7 0.48
  3   8 0.49
  3   9 0.80
  3  10 0.43
  3  11 0.42
  3  12 0.47
  3  13 0.38
  3  14 0.44
  3  15 0.43
  3  16 0.37
  3  17 0.49
  3  18 0.27
  3  19 0.48
  3  20 0.21
  3  21 0.43
  3  22 0.46
  4   1 0.43
  4   2 0.48
  4   3 0.38
  4   4 1.00
  4   5 0.48
  4   6 0.45
  4   7 0.41
  4   8 0.42
  4   9 0.37
  4  10 0.37
  4  11 0.40
  4  12 0.53
  4  13 0.41
  4  14 0.32
  4  15 0.40
  4  16 0.46
  4  17 0.32
  4  18 0.37
  4  19 0.46
  4  20 0.51
  4  21 0.42
  4  22 0.42
  5   1 0.72
  5   2 0.68
  5   3 0.39
  5   4 0.48
  5   5 1.00
  5   6 0.72
  5   7 0.39
  5   8 0.71
  5   9 0.54
  5  10 0.50
  5  11 0.66
  5  12 0.69
  5  13 0.63
  5  14 0.65
  5  15 0.61
  5  16 0.71
  5  17 0.31
  5  18 0.71
  5  19 0.65
  5  20 0.53
  5  21 0.59
  5  22 0.49
  6   1 0.87
  6   2 0.80
  6   3 0.58
  6   4 0.45
  6   5 0.72
  6   6 1.00
  6   7 0.50
  6   8 0.79
  6   9 0.79
  6  10 0.60
  6  11 0.84
  6  12 0.79
  6  13 0.77
  6  14 0.84
  6  15 0.66
  6  16 0.80
  6  17 0.54
  6  18 0.69
  6  19 0.84
  6  20 0.48
  6  21 0.68
  6  22 0.72
  7   1 0.42
  7   2 0.52
  7   3 0.48
  7   4 0.41
  7   5 0.39
  7   6 0.50
  7   7 1.00
  7   8 0.46
  7   9 0.44
  7  10 0.37
  7  11 0.50
  7  12 0.56
  7  13 0.54
  7  14 0.39
  7  15 0.56
  7  16 0.40
  7  17 0.51
  7  18 0.36
  7  19 0.43
  7  20 0.40
  7  21 0.45
  7  22 0.44
  8   1 0.82
  8   2 0.75
  8   3 0.49
  8   4 0.42
  8   5 0.71
  8   6 0.79
  8   7 0.46
  8   8 1.00
  8   9 0.61
  8  10 0.49
  8  11 0.71
  8  12 0.80
  8  13 0.71
  8  14 0.73
  8  15 0.79
  8  16 0.86
  8  17 0.44
  8  18 0.79
  8  19 0.67
  8  20 0.46
  8  21 0.67
  8  22 0.62
  9   1 0.77
  9   2 0.65
  9   3 0.80
  9   4 0.37
  9   5 0.54
  9   6 0.79
  9   7 0.44
  9   8 0.61
  9   9 1.00
  9  10 0.53
  9  11 0.58
  9  12 0.57
  9  13 0.51
  9  14 0.66
  9  15 0.55
  9  16 0.54
  9  17 0.56
  9  18 0.42
  9  19 0.64
  9  20 0.25
  9  21 0.56
  9  22 0.55
 10   1 0.52
 10   2 0.58
 10   3 0.43
 10   4 0.37
 10   5 0.50
 10   6 0.60
 10   7 0.37
 10   8 0.49
 10   9 0.53
 10  10 1.00
 10  11 0.62
 10  12 0.59
 10  13 0.49
 10  14 0.65
 10  15 0.43
 10  16 0.45
 10  17 0.46
 10  18 0.45
 10  19 0.64
 10  20 0.45
 10  21 0.61
 10  22 0.69
 11   1 0.78
 11   2 0.84
 11   3 0.42
 11   4 0.40
 11   5 0.66
 11   6 0.84
 11   7 0.50
 11   8 0.71
 11   9 0.58
 11  10 0.62
 11  11 1.00
 11  12 0.82
 11  13 0.85
 11  14 0.80
 11  15 0.61
 11  16 0.78
 11  17 0.52
 11  18 0.73
 11  19 0.83
 11  20 0.64
 11  21 0.55
 11  22 0.72
 12   1 0.76
 12   2 0.89
 12   3 0.47
 12   4 0.53
 12   5 0.69
 12   6 0.79
 12   7 0.56
 12   8 0.80
 12   9 0.57
 12  10 0.59
 12  11 0.82
 12  12 1.00
 12  13 0.83
 12  14 0.77
 12  15 0.72
 12  16 0.83
 12  17 0.55
 12  18 0.74
 12  19 0.75
 12  20 0.71
 12  21 0.71
 12  22 0.77
 13   1 0.67
 13   2 0.83
 13   3 0.38
 13   4 0.41
 13   5 0.63
 13   6 0.77
 13   7 0.54
 13   8 0.71
 13   9 0.51
 13  10 0.49
 13  11 0.85
 13  12 0.83
 13  13 1.00
 13  14 0.75
 13  15 0.62
 13  16 0.74
 13  17 0.53
 13  18 0.67
 13  19 0.73
 13  20 0.68
 13  21 0.53
 13  22 0.69
 14   1 0.78
 14   2 0.79
 14   3 0.44
 14   4 0.32
 14   5 0.65
 14   6 0.84
 14   7 0.39
 14   8 0.73
 14   9 0.66
 14  10 0.65
 14  11 0.80
 14  12 0.77
 14  13 0.75
 14  14 1.00
 14  15 0.62
 14  16 0.70
 14  17 0.45
 14  18 0.71
 14  19 0.77
 14  20 0.45
 14  21 0.59
 14  22 0.72
 15   1 0.66
 15   2 0.66
 15   3 0.43
 15   4 0.40
 15   5 0.61
 15   6 0.66
 15   7 0.56
 15   8 0.79
 15   9 0.55
 15  10 0.43
 15  11 0.61
 15  12 0.72
 15  13 0.62
 15  14 0.62
 15  15 1.00
 15  16 0.73
 15  17 0.47
 15  18 0.66
 15  19 0.56
 15  20 0.43
 15  21 0.61
 15  22 0.53
 16   1 0.80
 16   2 0.77
 16   3 0.37
 16   4 0.46
 16   5 0.71
 16   6 0.80
 16   7 0.40
 16   8 0.86
 16   9 0.54
 16  10 0.45
 16  11 0.78
 16  12 0.83
 16  13 0.74
 16  14 0.70
 16  15 0.73
 16  16 1.00
 16  17 0.36
 16  18 0.83
 16  19 0.73
 16  20 0.62
 16  21 0.61
 16  22 0.57
 17   1 0.48
 17   2 0.57
 17   3 0.49
 17   4 0.32
 17   5 0.31
 17   6 0.54
 17   7 0.51
 17   8 0.44
 17   9 0.56
 17  10 0.46
 17  11 0.52
 17  12 0.55
 17  13 0.53
 17  14 0.45
 17  15 0.47
 17  16 0.36
 17  17 1.00
 17  18 0.29
 17  19 0.57
 17  20 0.32
 17  21 0.37
 17  22 0.63
 18   1 0.74
 18   2 0.74
 18   3 0.27
 18   4 0.37
 18   5 0.71
 18   6 0.69
 18   7 0.36
 18   8 0.79
 18   9 0.42
 18  10 0.45
 18  11 0.73
 18  12 0.74
 18  13 0.67
 18  14 0.71
 18  15 0.66
 18  16 0.83
 18  17 0.29
 18  18 1.00
 18  19 0.70
 18  20 0.64
 18  21 0.51
 18  22 0.50
 19   1 0.77
 19   2 0.80
 19   3 0.48
 19   4 0.46
 19   5 0.65
 19   6 0.84
 19   7 0.43
 19   8 0.67
 19   9 0.64
 19  10 0.64
 19  11 0.83
 19  12 0.75
 19  13 0.73
 19  14 0.77
 19  15 0.56
 19  16 0.73
 19  17 0.57
 19  18 0.70
 19  19 1.00
 19  20 0.60
 19  21 0.58
 19  22 0.73
 20   1 0.47
 20   2 0.70
 20   3 0.21
 20   4 0.51
 20   5 0.53
 20   6 0.48
 20   7 0.40
 20   8 0.46
 20   9 0.25
 20  10 0.45
 20  11 0.64
 20  12 0.71
 20  13 0.68
 20  14 0.45
 20  15 0.43
 20  16 0.62
 20  17 0.32
 20  18 0.64
 20  19 0.60
 20  20 1.00
 20  21 0.43
 20  22 0.51
 21   1 0.59
 21   2 0.59
 21   3 0.43
 21   4 0.42
 21   5 0.59
 21   6 0.68
 21   7 0.45
 21   8 0.67
 21   9 0.56
 21  10 0.61
 21  11 0.55
 21  12 0.71
 21  13 0.53
 21  14 0.59
 21  15 0.61
 21  16 0.61
 21  17 0.37
 21  18 0.51
 21  19 0.58
 21  20 0.43
 21  21 1.00
 21  22 0.60
 22   1 0.63
 22   2 0.72
 22   3 0.46
 22   4 0.42
 22   5 0.49
 22   6 0.72
 22   7 0.44
 22   8 0.62
 22   9 0.55
 22  10 0.69
 22  11 0.72
 22  12 0.77
 22  13 0.69
 22  14 0.72
 22  15 0.53
 22  16 0.57
 22  17 0.63
 22  18 0.50
 22  19 0.73
 22  20 0.51
 22  21 0.60
 22  22 1.00
