  1   1 1.00
  1   2 0.43
  1   3 0.37
  1   4 0.40
  1   5 0.43
  1   6 0.49
  1   7 0.26
  1   8 0.25
  1   9 0.53
  1  10 0.38
  1  11 0.51
  1  12 0.37
  1  13 0.39
  1  14 0.44
  1  15 0.48
  1  16 0.47
  1  17 0.54
  1  18 0.36
  1  19 0.42
  1  20 0.49
  1  21 0.34
  1  22 0.22
  2   1 0.43
  2   2 1.00
  2   3 0.48
  2   4 0.37
  2   5 0.33
  2   6 0.53
  2   7 0.44
  2   8 0.50
  2   9 0.30
  2  10 0.46
  2  11 0.42
  2  12 0.46
  2  13 0.44
  2  14 0.42
  2  15 0.54
  2  16 0.56
  2  17 0.50
  2  18 0.59
  2  19 0.51
  2  20 0.54
  2  21 0.49
  2  22 0.43
  3   1 0.37
  3   2 0.48
  3   3 1.00
  3   4 0.30
  3   5 0.37
  3   6 0.36
  3   7 0.28
  3   8 0.33
  3   9 0.35
  3  10 0.54
  3  11 0.42
  3  12 0.46
  3  13 0.70
  3  14 0.43
  3  15 0.44
  3  16 0.33
  3  17 0.42
  3  18 0.37
  3  19 0.33
  3  20 0.71
  3  21 0.25
  3  22 0.34
  4   1 0.40
  4   2 0.37
  4   3 0.30
  4   4 1.00
  4   5 0.47
  4   6 0.42
  4   7 0.20
  4   8 0.16
  4   9 0.51
  4  10 0.27
  4  11 0.41
  4  12 0.30
  4  13 0.29
  4  14 0.28
  4  15 0.34
  4  16 0.35
  4  17 0.35
  4  18 0.36
  4  19 0.32
  4  20 0.39
  4  21 0.22
  4  22 0.23
  5   1 0.43
  5   2 0.33
  5   3 0.37
  5   4 0.47
  5   5 1.00
  5   6 0.50
  5   7 0.26
  5   8 0.18
  5   9 0.71
  5  10 0.32
  5  11 0.49
  5  12 0.48
  5  13 0.33
  5  14 0.39
  5  15 0.51
  5  16 0.46
  5  17 0.56
  5  18 0.47
  5  19 0.46
  5  20 0.53
  5  21 0.31
  5  22 0.24
  6   1 0.49
  6   2 0.53
  6   3 0.36
  6   4 0.42
  6   5 0.50
  6   6 1.00
  6   7 0.42
  6   8 0.34
  6   9 0.40
  6  10 0.35
  6  11 0.49
  6  12 0.50
  6  13 0.34
  6  14 0.39
  6  15 0.55
  6  16 0.60
  6  17 0.58
  6  18 0.54
  6  19 0.58
  6  20 0.48
  6  21 0.49
  6  22 0.39
  7   1 0.26
  7   2 0.44
  7   3 0.28
  7   4 0.20
  7   5 0.26
  7   6 0.42
  7   7 1.00
  7   8 0.55
  7   9 0.17
  7  10 0.27
  7  11 0.27
  7  12 0.36
  7  13 0.29
  7  14 0.22
  7  15 0.38
  7  16 0.48
  7  17 0.40
  7  18 0.50
  7  19 0.39
  7  20 0.35
  7  21 0.53
  7  22 0.49
  8   1 0.25
  8   2 0.50
  8   3 0.33
  8   4 0.16
  8   5 0.18
  8   6 0.34
  8   7 0.55
  8   8 1.00
  8   9 0.16
  8  10 0.29
  8  11 0.26
  8  12 0.39
  8  13 0.36
  8  14 0.28
  8  15 0.38
  8  16 0.35
  8  17 0.37
  8  18 0.49
  8  19 0.40
  8  20 0.39
  8  21 0.43
  8  22 0.52
  9   1 0.53
  9   2 0.30
  9   3 0.35
  9   4 0.51
  9   5 0.71
  9   6 0.40
  9   7 0.17
  9   8 0.16
  9   9 1.00
  9  10 0.35
  9  11 0.55
  9  12 0.42
  9  13 0.31
  9  14 0.31
  9  15 0.47
  9  16 0.36
  9  17 0.51
  9  18 0.38
  9  19 0.40
  9  20 0.48
  9  21 0.23
  9  22 0.21
 10   1 0.38
 10   2 0.46
 10   3 0.54
 10   4 0.27
 10   5 0.32
 10   6 0.35
 10   7 0.27
 10   8 0.29
 10   9 0.35
 10  10 1.00
 10  11 0.32
 10  12 0.42
 10  13 0.68
 10  14 0.37
 10  15 0.50
 10  16 0.33
 10  17 0.38
 10  18 0.35
 10  19 0.38
 10  20 0.57
 10  21 0.35
 10  22 0.23
 11   1 0.51
 11   2 0.42
 11   3 0.42
 11   4 0.41
 11   5 0.49
 11   6 0.49
 11   7 0.27
 11   8 0.26
 11   9 0.55
 11  10 0.32
 11  11 1.00
 11  12 0.43
 11  13 0.37
 11  14 0.33
 11  15 0.54
 11  16 0.46
 11  17 0.48
 11  18 0.48
 11  19 0.50
 11  20 0.55
 11  21 0.34
 11  22 0.28
 12   1 0.37
 12   2 0.46
 12   3 0.46
 12   4 0.30
 12   5 0.48
 12   6 0.50
 12   7 0.36
 12   8 0.39
 12   9 0.42
 12  10 0.42
 12  11 0.43
 12  12 1.00
 12  13 0.52
 12  14 0.35
 12  15 0.67
 12  16 0.54
 12  17 0.56
 12  18 0.55
 12  19 0.63
 12  20 0.57
 12  21 0.51
 12  22 0.38
 13   1 0.39
 13   2 0.44
 13   3 0.70
 13   4 0.29
 13   5 0.33
 13   6 0.34
 13   7 0.29
 13   8 0.36
 13   9 0.31
 13  10 0.68
 13  11 0.37
 13  12 0.52
 13  13 1.00
 13  14 0.45
 13  15 0.51
 13  16 0.35
 13  17 0.42
 13  18 0.40
 13  19 0.38
 13  20 0.71
 13  21 0.36
 13  22 0.26
 14   1 0.44
 14   2 0.42
 14   3 0.43
 14   4 0.28
 14   5 0.39
 14   6 0.39
 14   7 0.22
 14   8 0.28
 14   9 0.31
 14  10 0.37
 14  11 0.33
 14  12 0.35
 14  13 0.45
 14  14 1.00
 14  15 0.39
 14  16 0.34
 14  17 0.39
 14  18 0.31
 14  19 0.27
 14  20 0.49
 14  21 0.29
 14  22 0.26
 15   1 0.48
 15   2 0.54
 15   3 0.44
 15   4 0.34
 15   5 0.51
 15   6 0.55
 15   7 0.38
 15   8 0.38
 15   9 0.47
 15  10 0.50
 15  11 0.54
 15  12 0.67
 15  13 0.51
 15  14 0.39
 15  15 1.00
 15  16 0.63
 15  17 0.64
 15  18 0.58
 15  19 0.67
 15  20 0.63
 15  21 0.48
 15  22 0.33
 16   1 0.47
 16   2 0.56
 16   3 0.33
 16   4 0.35
 16   5 0.46
 16   6 0.60
 16   7 0.48
 16   8 0.35
 16   9 0.36
 16  10 0.33
 16  11 0.46
 16  12 0.54
 16  13 0.35
 16  14 0.34
 16  15 0.63
 16  16 1.00
 16  17 0.65
 16  18 0.62
 16  19 0.68
 16  20 0.50
 16  21 0.64
 16  22 0.38
 17   1 0.54
 17   2 0.50
 17   3 0.42
 17   4 0.35
 17   5 0.56
 17   6 0.58
 17   7 0.40
 17   8 0.37
 17   9 0.51
 17  10 0.38
 17  11 0.48
 17  12 0.56
 17  13 0.42
 17  14 0.39
 17  15 0.64
 17  16 0.65
 17  17 1.00
 17  18 0.58
 17  19 0.67
 17  20 0.58
 17  21 0.55
 17  22 0.29
 18   1 0.36
 18   2 0.59
 18   3 0.37
 18   4 0.36
 18   5 0.47
 18   6 0.54
 18   7 0.50
 18   8 0.49
 18   9 0.38
 18  10 0.35
 18  11 0.48
 18  12 0.55
 18  13 0.40
 18  14 0.31
 18  15 0.58
 18  16 0.62
 18  17 0.58
 18  18 1.00
 18  19 0.63
 18  20 0.58
 18  21 0.62
 18  22 0.47
 19   1 0.42
 19   2 0.51
 19   3 0.33
 19   4 0.32
 19   5 0.46
 19   6 0.58
 19   7 0.39
 19   8 0.40
 19   9 0.40
 19  10 0.38
 19  11 0.50
 19  12 0.63
 19  13 0.38
 19  14 0.27
 19  15 0.67
 19  16 0.68
 19  17 0.67
 19  18 0.63
 19  19 1.00
 19  20 0.52
 19  21 0.62
 19  22 0.31
 20   1 0.49
 20   2 0.54
 20   3 0.71
 20   4 0.39
 20   5 0.53
 20   6 0.48
 20   7 0.35
 20   8 0.39
 20   9 0.48
 20  10 0.57
 20  11 0.55
 20  12 0.57
 20  13 0.71
 20  14 0.49
 20  15 0.63
 20  16 0.50
 20  17 0.58
 20  18 0.58
 20  19 0.52
 20  20 1.00
 20  21 0.43
 20  22 0.35
 21   1 0.34
 21   2 0.49
 21   3 0.25
 21   4 0.22
 21   5 0.31
 21   6 0.49
 21   7 0.53
 21   8 0.43
 21   9 0.23
 21  10 0.35
 21  11 0.34
 21  12 0.51
 21  13 0.36
 21  14 0.29
 21  15 0.48
 21  16 0.64
 21  17 0.55
 21  18 0.62
 21  19 0.62
 21  20 0.43
 21  21 1.00
 21  22 0.36
 22   1 0.22
 22   2 0.43
 22   3 0.34
 22   4 0.23
 22   5 0.24
 22   6 0.39
 22   7 0.49
 22   8 0.52
 22   9 0.21
 22  10 0.23
 22  11 0.28
 22  12 0.38
 22  13 0.26
 22  14 0.26
 22  15 0.33
 22  16 0.38
 22  17 0.29
 22  18 0.47
 22  19 0.31
 22  20 0.35
 22  21 0.36
 22  22 1.00
  1   1 1.00
  1   2 0.43
  1   3 0.37
  1   4 0.39
  1   5 0.43
  1   6 0.49
  1   7 0.26
  1   8 0.25
  1   9 0.53
  1  10 0.38
  1  11 0.50
  1  12 0.37
  1  13 0.39
  1  14 0.44
  1  15 0.48
  1  16 0.47
  1  17 0.54
  1  18 0.36
  1  19 0.42
  1  20 0.49
  1  21 0.34
  1  22 0.22
  2   1 0.43
  2   2 1.00
  2   3 0.47
  2   4 0.37
  2   5 0.32
  2   6 0.53
  2   7 0.44
  2   8 0.50
  2   9 0.30
  2  10 0.46
  2  11 0.42
  2  12 0.45
  2  13 0.43
  2  14 0.42
  2  15 0.53
  2  16 0.55
  2  17 0.50
  2  18 0.59
  2  19 0.50
  2  20 0.53
  2  21 0.48
  2  22 0.43
  3   1 0.37
  3   2 0.47
  3   3 1.00
  3   4 0.30
  3   5 0.37
  3   6 0.36
  3   7 0.28
  3   8 0.32
  3   9 0.35
  3  10 0.54
  3  11 0.42
  3  12 0.46
  3  13 0.70
  3  14 0.42
  3  15 0.44
  3  16 0.33
  3  17 0.41
  3  18 0.36
  3  19 0.32
  3  20 0.71
  3  21 0.25
  3  22 0.34
  4   1 0.39
  4   2 0.37
  4   3 0.30
  4   4 1.00
  4   5 0.47
  4   6 0.42
  4   7 0.20
  4   8 0.16
  4   9 0.51
  4  10 0.27
  4  11 0.41
  4  12 0.30
  4  13 0.28
  4  14 0.28
  4  15 0.34
  4  16 0.35
  4  17 0.35
  4  18 0.36
  4  19 0.32
  4  20 0.39
  4  21 0.22
  4  22 0.22
  5   1 0.43
  5   2 0.32
  5   3 0.37
  5   4 0.47
  5   5 1.00
  5   6 0.50
  5   7 0.26
  5   8 0.18
  5   9 0.71
  5  10 0.31
  5  11 0.49
  5  12 0.48
  5  13 0.33
  5  14 0.39
  5  15 0.51
  5  16 0.46
  5  17 0.56
  5  18 0.47
  5  19 0.46
  5  20 0.53
  5  21 0.31
  5  22 0.24
  6   1 0.49
  6   2 0.53
  6   3 0.36
  6   4 0.42
  6   5 0.50
  6   6 1.00
  6   7 0.42
  6   8 0.34
  6   9 0.40
  6  10 0.34
  6  11 0.49
  6  12 0.50
  6  13 0.34
  6  14 0.39
  6  15 0.55
  6  16 0.60
  6  17 0.58
  6  18 0.54
  6  19 0.58
  6  20 0.48
  6  21 0.49
  6  22 0.39
  7   1 0.26
  7   2 0.44
  7   3 0.28
  7   4 0.20
  7   5 0.26
  7   6 0.42
  7   7 1.00
  7   8 0.54
  7   9 0.17
  7  10 0.27
  7  11 0.27
  7  12 0.35
  7  13 0.28
  7  14 0.21
  7  15 0.38
  7  16 0.48
  7  17 0.40
  7  18 0.50
  7  19 0.39
  7  20 0.35
  7  21 0.53
  7  22 0.49
  8   1 0.25
  8   2 0.50
  8   3 0.32
  8   4 0.16
  8   5 0.18
  8   6 0.34
  8   7 0.54
  8   8 1.00
  8   9 0.16
  8  10 0.29
  8  11 0.26
  8  12 0.38
  8  13 0.35
  8  14 0.28
  8  15 0.38
  8  16 0.34
  8  17 0.37
  8  18 0.49
  8  19 0.39
  8  20 0.39
  8  21 0.43
  8  22 0.52
  9   1 0.53
  9   2 0.30
  9   3 0.35
  9   4 0.51
  9   5 0.71
  9   6 0.40
  9   7 0.17
  9   8 0.16
  9   9 1.00
  9  10 0.34
  9  11 0.55
  9  12 0.42
  9  13 0.31
  9  14 0.31
  9  15 0.47
  9  16 0.36
  9  17 0.50
  9  18 0.38
  9  19 0.40
  9  20 0.48
  9  21 0.23
  9  22 0.20
 10   1 0.38
 10   2 0.46
 10   3 0.54
 10   4 0.27
 10   5 0.31
 10   6 0.34
 10   7 0.27
 10   8 0.29
 10   9 0.34
 10  10 1.00
 10  11 0.32
 10  12 0.42
 10  13 0.68
 10  14 0.37
 10  15 0.49
 10  16 0.33
 10  17 0.37
 10  18 0.34
 10  19 0.38
 10  20 0.57
 10  21 0.34
 10  22 0.23
 11   1 0.50
 11   2 0.42
 11   3 0.42
 11   4 0.41
 11   5 0.49
 11   6 0.49
 11   7 0.27
 11   8 0.26
 11   9 0.55
 11  10 0.32
 11  11 1.00
 11  12 0.43
 11  13 0.36
 11  14 0.32
 11  15 0.53
 11  16 0.46
 11  17 0.48
 11  18 0.48
 11  19 0.50
 11  20 0.55
 11  21 0.33
 11  22 0.27
 12   1 0.37
 12   2 0.45
 12   3 0.46
 12   4 0.30
 12   5 0.48
 12   6 0.50
 12   7 0.35
 12   8 0.38
 12   9 0.42
 12  10 0.42
 12  11 0.43
 12  12 1.00
 12  13 0.52
 12  14 0.34
 12  15 0.67
 12  16 0.54
 12  17 0.55
 12  18 0.54
 12  19 0.63
 12  20 0.57
 12  21 0.51
 12  22 0.38
 13   1 0.39
 13   2 0.43
 13   3 0.70
 13   4 0.28
 13   5 0.33
 13   6 0.34
 13   7 0.28
 13   8 0.35
 13   9 0.31
 13  10 0.68
 13  11 0.36
 13  12 0.52
 13  13 1.00
 13  14 0.44
 13  15 0.51
 13  16 0.35
 13  17 0.42
 13  18 0.40
 13  19 0.38
 13  20 0.71
 13  21 0.35
 13  22 0.25
 14   1 0.44
 14   2 0.42
 14   3 0.42
 14   4 0.28
 14   5 0.39
 14   6 0.39
 14   7 0.21
 14   8 0.28
 14   9 0.31
 14  10 0.37
 14  11 0.32
 14  12 0.34
 14  13 0.44
 14  14 1.00
 14  15 0.38
 14  16 0.34
 14  17 0.39
 14  18 0.31
 14  19 0.27
 14  20 0.49
 14  21 0.29
 14  22 0.26
 15   1 0.48
 15   2 0.53
 15   3 0.44
 15   4 0.34
 15   5 0.51
 15   6 0.55
 15   7 0.38
 15   8 0.38
 15   9 0.47
 15  10 0.49
 15  11 0.53
 15  12 0.67
 15  13 0.51
 15  14 0.38
 15  15 1.00
 15  16 0.62
 15  17 0.64
 15  18 0.58
 15  19 0.67
 15  20 0.63
 15  21 0.48
 15  22 0.33
 16   1 0.47
 16   2 0.55
 16   3 0.33
 16   4 0.35
 16   5 0.46
 16   6 0.60
 16   7 0.48
 16   8 0.34
 16   9 0.36
 16  10 0.33
 16  11 0.46
 16  12 0.54
 16  13 0.35
 16  14 0.34
 16  15 0.62
 16  16 1.00
 16  17 0.65
 16  18 0.62
 16  19 0.68
 16  20 0.50
 16  21 0.64
 16  22 0.38
 17   1 0.54
 17   2 0.50
 17   3 0.41
 17   4 0.35
 17   5 0.56
 17   6 0.58
 17   7 0.40
 17   8 0.37
 17   9 0.50
 17  10 0.37
 17  11 0.48
 17  12 0.55
 17  13 0.42
 17  14 0.39
 17  15 0.64
 17  16 0.65
 17  17 1.00
 17  18 0.58
 17  19 0.67
 17  20 0.58
 17  21 0.55
 17  22 0.29
 18   1 0.36
 18   2 0.59
 18   3 0.36
 18   4 0.36
 18   5 0.47
 18   6 0.54
 18   7 0.50
 18   8 0.49
 18   9 0.38
 18  10 0.34
 18  11 0.48
 18  12 0.54
 18  13 0.40
 18  14 0.31
 18  15 0.58
 18  16 0.62
 18  17 0.58
 18  18 1.00
 18  19 0.63
 18  20 0.57
 18  21 0.62
 18  22 0.46
 19   1 0.42
 19   2 0.50
 19   3 0.32
 19   4 0.32
 19   5 0.46
 19   6 0.58
 19   7 0.39
 19   8 0.39
 19   9 0.40
 19  10 0.38
 19  11 0.50
 19  12 0.63
 19  13 0.38
 19  14 0.27
 19  15 0.67
 19  16 0.68
 19  17 0.67
 19  18 0.63
 19  19 1.00
 19  20 0.52
 19  21 0.62
 19  22 0.31
 20   1 0.49
 20   2 0.53
 20   3 0.71
 20   4 0.39
 20   5 0.53
 20   6 0.48
 20   7 0.35
 20   8 0.39
 20   9 0.48
 20  10 0.57
 20  11 0.55
 20  12 0.57
 20  13 0.71
 20  14 0.49
 20  15 0.63
 20  16 0.50
 20  17 0.58
 20  18 0.57
 20  19 0.52
 20  20 1.00
 20  21 0.43
 20  22 0.35
 21   1 0.34
 21   2 0.48
 21   3 0.25
 21   4 0.22
 21   5 0.31
 21   6 0.49
 21   7 0.53
 21   8 0.43
 21   9 0.23
 21  10 0.34
 21  11 0.33
 21  12 0.51
 21  13 0.35
 21  14 0.29
 21  15 0.48
 21  16 0.64
 21  17 0.55
 21  18 0.62
 21  19 0.62
 21  20 0.43
 21  21 1.00
 21  22 0.36
 22   1 0.22
 22   2 0.43
 22   3 0.34
 22   4 0.22
 22   5 0.24
 22   6 0.39
 22   7 0.49
 22   8 0.52
 22   9 0.20
 22  10 0.23
 22  11 0.27
 22  12 0.38
 22  13 0.25
 22  14 0.26
 22  15 0.33
 22  16 0.38
 22  17 0.29
 22  18 0.46
 22  19 0.31
 22  20 0.35
 22  21 0.36
 22  22 1.00
