  1   1 1.00
  1   2 0.77
  1   3 0.57
  1   4 0.36
  1   5 0.63
  1   6 0.28
  1   7 0.45
  1   8 0.43
  1   9 0.38
  1  10 0.47
  1  11 0.72
  1  12 0.45
  1  13 0.47
  1  14 0.57
  1  15 0.56
  1  16 0.52
  1  17 0.56
  1  18 0.42
  1  19 0.40
  1  20 0.58
  1  21 0.39
  1  22 0.32
  2   1 0.77
  2   2 1.00
  2   3 0.54
  2   4 0.42
  2   5 0.67
  2   6 0.31
  2   7 0.51
  2   8 0.49
  2   9 0.42
  2  10 0.53
  2  11 0.69
  2  12 0.49
  2  13 0.50
  2  14 0.58
  2  15 0.56
  2  16 0.54
  2  17 0.63
  2  18 0.47
  2  19 0.45
  2  20 0.59
  2  21 0.44
  2  22 0.36
  3   1 0.57
  3   2 0.54
  3   3 1.00
  3   4 0.47
  3   5 0.51
  3   6 0.51
  3   7 0.47
  3   8 0.46
  3   9 0.68
  3  10 0.51
  3  11 0.54
  3  12 0.53
  3  13 0.44
  3  14 0.66
  3  15 0.55
  3  16 0.57
  3  17 0.42
  3  18 0.61
  3  19 0.62
  3  20 0.70
  3  21 0.55
  3  22 0.63
  4   1 0.36
  4   2 0.42
  4   3 0.47
  4   4 1.00
  4   5 0.40
  4   6 0.36
  4   7 0.42
  4   8 0.49
  4   9 0.43
  4  10 0.48
  4  11 0.45
  4  12 0.57
  4  13 0.56
  4  14 0.46
  4  15 0.44
  4  16 0.56
  4  17 0.35
  4  18 0.66
  4  19 0.37
  4  20 0.37
  4  21 0.57
  4  22 0.53
  5   1 0.63
  5   2 0.67
  5   3 0.51
  5   4 0.40
  5   5 1.00
  5   6 0.55
  5   7 0.54
  5   8 0.65
  5   9 0.54
  5  10 0.82
  5  11 0.78
  5  12 0.72
  5  13 0.63
  5  14 0.71
  5  15 0.77
  5  16 0.72
  5  17 0.82
  5  18 0.67
  5  19 0.60
  5  20 0.70
  5  21 0.69
  5  22 0.57
  6   1 0.28
  6   2 0.31
  6   3 0.51
  6   4 0.36
  6   5 0.55
  6   6 1.00
  6   7 0.32
  6   8 0.51
  6   9 0.76
  6  10 0.69
  6  11 0.48
  6  12 0.54
  6  13 0.43
  6  14 0.61
  6  15 0.60
  6  16 0.65
  6  17 0.50
  6  18 0.65
  6  19 0.71
  6  20 0.68
  6  21 0.66
  6  22 0.62
  7   1 0.45
  7   2 0.51
  7   3 0.47
  7   4 0.42
  7   5 0.54
  7   6 0.32
  7   7 1.00
  7   8 0.71
  7   9 0.48
  7  10 0.54
  7  11 0.58
  7  12 0.51
  7  13 0.62
  7  14 0.60
  7  15 0.39
  7  16 0.48
  7  17 0.49
  7  18 0.62
  7  19 0.48
  7  20 0.53
  7  21 0.65
  7  22 0.49
  8   1 0.43
  8   2 0.49
  8   3 0.46
  8   4 0.49
  8   5 0.65
  8   6 0.51
  8   7 0.71
  8   8 1.00
  8   9 0.60
  8  10 0.73
  8  11 0.66
  8  12 0.67
  8  13 0.70
  8  14 0.71
  8  15 0.47
  8  16 0.55
  8  17 0.64
  8  18 0.72
  8  19 0.53
  8  20 0.55
  8  21 0.69
  8  22 0.58
  9   1 0.38
  9   2 0.42
  9   3 0.68
  9   4 0.43
  9   5 0.54
  9   6 0.76
  9   7 0.48
  9   8 0.60
  9   9 1.00
  9  10 0.66
  9  11 0.54
  9  12 0.59
  9  13 0.49
  9  14 0.76
  9  15 0.55
  9  16 0.62
  9  17 0.51
  9  18 0.71
  9  19 0.73
  9  20 0.70
  9  21 0.71
  9  22 0.67
 10   1 0.47
 10   2 0.53
 10   3 0.51
 10   4 0.48
 10   5 0.82
 10   6 0.69
 10   7 0.54
 10   8 0.73
 10   9 0.66
 10  10 1.00
 10  11 0.71
 10  12 0.80
 10  13 0.66
 10  14 0.75
 10  15 0.76
 10  16 0.79
 10  17 0.79
 10  18 0.79
 10  19 0.68
 10  20 0.72
 10  21 0.78
 10  22 0.64
 11   1 0.72
 11   2 0.69
 11   3 0.54
 11   4 0.45
 11   5 0.78
 11   6 0.48
 11   7 0.58
 11   8 0.66
 11   9 0.54
 11  10 0.71
 11  11 1.00
 11  12 0.67
 11  13 0.66
 11  14 0.71
 11  15 0.67
 11  16 0.65
 11  17 0.74
 11  18 0.67
 11  19 0.54
 11  20 0.65
 11  21 0.66
 11  22 0.55
 12   1 0.45
 12   2 0.49
 12   3 0.53
 12   4 0.57
 12   5 0.72
 12   6 0.54
 12   7 0.51
 12   8 0.67
 12   9 0.59
 12  10 0.80
 12  11 0.67
 12  12 1.00
 12  13 0.73
 12  14 0.66
 12  15 0.73
 12  16 0.73
 12  17 0.72
 12  18 0.84
 12  19 0.56
 12  20 0.56
 12  21 0.77
 12  22 0.74
 13   1 0.47
 13   2 0.50
 13   3 0.44
 13   4 0.56
 13   5 0.63
 13   6 0.43
 13   7 0.62
 13   8 0.70
 13   9 0.49
 13  10 0.66
 13  11 0.66
 13  12 0.73
 13  13 1.00
 13  14 0.64
 13  15 0.58
 13  16 0.61
 13  17 0.58
 13  18 0.78
 13  19 0.47
 13  20 0.44
 13  21 0.70
 13  22 0.59
 14   1 0.57
 14   2 0.58
 14   3 0.66
 14   4 0.46
 14   5 0.71
 14   6 0.61
 14   7 0.60
 14   8 0.71
 14   9 0.76
 14  10 0.75
 14  11 0.71
 14  12 0.66
 14  13 0.64
 14  14 1.00
 14  15 0.58
 14  16 0.62
 14  17 0.60
 14  18 0.76
 14  19 0.70
 14  20 0.72
 14  21 0.70
 14  22 0.62
 15   1 0.56
 15   2 0.56
 15   3 0.55
 15   4 0.44
 15   5 0.77
 15   6 0.60
 15   7 0.39
 15   8 0.47
 15   9 0.55
 15  10 0.76
 15  11 0.67
 15  12 0.73
 15  13 0.58
 15  14 0.58
 15  15 1.00
 15  16 0.82
 15  17 0.73
 15  18 0.68
 15  19 0.59
 15  20 0.66
 15  21 0.67
 15  22 0.60
 16   1 0.52
 16   2 0.54
 16   3 0.57
 16   4 0.56
 16   5 0.72
 16   6 0.65
 16   7 0.48
 16   8 0.55
 16   9 0.62
 16  10 0.79
 16  11 0.65
 16  12 0.73
 16  13 0.61
 16  14 0.62
 16  15 0.82
 16  16 1.00
 16  17 0.70
 16  18 0.76
 16  19 0.64
 16  20 0.71
 16  21 0.71
 16  22 0.63
 17   1 0.56
 17   2 0.63
 17   3 0.42
 17   4 0.35
 17   5 0.82
 17   6 0.50
 17   7 0.49
 17   8 0.64
 17   9 0.51
 17  10 0.79
 17  11 0.74
 17  12 0.72
 17  13 0.58
 17  14 0.60
 17  15 0.73
 17  16 0.70
 17  17 1.00
 17  18 0.60
 17  19 0.54
 17  20 0.65
 17  21 0.65
 17  22 0.50
 18   1 0.42
 18   2 0.47
 18   3 0.61
 18   4 0.66
 18   5 0.67
 18   6 0.65
 18   7 0.62
 18   8 0.72
 18   9 0.71
 18  10 0.79
 18  11 0.67
 18  12 0.84
 18  13 0.78
 18  14 0.76
 18  15 0.68
 18  16 0.76
 18  17 0.60
 18  18 1.00
 18  19 0.66
 18  20 0.61
 18  21 0.84
 18  22 0.78
 19   1 0.40
 19   2 0.45
 19   3 0.62
 19   4 0.37
 19   5 0.60
 19   6 0.71
 19   7 0.48
 19   8 0.53
 19   9 0.73
 19  10 0.68
 19  11 0.54
 19  12 0.56
 19  13 0.47
 19  14 0.70
 19  15 0.59
 19  16 0.64
 19  17 0.54
 19  18 0.66
 19  19 1.00
 19  20 0.78
 19  21 0.65
 19  22 0.57
 20   1 0.58
 20   2 0.59
 20   3 0.70
 20   4 0.37
 20   5 0.70
 20   6 0.68
 20   7 0.53
 20   8 0.55
 20   9 0.70
 20  10 0.72
 20  11 0.65
 20  12 0.56
 20  13 0.44
 20  14 0.72
 20  15 0.66
 20  16 0.71
 20  17 0.65
 20  18 0.61
 20  19 0.78
 20  20 1.00
 20  21 0.65
 20  22 0.57
 21   1 0.39
 21   2 0.44
 21   3 0.55
 21   4 0.57
 21   5 0.69
 21   6 0.66
 21   7 0.65
 21   8 0.69
 21   9 0.71
 21  10 0.78
 21  11 0.66
 21  12 0.77
 21  13 0.70
 21  14 0.70
 21  15 0.67
 21  16 0.71
 21  17 0.65
 21  18 0.84
 21  19 0.65
 21  20 0.65
 21  21 1.00
 21  22 0.76
 22   1 0.32
 22   2 0.36
 22   3 0.63
 22   4 0.53
 22   5 0.57
 22   6 0.62
 22   7 0.49
 22   8 0.58
 22   9 0.67
 22  10 0.64
 22  11 0.55
 22  12 0.74
 22  13 0.59
 22  14 0.62
 22  15 0.60
 22  16 0.63
 22  17 0.50
 22  18 0.78
 22  19 0.57
 22  20 0.57
 22  21 0.76
 22  22 1.00
  1   1 1.00
  1   2 0.77
  1   3 0.57
  1   4 0.36
  1   5 0.63
  1   6 0.28
  1   7 0.45
  1   8 0.43
  1   9 0.38
  1  10 0.47
  1  11 0.72
  1  12 0.45
  1  13 0.47
  1  14 0.57
  1  15 0.56
  1  16 0.52
  1  17 0.56
  1  18 0.42
  1  19 0.40
  1  20 0.58
  1  21 0.39
  1  22 0.32
  2   1 0.77
  2   2 1.00
  2   3 0.54
  2   4 0.42
  2   5 0.67
  2   6 0.31
  2   7 0.51
  2   8 0.49
  2   9 0.41
  2  10 0.53
  2  11 0.69
  2  12 0.49
  2  13 0.50
  2  14 0.58
  2  15 0.56
  2  16 0.54
  2  17 0.63
  2  18 0.47
  2  19 0.45
  2  20 0.59
  2  21 0.44
  2  22 0.35
  3   1 0.57
  3   2 0.54
  3   3 1.00
  3   4 0.47
  3   5 0.51
  3   6 0.51
  3   7 0.47
  3   8 0.45
  3   9 0.68
  3  10 0.51
  3  11 0.54
  3  12 0.53
  3  13 0.44
  3  14 0.66
  3  15 0.55
  3  16 0.57
  3  17 0.41
  3  18 0.61
  3  19 0.62
  3  20 0.70
  3  21 0.55
  3  22 0.63
  4   1 0.36
  4   2 0.42
  4   3 0.47
  4   4 1.00
  4   5 0.39
  4   6 0.36
  4   7 0.42
  4   8 0.48
  4   9 0.43
  4  10 0.48
  4  11 0.45
  4  12 0.57
  4  13 0.55
  4  14 0.46
  4  15 0.44
  4  16 0.56
  4  17 0.35
  4  18 0.66
  4  19 0.37
  4  20 0.37
  4  21 0.57
  4  22 0.53
  5   1 0.63
  5   2 0.67
  5   3 0.51
  5   4 0.39
  5   5 1.00
  5   6 0.55
  5   7 0.54
  5   8 0.65
  5   9 0.54
  5  10 0.81
  5  11 0.78
  5  12 0.72
  5  13 0.63
  5  14 0.70
  5  15 0.77
  5  16 0.72
  5  17 0.82
  5  18 0.67
  5  19 0.60
  5  20 0.70
  5  21 0.69
  5  22 0.57
  6   1 0.28
  6   2 0.31
  6   3 0.51
  6   4 0.36
  6   5 0.55
  6   6 1.00
  6   7 0.32
  6   8 0.50
  6   9 0.76
  6  10 0.69
  6  11 0.48
  6  12 0.53
  6  13 0.43
  6  14 0.61
  6  15 0.60
  6  16 0.65
  6  17 0.50
  6  18 0.65
  6  19 0.71
  6  20 0.68
  6  21 0.66
  6  22 0.62
  7   1 0.45
  7   2 0.51
  7   3 0.47
  7   4 0.42
  7   5 0.54
  7   6 0.32
  7   7 1.00
  7   8 0.71
  7   9 0.47
  7  10 0.54
  7  11 0.58
  7  12 0.51
  7  13 0.62
  7  14 0.60
  7  15 0.39
  7  16 0.48
  7  17 0.49
  7  18 0.62
  7  19 0.48
  7  20 0.52
  7  21 0.65
  7  22 0.49
  8   1 0.43
  8   2 0.49
  8   3 0.45
  8   4 0.48
  8   5 0.65
  8   6 0.50
  8   7 0.71
  8   8 1.00
  8   9 0.60
  8  10 0.73
  8  11 0.66
  8  12 0.67
  8  13 0.70
  8  14 0.70
  8  15 0.47
  8  16 0.55
  8  17 0.63
  8  18 0.72
  8  19 0.52
  8  20 0.55
  8  21 0.69
  8  22 0.57
  9   1 0.38
  9   2 0.41
  9   3 0.68
  9   4 0.43
  9   5 0.54
  9   6 0.76
  9   7 0.47
  9   8 0.60
  9   9 1.00
  9  10 0.66
  9  11 0.54
  9  12 0.58
  9  13 0.49
  9  14 0.76
  9  15 0.55
  9  16 0.62
  9  17 0.51
  9  18 0.71
  9  19 0.73
  9  20 0.69
  9  21 0.70
  9  22 0.67
 10   1 0.47
 10   2 0.53
 10   3 0.51
 10   4 0.48
 10   5 0.81
 10   6 0.69
 10   7 0.54
 10   8 0.73
 10   9 0.66
 10  10 1.00
 10  11 0.71
 10  12 0.80
 10  13 0.66
 10  14 0.75
 10  15 0.75
 10  16 0.79
 10  17 0.79
 10  18 0.79
 10  19 0.68
 10  20 0.72
 10  21 0.78
 10  22 0.64
 11   1 0.72
 11   2 0.69
 11   3 0.54
 11   4 0.45
 11   5 0.78
 11   6 0.48
 11   7 0.58
 11   8 0.66
 11   9 0.54
 11  10 0.71
 11  11 1.00
 11  12 0.66
 11  13 0.66
 11  14 0.71
 11  15 0.67
 11  16 0.65
 11  17 0.73
 11  18 0.67
 11  19 0.54
 11  20 0.65
 11  21 0.66
 11  22 0.54
 12   1 0.45
 12   2 0.49
 12   3 0.53
 12   4 0.57
 12   5 0.72
 12   6 0.53
 12   7 0.51
 12   8 0.67
 12   9 0.58
 12  10 0.80
 12  11 0.66
 12  12 1.00
 12  13 0.73
 12  14 0.65
 12  15 0.73
 12  16 0.73
 12  17 0.72
 12  18 0.84
 12  19 0.55
 12  20 0.56
 12  21 0.77
 12  22 0.74
 13   1 0.47
 13   2 0.50
 13   3 0.44
 13   4 0.55
 13   5 0.63
 13   6 0.43
 13   7 0.62
 13   8 0.70
 13   9 0.49
 13  10 0.66
 13  11 0.66
 13  12 0.73
 13  13 1.00
 13  14 0.64
 13  15 0.57
 13  16 0.61
 13  17 0.58
 13  18 0.78
 13  19 0.47
 13  20 0.44
 13  21 0.70
 13  22 0.59
 14   1 0.57
 14   2 0.58
 14   3 0.66
 14   4 0.46
 14   5 0.70
 14   6 0.61
 14   7 0.60
 14   8 0.70
 14   9 0.76
 14  10 0.75
 14  11 0.71
 14  12 0.65
 14  13 0.64
 14  14 1.00
 14  15 0.58
 14  16 0.61
 14  17 0.60
 14  18 0.76
 14  19 0.70
 14  20 0.72
 14  21 0.70
 14  22 0.61
 15   1 0.56
 15   2 0.56
 15   3 0.55
 15   4 0.44
 15   5 0.77
 15   6 0.60
 15   7 0.39
 15   8 0.47
 15   9 0.55
 15  10 0.75
 15  11 0.67
 15  12 0.73
 15  13 0.57
 15  14 0.58
 15  15 1.00
 15  16 0.82
 15  17 0.73
 15  18 0.68
 15  19 0.59
 15  20 0.66
 15  21 0.67
 15  22 0.60
 16   1 0.52
 16   2 0.54
 16   3 0.57
 16   4 0.56
 16   5 0.72
 16   6 0.65
 16   7 0.48
 16   8 0.55
 16   9 0.62
 16  10 0.79
 16  11 0.65
 16  12 0.73
 16  13 0.61
 16  14 0.61
 16  15 0.82
 16  16 1.00
 16  17 0.70
 16  18 0.76
 16  19 0.64
 16  20 0.71
 16  21 0.71
 16  22 0.62
 17   1 0.56
 17   2 0.63
 17   3 0.41
 17   4 0.35
 17   5 0.82
 17   6 0.50
 17   7 0.49
 17   8 0.63
 17   9 0.51
 17  10 0.79
 17  11 0.73
 17  12 0.72
 17  13 0.58
 17  14 0.60
 17  15 0.73
 17  16 0.70
 17  17 1.00
 17  18 0.59
 17  19 0.54
 17  20 0.65
 17  21 0.64
 17  22 0.50
 18   1 0.42
 18   2 0.47
 18   3 0.61
 18   4 0.66
 18   5 0.67
 18   6 0.65
 18   7 0.62
 18   8 0.72
 18   9 0.71
 18  10 0.79
 18  11 0.67
 18  12 0.84
 18  13 0.78
 18  14 0.76
 18  15 0.68
 18  16 0.76
 18  17 0.59
 18  18 1.00
 18  19 0.65
 18  20 0.61
 18  21 0.83
 18  22 0.78
 19   1 0.40
 19   2 0.45
 19   3 0.62
 19   4 0.37
 19   5 0.60
 19   6 0.71
 19   7 0.48
 19   8 0.52
 19   9 0.73
 19  10 0.68
 19  11 0.54
 19  12 0.55
 19  13 0.47
 19  14 0.70
 19  15 0.59
 19  16 0.64
 19  17 0.54
 19  18 0.65
 19  19 1.00
 19  20 0.78
 19  21 0.65
 19  22 0.57
 20   1 0.58
 20   2 0.59
 20   3 0.70
 20   4 0.37
 20   5 0.70
 20   6 0.68
 20   7 0.52
 20   8 0.55
 20   9 0.69
 20  10 0.72
 20  11 0.65
 20  12 0.56
 20  13 0.44
 20  14 0.72
 20  15 0.66
 20  16 0.71
 20  17 0.65
 20  18 0.61
 20  19 0.78
 20  20 1.00
 20  21 0.65
 20  22 0.57
 21   1 0.39
 21   2 0.44
 21   3 0.55
 21   4 0.57
 21   5 0.69
 21   6 0.66
 21   7 0.65
 21   8 0.69
 21   9 0.70
 21  10 0.78
 21  11 0.66
 21  12 0.77
 21  13 0.70
 21  14 0.70
 21  15 0.67
 21  16 0.71
 21  17 0.64
 21  18 0.83
 21  19 0.65
 21  20 0.65
 21  21 1.00
 21  22 0.76
 22   1 0.32
 22   2 0.35
 22   3 0.63
 22   4 0.53
 22   5 0.57
 22   6 0.62
 22   7 0.49
 22   8 0.57
 22   9 0.67
 22  10 0.64
 22  11 0.54
 22  12 0.74
 22  13 0.59
 22  14 0.61
 22  15 0.60
 22  16 0.62
 22  17 0.50
 22  18 0.78
 22  19 0.57
 22  20 0.57
 22  21 0.76
 22  22 1.00
