  1   1 1.00
  1   2 0.50
  1   3 0.56
  1   4 0.44
  1   5 0.64
  1   6 0.64
  1   7 0.50
  1   8 0.59
  1   9 0.49
  1  10 0.56
  1  11 0.52
  1  12 0.56
  1  13 0.62
  1  14 0.52
  1  15 0.64
  1  16 0.51
  1  17 0.52
  1  18 0.61
  1  19 0.64
  1  20 0.58
  1  21 0.53
  1  22 0.59
  2   1 0.50
  2   2 1.00
  2   3 0.40
  2   4 0.15
  2   5 0.39
  2   6 0.48
  2   7 0.18
  2   8 0.27
  2   9 0.34
  2  10 0.38
  2  11 0.43
  2  12 0.43
  2  13 0.46
  2  14 0.28
  2  15 0.47
  2  16 0.42
  2  17 0.40
  2  18 0.50
  2  19 0.51
  2  20 0.48
  2  21 0.33
  2  22 0.41
  3   1 0.56
  3   2 0.40
  3   3 1.00
  3   4 0.47
  3   5 0.64
  3   6 0.56
  3   7 0.52
  3   8 0.49
  3   9 0.60
  3  10 0.45
  3  11 0.57
  3  12 0.40
  3  13 0.67
  3  14 0.45
  3  15 0.71
  3  16 0.32
  3  17 0.61
  3  18 0.57
  3  19 0.51
  3  20 0.66
  3  21 0.35
  3  22 0.62
  4   1 0.44
  4   2 0.15
  4   3 0.47
  4   4 1.00
  4   5 0.38
  4   6 0.37
  4   7 0.50
  4   8 0.60
  4   9 0.38
  4  10 0.45
  4  11 0.44
  4  12 0.34
  4  13 0.48
  4  14 0.49
  4  15 0.45
  4  16 0.34
  4  17 0.50
  4  18 0.34
  4  19 0.40
  4  20 0.33
  4  21 0.32
  4  22 0.57
  5   1 0.64
  5   2 0.39
  5   3 0.64
  5   4 0.38
  5   5 1.00
  5   6 0.50
  5   7 0.43
  5   8 0.47
  5   9 0.59
  5  10 0.41
  5  11 0.52
  5  12 0.42
  5  13 0.60
  5  14 0.49
  5  15 0.61
  5  16 0.35
  5  17 0.57
  5  18 0.56
  5  19 0.48
  5  20 0.64
  5  21 0.40
  5  22 0.48
  6   1 0.64
  6   2 0.48
  6   3 0.56
  6   4 0.37
  6   5 0.50
  6   6 1.00
  6   7 0.51
  6   8 0.54
  6   9 0.55
  6  10 0.72
  6  11 0.73
  6  12 0.72
  6  13 0.66
  6  14 0.65
  6  15 0.61
  6  16 0.64
  6  17 0.62
  6  18 0.65
  6  19 0.58
  6  20 0.59
  6  21 0.51
  6  22 0.62
  7   1 0.50
  7   2 0.18
  7   3 0.52
  7   4 0.50
  7   5 0.43
  7   6 0.51
  7   7 1.00
  7   8 0.48
  7   9 0.42
  7  10 0.51
  7  11 0.44
  7  12 0.41
  7  13 0.53
  7  14 0.50
  7  15 0.42
  7  16 0.39
  7  17 0.50
  7  18 0.41
  7  19 0.41
  7  20 0.44
  7  21 0.39
  7  22 0.46
  8   1 0.59
  8   2 0.27
  8   3 0.49
  8   4 0.60
  8   5 0.47
  8   6 0.54
  8   7 0.48
  8   8 1.00
  8   9 0.43
  8  10 0.52
  8  11 0.53
  8  12 0.45
  8  13 0.49
  8  14 0.47
  8  15 0.57
  8  16 0.43
  8  17 0.50
  8  18 0.44
  8  19 0.51
  8  20 0.37
  8  21 0.33
  8  22 0.68
  9   1 0.49
  9   2 0.34
  9   3 0.60
  9   4 0.38
  9   5 0.59
  9   6 0.55
  9   7 0.42
  9   8 0.43
  9   9 1.00
  9  10 0.48
  9  11 0.62
  9  12 0.49
  9  13 0.68
  9  14 0.55
  9  15 0.51
  9  16 0.41
  9  17 0.58
  9  18 0.58
  9  19 0.48
  9  20 0.67
  9  21 0.50
  9  22 0.55
 10   1 0.56
 10   2 0.38
 10   3 0.45
 10   4 0.45
 10   5 0.41
 10   6 0.72
 10   7 0.51
 10   8 0.52
 10   9 0.48
 10  10 1.00
 10  11 0.63
 10  12 0.67
 10  13 0.60
 10  14 0.69
 10  15 0.51
 10  16 0.61
 10  17 0.63
 10  18 0.61
 10  19 0.51
 10  20 0.50
 10  21 0.52
 10  22 0.58
 11   1 0.52
 11   2 0.43
 11   3 0.57
 11   4 0.44
 11   5 0.52
 11   6 0.73
 11   7 0.44
 11   8 0.53
 11   9 0.62
 11  10 0.63
 11  11 1.00
 11  12 0.63
 11  13 0.64
 11  14 0.60
 11  15 0.60
 11  16 0.62
 11  17 0.72
 11  18 0.67
 11  19 0.59
 11  20 0.63
 11  21 0.53
 11  22 0.68
 12   1 0.56
 12   2 0.43
 12   3 0.40
 12   4 0.34
 12   5 0.42
 12   6 0.72
 12   7 0.41
 12   8 0.45
 12   9 0.49
 12  10 0.67
 12  11 0.63
 12  12 1.00
 12  13 0.66
 12  14 0.63
 12  15 0.51
 12  16 0.72
 12  17 0.56
 12  18 0.71
 12  19 0.56
 12  20 0.57
 12  21 0.60
 12  22 0.52
 13   1 0.62
 13   2 0.46
 13   3 0.67
 13   4 0.48
 13   5 0.60
 13   6 0.66
 13   7 0.53
 13   8 0.49
 13   9 0.68
 13  10 0.60
 13  11 0.64
 13  12 0.66
 13  13 1.00
 13  14 0.61
 13  15 0.61
 13  16 0.56
 13  17 0.66
 13  18 0.71
 13  19 0.60
 13  20 0.69
 13  21 0.60
 13  22 0.62
 14   1 0.52
 14   2 0.28
 14   3 0.45
 14   4 0.49
 14   5 0.49
 14   6 0.65
 14   7 0.50
 14   8 0.47
 14   9 0.55
 14  10 0.69
 14  11 0.60
 14  12 0.63
 14  13 0.61
 14  14 1.00
 14  15 0.51
 14  16 0.62
 14  17 0.64
 14  18 0.60
 14  19 0.48
 14  20 0.47
 14  21 0.55
 14  22 0.58
 15   1 0.64
 15   2 0.47
 15   3 0.71
 15   4 0.45
 15   5 0.61
 15   6 0.61
 15   7 0.42
 15   8 0.57
 15   9 0.51
 15  10 0.51
 15  11 0.60
 15  12 0.51
 15  13 0.61
 15  14 0.51
 15  15 1.00
 15  16 0.49
 15  17 0.61
 15  18 0.59
 15  19 0.62
 15  20 0.64
 15  21 0.48
 15  22 0.65
 16   1 0.51
 16   2 0.42
 16   3 0.32
 16   4 0.34
 16   5 0.35
 16   6 0.64
 16   7 0.39
 16   8 0.43
 16   9 0.41
 16  10 0.61
 16  11 0.62
 16  12 0.72
 16  13 0.56
 16  14 0.62
 16  15 0.49
 16  16 1.00
 16  17 0.60
 16  18 0.61
 16  19 0.57
 16  20 0.47
 16  21 0.58
 16  22 0.54
 17   1 0.52
 17   2 0.40
 17   3 0.61
 17   4 0.50
 17   5 0.57
 17   6 0.62
 17   7 0.50
 17   8 0.50
 17   9 0.58
 17  10 0.63
 17  11 0.72
 17  12 0.56
 17  13 0.66
 17  14 0.64
 17  15 0.61
 17  16 0.60
 17  17 1.00
 17  18 0.67
 17  19 0.58
 17  20 0.62
 17  21 0.53
 17  22 0.61
 18   1 0.61
 18   2 0.50
 18   3 0.57
 18   4 0.34
 18   5 0.56
 18   6 0.65
 18   7 0.41
 18   8 0.44
 18   9 0.58
 18  10 0.61
 18  11 0.67
 18  12 0.71
 18  13 0.71
 18  14 0.60
 18  15 0.59
 18  16 0.61
 18  17 0.67
 18  18 1.00
 18  19 0.61
 18  20 0.70
 18  21 0.65
 18  22 0.59
 19   1 0.64
 19   2 0.51
 19   3 0.51
 19   4 0.40
 19   5 0.48
 19   6 0.58
 19   7 0.41
 19   8 0.51
 19   9 0.48
 19  10 0.51
 19  11 0.59
 19  12 0.56
 19  13 0.60
 19  14 0.48
 19  15 0.62
 19  16 0.57
 19  17 0.58
 19  18 0.61
 19  19 1.00
 19  20 0.54
 19  21 0.56
 19  22 0.67
 20   1 0.58
 20   2 0.48
 20   3 0.66
 20   4 0.33
 20   5 0.64
 20   6 0.59
 20   7 0.44
 20   8 0.37
 20   9 0.67
 20  10 0.50
 20  11 0.63
 20  12 0.57
 20  13 0.69
 20  14 0.47
 20  15 0.64
 20  16 0.47
 20  17 0.62
 20  18 0.70
 20  19 0.54
 20  20 1.00
 20  21 0.58
 20  22 0.53
 21   1 0.53
 21   2 0.33
 21   3 0.35
 21   4 0.32
 21   5 0.40
 21   6 0.51
 21   7 0.39
 21   8 0.33
 21   9 0.50
 21  10 0.52
 21  11 0.53
 21  12 0.60
 21  13 0.60
 21  14 0.55
 21  15 0.48
 21  16 0.58
 21  17 0.53
 21  18 0.65
 21  19 0.56
 21  20 0.58
 21  21 1.00
 21  22 0.48
 22   1 0.59
 22   2 0.41
 22   3 0.62
 22   4 0.57
 22   5 0.48
 22   6 0.62
 22   7 0.46
 22   8 0.68
 22   9 0.55
 22  10 0.58
 22  11 0.68
 22  12 0.52
 22  13 0.62
 22  14 0.58
 22  15 0.65
 22  16 0.54
 22  17 0.61
 22  18 0.59
 22  19 0.67
 22  20 0.53
 22  21 0.48
 22  22 1.00
  1   1 1.00
  1   2 0.50
  1   3 0.56
  1   4 0.44
  1   5 0.64
  1   6 0.64
  1   7 0.50
  1   8 0.59
  1   9 0.49
  1  10 0.55
  1  11 0.51
  1  12 0.55
  1  13 0.62
  1  14 0.51
  1  15 0.63
  1  16 0.51
  1  17 0.52
  1  18 0.60
  1  19 0.63
  1  20 0.58
  1  21 0.52
  1  22 0.59
  2   1 0.50
  2   2 1.00
  2   3 0.40
  2   4 0.15
  2   5 0.38
  2   6 0.47
  2   7 0.17
  2   8 0.26
  2   9 0.33
  2  10 0.37
  2  11 0.43
  2  12 0.42
  2  13 0.45
  2  14 0.27
  2  15 0.46
  2  16 0.41
  2  17 0.40
  2  18 0.50
  2  19 0.50
  2  20 0.48
  2  21 0.32
  2  22 0.41
  3   1 0.56
  3   2 0.40
  3   3 1.00
  3   4 0.47
  3   5 0.64
  3   6 0.55
  3   7 0.52
  3   8 0.49
  3   9 0.60
  3  10 0.45
  3  11 0.57
  3  12 0.40
  3  13 0.67
  3  14 0.45
  3  15 0.70
  3  16 0.32
  3  17 0.61
  3  18 0.57
  3  19 0.51
  3  20 0.66
  3  21 0.34
  3  22 0.62
  4   1 0.44
  4   2 0.15
  4   3 0.47
  4   4 1.00
  4   5 0.38
  4   6 0.37
  4   7 0.50
  4   8 0.60
  4   9 0.38
  4  10 0.44
  4  11 0.44
  4  12 0.33
  4  13 0.48
  4  14 0.49
  4  15 0.44
  4  16 0.34
  4  17 0.50
  4  18 0.34
  4  19 0.40
  4  20 0.33
  4  21 0.32
  4  22 0.57
  5   1 0.64
  5   2 0.38
  5   3 0.64
  5   4 0.38
  5   5 1.00
  5   6 0.50
  5   7 0.43
  5   8 0.47
  5   9 0.58
  5  10 0.41
  5  11 0.52
  5  12 0.41
  5  13 0.59
  5  14 0.48
  5  15 0.60
  5  16 0.34
  5  17 0.57
  5  18 0.56
  5  19 0.47
  5  20 0.64
  5  21 0.40
  5  22 0.47
  6   1 0.64
  6   2 0.47
  6   3 0.55
  6   4 0.37
  6   5 0.50
  6   6 1.00
  6   7 0.50
  6   8 0.54
  6   9 0.55
  6  10 0.71
  6  11 0.72
  6  12 0.72
  6  13 0.65
  6  14 0.64
  6  15 0.60
  6  16 0.64
  6  17 0.62
  6  18 0.64
  6  19 0.58
  6  20 0.58
  6  21 0.51
  6  22 0.61
  7   1 0.50
  7   2 0.17
  7   3 0.52
  7   4 0.50
  7   5 0.43
  7   6 0.50
  7   7 1.00
  7   8 0.47
  7   9 0.42
  7  10 0.51
  7  11 0.44
  7  12 0.40
  7  13 0.53
  7  14 0.50
  7  15 0.41
  7  16 0.38
  7  17 0.49
  7  18 0.40
  7  19 0.41
  7  20 0.43
  7  21 0.39
  7  22 0.46
  8   1 0.59
  8   2 0.26
  8   3 0.49
  8   4 0.60
  8   5 0.47
  8   6 0.54
  8   7 0.47
  8   8 1.00
  8   9 0.43
  8  10 0.51
  8  11 0.52
  8  12 0.44
  8  13 0.48
  8  14 0.47
  8  15 0.57
  8  16 0.43
  8  17 0.50
  8  18 0.44
  8  19 0.50
  8  20 0.37
  8  21 0.33
  8  22 0.68
  9   1 0.49
  9   2 0.33
  9   3 0.60
  9   4 0.38
  9   5 0.58
  9   6 0.55
  9   7 0.42
  9   8 0.43
  9   9 1.00
  9  10 0.48
  9  11 0.62
  9  12 0.49
  9  13 0.68
  9  14 0.54
  9  15 0.51
  9  16 0.41
  9  17 0.58
  9  18 0.57
  9  19 0.48
  9  20 0.67
  9  21 0.49
  9  22 0.54
 10   1 0.55
 10   2 0.37
 10   3 0.45
 10   4 0.44
 10   5 0.41
 10   6 0.71
 10   7 0.51
 10   8 0.51
 10   9 0.48
 10  10 1.00
 10  11 0.63
 10  12 0.67
 10  13 0.59
 10  14 0.68
 10  15 0.50
 10  16 0.61
 10  17 0.62
 10  18 0.61
 10  19 0.50
 10  20 0.50
 10  21 0.52
 10  22 0.58
 11   1 0.51
 11   2 0.43
 11   3 0.57
 11   4 0.44
 11   5 0.52
 11   6 0.72
 11   7 0.44
 11   8 0.52
 11   9 0.62
 11  10 0.63
 11  11 1.00
 11  12 0.62
 11  13 0.64
 11  14 0.60
 11  15 0.60
 11  16 0.61
 11  17 0.72
 11  18 0.67
 11  19 0.59
 11  20 0.63
 11  21 0.52
 11  22 0.67
 12   1 0.55
 12   2 0.42
 12   3 0.40
 12   4 0.33
 12   5 0.41
 12   6 0.72
 12   7 0.40
 12   8 0.44
 12   9 0.49
 12  10 0.67
 12  11 0.62
 12  12 1.00
 12  13 0.66
 12  14 0.63
 12  15 0.50
 12  16 0.72
 12  17 0.56
 12  18 0.71
 12  19 0.55
 12  20 0.57
 12  21 0.59
 12  22 0.52
 13   1 0.62
 13   2 0.45
 13   3 0.67
 13   4 0.48
 13   5 0.59
 13   6 0.65
 13   7 0.53
 13   8 0.48
 13   9 0.68
 13  10 0.59
 13  11 0.64
 13  12 0.66
 13  13 1.00
 13  14 0.60
 13  15 0.61
 13  16 0.55
 13  17 0.66
 13  18 0.70
 13  19 0.59
 13  20 0.69
 13  21 0.60
 13  22 0.61
 14   1 0.51
 14   2 0.27
 14   3 0.45
 14   4 0.49
 14   5 0.48
 14   6 0.64
 14   7 0.50
 14   8 0.47
 14   9 0.54
 14  10 0.68
 14  11 0.60
 14  12 0.63
 14  13 0.60
 14  14 1.00
 14  15 0.50
 14  16 0.61
 14  17 0.64
 14  18 0.59
 14  19 0.47
 14  20 0.47
 14  21 0.54
 14  22 0.57
 15   1 0.63
 15   2 0.46
 15   3 0.70
 15   4 0.44
 15   5 0.60
 15   6 0.60
 15   7 0.41
 15   8 0.57
 15   9 0.51
 15  10 0.50
 15  11 0.60
 15  12 0.50
 15  13 0.61
 15  14 0.50
 15  15 1.00
 15  16 0.48
 15  17 0.60
 15  18 0.58
 15  19 0.62
 15  20 0.64
 15  21 0.48
 15  22 0.64
 16   1 0.51
 16   2 0.41
 16   3 0.32
 16   4 0.34
 16   5 0.34
 16   6 0.64
 16   7 0.38
 16   8 0.43
 16   9 0.41
 16  10 0.61
 16  11 0.61
 16  12 0.72
 16  13 0.55
 16  14 0.61
 16  15 0.48
 16  16 1.00
 16  17 0.59
 16  18 0.61
 16  19 0.56
 16  20 0.46
 16  21 0.58
 16  22 0.53
 17   1 0.52
 17   2 0.40
 17   3 0.61
 17   4 0.50
 17   5 0.57
 17   6 0.62
 17   7 0.49
 17   8 0.50
 17   9 0.58
 17  10 0.62
 17  11 0.72
 17  12 0.56
 17  13 0.66
 17  14 0.64
 17  15 0.60
 17  16 0.59
 17  17 1.00
 17  18 0.67
 17  19 0.57
 17  20 0.62
 17  21 0.52
 17  22 0.60
 18   1 0.60
 18   2 0.50
 18   3 0.57
 18   4 0.34
 18   5 0.56
 18   6 0.64
 18   7 0.40
 18   8 0.44
 18   9 0.57
 18  10 0.61
 18  11 0.67
 18  12 0.71
 18  13 0.70
 18  14 0.59
 18  15 0.58
 18  16 0.61
 18  17 0.67
 18  18 1.00
 18  19 0.61
 18  20 0.69
 18  21 0.64
 18  22 0.58
 19   1 0.63
 19   2 0.50
 19   3 0.51
 19   4 0.40
 19   5 0.47
 19   6 0.58
 19   7 0.41
 19   8 0.50
 19   9 0.48
 19  10 0.50
 19  11 0.59
 19  12 0.55
 19  13 0.59
 19  14 0.47
 19  15 0.62
 19  16 0.56
 19  17 0.57
 19  18 0.61
 19  19 1.00
 19  20 0.53
 19  21 0.56
 19  22 0.66
 20   1 0.58
 20   2 0.48
 20   3 0.66
 20   4 0.33
 20   5 0.64
 20   6 0.58
 20   7 0.43
 20   8 0.37
 20   9 0.67
 20  10 0.50
 20  11 0.63
 20  12 0.57
 20  13 0.69
 20  14 0.47
 20  15 0.64
 20  16 0.46
 20  17 0.62
 20  18 0.69
 20  19 0.53
 20  20 1.00
 20  21 0.58
 20  22 0.53
 21   1 0.52
 21   2 0.32
 21   3 0.34
 21   4 0.32
 21   5 0.40
 21   6 0.51
 21   7 0.39
 21   8 0.33
 21   9 0.49
 21  10 0.52
 21  11 0.52
 21  12 0.59
 21  13 0.60
 21  14 0.54
 21  15 0.48
 21  16 0.58
 21  17 0.52
 21  18 0.64
 21  19 0.56
 21  20 0.58
 21  21 1.00
 21  22 0.47
 22   1 0.59
 22   2 0.41
 22   3 0.62
 22   4 0.57
 22   5 0.47
 22   6 0.61
 22   7 0.46
 22   8 0.68
 22   9 0.54
 22  10 0.58
 22  11 0.67
 22  12 0.52
 22  13 0.61
 22  14 0.57
 22  15 0.64
 22  16 0.53
 22  17 0.60
 22  18 0.58
 22  19 0.66
 22  20 0.53
 22  21 0.47
 22  22 1.00
