  1   1 1.00
  1   2 0.54
  1   3 0.38
  1   4 0.23
  1   5 0.64
  1   6 0.43
  1   7 0.14
  1   8 0.45
  1   9 0.56
  1  10 0.61
  1  11 0.57
  1  12 0.37
  1  13 0.63
  1  14 0.50
  1  15 0.41
  1  16 0.53
  1  17 0.54
  1  18 0.42
  1  19 0.70
  1  20 0.40
  1  21 0.17
  1  22 0.63
  2   1 0.54
  2   2 1.00
  2   3 0.41
  2   4 0.20
  2   5 0.59
  2   6 0.39
  2   7 0.15
  2   8 0.34
  2   9 0.66
  2  10 0.59
  2  11 0.43
  2  12 0.33
  2  13 0.67
  2  14 0.48
  2  15 0.67
  2  16 0.45
  2  17 0.59
  2  18 0.28
  2  19 0.46
  2  20 0.33
  2  21 0.13
  2  22 0.51
  3   1 0.38
  3   2 0.41
  3   3 1.00
  3   4 0.29
  3   5 0.61
  3   6 0.34
  3   7 0.13
  3   8 0.25
  3   9 0.41
  3  10 0.42
  3  11 0.44
  3  12 0.31
  3  13 0.32
  3  14 0.67
  3  15 0.38
  3  16 0.37
  3  17 0.66
  3  18 0.25
  3  19 0.33
  3  20 0.30
  3  21 0.17
  3  22 0.44
  4   1 0.23
  4   2 0.20
  4   3 0.29
  4   4 1.00
  4   5 0.36
  4   6 0.36
  4   7 0.15
  4   8 0.34
  4   9 0.39
  4  10 0.28
  4  11 0.26
  4  12 0.35
  4  13 0.19
  4  14 0.41
  4  15 0.24
  4  16 0.33
  4  17 0.32
  4  18 0.35
  4  19 0.32
  4  20 0.32
  4  21 0.19
  4  22 0.37
  5   1 0.64
  5   2 0.59
  5   3 0.61
  5   4 0.36
  5   5 1.00
  5   6 0.54
  5   7 0.20
  5   8 0.51
  5   9 0.62
  5  10 0.64
  5  11 0.65
  5  12 0.45
  5  13 0.67
  5  14 0.73
  5  15 0.55
  5  16 0.60
  5  17 0.77
  5  18 0.44
  5  19 0.66
  5  20 0.36
  5  21 0.18
  5  22 0.65
  6   1 0.43
  6   2 0.39
  6   3 0.34
  6   4 0.36
  6   5 0.54
  6   6 1.00
  6   7 0.13
  6   8 0.69
  6   9 0.40
  6  10 0.39
  6  11 0.45
  6  12 0.27
  6  13 0.48
  6  14 0.45
  6  15 0.48
  6  16 0.56
  6  17 0.41
  6  18 0.55
  6  19 0.72
  6  20 0.50
  6  21 0.17
  6  22 0.68
  7   1 0.14
  7   2 0.15
  7   3 0.13
  7   4 0.15
  7   5 0.20
  7   6 0.13
  7   7 1.00
  7   8 0.17
  7   9 0.23
  7  10 0.23
  7  11 0.11
  7  12 0.06
  7  13 0.14
  7  14 0.17
  7  15 0.12
  7  16 0.11
  7  17 0.15
  7  18 0.16
  7  19 0.12
  7  20 0.27
  7  21 0.39
  7  22 0.15
  8   1 0.45
  8   2 0.34
  8   3 0.25
  8   4 0.34
  8   5 0.51
  8   6 0.69
  8   7 0.17
  8   8 1.00
  8   9 0.41
  8  10 0.39
  8  11 0.43
  8  12 0.26
  8  13 0.46
  8  14 0.39
  8  15 0.33
  8  16 0.47
  8  17 0.37
  8  18 0.57
  8  19 0.71
  8  20 0.52
  8  21 0.15
  8  22 0.69
  9   1 0.56
  9   2 0.66
  9   3 0.41
  9   4 0.39
  9   5 0.62
  9   6 0.40
  9   7 0.23
  9   8 0.41
  9   9 1.00
  9  10 0.66
  9  11 0.46
  9  12 0.32
  9  13 0.59
  9  14 0.47
  9  15 0.58
  9  16 0.42
  9  17 0.52
  9  18 0.42
  9  19 0.54
  9  20 0.34
  9  21 0.20
  9  22 0.47
 10   1 0.61
 10   2 0.59
 10   3 0.42
 10   4 0.28
 10   5 0.64
 10   6 0.39
 10   7 0.23
 10   8 0.39
 10   9 0.66
 10  10 1.00
 10  11 0.68
 10  12 0.45
 10  13 0.70
 10  14 0.41
 10  15 0.63
 10  16 0.42
 10  17 0.52
 10  18 0.47
 10  19 0.63
 10  20 0.30
 10  21 0.26
 10  22 0.49
 11   1 0.57
 11   2 0.43
 11   3 0.44
 11   4 0.26
 11   5 0.65
 11   6 0.45
 11   7 0.11
 11   8 0.43
 11   9 0.46
 11  10 0.68
 11  11 1.00
 11  12 0.47
 11  13 0.62
 11  14 0.40
 11  15 0.48
 11  16 0.50
 11  17 0.49
 11  18 0.45
 11  19 0.66
 11  20 0.23
 11  21 0.11
 11  22 0.49
 12   1 0.37
 12   2 0.33
 12   3 0.31
 12   4 0.35
 12   5 0.45
 12   6 0.27
 12   7 0.06
 12   8 0.26
 12   9 0.32
 12  10 0.45
 12  11 0.47
 12  12 1.00
 12  13 0.46
 12  14 0.39
 12  15 0.27
 12  16 0.31
 12  17 0.48
 12  18 0.27
 12  19 0.45
 12  20 0.22
 12  21 0.11
 12  22 0.38
 13   1 0.63
 13   2 0.67
 13   3 0.32
 13   4 0.19
 13   5 0.67
 13   6 0.48
 13   7 0.14
 13   8 0.46
 13   9 0.59
 13  10 0.70
 13  11 0.62
 13  12 0.46
 13  13 1.00
 13  14 0.40
 13  15 0.63
 13  16 0.53
 13  17 0.57
 13  18 0.39
 13  19 0.69
 13  20 0.33
 13  21 0.13
 13  22 0.59
 14   1 0.50
 14   2 0.48
 14   3 0.67
 14   4 0.41
 14   5 0.73
 14   6 0.45
 14   7 0.17
 14   8 0.39
 14   9 0.47
 14  10 0.41
 14  11 0.40
 14  12 0.39
 14  13 0.40
 14  14 1.00
 14  15 0.34
 14  16 0.57
 14  17 0.76
 14  18 0.38
 14  19 0.45
 14  20 0.33
 14  21 0.18
 14  22 0.59
 15   1 0.41
 15   2 0.67
 15   3 0.38
 15   4 0.24
 15   5 0.55
 15   6 0.48
 15   7 0.12
 15   8 0.33
 15   9 0.58
 15  10 0.63
 15  11 0.48
 15  12 0.27
 15  13 0.63
 15  14 0.34
 15  15 1.00
 15  16 0.48
 15  17 0.48
 15  18 0.34
 15  19 0.49
 15  20 0.32
 15  21 0.17
 15  22 0.46
 16   1 0.53
 16   2 0.45
 16   3 0.37
 16   4 0.33
 16   5 0.60
 16   6 0.56
 16   7 0.11
 16   8 0.47
 16   9 0.42
 16  10 0.42
 16  11 0.50
 16  12 0.31
 16  13 0.53
 16  14 0.57
 16  15 0.48
 16  16 1.00
 16  17 0.52
 16  18 0.43
 16  19 0.64
 16  20 0.42
 16  21 0.12
 16  22 0.63
 17   1 0.54
 17   2 0.59
 17   3 0.66
 17   4 0.32
 17   5 0.77
 17   6 0.41
 17   7 0.15
 17   8 0.37
 17   9 0.52
 17  10 0.52
 17  11 0.49
 17  12 0.48
 17  13 0.57
 17  14 0.76
 17  15 0.48
 17  16 0.52
 17  17 1.00
 17  18 0.31
 17  19 0.50
 17  20 0.30
 17  21 0.16
 17  22 0.54
 18   1 0.42
 18   2 0.28
 18   3 0.25
 18   4 0.35
 18   5 0.44
 18   6 0.55
 18   7 0.16
 18   8 0.57
 18   9 0.42
 18  10 0.47
 18  11 0.45
 18  12 0.27
 18  13 0.39
 18  14 0.38
 18  15 0.34
 18  16 0.43
 18  17 0.31
 18  18 1.00
 18  19 0.67
 18  20 0.48
 18  21 0.18
 18  22 0.59
 19   1 0.70
 19   2 0.46
 19   3 0.33
 19   4 0.32
 19   5 0.66
 19   6 0.72
 19   7 0.12
 19   8 0.71
 19   9 0.54
 19  10 0.63
 19  11 0.66
 19  12 0.45
 19  13 0.69
 19  14 0.45
 19  15 0.49
 19  16 0.64
 19  17 0.50
 19  18 0.67
 19  19 1.00
 19  20 0.50
 19  21 0.16
 19  22 0.76
 20   1 0.40
 20   2 0.33
 20   3 0.30
 20   4 0.32
 20   5 0.36
 20   6 0.50
 20   7 0.27
 20   8 0.52
 20   9 0.34
 20  10 0.30
 20  11 0.23
 20  12 0.22
 20  13 0.33
 20  14 0.33
 20  15 0.32
 20  16 0.42
 20  17 0.30
 20  18 0.48
 20  19 0.50
 20  20 1.00
 20  21 0.33
 20  22 0.63
 21   1 0.17
 21   2 0.13
 21   3 0.17
 21   4 0.19
 21   5 0.18
 21   6 0.17
 21   7 0.39
 21   8 0.15
 21   9 0.20
 21  10 0.26
 21  11 0.11
 21  12 0.11
 21  13 0.13
 21  14 0.18
 21  15 0.17
 21  16 0.12
 21  17 0.16
 21  18 0.18
 21  19 0.16
 21  20 0.33
 21  21 1.00
 21  22 0.21
 22   1 0.63
 22   2 0.51
 22   3 0.44
 22   4 0.37
 22   5 0.65
 22   6 0.68
 22   7 0.15
 22   8 0.69
 22   9 0.47
 22  10 0.49
 22  11 0.49
 22  12 0.38
 22  13 0.59
 22  14 0.59
 22  15 0.46
 22  16 0.63
 22  17 0.54
 22  18 0.59
 22  19 0.76
 22  20 0.63
 22  21 0.21
 22  22 1.00
  1   1 1.00
  1   2 0.54
  1   3 0.38
  1   4 0.23
  1   5 0.64
  1   6 0.43
  1   7 0.14
  1   8 0.45
  1   9 0.56
  1  10 0.60
  1  11 0.57
  1  12 0.37
  1  13 0.63
  1  14 0.50
  1  15 0.41
  1  16 0.53
  1  17 0.54
  1  18 0.42
  1  19 0.70
  1  20 0.40
  1  21 0.17
  1  22 0.63
  2   1 0.54
  2   2 1.00
  2   3 0.40
  2   4 0.20
  2   5 0.59
  2   6 0.39
  2   7 0.15
  2   8 0.34
  2   9 0.66
  2  10 0.59
  2  11 0.43
  2  12 0.33
  2  13 0.67
  2  14 0.48
  2  15 0.67
  2  16 0.45
  2  17 0.59
  2  18 0.28
  2  19 0.46
  2  20 0.33
  2  21 0.13
  2  22 0.51
  3   1 0.38
  3   2 0.40
  3   3 1.00
  3   4 0.29
  3   5 0.61
  3   6 0.34
  3   7 0.13
  3   8 0.25
  3   9 0.41
  3  10 0.42
  3  11 0.44
  3  12 0.31
  3  13 0.32
  3  14 0.67
  3  15 0.38
  3  16 0.37
  3  17 0.66
  3  18 0.25
  3  19 0.33
  3  20 0.30
  3  21 0.17
  3  22 0.44
  4   1 0.23
  4   2 0.20
  4   3 0.29
  4   4 1.00
  4   5 0.36
  4   6 0.36
  4   7 0.15
  4   8 0.34
  4   9 0.39
  4  10 0.28
  4  11 0.26
  4  12 0.35
  4  13 0.19
  4  14 0.41
  4  15 0.24
  4  16 0.33
  4  17 0.32
  4  18 0.35
  4  19 0.32
  4  20 0.32
  4  21 0.19
  4  22 0.37
  5   1 0.64
  5   2 0.59
  5   3 0.61
  5   4 0.36
  5   5 1.00
  5   6 0.54
  5   7 0.20
  5   8 0.50
  5   9 0.62
  5  10 0.64
  5  11 0.65
  5  12 0.45
  5  13 0.67
  5  14 0.73
  5  15 0.55
  5  16 0.60
  5  17 0.77
  5  18 0.44
  5  19 0.66
  5  20 0.35
  5  21 0.18
  5  22 0.65
  6   1 0.43
  6   2 0.39
  6   3 0.34
  6   4 0.36
  6   5 0.54
  6   6 1.00
  6   7 0.13
  6   8 0.69
  6   9 0.40
  6  10 0.39
  6  11 0.45
  6  12 0.27
  6  13 0.48
  6  14 0.44
  6  15 0.48
  6  16 0.56
  6  17 0.41
  6  18 0.55
  6  19 0.72
  6  20 0.50
  6  21 0.17
  6  22 0.68
  7   1 0.14
  7   2 0.15
  7   3 0.13
  7   4 0.15
  7   5 0.20
  7   6 0.13
  7   7 1.00
  7   8 0.17
  7   9 0.23
  7  10 0.23
  7  11 0.11
  7  12 0.06
  7  13 0.14
  7  14 0.17
  7  15 0.12
  7  16 0.11
  7  17 0.15
  7  18 0.16
  7  19 0.11
  7  20 0.27
  7  21 0.39
  7  22 0.15
  8   1 0.45
  8   2 0.34
  8   3 0.25
  8   4 0.34
  8   5 0.50
  8   6 0.69
  8   7 0.17
  8   8 1.00
  8   9 0.40
  8  10 0.39
  8  11 0.43
  8  12 0.26
  8  13 0.46
  8  14 0.39
  8  15 0.33
  8  16 0.47
  8  17 0.37
  8  18 0.57
  8  19 0.71
  8  20 0.52
  8  21 0.15
  8  22 0.69
  9   1 0.56
  9   2 0.66
  9   3 0.41
  9   4 0.39
  9   5 0.62
  9   6 0.40
  9   7 0.23
  9   8 0.40
  9   9 1.00
  9  10 0.66
  9  11 0.46
  9  12 0.32
  9  13 0.59
  9  14 0.47
  9  15 0.58
  9  16 0.42
  9  17 0.52
  9  18 0.42
  9  19 0.54
  9  20 0.34
  9  21 0.20
  9  22 0.47
 10   1 0.60
 10   2 0.59
 10   3 0.42
 10   4 0.28
 10   5 0.64
 10   6 0.39
 10   7 0.23
 10   8 0.39
 10   9 0.66
 10  10 1.00
 10  11 0.68
 10  12 0.45
 10  13 0.70
 10  14 0.41
 10  15 0.63
 10  16 0.42
 10  17 0.52
 10  18 0.47
 10  19 0.63
 10  20 0.30
 10  21 0.26
 10  22 0.49
 11   1 0.57
 11   2 0.43
 11   3 0.44
 11   4 0.26
 11   5 0.65
 11   6 0.45
 11   7 0.11
 11   8 0.43
 11   9 0.46
 11  10 0.68
 11  11 1.00
 11  12 0.47
 11  13 0.62
 11  14 0.40
 11  15 0.48
 11  16 0.50
 11  17 0.49
 11  18 0.45
 11  19 0.66
 11  20 0.23
 11  21 0.11
 11  22 0.49
 12   1 0.37
 12   2 0.33
 12   3 0.31
 12   4 0.35
 12   5 0.45
 12   6 0.27
 12   7 0.06
 12   8 0.26
 12   9 0.32
 12  10 0.45
 12  11 0.47
 12  12 1.00
 12  13 0.46
 12  14 0.39
 12  15 0.27
 12  16 0.30
 12  17 0.48
 12  18 0.27
 12  19 0.45
 12  20 0.22
 12  21 0.11
 12  22 0.38
 13   1 0.63
 13   2 0.67
 13   3 0.32
 13   4 0.19
 13   5 0.67
 13   6 0.48
 13   7 0.14
 13   8 0.46
 13   9 0.59
 13  10 0.70
 13  11 0.62
 13  12 0.46
 13  13 1.00
 13  14 0.40
 13  15 0.63
 13  16 0.53
 13  17 0.57
 13  18 0.39
 13  19 0.69
 13  20 0.33
 13  21 0.13
 13  22 0.59
 14   1 0.50
 14   2 0.48
 14   3 0.67
 14   4 0.41
 14   5 0.73
 14   6 0.44
 14   7 0.17
 14   8 0.39
 14   9 0.47
 14  10 0.41
 14  11 0.40
 14  12 0.39
 14  13 0.40
 14  14 1.00
 14  15 0.34
 14  16 0.57
 14  17 0.76
 14  18 0.38
 14  19 0.45
 14  20 0.33
 14  21 0.18
 14  22 0.59
 15   1 0.41
 15   2 0.67
 15   3 0.38
 15   4 0.24
 15   5 0.55
 15   6 0.48
 15   7 0.12
 15   8 0.33
 15   9 0.58
 15  10 0.63
 15  11 0.48
 15  12 0.27
 15  13 0.63
 15  14 0.34
 15  15 1.00
 15  16 0.48
 15  17 0.48
 15  18 0.34
 15  19 0.49
 15  20 0.32
 15  21 0.17
 15  22 0.46
 16   1 0.53
 16   2 0.45
 16   3 0.37
 16   4 0.33
 16   5 0.60
 16   6 0.56
 16   7 0.11
 16   8 0.47
 16   9 0.42
 16  10 0.42
 16  11 0.50
 16  12 0.30
 16  13 0.53
 16  14 0.57
 16  15 0.48
 16  16 1.00
 16  17 0.52
 16  18 0.43
 16  19 0.64
 16  20 0.41
 16  21 0.12
 16  22 0.63
 17   1 0.54
 17   2 0.59
 17   3 0.66
 17   4 0.32
 17   5 0.77
 17   6 0.41
 17   7 0.15
 17   8 0.37
 17   9 0.52
 17  10 0.52
 17  11 0.49
 17  12 0.48
 17  13 0.57
 17  14 0.76
 17  15 0.48
 17  16 0.52
 17  17 1.00
 17  18 0.31
 17  19 0.50
 17  20 0.30
 17  21 0.16
 17  22 0.54
 18   1 0.42
 18   2 0.28
 18   3 0.25
 18   4 0.35
 18   5 0.44
 18   6 0.55
 18   7 0.16
 18   8 0.57
 18   9 0.42
 18  10 0.47
 18  11 0.45
 18  12 0.27
 18  13 0.39
 18  14 0.38
 18  15 0.34
 18  16 0.43
 18  17 0.31
 18  18 1.00
 18  19 0.67
 18  20 0.48
 18  21 0.18
 18  22 0.59
 19   1 0.70
 19   2 0.46
 19   3 0.33
 19   4 0.32
 19   5 0.66
 19   6 0.72
 19   7 0.11
 19   8 0.71
 19   9 0.54
 19  10 0.63
 19  11 0.66
 19  12 0.45
 19  13 0.69
 19  14 0.45
 19  15 0.49
 19  16 0.64
 19  17 0.50
 19  18 0.67
 19  19 1.00
 19  20 0.50
 19  21 0.16
 19  22 0.76
 20   1 0.40
 20   2 0.33
 20   3 0.30
 20   4 0.32
 20   5 0.35
 20   6 0.50
 20   7 0.27
 20   8 0.52
 20   9 0.34
 20  10 0.30
 20  11 0.23
 20  12 0.22
 20  13 0.33
 20  14 0.33
 20  15 0.32
 20  16 0.41
 20  17 0.30
 20  18 0.48
 20  19 0.50
 20  20 1.00
 20  21 0.33
 20  22 0.62
 21   1 0.17
 21   2 0.13
 21   3 0.17
 21   4 0.19
 21   5 0.18
 21   6 0.17
 21   7 0.39
 21   8 0.15
 21   9 0.20
 21  10 0.26
 21  11 0.11
 21  12 0.11
 21  13 0.13
 21  14 0.18
 21  15 0.17
 21  16 0.12
 21  17 0.16
 21  18 0.18
 21  19 0.16
 21  20 0.33
 21  21 1.00
 21  22 0.21
 22   1 0.63
 22   2 0.51
 22   3 0.44
 22   4 0.37
 22   5 0.65
 22   6 0.68
 22   7 0.15
 22   8 0.69
 22   9 0.47
 22  10 0.49
 22  11 0.49
 22  12 0.38
 22  13 0.59
 22  14 0.59
 22  15 0.46
 22  16 0.63
 22  17 0.54
 22  18 0.59
 22  19 0.76
 22  20 0.62
 22  21 0.21
 22  22 1.00
