  1   1 1.00
  1   2 0.50
  1   3 0.44
  1   4 0.24
  1   5 0.52
  1   6 0.39
  1   7 0.68
  1   8 0.48
  1   9 0.76
  1  10 0.63
  1  11 0.29
  1  12 0.45
  1  13 0.71
  1  14 0.59
  1  15 0.59
  1  16 0.65
  1  17 0.28
  1  18 0.54
  1  19 0.47
  1  20 0.55
  1  21 0.58
  1  22 0.76
  2   1 0.50
  2   2 1.00
  2   3 0.41
  2   4 0.35
  2   5 0.38
  2   6 0.26
  2   7 0.26
  2   8 0.22
  2   9 0.41
  2  10 0.44
  2  11 0.15
  2  12 0.29
  2  13 0.23
  2  14 0.23
  2  15 0.42
  2  16 0.38
  2  17 0.22
  2  18 0.43
  2  19 0.24
  2  20 0.33
  2  21 0.32
  2  22 0.31
  3   1 0.44
  3   2 0.41
  3   3 1.00
  3   4 0.28
  3   5 0.39
  3   6 0.67
  3   7 0.26
  3   8 0.65
  3   9 0.44
  3  10 0.68
  3  11 0.15
  3  12 0.70
  3  13 0.34
  3  14 0.55
  3  15 0.30
  3  16 0.59
  3  17 0.35
  3  18 0.66
  3  19 0.63
  3  20 0.63
  3  21 0.59
  3  22 0.28
  4   1 0.24
  4   2 0.35
  4   3 0.28
  4   4 1.00
  4   5 0.30
  4   6 0.18
  4   7 0.07
  4   8 0.11
  4   9 0.19
  4  10 0.26
  4  11 0.06
  4  12 0.20
  4  13 0.11
  4  14 0.15
  4  15 0.13
  4  16 0.20
  4  17 0.15
  4  18 0.21
  4  19 0.15
  4  20 0.20
  4  21 0.22
  4  22 0.11
  5   1 0.52
  5   2 0.38
  5   3 0.39
  5   4 0.30
  5   5 1.00
  5   6 0.26
  5   7 0.22
  5   8 0.21
  5   9 0.46
  5  10 0.43
  5  11 0.12
  5  12 0.42
  5  13 0.44
  5  14 0.37
  5  15 0.31
  5  16 0.35
  5  17 0.28
  5  18 0.33
  5  19 0.25
  5  20 0.37
  5  21 0.47
  5  22 0.32
  6   1 0.39
  6   2 0.26
  6   3 0.67
  6   4 0.18
  6   5 0.26
  6   6 1.00
  6   7 0.28
  6   8 0.81
  6   9 0.36
  6  10 0.78
  6  11 0.17
  6  12 0.78
  6  13 0.34
  6  14 0.62
  6  15 0.34
  6  16 0.71
  6  17 0.56
  6  18 0.58
  6  19 0.67
  6  20 0.85
  6  21 0.68
  6  22 0.23
  7   1 0.68
  7   2 0.26
  7   3 0.26
  7   4 0.07
  7   5 0.22
  7   6 0.28
  7   7 1.00
  7   8 0.43
  7   9 0.55
  7  10 0.47
  7  11 0.37
  7  12 0.29
  7  13 0.62
  7  14 0.45
  7  15 0.40
  7  16 0.48
  7  17 0.14
  7  18 0.43
  7  19 0.41
  7  20 0.36
  7  21 0.41
  7  22 0.74
  8   1 0.48
  8   2 0.22
  8   3 0.65
  8   4 0.11
  8   5 0.21
  8   6 0.81
  8   7 0.43
  8   8 1.00
  8   9 0.40
  8  10 0.72
  8  11 0.30
  8  12 0.74
  8  13 0.50
  8  14 0.76
  8  15 0.30
  8  16 0.66
  8  17 0.39
  8  18 0.60
  8  19 0.83
  8  20 0.73
  8  21 0.73
  8  22 0.34
  9   1 0.76
  9   2 0.41
  9   3 0.44
  9   4 0.19
  9   5 0.46
  9   6 0.36
  9   7 0.55
  9   8 0.40
  9   9 1.00
  9  10 0.63
  9  11 0.20
  9  12 0.46
  9  13 0.58
  9  14 0.49
  9  15 0.60
  9  16 0.59
  9  17 0.24
  9  18 0.54
  9  19 0.48
  9  20 0.48
  9  21 0.49
  9  22 0.68
 10   1 0.63
 10   2 0.44
 10   3 0.68
 10   4 0.26
 10   5 0.43
 10   6 0.78
 10   7 0.47
 10   8 0.72
 10   9 0.63
 10  10 1.00
 10  11 0.27
 10  12 0.81
 10  13 0.60
 10  14 0.69
 10  15 0.45
 10  16 0.79
 10  17 0.45
 10  18 0.70
 10  19 0.66
 10  20 0.82
 10  21 0.79
 10  22 0.45
 11   1 0.29
 11   2 0.15
 11   3 0.15
 11   4 0.06
 11   5 0.12
 11   6 0.17
 11   7 0.37
 11   8 0.30
 11   9 0.20
 11  10 0.27
 11  11 1.00
 11  12 0.17
 11  13 0.40
 11  14 0.50
 11  15 0.23
 11  16 0.34
 11  17 0.10
 11  18 0.27
 11  19 0.30
 11  20 0.22
 11  21 0.37
 11  22 0.29
 12   1 0.45
 12   2 0.29
 12   3 0.70
 12   4 0.20
 12   5 0.42
 12   6 0.78
 12   7 0.29
 12   8 0.74
 12   9 0.46
 12  10 0.81
 12  11 0.17
 12  12 1.00
 12  13 0.43
 12  14 0.67
 12  15 0.28
 12  16 0.68
 12  17 0.44
 12  18 0.71
 12  19 0.66
 12  20 0.76
 12  21 0.82
 12  22 0.22
 13   1 0.71
 13   2 0.23
 13   3 0.34
 13   4 0.11
 13   5 0.44
 13   6 0.34
 13   7 0.62
 13   8 0.50
 13   9 0.58
 13  10 0.60
 13  11 0.40
 13  12 0.43
 13  13 1.00
 13  14 0.72
 13  15 0.40
 13  16 0.54
 13  17 0.24
 13  18 0.44
 13  19 0.50
 13  20 0.44
 13  21 0.59
 13  22 0.59
 14   1 0.59
 14   2 0.23
 14   3 0.55
 14   4 0.15
 14   5 0.37
 14   6 0.62
 14   7 0.45
 14   8 0.76
 14   9 0.49
 14  10 0.69
 14  11 0.50
 14  12 0.67
 14  13 0.72
 14  14 1.00
 14  15 0.38
 14  16 0.63
 14  17 0.36
 14  18 0.56
 14  19 0.68
 14  20 0.62
 14  21 0.76
 14  22 0.38
 15   1 0.59
 15   2 0.42
 15   3 0.30
 15   4 0.13
 15   5 0.31
 15   6 0.34
 15   7 0.40
 15   8 0.30
 15   9 0.60
 15  10 0.45
 15  11 0.23
 15  12 0.28
 15  13 0.40
 15  14 0.38
 15  15 1.00
 15  16 0.63
 15  17 0.25
 15  18 0.42
 15  19 0.35
 15  20 0.42
 15  21 0.40
 15  22 0.52
 16   1 0.65
 16   2 0.38
 16   3 0.59
 16   4 0.20
 16   5 0.35
 16   6 0.71
 16   7 0.48
 16   8 0.66
 16   9 0.59
 16  10 0.79
 16  11 0.34
 16  12 0.68
 16  13 0.54
 16  14 0.63
 16  15 0.63
 16  16 1.00
 16  17 0.45
 16  18 0.68
 16  19 0.58
 16  20 0.78
 16  21 0.72
 16  22 0.48
 17   1 0.28
 17   2 0.22
 17   3 0.35
 17   4 0.15
 17   5 0.28
 17   6 0.56
 17   7 0.14
 17   8 0.39
 17   9 0.24
 17  10 0.45
 17  11 0.10
 17  12 0.44
 17  13 0.24
 17  14 0.36
 17  15 0.25
 17  16 0.45
 17  17 1.00
 17  18 0.32
 17  19 0.34
 17  20 0.52
 17  21 0.44
 17  22 0.12
 18   1 0.54
 18   2 0.43
 18   3 0.66
 18   4 0.21
 18   5 0.33
 18   6 0.58
 18   7 0.43
 18   8 0.60
 18   9 0.54
 18  10 0.70
 18  11 0.27
 18  12 0.71
 18  13 0.44
 18  14 0.56
 18  15 0.42
 18  16 0.68
 18  17 0.32
 18  18 1.00
 18  19 0.62
 18  20 0.63
 18  21 0.66
 18  22 0.44
 19   1 0.47
 19   2 0.24
 19   3 0.63
 19   4 0.15
 19   5 0.25
 19   6 0.67
 19   7 0.41
 19   8 0.83
 19   9 0.48
 19  10 0.66
 19  11 0.30
 19  12 0.66
 19  13 0.50
 19  14 0.68
 19  15 0.35
 19  16 0.58
 19  17 0.34
 19  18 0.62
 19  19 1.00
 19  20 0.61
 19  21 0.67
 19  22 0.33
 20   1 0.55
 20   2 0.33
 20   3 0.63
 20   4 0.20
 20   5 0.37
 20   6 0.85
 20   7 0.36
 20   8 0.73
 20   9 0.48
 20  10 0.82
 20  11 0.22
 20  12 0.76
 20  13 0.44
 20  14 0.62
 20  15 0.42
 20  16 0.78
 20  17 0.52
 20  18 0.63
 20  19 0.61
 20  20 1.00
 20  21 0.74
 20  22 0.43
 21   1 0.58
 21   2 0.32
 21   3 0.59
 21   4 0.22
 21   5 0.47
 21   6 0.68
 21   7 0.41
 21   8 0.73
 21   9 0.49
 21  10 0.79
 21  11 0.37
 21  12 0.82
 21  13 0.59
 21  14 0.76
 21  15 0.40
 21  16 0.72
 21  17 0.44
 21  18 0.66
 21  19 0.67
 21  20 0.74
 21  21 1.00
 21  22 0.38
 22   1 0.76
 22   2 0.31
 22   3 0.28
 22   4 0.11
 22   5 0.32
 22   6 0.23
 22   7 0.74
 22   8 0.34
 22   9 0.68
 22  10 0.45
 22  11 0.29
 22  12 0.22
 22  13 0.59
 22  14 0.38
 22  15 0.52
 22  16 0.48
 22  17 0.12
 22  18 0.44
 22  19 0.33
 22  20 0.43
 22  21 0.38
 22  22 1.00
  1   1 1.00
  1   2 0.50
  1   3 0.44
  1   4 0.24
  1   5 0.52
  1   6 0.39
  1   7 0.68
  1   8 0.48
  1   9 0.76
  1  10 0.63
  1  11 0.29
  1  12 0.45
  1  13 0.71
  1  14 0.59
  1  15 0.59
  1  16 0.65
  1  17 0.28
  1  18 0.54
  1  19 0.47
  1  20 0.55
  1  21 0.58
  1  22 0.76
  2   1 0.50
  2   2 1.00
  2   3 0.41
  2   4 0.35
  2   5 0.38
  2   6 0.26
  2   7 0.26
  2   8 0.22
  2   9 0.41
  2  10 0.44
  2  11 0.15
  2  12 0.28
  2  13 0.23
  2  14 0.23
  2  15 0.42
  2  16 0.38
  2  17 0.22
  2  18 0.43
  2  19 0.24
  2  20 0.33
  2  21 0.32
  2  22 0.31
  3   1 0.44
  3   2 0.41
  3   3 1.00
  3   4 0.28
  3   5 0.39
  3   6 0.67
  3   7 0.26
  3   8 0.65
  3   9 0.44
  3  10 0.68
  3  11 0.15
  3  12 0.70
  3  13 0.34
  3  14 0.55
  3  15 0.30
  3  16 0.59
  3  17 0.35
  3  18 0.66
  3  19 0.63
  3  20 0.63
  3  21 0.59
  3  22 0.28
  4   1 0.24
  4   2 0.35
  4   3 0.28
  4   4 1.00
  4   5 0.30
  4   6 0.18
  4   7 0.07
  4   8 0.11
  4   9 0.19
  4  10 0.26
  4  11 0.06
  4  12 0.20
  4  13 0.11
  4  14 0.15
  4  15 0.13
  4  16 0.20
  4  17 0.15
  4  18 0.21
  4  19 0.15
  4  20 0.20
  4  21 0.22
  4  22 0.11
  5   1 0.52
  5   2 0.38
  5   3 0.39
  5   4 0.30
  5   5 1.00
  5   6 0.26
  5   7 0.22
  5   8 0.21
  5   9 0.46
  5  10 0.43
  5  11 0.12
  5  12 0.42
  5  13 0.44
  5  14 0.37
  5  15 0.31
  5  16 0.34
  5  17 0.28
  5  18 0.33
  5  19 0.25
  5  20 0.37
  5  21 0.47
  5  22 0.32
  6   1 0.39
  6   2 0.26
  6   3 0.67
  6   4 0.18
  6   5 0.26
  6   6 1.00
  6   7 0.28
  6   8 0.81
  6   9 0.36
  6  10 0.78
  6  11 0.17
  6  12 0.78
  6  13 0.34
  6  14 0.62
  6  15 0.34
  6  16 0.71
  6  17 0.56
  6  18 0.58
  6  19 0.67
  6  20 0.85
  6  21 0.68
  6  22 0.23
  7   1 0.68
  7   2 0.26
  7   3 0.26
  7   4 0.07
  7   5 0.22
  7   6 0.28
  7   7 1.00
  7   8 0.42
  7   9 0.55
  7  10 0.47
  7  11 0.37
  7  12 0.29
  7  13 0.62
  7  14 0.44
  7  15 0.40
  7  16 0.48
  7  17 0.14
  7  18 0.43
  7  19 0.41
  7  20 0.36
  7  21 0.41
  7  22 0.74
  8   1 0.48
  8   2 0.22
  8   3 0.65
  8   4 0.11
  8   5 0.21
  8   6 0.81
  8   7 0.42
  8   8 1.00
  8   9 0.39
  8  10 0.72
  8  11 0.30
  8  12 0.74
  8  13 0.50
  8  14 0.76
  8  15 0.30
  8  16 0.66
  8  17 0.39
  8  18 0.60
  8  19 0.83
  8  20 0.73
  8  21 0.73
  8  22 0.34
  9   1 0.76
  9   2 0.41
  9   3 0.44
  9   4 0.19
  9   5 0.46
  9   6 0.36
  9   7 0.55
  9   8 0.39
  9   9 1.00
  9  10 0.63
  9  11 0.20
  9  12 0.46
  9  13 0.58
  9  14 0.49
  9  15 0.60
  9  16 0.59
  9  17 0.24
  9  18 0.54
  9  19 0.48
  9  20 0.48
  9  21 0.49
  9  22 0.68
 10   1 0.63
 10   2 0.44
 10   3 0.68
 10   4 0.26
 10   5 0.43
 10   6 0.78
 10   7 0.47
 10   8 0.72
 10   9 0.63
 10  10 1.00
 10  11 0.27
 10  12 0.81
 10  13 0.60
 10  14 0.69
 10  15 0.45
 10  16 0.79
 10  17 0.45
 10  18 0.70
 10  19 0.66
 10  20 0.82
 10  21 0.79
 10  22 0.45
 11   1 0.29
 11   2 0.15
 11   3 0.15
 11   4 0.06
 11   5 0.12
 11   6 0.17
 11   7 0.37
 11   8 0.30
 11   9 0.20
 11  10 0.27
 11  11 1.00
 11  12 0.16
 11  13 0.40
 11  14 0.50
 11  15 0.23
 11  16 0.34
 11  17 0.10
 11  18 0.27
 11  19 0.30
 11  20 0.22
 11  21 0.37
 11  22 0.29
 12   1 0.45
 12   2 0.28
 12   3 0.70
 12   4 0.20
 12   5 0.42
 12   6 0.78
 12   7 0.29
 12   8 0.74
 12   9 0.46
 12  10 0.81
 12  11 0.16
 12  12 1.00
 12  13 0.43
 12  14 0.67
 12  15 0.27
 12  16 0.68
 12  17 0.43
 12  18 0.71
 12  19 0.66
 12  20 0.76
 12  21 0.82
 12  22 0.21
 13   1 0.71
 13   2 0.23
 13   3 0.34
 13   4 0.11
 13   5 0.44
 13   6 0.34
 13   7 0.62
 13   8 0.50
 13   9 0.58
 13  10 0.60
 13  11 0.40
 13  12 0.43
 13  13 1.00
 13  14 0.72
 13  15 0.39
 13  16 0.54
 13  17 0.24
 13  18 0.44
 13  19 0.50
 13  20 0.44
 13  21 0.59
 13  22 0.59
 14   1 0.59
 14   2 0.23
 14   3 0.55
 14   4 0.15
 14   5 0.37
 14   6 0.62
 14   7 0.44
 14   8 0.76
 14   9 0.49
 14  10 0.69
 14  11 0.50
 14  12 0.67
 14  13 0.72
 14  14 1.00
 14  15 0.38
 14  16 0.63
 14  17 0.36
 14  18 0.56
 14  19 0.68
 14  20 0.62
 14  21 0.76
 14  22 0.38
 15   1 0.59
 15   2 0.42
 15   3 0.30
 15   4 0.13
 15   5 0.31
 15   6 0.34
 15   7 0.40
 15   8 0.30
 15   9 0.60
 15  10 0.45
 15  11 0.23
 15  12 0.27
 15  13 0.39
 15  14 0.38
 15  15 1.00
 15  16 0.63
 15  17 0.25
 15  18 0.42
 15  19 0.35
 15  20 0.42
 15  21 0.39
 15  22 0.52
 16   1 0.65
 16   2 0.38
 16   3 0.59
 16   4 0.20
 16   5 0.34
 16   6 0.71
 16   7 0.48
 16   8 0.66
 16   9 0.59
 16  10 0.79
 16  11 0.34
 16  12 0.68
 16  13 0.54
 16  14 0.63
 16  15 0.63
 16  16 1.00
 16  17 0.45
 16  18 0.68
 16  19 0.58
 16  20 0.78
 16  21 0.71
 16  22 0.48
 17   1 0.28
 17   2 0.22
 17   3 0.35
 17   4 0.15
 17   5 0.28
 17   6 0.56
 17   7 0.14
 17   8 0.39
 17   9 0.24
 17  10 0.45
 17  11 0.10
 17  12 0.43
 17  13 0.24
 17  14 0.36
 17  15 0.25
 17  16 0.45
 17  17 1.00
 17  18 0.32
 17  19 0.34
 17  20 0.52
 17  21 0.44
 17  22 0.12
 18   1 0.54
 18   2 0.43
 18   3 0.66
 18   4 0.21
 18   5 0.33
 18   6 0.58
 18   7 0.43
 18   8 0.60
 18   9 0.54
 18  10 0.70
 18  11 0.27
 18  12 0.71
 18  13 0.44
 18  14 0.56
 18  15 0.42
 18  16 0.68
 18  17 0.32
 18  18 1.00
 18  19 0.62
 18  20 0.63
 18  21 0.66
 18  22 0.44
 19   1 0.47
 19   2 0.24
 19   3 0.63
 19   4 0.15
 19   5 0.25
 19   6 0.67
 19   7 0.41
 19   8 0.83
 19   9 0.48
 19  10 0.66
 19  11 0.30
 19  12 0.66
 19  13 0.50
 19  14 0.68
 19  15 0.35
 19  16 0.58
 19  17 0.34
 19  18 0.62
 19  19 1.00
 19  20 0.61
 19  21 0.67
 19  22 0.33
 20   1 0.55
 20   2 0.33
 20   3 0.63
 20   4 0.20
 20   5 0.37
 20   6 0.85
 20   7 0.36
 20   8 0.73
 20   9 0.48
 20  10 0.82
 20  11 0.22
 20  12 0.76
 20  13 0.44
 20  14 0.62
 20  15 0.42
 20  16 0.78
 20  17 0.52
 20  18 0.63
 20  19 0.61
 20  20 1.00
 20  21 0.74
 20  22 0.42
 21   1 0.58
 21   2 0.32
 21   3 0.59
 21   4 0.22
 21   5 0.47
 21   6 0.68
 21   7 0.41
 21   8 0.73
 21   9 0.49
 21  10 0.79
 21  11 0.37
 21  12 0.82
 21  13 0.59
 21  14 0.76
 21  15 0.39
 21  16 0.71
 21  17 0.44
 21  18 0.66
 21  19 0.67
 21  20 0.74
 21  21 1.00
 21  22 0.38
 22   1 0.76
 22   2 0.31
 22   3 0.28
 22   4 0.11
 22   5 0.32
 22   6 0.23
 22   7 0.74
 22   8 0.34
 22   9 0.68
 22  10 0.45
 22  11 0.29
 22  12 0.21
 22  13 0.59
 22  14 0.38
 22  15 0.52
 22  16 0.48
 22  17 0.12
 22  18 0.44
 22  19 0.33
 22  20 0.42
 22  21 0.38
 22  22 1.00
