  1   1 1.00
  1   2 0.79
  1   3 0.73
  1   4 0.35
  1   5 0.47
  1   6 0.55
  1   7 0.45
  1   8 0.59
  1   9 0.50
  1  10 0.70
  1  11 0.56
  1  12 0.64
  1  13 0.67
  1  14 0.48
  1  15 0.61
  1  16 0.59
  1  17 0.56
  1  18 0.63
  1  19 0.56
  1  20 0.51
  1  21 0.64
  1  22 0.41
  2   1 0.79
  2   2 1.00
  2   3 0.70
  2   4 0.40
  2   5 0.51
  2   6 0.66
  2   7 0.48
  2   8 0.67
  2   9 0.51
  2  10 0.69
  2  11 0.63
  2  12 0.70
  2  13 0.69
  2  14 0.53
  2  15 0.56
  2  16 0.66
  2  17 0.66
  2  18 0.67
  2  19 0.68
  2  20 0.62
  2  21 0.67
  2  22 0.48
  3   1 0.73
  3   2 0.70
  3   3 1.00
  3   4 0.28
  3   5 0.65
  3   6 0.58
  3   7 0.52
  3   8 0.64
  3   9 0.62
  3  10 0.70
  3  11 0.64
  3  12 0.59
  3  13 0.70
  3  14 0.57
  3  15 0.60
  3  16 0.60
  3  17 0.62
  3  18 0.70
  3  19 0.61
  3  20 0.68
  3  21 0.65
  3  22 0.52
  4   1 0.35
  4   2 0.40
  4   3 0.28
  4   4 1.00
  4   5 0.37
  4   6 0.38
  4   7 0.31
  4   8 0.40
  4   9 0.27
  4  10 0.27
  4  11 0.30
  4  12 0.43
  4  13 0.30
  4  14 0.38
  4  15 0.25
  4  16 0.38
  4  17 0.42
  4  18 0.35
  4  19 0.30
  4  20 0.31
  4  21 0.38
  4  22 0.28
  5   1 0.47
  5   2 0.51
  5   3 0.65
  5   4 0.37
  5   5 1.00
  5   6 0.61
  5   7 0.44
  5   8 0.66
  5   9 0.65
  5  10 0.53
  5  11 0.64
  5  12 0.58
  5  13 0.50
  5  14 0.69
  5  15 0.41
  5  16 0.53
  5  17 0.67
  5  18 0.61
  5  19 0.51
  5  20 0.66
  5  21 0.55
  5  22 0.52
  6   1 0.55
  6   2 0.66
  6   3 0.58
  6   4 0.38
  6   5 0.61
  6   6 1.00
  6   7 0.52
  6   8 0.77
  6   9 0.52
  6  10 0.63
  6  11 0.68
  6  12 0.75
  6  13 0.66
  6  14 0.57
  6  15 0.44
  6  16 0.72
  6  17 0.75
  6  18 0.73
  6  19 0.72
  6  20 0.63
  6  21 0.70
  6  22 0.51
  7   1 0.45
  7   2 0.48
  7   3 0.52
  7   4 0.31
  7   5 0.44
  7   6 0.52
  7   7 1.00
  7   8 0.66
  7   9 0.40
  7  10 0.60
  7  11 0.54
  7  12 0.56
  7  13 0.64
  7  14 0.48
  7  15 0.58
  7  16 0.49
  7  17 0.60
  7  18 0.64
  7  19 0.46
  7  20 0.54
  7  21 0.54
  7  22 0.53
  8   1 0.59
  8   2 0.67
  8   3 0.64
  8   4 0.40
  8   5 0.66
  8   6 0.77
  8   7 0.66
  8   8 1.00
  8   9 0.58
  8  10 0.69
  8  11 0.69
  8  12 0.74
  8  13 0.70
  8  14 0.62
  8  15 0.59
  8  16 0.69
  8  17 0.76
  8  18 0.80
  8  19 0.72
  8  20 0.69
  8  21 0.70
  8  22 0.63
  9   1 0.50
  9   2 0.51
  9   3 0.62
  9   4 0.27
  9   5 0.65
  9   6 0.52
  9   7 0.40
  9   8 0.58
  9   9 1.00
  9  10 0.55
  9  11 0.64
  9  12 0.52
  9  13 0.51
  9  14 0.53
  9  15 0.42
  9  16 0.51
  9  17 0.54
  9  18 0.56
  9  19 0.56
  9  20 0.64
  9  21 0.53
  9  22 0.49
 10   1 0.70
 10   2 0.69
 10   3 0.70
 10   4 0.27
 10   5 0.53
 10   6 0.63
 10   7 0.60
 10   8 0.69
 10   9 0.55
 10  10 1.00
 10  11 0.64
 10  12 0.64
 10  13 0.75
 10  14 0.52
 10  15 0.71
 10  16 0.67
 10  17 0.63
 10  18 0.75
 10  19 0.62
 10  20 0.61
 10  21 0.66
 10  22 0.48
 11   1 0.56
 11   2 0.63
 11   3 0.64
 11   4 0.30
 11   5 0.64
 11   6 0.68
 11   7 0.54
 11   8 0.69
 11   9 0.64
 11  10 0.64
 11  11 1.00
 11  12 0.69
 11  13 0.64
 11  14 0.54
 11  15 0.46
 11  16 0.61
 11  17 0.72
 11  18 0.69
 11  19 0.67
 11  20 0.70
 11  21 0.63
 11  22 0.49
 12   1 0.64
 12   2 0.70
 12   3 0.59
 12   4 0.43
 12   5 0.58
 12   6 0.75
 12   7 0.56
 12   8 0.74
 12   9 0.52
 12  10 0.64
 12  11 0.69
 12  12 1.00
 12  13 0.66
 12  14 0.59
 12  15 0.54
 12  16 0.70
 12  17 0.76
 12  18 0.72
 12  19 0.69
 12  20 0.64
 12  21 0.70
 12  22 0.49
 13   1 0.67
 13   2 0.69
 13   3 0.70
 13   4 0.30
 13   5 0.50
 13   6 0.66
 13   7 0.64
 13   8 0.70
 13   9 0.51
 13  10 0.75
 13  11 0.64
 13  12 0.66
 13  13 1.00
 13  14 0.46
 13  15 0.65
 13  16 0.69
 13  17 0.66
 13  18 0.79
 13  19 0.61
 13  20 0.63
 13  21 0.69
 13  22 0.52
 14   1 0.48
 14   2 0.53
 14   3 0.57
 14   4 0.38
 14   5 0.69
 14   6 0.57
 14   7 0.48
 14   8 0.62
 14   9 0.53
 14  10 0.52
 14  11 0.54
 14  12 0.59
 14  13 0.46
 14  14 1.00
 14  15 0.46
 14  16 0.52
 14  17 0.68
 14  18 0.53
 14  19 0.50
 14  20 0.65
 14  21 0.55
 14  22 0.58
 15   1 0.61
 15   2 0.56
 15   3 0.60
 15   4 0.25
 15   5 0.41
 15   6 0.44
 15   7 0.58
 15   8 0.59
 15   9 0.42
 15  10 0.71
 15  11 0.46
 15  12 0.54
 15  13 0.65
 15  14 0.46
 15  15 1.00
 15  16 0.57
 15  17 0.49
 15  18 0.63
 15  19 0.43
 15  20 0.51
 15  21 0.60
 15  22 0.49
 16   1 0.59
 16   2 0.66
 16   3 0.60
 16   4 0.38
 16   5 0.53
 16   6 0.72
 16   7 0.49
 16   8 0.69
 16   9 0.51
 16  10 0.67
 16  11 0.61
 16  12 0.70
 16  13 0.69
 16  14 0.52
 16  15 0.57
 16  16 1.00
 16  17 0.68
 16  18 0.73
 16  19 0.64
 16  20 0.58
 16  21 0.66
 16  22 0.48
 17   1 0.56
 17   2 0.66
 17   3 0.62
 17   4 0.42
 17   5 0.67
 17   6 0.75
 17   7 0.60
 17   8 0.76
 17   9 0.54
 17  10 0.63
 17  11 0.72
 17  12 0.76
 17  13 0.66
 17  14 0.68
 17  15 0.49
 17  16 0.68
 17  17 1.00
 17  18 0.72
 17  19 0.68
 17  20 0.69
 17  21 0.70
 17  22 0.52
 18   1 0.63
 18   2 0.67
 18   3 0.70
 18   4 0.35
 18   5 0.61
 18   6 0.73
 18   7 0.64
 18   8 0.80
 18   9 0.56
 18  10 0.75
 18  11 0.69
 18  12 0.72
 18  13 0.79
 18  14 0.53
 18  15 0.63
 18  16 0.73
 18  17 0.72
 18  18 1.00
 18  19 0.68
 18  20 0.70
 18  21 0.71
 18  22 0.57
 19   1 0.56
 19   2 0.68
 19   3 0.61
 19   4 0.30
 19   5 0.51
 19   6 0.72
 19   7 0.46
 19   8 0.72
 19   9 0.56
 19  10 0.62
 19  11 0.67
 19  12 0.69
 19  13 0.61
 19  14 0.50
 19  15 0.43
 19  16 0.64
 19  17 0.68
 19  18 0.68
 19  19 1.00
 19  20 0.62
 19  21 0.66
 19  22 0.46
 20   1 0.51
 20   2 0.62
 20   3 0.68
 20   4 0.31
 20   5 0.66
 20   6 0.63
 20   7 0.54
 20   8 0.69
 20   9 0.64
 20  10 0.61
 20  11 0.70
 20  12 0.64
 20  13 0.63
 20  14 0.65
 20  15 0.51
 20  16 0.58
 20  17 0.69
 20  18 0.70
 20  19 0.62
 20  20 1.00
 20  21 0.59
 20  22 0.58
 21   1 0.64
 21   2 0.67
 21   3 0.65
 21   4 0.38
 21   5 0.55
 21   6 0.70
 21   7 0.54
 21   8 0.70
 21   9 0.53
 21  10 0.66
 21  11 0.63
 21  12 0.70
 21  13 0.69
 21  14 0.55
 21  15 0.60
 21  16 0.66
 21  17 0.70
 21  18 0.71
 21  19 0.66
 21  20 0.59
 21  21 1.00
 21  22 0.50
 22   1 0.41
 22   2 0.48
 22   3 0.52
 22   4 0.28
 22   5 0.52
 22   6 0.51
 22   7 0.53
 22   8 0.63
 22   9 0.49
 22  10 0.48
 22  11 0.49
 22  12 0.49
 22  13 0.52
 22  14 0.58
 22  15 0.49
 22  16 0.48
 22  17 0.52
 22  18 0.57
 22  19 0.46
 22  20 0.58
 22  21 0.50
 22  22 1.00
  1   1 1.00
  1   2 0.79
  1   3 0.73
  1   4 0.34
  1   5 0.47
  1   6 0.55
  1   7 0.44
  1   8 0.59
  1   9 0.50
  1  10 0.70
  1  11 0.56
  1  12 0.64
  1  13 0.67
  1  14 0.47
  1  15 0.61
  1  16 0.59
  1  17 0.56
  1  18 0.63
  1  19 0.56
  1  20 0.50
  1  21 0.64
  1  22 0.40
  2   1 0.79
  2   2 1.00
  2   3 0.70
  2   4 0.39
  2   5 0.50
  2   6 0.66
  2   7 0.48
  2   8 0.66
  2   9 0.51
  2  10 0.69
  2  11 0.62
  2  12 0.70
  2  13 0.69
  2  14 0.52
  2  15 0.56
  2  16 0.66
  2  17 0.65
  2  18 0.67
  2  19 0.68
  2  20 0.62
  2  21 0.67
  2  22 0.48
  3   1 0.73
  3   2 0.70
  3   3 1.00
  3   4 0.27
  3   5 0.65
  3   6 0.58
  3   7 0.52
  3   8 0.63
  3   9 0.62
  3  10 0.70
  3  11 0.63
  3  12 0.58
  3  13 0.70
  3  14 0.56
  3  15 0.60
  3  16 0.59
  3  17 0.62
  3  18 0.70
  3  19 0.60
  3  20 0.67
  3  21 0.65
  3  22 0.52
  4   1 0.34
  4   2 0.39
  4   3 0.27
  4   4 1.00
  4   5 0.37
  4   6 0.37
  4   7 0.31
  4   8 0.40
  4   9 0.26
  4  10 0.26
  4  11 0.30
  4  12 0.42
  4  13 0.30
  4  14 0.38
  4  15 0.24
  4  16 0.38
  4  17 0.42
  4  18 0.34
  4  19 0.30
  4  20 0.31
  4  21 0.37
  4  22 0.28
  5   1 0.47
  5   2 0.50
  5   3 0.65
  5   4 0.37
  5   5 1.00
  5   6 0.61
  5   7 0.44
  5   8 0.66
  5   9 0.64
  5  10 0.53
  5  11 0.64
  5  12 0.58
  5  13 0.50
  5  14 0.69
  5  15 0.40
  5  16 0.53
  5  17 0.67
  5  18 0.60
  5  19 0.50
  5  20 0.66
  5  21 0.54
  5  22 0.52
  6   1 0.55
  6   2 0.66
  6   3 0.58
  6   4 0.37
  6   5 0.61
  6   6 1.00
  6   7 0.52
  6   8 0.77
  6   9 0.52
  6  10 0.63
  6  11 0.68
  6  12 0.75
  6  13 0.66
  6  14 0.57
  6  15 0.44
  6  16 0.72
  6  17 0.75
  6  18 0.73
  6  19 0.72
  6  20 0.63
  6  21 0.69
  6  22 0.50
  7   1 0.44
  7   2 0.48
  7   3 0.52
  7   4 0.31
  7   5 0.44
  7   6 0.52
  7   7 1.00
  7   8 0.65
  7   9 0.39
  7  10 0.59
  7  11 0.54
  7  12 0.55
  7  13 0.63
  7  14 0.47
  7  15 0.58
  7  16 0.49
  7  17 0.60
  7  18 0.64
  7  19 0.45
  7  20 0.54
  7  21 0.54
  7  22 0.52
  8   1 0.59
  8   2 0.66
  8   3 0.63
  8   4 0.40
  8   5 0.66
  8   6 0.77
  8   7 0.65
  8   8 1.00
  8   9 0.57
  8  10 0.68
  8  11 0.68
  8  12 0.74
  8  13 0.70
  8  14 0.62
  8  15 0.58
  8  16 0.69
  8  17 0.76
  8  18 0.80
  8  19 0.71
  8  20 0.69
  8  21 0.69
  8  22 0.63
  9   1 0.50
  9   2 0.51
  9   3 0.62
  9   4 0.26
  9   5 0.64
  9   6 0.52
  9   7 0.39
  9   8 0.57
  9   9 1.00
  9  10 0.55
  9  11 0.64
  9  12 0.52
  9  13 0.50
  9  14 0.52
  9  15 0.41
  9  16 0.51
  9  17 0.54
  9  18 0.56
  9  19 0.56
  9  20 0.64
  9  21 0.52
  9  22 0.49
 10   1 0.70
 10   2 0.69
 10   3 0.70
 10   4 0.26
 10   5 0.53
 10   6 0.63
 10   7 0.59
 10   8 0.68
 10   9 0.55
 10  10 1.00
 10  11 0.64
 10  12 0.64
 10  13 0.75
 10  14 0.51
 10  15 0.71
 10  16 0.66
 10  17 0.63
 10  18 0.74
 10  19 0.62
 10  20 0.61
 10  21 0.65
 10  22 0.48
 11   1 0.56
 11   2 0.62
 11   3 0.63
 11   4 0.30
 11   5 0.64
 11   6 0.68
 11   7 0.54
 11   8 0.68
 11   9 0.64
 11  10 0.64
 11  11 1.00
 11  12 0.69
 11  13 0.64
 11  14 0.54
 11  15 0.46
 11  16 0.61
 11  17 0.72
 11  18 0.69
 11  19 0.67
 11  20 0.70
 11  21 0.63
 11  22 0.49
 12   1 0.64
 12   2 0.70
 12   3 0.58
 12   4 0.42
 12   5 0.58
 12   6 0.75
 12   7 0.55
 12   8 0.74
 12   9 0.52
 12  10 0.64
 12  11 0.69
 12  12 1.00
 12  13 0.65
 12  14 0.59
 12  15 0.54
 12  16 0.70
 12  17 0.75
 12  18 0.71
 12  19 0.69
 12  20 0.64
 12  21 0.69
 12  22 0.49
 13   1 0.67
 13   2 0.69
 13   3 0.70
 13   4 0.30
 13   5 0.50
 13   6 0.66
 13   7 0.63
 13   8 0.70
 13   9 0.50
 13  10 0.75
 13  11 0.64
 13  12 0.65
 13  13 1.00
 13  14 0.46
 13  15 0.65
 13  16 0.68
 13  17 0.66
 13  18 0.78
 13  19 0.61
 13  20 0.63
 13  21 0.68
 13  22 0.52
 14   1 0.47
 14   2 0.52
 14   3 0.56
 14   4 0.38
 14   5 0.69
 14   6 0.57
 14   7 0.47
 14   8 0.62
 14   9 0.52
 14  10 0.51
 14  11 0.54
 14  12 0.59
 14  13 0.46
 14  14 1.00
 14  15 0.45
 14  16 0.51
 14  17 0.68
 14  18 0.53
 14  19 0.50
 14  20 0.65
 14  21 0.55
 14  22 0.57
 15   1 0.61
 15   2 0.56
 15   3 0.60
 15   4 0.24
 15   5 0.40
 15   6 0.44
 15   7 0.58
 15   8 0.58
 15   9 0.41
 15  10 0.71
 15  11 0.46
 15  12 0.54
 15  13 0.65
 15  14 0.45
 15  15 1.00
 15  16 0.57
 15  17 0.49
 15  18 0.63
 15  19 0.43
 15  20 0.50
 15  21 0.59
 15  22 0.49
 16   1 0.59
 16   2 0.66
 16   3 0.59
 16   4 0.38
 16   5 0.53
 16   6 0.72
 16   7 0.49
 16   8 0.69
 16   9 0.51
 16  10 0.66
 16  11 0.61
 16  12 0.70
 16  13 0.68
 16  14 0.51
 16  15 0.57
 16  16 1.00
 16  17 0.68
 16  18 0.72
 16  19 0.64
 16  20 0.58
 16  21 0.65
 16  22 0.47
 17   1 0.56
 17   2 0.65
 17   3 0.62
 17   4 0.42
 17   5 0.67
 17   6 0.75
 17   7 0.60
 17   8 0.76
 17   9 0.54
 17  10 0.63
 17  11 0.72
 17  12 0.75
 17  13 0.66
 17  14 0.68
 17  15 0.49
 17  16 0.68
 17  17 1.00
 17  18 0.72
 17  19 0.68
 17  20 0.68
 17  21 0.70
 17  22 0.52
 18   1 0.63
 18   2 0.67
 18   3 0.70
 18   4 0.34
 18   5 0.60
 18   6 0.73
 18   7 0.64
 18   8 0.80
 18   9 0.56
 18  10 0.74
 18  11 0.69
 18  12 0.71
 18  13 0.78
 18  14 0.53
 18  15 0.63
 18  16 0.72
 18  17 0.72
 18  18 1.00
 18  19 0.68
 18  20 0.70
 18  21 0.70
 18  22 0.57
 19   1 0.56
 19   2 0.68
 19   3 0.60
 19   4 0.30
 19   5 0.50
 19   6 0.72
 19   7 0.45
 19   8 0.71
 19   9 0.56
 19  10 0.62
 19  11 0.67
 19  12 0.69
 19  13 0.61
 19  14 0.50
 19  15 0.43
 19  16 0.64
 19  17 0.68
 19  18 0.68
 19  19 1.00
 19  20 0.62
 19  21 0.66
 19  22 0.46
 20   1 0.50
 20   2 0.62
 20   3 0.67
 20   4 0.31
 20   5 0.66
 20   6 0.63
 20   7 0.54
 20   8 0.69
 20   9 0.64
 20  10 0.61
 20  11 0.70
 20  12 0.64
 20  13 0.63
 20  14 0.65
 20  15 0.50
 20  16 0.58
 20  17 0.68
 20  18 0.70
 20  19 0.62
 20  20 1.00
 20  21 0.59
 20  22 0.58
 21   1 0.64
 21   2 0.67
 21   3 0.65
 21   4 0.37
 21   5 0.54
 21   6 0.69
 21   7 0.54
 21   8 0.69
 21   9 0.52
 21  10 0.65
 21  11 0.63
 21  12 0.69
 21  13 0.68
 21  14 0.55
 21  15 0.59
 21  16 0.65
 21  17 0.70
 21  18 0.70
 21  19 0.66
 21  20 0.59
 21  21 1.00
 21  22 0.50
 22   1 0.40
 22   2 0.48
 22   3 0.52
 22   4 0.28
 22   5 0.52
 22   6 0.50
 22   7 0.52
 22   8 0.63
 22   9 0.49
 22  10 0.48
 22  11 0.49
 22  12 0.49
 22  13 0.52
 22  14 0.57
 22  15 0.49
 22  16 0.47
 22  17 0.52
 22  18 0.57
 22  19 0.46
 22  20 0.58
 22  21 0.50
 22  22 1.00
