  1   1 1.00
  1   2 0.73
  1   3 0.71
  1   4 0.23
  1   5 0.64
  1   6 0.61
  1   7 0.60
  1   8 0.56
  1   9 0.72
  1  10 0.66
  1  11 0.76
  1  12 0.79
  1  13 0.75
  1  14 0.74
  1  15 0.75
  1  16 0.70
  1  17 0.71
  1  18 0.73
  1  19 0.61
  1  20 0.65
  1  21 0.65
  1  22 0.71
  2   1 0.73
  2   2 1.00
  2   3 0.65
  2   4 0.27
  2   5 0.78
  2   6 0.51
  2   7 0.49
  2   8 0.52
  2   9 0.78
  2  10 0.56
  2  11 0.60
  2  12 0.61
  2  13 0.55
  2  14 0.66
  2  15 0.57
  2  16 0.54
  2  17 0.64
  2  18 0.60
  2  19 0.73
  2  20 0.76
  2  21 0.49
  2  22 0.50
  3   1 0.71
  3   2 0.65
  3   3 1.00
  3   4 0.10
  3   5 0.58
  3   6 0.62
  3   7 0.48
  3   8 0.64
  3   9 0.71
  3  10 0.67
  3  11 0.71
  3  12 0.74
  3  13 0.60
  3  14 0.66
  3  15 0.73
  3  16 0.69
  3  17 0.62
  3  18 0.71
  3  19 0.57
  3  20 0.66
  3  21 0.67
  3  22 0.61
  4   1 0.23
  4   2 0.27
  4   3 0.10
  4   4 1.00
  4   5 0.22
  4   6 0.27
  4   7 0.16
  4   8 0.31
  4   9 0.25
  4  10 0.23
  4  11 0.10
  4  12 0.12
  4  13 0.15
  4  14 0.19
  4  15 0.11
  4  16 0.12
  4  17 0.21
  4  18 0.22
  4  19 0.36
  4  20 0.34
  4  21 0.25
  4  22 0.17
  5   1 0.64
  5   2 0.78
  5   3 0.58
  5   4 0.22
  5   5 1.00
  5   6 0.48
  5   7 0.52
  5   8 0.46
  5   9 0.77
  5  10 0.56
  5  11 0.60
  5  12 0.56
  5  13 0.60
  5  14 0.71
  5  15 0.55
  5  16 0.54
  5  17 0.64
  5  18 0.61
  5  19 0.58
  5  20 0.62
  5  21 0.51
  5  22 0.45
  6   1 0.61
  6   2 0.51
  6   3 0.62
  6   4 0.27
  6   5 0.48
  6   6 1.00
  6   7 0.33
  6   8 0.72
  6   9 0.61
  6  10 0.74
  6  11 0.57
  6  12 0.63
  6  13 0.59
  6  14 0.59
  6  15 0.66
  6  16 0.65
  6  17 0.73
  6  18 0.74
  6  19 0.62
  6  20 0.62
  6  21 0.70
  6  22 0.58
  7   1 0.60
  7   2 0.49
  7   3 0.48
  7   4 0.16
  7   5 0.52
  7   6 0.33
  7   7 1.00
  7   8 0.39
  7   9 0.48
  7  10 0.48
  7  11 0.56
  7  12 0.46
  7  13 0.50
  7  14 0.60
  7  15 0.46
  7  16 0.45
  7  17 0.36
  7  18 0.49
  7  19 0.39
  7  20 0.53
  7  21 0.49
  7  22 0.47
  8   1 0.56
  8   2 0.52
  8   3 0.64
  8   4 0.31
  8   5 0.46
  8   6 0.72
  8   7 0.39
  8   8 1.00
  8   9 0.56
  8  10 0.71
  8  11 0.52
  8  12 0.54
  8  13 0.47
  8  14 0.54
  8  15 0.58
  8  16 0.55
  8  17 0.55
  8  18 0.58
  8  19 0.63
  8  20 0.69
  8  21 0.61
  8  22 0.43
  9   1 0.72
  9   2 0.78
  9   3 0.71
  9   4 0.25
  9   5 0.77
  9   6 0.61
  9   7 0.48
  9   8 0.56
  9   9 1.00
  9  10 0.63
  9  11 0.64
  9  12 0.67
  9  13 0.60
  9  14 0.74
  9  15 0.64
  9  16 0.61
  9  17 0.62
  9  18 0.66
  9  19 0.67
  9  20 0.70
  9  21 0.57
  9  22 0.60
 10   1 0.66
 10   2 0.56
 10   3 0.67
 10   4 0.23
 10   5 0.56
 10   6 0.74
 10   7 0.48
 10   8 0.71
 10   9 0.63
 10  10 1.00
 10  11 0.69
 10  12 0.73
 10  13 0.70
 10  14 0.69
 10  15 0.73
 10  16 0.78
 10  17 0.71
 10  18 0.82
 10  19 0.57
 10  20 0.64
 10  21 0.80
 10  22 0.64
 11   1 0.76
 11   2 0.60
 11   3 0.71
 11   4 0.10
 11   5 0.60
 11   6 0.57
 11   7 0.56
 11   8 0.52
 11   9 0.64
 11  10 0.69
 11  11 1.00
 11  12 0.78
 11  13 0.74
 11  14 0.74
 11  15 0.76
 11  16 0.77
 11  17 0.66
 11  18 0.72
 11  19 0.49
 11  20 0.53
 11  21 0.63
 11  22 0.61
 12   1 0.79
 12   2 0.61
 12   3 0.74
 12   4 0.12
 12   5 0.56
 12   6 0.63
 12   7 0.46
 12   8 0.54
 12   9 0.67
 12  10 0.73
 12  11 0.78
 12  12 1.00
 12  13 0.73
 12  14 0.68
 12  15 0.77
 12  16 0.78
 12  17 0.71
 12  18 0.81
 12  19 0.52
 12  20 0.61
 12  21 0.69
 12  22 0.71
 13   1 0.75
 13   2 0.55
 13   3 0.60
 13   4 0.15
 13   5 0.60
 13   6 0.59
 13   7 0.50
 13   8 0.47
 13   9 0.60
 13  10 0.70
 13  11 0.74
 13  12 0.73
 13  13 1.00
 13  14 0.75
 13  15 0.71
 13  16 0.79
 13  17 0.73
 13  18 0.78
 13  19 0.42
 13  20 0.47
 13  21 0.69
 13  22 0.62
 14   1 0.74
 14   2 0.66
 14   3 0.66
 14   4 0.19
 14   5 0.71
 14   6 0.59
 14   7 0.60
 14   8 0.54
 14   9 0.74
 14  10 0.69
 14  11 0.74
 14  12 0.68
 14  13 0.75
 14  14 1.00
 14  15 0.69
 14  16 0.69
 14  17 0.60
 14  18 0.69
 14  19 0.54
 14  20 0.65
 14  21 0.61
 14  22 0.59
 15   1 0.75
 15   2 0.57
 15   3 0.73
 15   4 0.11
 15   5 0.55
 15   6 0.66
 15   7 0.46
 15   8 0.58
 15   9 0.64
 15  10 0.73
 15  11 0.76
 15  12 0.77
 15  13 0.71
 15  14 0.69
 15  15 1.00
 15  16 0.78
 15  17 0.69
 15  18 0.78
 15  19 0.49
 15  20 0.55
 15  21 0.75
 15  22 0.69
 16   1 0.70
 16   2 0.54
 16   3 0.69
 16   4 0.12
 16   5 0.54
 16   6 0.65
 16   7 0.45
 16   8 0.55
 16   9 0.61
 16  10 0.78
 16  11 0.77
 16  12 0.78
 16  13 0.79
 16  14 0.69
 16  15 0.78
 16  16 1.00
 16  17 0.73
 16  18 0.83
 16  19 0.49
 16  20 0.51
 16  21 0.76
 16  22 0.66
 17   1 0.71
 17   2 0.64
 17   3 0.62
 17   4 0.21
 17   5 0.64
 17   6 0.73
 17   7 0.36
 17   8 0.55
 17   9 0.62
 17  10 0.71
 17  11 0.66
 17  12 0.71
 17  13 0.73
 17  14 0.60
 17  15 0.69
 17  16 0.73
 17  17 1.00
 17  18 0.78
 17  19 0.55
 17  20 0.56
 17  21 0.68
 17  22 0.54
 18   1 0.73
 18   2 0.60
 18   3 0.71
 18   4 0.22
 18   5 0.61
 18   6 0.74
 18   7 0.49
 18   8 0.58
 18   9 0.66
 18  10 0.82
 18  11 0.72
 18  12 0.81
 18  13 0.78
 18  14 0.69
 18  15 0.78
 18  16 0.83
 18  17 0.78
 18  18 1.00
 18  19 0.55
 18  20 0.62
 18  21 0.82
 18  22 0.71
 19   1 0.61
 19   2 0.73
 19   3 0.57
 19   4 0.36
 19   5 0.58
 19   6 0.62
 19   7 0.39
 19   8 0.63
 19   9 0.67
 19  10 0.57
 19  11 0.49
 19  12 0.52
 19  13 0.42
 19  14 0.54
 19  15 0.49
 19  16 0.49
 19  17 0.55
 19  18 0.55
 19  19 1.00
 19  20 0.76
 19  21 0.52
 19  22 0.51
 20   1 0.65
 20   2 0.76
 20   3 0.66
 20   4 0.34
 20   5 0.62
 20   6 0.62
 20   7 0.53
 20   8 0.69
 20   9 0.70
 20  10 0.64
 20  11 0.53
 20  12 0.61
 20  13 0.47
 20  14 0.65
 20  15 0.55
 20  16 0.51
 20  17 0.56
 20  18 0.62
 20  19 0.76
 20  20 1.00
 20  21 0.61
 20  22 0.50
 21   1 0.65
 21   2 0.49
 21   3 0.67
 21   4 0.25
 21   5 0.51
 21   6 0.70
 21   7 0.49
 21   8 0.61
 21   9 0.57
 21  10 0.80
 21  11 0.63
 21  12 0.69
 21  13 0.69
 21  14 0.61
 21  15 0.75
 21  16 0.76
 21  17 0.68
 21  18 0.82
 21  19 0.52
 21  20 0.61
 21  21 1.00
 21  22 0.70
 22   1 0.71
 22   2 0.50
 22   3 0.61
 22   4 0.17
 22   5 0.45
 22   6 0.58
 22   7 0.47
 22   8 0.43
 22   9 0.60
 22  10 0.64
 22  11 0.61
 22  12 0.71
 22  13 0.62
 22  14 0.59
 22  15 0.69
 22  16 0.66
 22  17 0.54
 22  18 0.71
 22  19 0.51
 22  20 0.50
 22  21 0.70
 22  22 1.00
  1   1 1.00
  1   2 0.73
  1   3 0.70
  1   4 0.23
  1   5 0.63
  1   6 0.61
  1   7 0.60
  1   8 0.56
  1   9 0.72
  1  10 0.66
  1  11 0.76
  1  12 0.79
  1  13 0.75
  1  14 0.74
  1  15 0.75
  1  16 0.70
  1  17 0.70
  1  18 0.73
  1  19 0.61
  1  20 0.65
  1  21 0.65
  1  22 0.71
  2   1 0.73
  2   2 1.00
  2   3 0.65
  2   4 0.27
  2   5 0.77
  2   6 0.51
  2   7 0.48
  2   8 0.52
  2   9 0.78
  2  10 0.56
  2  11 0.59
  2  12 0.61
  2  13 0.55
  2  14 0.66
  2  15 0.57
  2  16 0.54
  2  17 0.64
  2  18 0.59
  2  19 0.73
  2  20 0.75
  2  21 0.49
  2  22 0.50
  3   1 0.70
  3   2 0.65
  3   3 1.00
  3   4 0.10
  3   5 0.58
  3   6 0.62
  3   7 0.48
  3   8 0.64
  3   9 0.71
  3  10 0.66
  3  11 0.71
  3  12 0.74
  3  13 0.60
  3  14 0.66
  3  15 0.73
  3  16 0.69
  3  17 0.62
  3  18 0.71
  3  19 0.57
  3  20 0.66
  3  21 0.67
  3  22 0.61
  4   1 0.23
  4   2 0.27
  4   3 0.10
  4   4 1.00
  4   5 0.22
  4   6 0.27
  4   7 0.16
  4   8 0.31
  4   9 0.25
  4  10 0.22
  4  11 0.10
  4  12 0.12
  4  13 0.15
  4  14 0.19
  4  15 0.11
  4  16 0.12
  4  17 0.21
  4  18 0.22
  4  19 0.36
  4  20 0.34
  4  21 0.25
  4  22 0.16
  5   1 0.63
  5   2 0.77
  5   3 0.58
  5   4 0.22
  5   5 1.00
  5   6 0.48
  5   7 0.52
  5   8 0.46
  5   9 0.76
  5  10 0.56
  5  11 0.60
  5  12 0.56
  5  13 0.59
  5  14 0.71
  5  15 0.54
  5  16 0.54
  5  17 0.64
  5  18 0.61
  5  19 0.58
  5  20 0.62
  5  21 0.51
  5  22 0.45
  6   1 0.61
  6   2 0.51
  6   3 0.62
  6   4 0.27
  6   5 0.48
  6   6 1.00
  6   7 0.33
  6   8 0.71
  6   9 0.60
  6  10 0.74
  6  11 0.57
  6  12 0.63
  6  13 0.59
  6  14 0.58
  6  15 0.66
  6  16 0.65
  6  17 0.72
  6  18 0.74
  6  19 0.62
  6  20 0.61
  6  21 0.70
  6  22 0.58
  7   1 0.60
  7   2 0.48
  7   3 0.48
  7   4 0.16
  7   5 0.52
  7   6 0.33
  7   7 1.00
  7   8 0.39
  7   9 0.48
  7  10 0.48
  7  11 0.56
  7  12 0.46
  7  13 0.50
  7  14 0.60
  7  15 0.46
  7  16 0.45
  7  17 0.36
  7  18 0.49
  7  19 0.39
  7  20 0.53
  7  21 0.49
  7  22 0.47
  8   1 0.56
  8   2 0.52
  8   3 0.64
  8   4 0.31
  8   5 0.46
  8   6 0.71
  8   7 0.39
  8   8 1.00
  8   9 0.56
  8  10 0.71
  8  11 0.51
  8  12 0.53
  8  13 0.47
  8  14 0.54
  8  15 0.58
  8  16 0.55
  8  17 0.55
  8  18 0.58
  8  19 0.63
  8  20 0.69
  8  21 0.61
  8  22 0.42
  9   1 0.72
  9   2 0.78
  9   3 0.71
  9   4 0.25
  9   5 0.76
  9   6 0.60
  9   7 0.48
  9   8 0.56
  9   9 1.00
  9  10 0.63
  9  11 0.64
  9  12 0.67
  9  13 0.59
  9  14 0.74
  9  15 0.64
  9  16 0.61
  9  17 0.62
  9  18 0.66
  9  19 0.67
  9  20 0.70
  9  21 0.57
  9  22 0.60
 10   1 0.66
 10   2 0.56
 10   3 0.66
 10   4 0.22
 10   5 0.56
 10   6 0.74
 10   7 0.48
 10   8 0.71
 10   9 0.63
 10  10 1.00
 10  11 0.68
 10  12 0.73
 10  13 0.70
 10  14 0.69
 10  15 0.73
 10  16 0.78
 10  17 0.70
 10  18 0.82
 10  19 0.57
 10  20 0.64
 10  21 0.80
 10  22 0.63
 11   1 0.76
 11   2 0.59
 11   3 0.71
 11   4 0.10
 11   5 0.60
 11   6 0.57
 11   7 0.56
 11   8 0.51
 11   9 0.64
 11  10 0.68
 11  11 1.00
 11  12 0.78
 11  13 0.73
 11  14 0.74
 11  15 0.76
 11  16 0.77
 11  17 0.66
 11  18 0.72
 11  19 0.48
 11  20 0.53
 11  21 0.62
 11  22 0.60
 12   1 0.79
 12   2 0.61
 12   3 0.74
 12   4 0.12
 12   5 0.56
 12   6 0.63
 12   7 0.46
 12   8 0.53
 12   9 0.67
 12  10 0.73
 12  11 0.78
 12  12 1.00
 12  13 0.72
 12  14 0.68
 12  15 0.77
 12  16 0.77
 12  17 0.71
 12  18 0.81
 12  19 0.52
 12  20 0.61
 12  21 0.69
 12  22 0.71
 13   1 0.75
 13   2 0.55
 13   3 0.60
 13   4 0.15
 13   5 0.59
 13   6 0.59
 13   7 0.50
 13   8 0.47
 13   9 0.59
 13  10 0.70
 13  11 0.73
 13  12 0.72
 13  13 1.00
 13  14 0.75
 13  15 0.71
 13  16 0.79
 13  17 0.73
 13  18 0.78
 13  19 0.42
 13  20 0.46
 13  21 0.69
 13  22 0.62
 14   1 0.74
 14   2 0.66
 14   3 0.66
 14   4 0.19
 14   5 0.71
 14   6 0.58
 14   7 0.60
 14   8 0.54
 14   9 0.74
 14  10 0.69
 14  11 0.74
 14  12 0.68
 14  13 0.75
 14  14 1.00
 14  15 0.69
 14  16 0.69
 14  17 0.60
 14  18 0.69
 14  19 0.54
 14  20 0.65
 14  21 0.61
 14  22 0.59
 15   1 0.75
 15   2 0.57
 15   3 0.73
 15   4 0.11
 15   5 0.54
 15   6 0.66
 15   7 0.46
 15   8 0.58
 15   9 0.64
 15  10 0.73
 15  11 0.76
 15  12 0.77
 15  13 0.71
 15  14 0.69
 15  15 1.00
 15  16 0.77
 15  17 0.69
 15  18 0.78
 15  19 0.49
 15  20 0.55
 15  21 0.75
 15  22 0.69
 16   1 0.70
 16   2 0.54
 16   3 0.69
 16   4 0.12
 16   5 0.54
 16   6 0.65
 16   7 0.45
 16   8 0.55
 16   9 0.61
 16  10 0.78
 16  11 0.77
 16  12 0.77
 16  13 0.79
 16  14 0.69
 16  15 0.77
 16  16 1.00
 16  17 0.73
 16  18 0.82
 16  19 0.49
 16  20 0.51
 16  21 0.75
 16  22 0.65
 17   1 0.70
 17   2 0.64
 17   3 0.62
 17   4 0.21
 17   5 0.64
 17   6 0.72
 17   7 0.36
 17   8 0.55
 17   9 0.62
 17  10 0.70
 17  11 0.66
 17  12 0.71
 17  13 0.73
 17  14 0.60
 17  15 0.69
 17  16 0.73
 17  17 1.00
 17  18 0.78
 17  19 0.55
 17  20 0.56
 17  21 0.68
 17  22 0.54
 18   1 0.73
 18   2 0.59
 18   3 0.71
 18   4 0.22
 18   5 0.61
 18   6 0.74
 18   7 0.49
 18   8 0.58
 18   9 0.66
 18  10 0.82
 18  11 0.72
 18  12 0.81
 18  13 0.78
 18  14 0.69
 18  15 0.78
 18  16 0.82
 18  17 0.78
 18  18 1.00
 18  19 0.55
 18  20 0.61
 18  21 0.82
 18  22 0.70
 19   1 0.61
 19   2 0.73
 19   3 0.57
 19   4 0.36
 19   5 0.58
 19   6 0.62
 19   7 0.39
 19   8 0.63
 19   9 0.67
 19  10 0.57
 19  11 0.48
 19  12 0.52
 19  13 0.42
 19  14 0.54
 19  15 0.49
 19  16 0.49
 19  17 0.55
 19  18 0.55
 19  19 1.00
 19  20 0.76
 19  21 0.52
 19  22 0.50
 20   1 0.65
 20   2 0.75
 20   3 0.66
 20   4 0.34
 20   5 0.62
 20   6 0.61
 20   7 0.53
 20   8 0.69
 20   9 0.70
 20  10 0.64
 20  11 0.53
 20  12 0.61
 20  13 0.46
 20  14 0.65
 20  15 0.55
 20  16 0.51
 20  17 0.56
 20  18 0.61
 20  19 0.76
 20  20 1.00
 20  21 0.61
 20  22 0.50
 21   1 0.65
 21   2 0.49
 21   3 0.67
 21   4 0.25
 21   5 0.51
 21   6 0.70
 21   7 0.49
 21   8 0.61
 21   9 0.57
 21  10 0.80
 21  11 0.62
 21  12 0.69
 21  13 0.69
 21  14 0.61
 21  15 0.75
 21  16 0.75
 21  17 0.68
 21  18 0.82
 21  19 0.52
 21  20 0.61
 21  21 1.00
 21  22 0.70
 22   1 0.71
 22   2 0.50
 22   3 0.61
 22   4 0.16
 22   5 0.45
 22   6 0.58
 22   7 0.47
 22   8 0.42
 22   9 0.60
 22  10 0.63
 22  11 0.60
 22  12 0.71
 22  13 0.62
 22  14 0.59
 22  15 0.69
 22  16 0.65
 22  17 0.54
 22  18 0.70
 22  19 0.50
 22  20 0.50
 22  21 0.70
 22  22 1.00
