  1   1 1.00
  1   2 0.82
  1   3 0.71
  1   4 0.56
  1   5 0.62
  1   6 0.68
  1   7 0.50
  1   8 0.61
  1   9 0.64
  1  10 0.71
  1  11 0.68
  1  12 0.63
  1  13 0.68
  1  14 0.66
  1  15 0.54
  1  16 0.54
  1  17 0.67
  1  18 0.68
  1  19 0.77
  1  20 0.50
  1  21 0.69
  1  22 0.57
  2   1 0.82
  2   2 1.00
  2   3 0.69
  2   4 0.52
  2   5 0.54
  2   6 0.67
  2   7 0.44
  2   8 0.55
  2   9 0.56
  2  10 0.62
  2  11 0.61
  2  12 0.64
  2  13 0.64
  2  14 0.61
  2  15 0.49
  2  16 0.43
  2  17 0.58
  2  18 0.60
  2  19 0.71
  2  20 0.41
  2  21 0.62
  2  22 0.60
  3   1 0.71
  3   2 0.69
  3   3 1.00
  3   4 0.68
  3   5 0.70
  3   6 0.68
  3   7 0.56
  3   8 0.60
  3   9 0.56
  3  10 0.70
  3  11 0.69
  3  12 0.67
  3  13 0.76
  3  14 0.65
  3  15 0.41
  3  16 0.50
  3  17 0.62
  3  18 0.64
  3  19 0.77
  3  20 0.60
  3  21 0.77
  3  22 0.70
  4   1 0.56
  4   2 0.52
  4   3 0.68
  4   4 1.00
  4   5 0.70
  4   6 0.56
  4   7 0.55
  4   8 0.42
  4   9 0.35
  4  10 0.48
  4  11 0.52
  4  12 0.61
  4  13 0.58
  4  14 0.57
  4  15 0.38
  4  16 0.39
  4  17 0.49
  4  18 0.44
  4  19 0.57
  4  20 0.35
  4  21 0.54
  4  22 0.74
  5   1 0.62
  5   2 0.54
  5   3 0.70
  5   4 0.70
  5   5 1.00
  5   6 0.66
  5   7 0.45
  5   8 0.51
  5   9 0.53
  5  10 0.55
  5  11 0.66
  5  12 0.59
  5  13 0.60
  5  14 0.71
  5  15 0.48
  5  16 0.52
  5  17 0.72
  5  18 0.50
  5  19 0.72
  5  20 0.59
  5  21 0.60
  5  22 0.67
  6   1 0.68
  6   2 0.67
  6   3 0.68
  6   4 0.56
  6   5 0.66
  6   6 1.00
  6   7 0.47
  6   8 0.52
  6   9 0.56
  6  10 0.62
  6  11 0.65
  6  12 0.69
  6  13 0.68
  6  14 0.65
  6  15 0.48
  6  16 0.42
  6  17 0.66
  6  18 0.51
  6  19 0.79
  6  20 0.53
  6  21 0.67
  6  22 0.62
  7   1 0.50
  7   2 0.44
  7   3 0.56
  7   4 0.55
  7   5 0.45
  7   6 0.47
  7   7 1.00
  7   8 0.46
  7   9 0.28
  7  10 0.66
  7  11 0.52
  7  12 0.52
  7  13 0.70
  7  14 0.36
  7  15 0.51
  7  16 0.39
  7  17 0.30
  7  18 0.56
  7  19 0.55
  7  20 0.21
  7  21 0.67
  7  22 0.47
  8   1 0.61
  8   2 0.55
  8   3 0.60
  8   4 0.42
  8   5 0.51
  8   6 0.52
  8   7 0.46
  8   8 1.00
  8   9 0.68
  8  10 0.72
  8  11 0.65
  8  12 0.57
  8  13 0.62
  8  14 0.43
  8  15 0.43
  8  16 0.57
  8  17 0.48
  8  18 0.78
  8  19 0.64
  8  20 0.50
  8  21 0.68
  8  22 0.47
  9   1 0.64
  9   2 0.56
  9   3 0.56
  9   4 0.35
  9   5 0.53
  9   6 0.56
  9   7 0.28
  9   8 0.68
  9   9 1.00
  9  10 0.60
  9  11 0.73
  9  12 0.55
  9  13 0.54
  9  14 0.56
  9  15 0.43
  9  16 0.50
  9  17 0.62
  9  18 0.59
  9  19 0.65
  9  20 0.73
  9  21 0.63
  9  22 0.37
 10   1 0.71
 10   2 0.62
 10   3 0.70
 10   4 0.48
 10   5 0.55
 10   6 0.62
 10   7 0.66
 10   8 0.72
 10   9 0.60
 10  10 1.00
 10  11 0.70
 10  12 0.60
 10  13 0.76
 10  14 0.46
 10  15 0.55
 10  16 0.60
 10  17 0.53
 10  18 0.80
 10  19 0.76
 10  20 0.46
 10  21 0.77
 10  22 0.48
 11   1 0.68
 11   2 0.61
 11   3 0.69
 11   4 0.52
 11   5 0.66
 11   6 0.65
 11   7 0.52
 11   8 0.65
 11   9 0.73
 11  10 0.70
 11  11 1.00
 11  12 0.69
 11  13 0.66
 11  14 0.61
 11  15 0.51
 11  16 0.48
 11  17 0.65
 11  18 0.66
 11  19 0.70
 11  20 0.71
 11  21 0.77
 11  22 0.53
 12   1 0.63
 12   2 0.64
 12   3 0.67
 12   4 0.61
 12   5 0.59
 12   6 0.69
 12   7 0.52
 12   8 0.57
 12   9 0.55
 12  10 0.60
 12  11 0.69
 12  12 1.00
 12  13 0.66
 12  14 0.56
 12  15 0.42
 12  16 0.45
 12  17 0.57
 12  18 0.60
 12  19 0.68
 12  20 0.50
 12  21 0.72
 12  22 0.68
 13   1 0.68
 13   2 0.64
 13   3 0.76
 13   4 0.58
 13   5 0.60
 13   6 0.68
 13   7 0.70
 13   8 0.62
 13   9 0.54
 13  10 0.76
 13  11 0.66
 13  12 0.66
 13  13 1.00
 13  14 0.56
 13  15 0.50
 13  16 0.56
 13  17 0.55
 13  18 0.67
 13  19 0.77
 13  20 0.44
 13  21 0.75
 13  22 0.64
 14   1 0.66
 14   2 0.61
 14   3 0.65
 14   4 0.57
 14   5 0.71
 14   6 0.65
 14   7 0.36
 14   8 0.43
 14   9 0.56
 14  10 0.46
 14  11 0.61
 14  12 0.56
 14  13 0.56
 14  14 1.00
 14  15 0.42
 14  16 0.39
 14  17 0.67
 14  18 0.41
 14  19 0.67
 14  20 0.61
 14  21 0.55
 14  22 0.60
 15   1 0.54
 15   2 0.49
 15   3 0.41
 15   4 0.38
 15   5 0.48
 15   6 0.48
 15   7 0.51
 15   8 0.43
 15   9 0.43
 15  10 0.55
 15  11 0.51
 15  12 0.42
 15  13 0.50
 15  14 0.42
 15  15 1.00
 15  16 0.40
 15  17 0.50
 15  18 0.51
 15  19 0.55
 15  20 0.31
 15  21 0.54
 15  22 0.34
 16   1 0.54
 16   2 0.43
 16   3 0.50
 16   4 0.39
 16   5 0.52
 16   6 0.42
 16   7 0.39
 16   8 0.57
 16   9 0.50
 16  10 0.60
 16  11 0.48
 16  12 0.45
 16  13 0.56
 16  14 0.39
 16  15 0.40
 16  16 1.00
 16  17 0.48
 16  18 0.59
 16  19 0.61
 16  20 0.39
 16  21 0.54
 16  22 0.35
 17   1 0.67
 17   2 0.58
 17   3 0.62
 17   4 0.49
 17   5 0.72
 17   6 0.66
 17   7 0.30
 17   8 0.48
 17   9 0.62
 17  10 0.53
 17  11 0.65
 17  12 0.57
 17  13 0.55
 17  14 0.67
 17  15 0.50
 17  16 0.48
 17  17 1.00
 17  18 0.48
 17  19 0.74
 17  20 0.69
 17  21 0.56
 17  22 0.54
 18   1 0.68
 18   2 0.60
 18   3 0.64
 18   4 0.44
 18   5 0.50
 18   6 0.51
 18   7 0.56
 18   8 0.78
 18   9 0.59
 18  10 0.80
 18  11 0.66
 18  12 0.60
 18  13 0.67
 18  14 0.41
 18  15 0.51
 18  16 0.59
 18  17 0.48
 18  18 1.00
 18  19 0.66
 18  20 0.41
 18  21 0.74
 18  22 0.45
 19   1 0.77
 19   2 0.71
 19   3 0.77
 19   4 0.57
 19   5 0.72
 19   6 0.79
 19   7 0.55
 19   8 0.64
 19   9 0.65
 19  10 0.76
 19  11 0.70
 19  12 0.68
 19  13 0.77
 19  14 0.67
 19  15 0.55
 19  16 0.61
 19  17 0.74
 19  18 0.66
 19  19 1.00
 19  20 0.59
 19  21 0.78
 19  22 0.62
 20   1 0.50
 20   2 0.41
 20   3 0.60
 20   4 0.35
 20   5 0.59
 20   6 0.53
 20   7 0.21
 20   8 0.50
 20   9 0.73
 20  10 0.46
 20  11 0.71
 20  12 0.50
 20  13 0.44
 20  14 0.61
 20  15 0.31
 20  16 0.39
 20  17 0.69
 20  18 0.41
 20  19 0.59
 20  20 1.00
 20  21 0.57
 20  22 0.37
 21   1 0.69
 21   2 0.62
 21   3 0.77
 21   4 0.54
 21   5 0.60
 21   6 0.67
 21   7 0.67
 21   8 0.68
 21   9 0.63
 21  10 0.77
 21  11 0.77
 21  12 0.72
 21  13 0.75
 21  14 0.55
 21  15 0.54
 21  16 0.54
 21  17 0.56
 21  18 0.74
 21  19 0.78
 21  20 0.57
 21  21 1.00
 21  22 0.57
 22   1 0.57
 22   2 0.60
 22   3 0.70
 22   4 0.74
 22   5 0.67
 22   6 0.62
 22   7 0.47
 22   8 0.47
 22   9 0.37
 22  10 0.48
 22  11 0.53
 22  12 0.68
 22  13 0.64
 22  14 0.60
 22  15 0.34
 22  16 0.35
 22  17 0.54
 22  18 0.45
 22  19 0.62
 22  20 0.37
 22  21 0.57
 22  22 1.00
  1   1 1.00
  1   2 0.82
  1   3 0.71
  1   4 0.55
  1   5 0.62
  1   6 0.68
  1   7 0.50
  1   8 0.61
  1   9 0.64
  1  10 0.71
  1  11 0.67
  1  12 0.63
  1  13 0.68
  1  14 0.65
  1  15 0.53
  1  16 0.53
  1  17 0.67
  1  18 0.68
  1  19 0.77
  1  20 0.50
  1  21 0.69
  1  22 0.57
  2   1 0.82
  2   2 1.00
  2   3 0.69
  2   4 0.52
  2   5 0.53
  2   6 0.67
  2   7 0.44
  2   8 0.55
  2   9 0.55
  2  10 0.62
  2  11 0.61
  2  12 0.64
  2  13 0.64
  2  14 0.61
  2  15 0.49
  2  16 0.43
  2  17 0.57
  2  18 0.60
  2  19 0.70
  2  20 0.40
  2  21 0.62
  2  22 0.59
  3   1 0.71
  3   2 0.69
  3   3 1.00
  3   4 0.68
  3   5 0.69
  3   6 0.68
  3   7 0.56
  3   8 0.60
  3   9 0.56
  3  10 0.69
  3  11 0.69
  3  12 0.67
  3  13 0.76
  3  14 0.64
  3  15 0.41
  3  16 0.50
  3  17 0.62
  3  18 0.64
  3  19 0.77
  3  20 0.60
  3  21 0.77
  3  22 0.70
  4   1 0.55
  4   2 0.52
  4   3 0.68
  4   4 1.00
  4   5 0.70
  4   6 0.56
  4   7 0.55
  4   8 0.42
  4   9 0.34
  4  10 0.47
  4  11 0.52
  4  12 0.61
  4  13 0.58
  4  14 0.57
  4  15 0.38
  4  16 0.39
  4  17 0.49
  4  18 0.44
  4  19 0.57
  4  20 0.35
  4  21 0.54
  4  22 0.74
  5   1 0.62
  5   2 0.53
  5   3 0.69
  5   4 0.70
  5   5 1.00
  5   6 0.66
  5   7 0.44
  5   8 0.50
  5   9 0.52
  5  10 0.54
  5  11 0.66
  5  12 0.59
  5  13 0.60
  5  14 0.71
  5  15 0.47
  5  16 0.51
  5  17 0.72
  5  18 0.50
  5  19 0.72
  5  20 0.59
  5  21 0.59
  5  22 0.67
  6   1 0.68
  6   2 0.67
  6   3 0.68
  6   4 0.56
  6   5 0.66
  6   6 1.00
  6   7 0.47
  6   8 0.52
  6   9 0.56
  6  10 0.61
  6  11 0.64
  6  12 0.69
  6  13 0.67
  6  14 0.65
  6  15 0.48
  6  16 0.41
  6  17 0.66
  6  18 0.51
  6  19 0.79
  6  20 0.52
  6  21 0.67
  6  22 0.62
  7   1 0.50
  7   2 0.44
  7   3 0.56
  7   4 0.55
  7   5 0.44
  7   6 0.47
  7   7 1.00
  7   8 0.46
  7   9 0.28
  7  10 0.65
  7  11 0.52
  7  12 0.52
  7  13 0.70
  7  14 0.36
  7  15 0.50
  7  16 0.38
  7  17 0.30
  7  18 0.56
  7  19 0.55
  7  20 0.21
  7  21 0.66
  7  22 0.47
  8   1 0.61
  8   2 0.55
  8   3 0.60
  8   4 0.42
  8   5 0.50
  8   6 0.52
  8   7 0.46
  8   8 1.00
  8   9 0.67
  8  10 0.72
  8  11 0.65
  8  12 0.56
  8  13 0.62
  8  14 0.42
  8  15 0.42
  8  16 0.57
  8  17 0.48
  8  18 0.78
  8  19 0.63
  8  20 0.49
  8  21 0.67
  8  22 0.47
  9   1 0.64
  9   2 0.55
  9   3 0.56
  9   4 0.34
  9   5 0.52
  9   6 0.56
  9   7 0.28
  9   8 0.67
  9   9 1.00
  9  10 0.60
  9  11 0.73
  9  12 0.55
  9  13 0.54
  9  14 0.56
  9  15 0.43
  9  16 0.50
  9  17 0.62
  9  18 0.59
  9  19 0.64
  9  20 0.73
  9  21 0.63
  9  22 0.37
 10   1 0.71
 10   2 0.62
 10   3 0.69
 10   4 0.47
 10   5 0.54
 10   6 0.61
 10   7 0.65
 10   8 0.72
 10   9 0.60
 10  10 1.00
 10  11 0.70
 10  12 0.60
 10  13 0.76
 10  14 0.46
 10  15 0.55
 10  16 0.60
 10  17 0.52
 10  18 0.79
 10  19 0.75
 10  20 0.46
 10  21 0.77
 10  22 0.47
 11   1 0.67
 11   2 0.61
 11   3 0.69
 11   4 0.52
 11   5 0.66
 11   6 0.64
 11   7 0.52
 11   8 0.65
 11   9 0.73
 11  10 0.70
 11  11 1.00
 11  12 0.68
 11  13 0.66
 11  14 0.61
 11  15 0.50
 11  16 0.48
 11  17 0.64
 11  18 0.66
 11  19 0.70
 11  20 0.71
 11  21 0.77
 11  22 0.52
 12   1 0.63
 12   2 0.64
 12   3 0.67
 12   4 0.61
 12   5 0.59
 12   6 0.69
 12   7 0.52
 12   8 0.56
 12   9 0.55
 12  10 0.60
 12  11 0.68
 12  12 1.00
 12  13 0.66
 12  14 0.56
 12  15 0.42
 12  16 0.44
 12  17 0.56
 12  18 0.59
 12  19 0.68
 12  20 0.50
 12  21 0.72
 12  22 0.68
 13   1 0.68
 13   2 0.64
 13   3 0.76
 13   4 0.58
 13   5 0.60
 13   6 0.67
 13   7 0.70
 13   8 0.62
 13   9 0.54
 13  10 0.76
 13  11 0.66
 13  12 0.66
 13  13 1.00
 13  14 0.56
 13  15 0.50
 13  16 0.55
 13  17 0.55
 13  18 0.66
 13  19 0.77
 13  20 0.43
 13  21 0.75
 13  22 0.64
 14   1 0.65
 14   2 0.61
 14   3 0.64
 14   4 0.57
 14   5 0.71
 14   6 0.65
 14   7 0.36
 14   8 0.42
 14   9 0.56
 14  10 0.46
 14  11 0.61
 14  12 0.56
 14  13 0.56
 14  14 1.00
 14  15 0.41
 14  16 0.39
 14  17 0.67
 14  18 0.41
 14  19 0.67
 14  20 0.60
 14  21 0.54
 14  22 0.60
 15   1 0.53
 15   2 0.49
 15   3 0.41
 15   4 0.38
 15   5 0.47
 15   6 0.48
 15   7 0.50
 15   8 0.42
 15   9 0.43
 15  10 0.55
 15  11 0.50
 15  12 0.42
 15  13 0.50
 15  14 0.41
 15  15 1.00
 15  16 0.39
 15  17 0.50
 15  18 0.51
 15  19 0.55
 15  20 0.31
 15  21 0.53
 15  22 0.34
 16   1 0.53
 16   2 0.43
 16   3 0.50
 16   4 0.39
 16   5 0.51
 16   6 0.41
 16   7 0.38
 16   8 0.57
 16   9 0.50
 16  10 0.60
 16  11 0.48
 16  12 0.44
 16  13 0.55
 16  14 0.39
 16  15 0.39
 16  16 1.00
 16  17 0.48
 16  18 0.59
 16  19 0.61
 16  20 0.39
 16  21 0.54
 16  22 0.35
 17   1 0.67
 17   2 0.57
 17   3 0.62
 17   4 0.49
 17   5 0.72
 17   6 0.66
 17   7 0.30
 17   8 0.48
 17   9 0.62
 17  10 0.52
 17  11 0.64
 17  12 0.56
 17  13 0.55
 17  14 0.67
 17  15 0.50
 17  16 0.48
 17  17 1.00
 17  18 0.47
 17  19 0.74
 17  20 0.69
 17  21 0.55
 17  22 0.54
 18   1 0.68
 18   2 0.60
 18   3 0.64
 18   4 0.44
 18   5 0.50
 18   6 0.51
 18   7 0.56
 18   8 0.78
 18   9 0.59
 18  10 0.79
 18  11 0.66
 18  12 0.59
 18  13 0.66
 18  14 0.41
 18  15 0.51
 18  16 0.59
 18  17 0.47
 18  18 1.00
 18  19 0.66
 18  20 0.40
 18  21 0.73
 18  22 0.45
 19   1 0.77
 19   2 0.70
 19   3 0.77
 19   4 0.57
 19   5 0.72
 19   6 0.79
 19   7 0.55
 19   8 0.63
 19   9 0.64
 19  10 0.75
 19  11 0.70
 19  12 0.68
 19  13 0.77
 19  14 0.67
 19  15 0.55
 19  16 0.61
 19  17 0.74
 19  18 0.66
 19  19 1.00
 19  20 0.59
 19  21 0.77
 19  22 0.61
 20   1 0.50
 20   2 0.40
 20   3 0.60
 20   4 0.35
 20   5 0.59
 20   6 0.52
 20   7 0.21
 20   8 0.49
 20   9 0.73
 20  10 0.46
 20  11 0.71
 20  12 0.50
 20  13 0.43
 20  14 0.60
 20  15 0.31
 20  16 0.39
 20  17 0.69
 20  18 0.40
 20  19 0.59
 20  20 1.00
 20  21 0.57
 20  22 0.37
 21   1 0.69
 21   2 0.62
 21   3 0.77
 21   4 0.54
 21   5 0.59
 21   6 0.67
 21   7 0.66
 21   8 0.67
 21   9 0.63
 21  10 0.77
 21  11 0.77
 21  12 0.72
 21  13 0.75
 21  14 0.54
 21  15 0.53
 21  16 0.54
 21  17 0.55
 21  18 0.73
 21  19 0.77
 21  20 0.57
 21  21 1.00
 21  22 0.57
 22   1 0.57
 22   2 0.59
 22   3 0.70
 22   4 0.74
 22   5 0.67
 22   6 0.62
 22   7 0.47
 22   8 0.47
 22   9 0.37
 22  10 0.47
 22  11 0.52
 22  12 0.68
 22  13 0.64
 22  14 0.60
 22  15 0.34
 22  16 0.35
 22  17 0.54
 22  18 0.45
 22  19 0.61
 22  20 0.37
 22  21 0.57
 22  22 1.00
