  1   1 1.00
  1   2 0.62
  1   3 0.50
  1   4 0.22
  1   5 0.46
  1   6 0.51
  1   7 0.39
  1   8 0.72
  1   9 0.36
  1  10 0.43
  1  11 0.55
  1  12 0.29
  1  13 0.30
  1  14 0.48
  1  15 0.47
  1  16 0.36
  1  17 0.37
  1  18 0.42
  1  19 0.35
  1  20 0.52
  1  21 0.68
  1  22 0.49
  2   1 0.62
  2   2 1.00
  2   3 0.41
  2   4 0.16
  2   5 0.36
  2   6 0.31
  2   7 0.30
  2   8 0.77
  2   9 0.27
  2  10 0.27
  2  11 0.46
  2  12 0.22
  2  13 0.27
  2  14 0.37
  2  15 0.44
  2  16 0.30
  2  17 0.26
  2  18 0.40
  2  19 0.38
  2  20 0.41
  2  21 0.55
  2  22 0.27
  3   1 0.50
  3   2 0.41
  3   3 1.00
  3   4 0.31
  3   5 0.49
  3   6 0.31
  3   7 0.62
  3   8 0.46
  3   9 0.75
  3  10 0.49
  3  11 0.46
  3  12 0.24
  3  13 0.38
  3  14 0.43
  3  15 0.69
  3  16 0.34
  3  17 0.38
  3  18 0.33
  3  19 0.47
  3  20 0.51
  3  21 0.42
  3  22 0.47
  4   1 0.22
  4   2 0.16
  4   3 0.31
  4   4 1.00
  4   5 0.34
  4   6 0.16
  4   7 0.21
  4   8 0.19
  4   9 0.31
  4  10 0.27
  4  11 0.22
  4  12 0.15
  4  13 0.26
  4  14 0.23
  4  15 0.36
  4  16 0.25
  4  17 0.20
  4  18 0.22
  4  19 0.29
  4  20 0.34
  4  21 0.18
  4  22 0.28
  5   1 0.46
  5   2 0.36
  5   3 0.49
  5   4 0.34
  5   5 1.00
  5   6 0.58
  5   7 0.45
  5   8 0.36
  5   9 0.43
  5  10 0.68
  5  11 0.71
  5  12 0.47
  5  13 0.39
  5  14 0.64
  5  15 0.66
  5  16 0.73
  5  17 0.73
  5  18 0.50
  5  19 0.55
  5  20 0.82
  5  21 0.46
  5  22 0.68
  6   1 0.51
  6   2 0.31
  6   3 0.31
  6   4 0.16
  6   5 0.58
  6   6 1.00
  6   7 0.35
  6   8 0.38
  6   9 0.33
  6  10 0.38
  6  11 0.71
  6  12 0.57
  6  13 0.30
  6  14 0.72
  6  15 0.44
  6  16 0.51
  6  17 0.67
  6  18 0.65
  6  19 0.37
  6  20 0.62
  6  21 0.63
  6  22 0.47
  7   1 0.39
  7   2 0.30
  7   3 0.62
  7   4 0.21
  7   5 0.45
  7   6 0.35
  7   7 1.00
  7   8 0.36
  7   9 0.79
  7  10 0.47
  7  11 0.49
  7  12 0.26
  7  13 0.34
  7  14 0.60
  7  15 0.60
  7  16 0.33
  7  17 0.42
  7  18 0.41
  7  19 0.39
  7  20 0.45
  7  21 0.37
  7  22 0.52
  8   1 0.72
  8   2 0.77
  8   3 0.46
  8   4 0.19
  8   5 0.36
  8   6 0.38
  8   7 0.36
  8   8 1.00
  8   9 0.32
  8  10 0.32
  8  11 0.51
  8  12 0.25
  8  13 0.29
  8  14 0.43
  8  15 0.45
  8  16 0.26
  8  17 0.26
  8  18 0.44
  8  19 0.32
  8  20 0.42
  8  21 0.59
  8  22 0.33
  9   1 0.36
  9   2 0.27
  9   3 0.75
  9   4 0.31
  9   5 0.43
  9   6 0.33
  9   7 0.79
  9   8 0.32
  9   9 1.00
  9  10 0.49
  9  11 0.45
  9  12 0.24
  9  13 0.36
  9  14 0.50
  9  15 0.64
  9  16 0.31
  9  17 0.40
  9  18 0.34
  9  19 0.47
  9  20 0.42
  9  21 0.38
  9  22 0.49
 10   1 0.43
 10   2 0.27
 10   3 0.49
 10   4 0.27
 10   5 0.68
 10   6 0.38
 10   7 0.47
 10   8 0.32
 10   9 0.49
 10  10 1.00
 10  11 0.50
 10  12 0.42
 10  13 0.60
 10  14 0.52
 10  15 0.63
 10  16 0.57
 10  17 0.58
 10  18 0.38
 10  19 0.66
 10  20 0.59
 10  21 0.37
 10  22 0.70
 11   1 0.55
 11   2 0.46
 11   3 0.46
 11   4 0.22
 11   5 0.71
 11   6 0.71
 11   7 0.49
 11   8 0.51
 11   9 0.45
 11  10 0.50
 11  11 1.00
 11  12 0.46
 11  13 0.28
 11  14 0.76
 11  15 0.55
 11  16 0.55
 11  17 0.70
 11  18 0.65
 11  19 0.32
 11  20 0.66
 11  21 0.58
 11  22 0.50
 12   1 0.29
 12   2 0.22
 12   3 0.24
 12   4 0.15
 12   5 0.47
 12   6 0.57
 12   7 0.26
 12   8 0.25
 12   9 0.24
 12  10 0.42
 12  11 0.46
 12  12 1.00
 12  13 0.38
 12  14 0.49
 12  15 0.38
 12  16 0.65
 12  17 0.50
 12  18 0.53
 12  19 0.48
 12  20 0.46
 12  21 0.35
 12  22 0.36
 13   1 0.30
 13   2 0.27
 13   3 0.38
 13   4 0.26
 13   5 0.39
 13   6 0.30
 13   7 0.34
 13   8 0.29
 13   9 0.36
 13  10 0.60
 13  11 0.28
 13  12 0.38
 13  13 1.00
 13  14 0.40
 13  15 0.53
 13  16 0.41
 13  17 0.34
 13  18 0.35
 13  19 0.62
 13  20 0.46
 13  21 0.34
 13  22 0.48
 14   1 0.48
 14   2 0.37
 14   3 0.43
 14   4 0.23
 14   5 0.64
 14   6 0.72
 14   7 0.60
 14   8 0.43
 14   9 0.50
 14  10 0.52
 14  11 0.76
 14  12 0.49
 14  13 0.40
 14  14 1.00
 14  15 0.56
 14  16 0.57
 14  17 0.75
 14  18 0.62
 14  19 0.46
 14  20 0.66
 14  21 0.55
 14  22 0.59
 15   1 0.47
 15   2 0.44
 15   3 0.69
 15   4 0.36
 15   5 0.66
 15   6 0.44
 15   7 0.60
 15   8 0.45
 15   9 0.64
 15  10 0.63
 15  11 0.55
 15  12 0.38
 15  13 0.53
 15  14 0.56
 15  15 1.00
 15  16 0.60
 15  17 0.53
 15  18 0.46
 15  19 0.67
 15  20 0.60
 15  21 0.52
 15  22 0.53
 16   1 0.36
 16   2 0.30
 16   3 0.34
 16   4 0.25
 16   5 0.73
 16   6 0.51
 16   7 0.33
 16   8 0.26
 16   9 0.31
 16  10 0.57
 16  11 0.55
 16  12 0.65
 16  13 0.41
 16  14 0.57
 16  15 0.60
 16  16 1.00
 16  17 0.63
 16  18 0.48
 16  19 0.56
 16  20 0.66
 16  21 0.41
 16  22 0.51
 17   1 0.37
 17   2 0.26
 17   3 0.38
 17   4 0.20
 17   5 0.73
 17   6 0.67
 17   7 0.42
 17   8 0.26
 17   9 0.40
 17  10 0.58
 17  11 0.70
 17  12 0.50
 17  13 0.34
 17  14 0.75
 17  15 0.53
 17  16 0.63
 17  17 1.00
 17  18 0.51
 17  19 0.46
 17  20 0.64
 17  21 0.42
 17  22 0.62
 18   1 0.42
 18   2 0.40
 18   3 0.33
 18   4 0.22
 18   5 0.50
 18   6 0.65
 18   7 0.41
 18   8 0.44
 18   9 0.34
 18  10 0.38
 18  11 0.65
 18  12 0.53
 18  13 0.35
 18  14 0.62
 18  15 0.46
 18  16 0.48
 18  17 0.51
 18  18 1.00
 18  19 0.38
 18  20 0.50
 18  21 0.48
 18  22 0.38
 19   1 0.35
 19   2 0.38
 19   3 0.47
 19   4 0.29
 19   5 0.55
 19   6 0.37
 19   7 0.39
 19   8 0.32
 19   9 0.47
 19  10 0.66
 19  11 0.32
 19  12 0.48
 19  13 0.62
 19  14 0.46
 19  15 0.67
 19  16 0.56
 19  17 0.46
 19  18 0.38
 19  19 1.00
 19  20 0.58
 19  21 0.43
 19  22 0.52
 20   1 0.52
 20   2 0.41
 20   3 0.51
 20   4 0.34
 20   5 0.82
 20   6 0.62
 20   7 0.45
 20   8 0.42
 20   9 0.42
 20  10 0.59
 20  11 0.66
 20  12 0.46
 20  13 0.46
 20  14 0.66
 20  15 0.60
 20  16 0.66
 20  17 0.64
 20  18 0.50
 20  19 0.58
 20  20 1.00
 20  21 0.51
 20  22 0.70
 21   1 0.68
 21   2 0.55
 21   3 0.42
 21   4 0.18
 21   5 0.46
 21   6 0.63
 21   7 0.37
 21   8 0.59
 21   9 0.38
 21  10 0.37
 21  11 0.58
 21  12 0.35
 21  13 0.34
 21  14 0.55
 21  15 0.52
 21  16 0.41
 21  17 0.42
 21  18 0.48
 21  19 0.43
 21  20 0.51
 21  21 1.00
 21  22 0.41
 22   1 0.49
 22   2 0.27
 22   3 0.47
 22   4 0.28
 22   5 0.68
 22   6 0.47
 22   7 0.52
 22   8 0.33
 22   9 0.49
 22  10 0.70
 22  11 0.50
 22  12 0.36
 22  13 0.48
 22  14 0.59
 22  15 0.53
 22  16 0.51
 22  17 0.62
 22  18 0.38
 22  19 0.52
 22  20 0.70
 22  21 0.41
 22  22 1.00
  1   1 1.00
  1   2 0.62
  1   3 0.50
  1   4 0.22
  1   5 0.46
  1   6 0.51
  1   7 0.39
  1   8 0.72
  1   9 0.36
  1  10 0.43
  1  11 0.55
  1  12 0.29
  1  13 0.30
  1  14 0.48
  1  15 0.47
  1  16 0.36
  1  17 0.37
  1  18 0.42
  1  19 0.35
  1  20 0.52
  1  21 0.68
  1  22 0.49
  2   1 0.62
  2   2 1.00
  2   3 0.41
  2   4 0.16
  2   5 0.36
  2   6 0.31
  2   7 0.30
  2   8 0.77
  2   9 0.27
  2  10 0.27
  2  11 0.46
  2  12 0.22
  2  13 0.27
  2  14 0.37
  2  15 0.44
  2  16 0.30
  2  17 0.26
  2  18 0.40
  2  19 0.38
  2  20 0.41
  2  21 0.55
  2  22 0.27
  3   1 0.50
  3   2 0.41
  3   3 1.00
  3   4 0.31
  3   5 0.49
  3   6 0.31
  3   7 0.62
  3   8 0.46
  3   9 0.75
  3  10 0.49
  3  11 0.46
  3  12 0.24
  3  13 0.38
  3  14 0.43
  3  15 0.69
  3  16 0.34
  3  17 0.38
  3  18 0.33
  3  19 0.47
  3  20 0.51
  3  21 0.41
  3  22 0.47
  4   1 0.22
  4   2 0.16
  4   3 0.31
  4   4 1.00
  4   5 0.34
  4   6 0.16
  4   7 0.21
  4   8 0.19
  4   9 0.30
  4  10 0.27
  4  11 0.22
  4  12 0.15
  4  13 0.25
  4  14 0.23
  4  15 0.36
  4  16 0.25
  4  17 0.20
  4  18 0.22
  4  19 0.29
  4  20 0.34
  4  21 0.18
  4  22 0.28
  5   1 0.46
  5   2 0.36
  5   3 0.49
  5   4 0.34
  5   5 1.00
  5   6 0.58
  5   7 0.45
  5   8 0.36
  5   9 0.43
  5  10 0.68
  5  11 0.71
  5  12 0.47
  5  13 0.39
  5  14 0.64
  5  15 0.66
  5  16 0.72
  5  17 0.73
  5  18 0.50
  5  19 0.55
  5  20 0.82
  5  21 0.46
  5  22 0.68
  6   1 0.51
  6   2 0.31
  6   3 0.31
  6   4 0.16
  6   5 0.58
  6   6 1.00
  6   7 0.34
  6   8 0.38
  6   9 0.33
  6  10 0.38
  6  11 0.71
  6  12 0.57
  6  13 0.30
  6  14 0.72
  6  15 0.44
  6  16 0.51
  6  17 0.67
  6  18 0.65
  6  19 0.37
  6  20 0.62
  6  21 0.63
  6  22 0.47
  7   1 0.39
  7   2 0.30
  7   3 0.62
  7   4 0.21
  7   5 0.45
  7   6 0.34
  7   7 1.00
  7   8 0.36
  7   9 0.79
  7  10 0.47
  7  11 0.49
  7  12 0.26
  7  13 0.34
  7  14 0.60
  7  15 0.60
  7  16 0.33
  7  17 0.42
  7  18 0.41
  7  19 0.39
  7  20 0.45
  7  21 0.37
  7  22 0.52
  8   1 0.72
  8   2 0.77
  8   3 0.46
  8   4 0.19
  8   5 0.36
  8   6 0.38
  8   7 0.36
  8   8 1.00
  8   9 0.32
  8  10 0.32
  8  11 0.51
  8  12 0.25
  8  13 0.29
  8  14 0.43
  8  15 0.45
  8  16 0.26
  8  17 0.26
  8  18 0.44
  8  19 0.32
  8  20 0.42
  8  21 0.59
  8  22 0.33
  9   1 0.36
  9   2 0.27
  9   3 0.75
  9   4 0.30
  9   5 0.43
  9   6 0.33
  9   7 0.79
  9   8 0.32
  9   9 1.00
  9  10 0.49
  9  11 0.45
  9  12 0.24
  9  13 0.36
  9  14 0.50
  9  15 0.63
  9  16 0.31
  9  17 0.40
  9  18 0.34
  9  19 0.47
  9  20 0.42
  9  21 0.38
  9  22 0.48
 10   1 0.43
 10   2 0.27
 10   3 0.49
 10   4 0.27
 10   5 0.68
 10   6 0.38
 10   7 0.47
 10   8 0.32
 10   9 0.49
 10  10 1.00
 10  11 0.50
 10  12 0.42
 10  13 0.60
 10  14 0.52
 10  15 0.63
 10  16 0.57
 10  17 0.58
 10  18 0.37
 10  19 0.66
 10  20 0.59
 10  21 0.37
 10  22 0.70
 11   1 0.55
 11   2 0.46
 11   3 0.46
 11   4 0.22
 11   5 0.71
 11   6 0.71
 11   7 0.49
 11   8 0.51
 11   9 0.45
 11  10 0.50
 11  11 1.00
 11  12 0.46
 11  13 0.28
 11  14 0.76
 11  15 0.54
 11  16 0.55
 11  17 0.70
 11  18 0.65
 11  19 0.32
 11  20 0.66
 11  21 0.58
 11  22 0.50
 12   1 0.29
 12   2 0.22
 12   3 0.24
 12   4 0.15
 12   5 0.47
 12   6 0.57
 12   7 0.26
 12   8 0.25
 12   9 0.24
 12  10 0.42
 12  11 0.46
 12  12 1.00
 12  13 0.38
 12  14 0.49
 12  15 0.38
 12  16 0.65
 12  17 0.50
 12  18 0.53
 12  19 0.48
 12  20 0.46
 12  21 0.35
 12  22 0.36
 13   1 0.30
 13   2 0.27
 13   3 0.38
 13   4 0.25
 13   5 0.39
 13   6 0.30
 13   7 0.34
 13   8 0.29
 13   9 0.36
 13  10 0.60
 13  11 0.28
 13  12 0.38
 13  13 1.00
 13  14 0.40
 13  15 0.53
 13  16 0.41
 13  17 0.34
 13  18 0.35
 13  19 0.62
 13  20 0.46
 13  21 0.34
 13  22 0.47
 14   1 0.48
 14   2 0.37
 14   3 0.43
 14   4 0.23
 14   5 0.64
 14   6 0.72
 14   7 0.60
 14   8 0.43
 14   9 0.50
 14  10 0.52
 14  11 0.76
 14  12 0.49
 14  13 0.40
 14  14 1.00
 14  15 0.56
 14  16 0.57
 14  17 0.75
 14  18 0.62
 14  19 0.46
 14  20 0.66
 14  21 0.55
 14  22 0.59
 15   1 0.47
 15   2 0.44
 15   3 0.69
 15   4 0.36
 15   5 0.66
 15   6 0.44
 15   7 0.60
 15   8 0.45
 15   9 0.63
 15  10 0.63
 15  11 0.54
 15  12 0.38
 15  13 0.53
 15  14 0.56
 15  15 1.00
 15  16 0.60
 15  17 0.53
 15  18 0.46
 15  19 0.67
 15  20 0.60
 15  21 0.52
 15  22 0.53
 16   1 0.36
 16   2 0.30
 16   3 0.34
 16   4 0.25
 16   5 0.72
 16   6 0.51
 16   7 0.33
 16   8 0.26
 16   9 0.31
 16  10 0.57
 16  11 0.55
 16  12 0.65
 16  13 0.41
 16  14 0.57
 16  15 0.60
 16  16 1.00
 16  17 0.63
 16  18 0.48
 16  19 0.56
 16  20 0.65
 16  21 0.40
 16  22 0.51
 17   1 0.37
 17   2 0.26
 17   3 0.38
 17   4 0.20
 17   5 0.73
 17   6 0.67
 17   7 0.42
 17   8 0.26
 17   9 0.40
 17  10 0.58
 17  11 0.70
 17  12 0.50
 17  13 0.34
 17  14 0.75
 17  15 0.53
 17  16 0.63
 17  17 1.00
 17  18 0.51
 17  19 0.46
 17  20 0.64
 17  21 0.42
 17  22 0.62
 18   1 0.42
 18   2 0.40
 18   3 0.33
 18   4 0.22
 18   5 0.50
 18   6 0.65
 18   7 0.41
 18   8 0.44
 18   9 0.34
 18  10 0.37
 18  11 0.65
 18  12 0.53
 18  13 0.35
 18  14 0.62
 18  15 0.46
 18  16 0.48
 18  17 0.51
 18  18 1.00
 18  19 0.38
 18  20 0.50
 18  21 0.48
 18  22 0.38
 19   1 0.35
 19   2 0.38
 19   3 0.47
 19   4 0.29
 19   5 0.55
 19   6 0.37
 19   7 0.39
 19   8 0.32
 19   9 0.47
 19  10 0.66
 19  11 0.32
 19  12 0.48
 19  13 0.62
 19  14 0.46
 19  15 0.67
 19  16 0.56
 19  17 0.46
 19  18 0.38
 19  19 1.00
 19  20 0.58
 19  21 0.43
 19  22 0.52
 20   1 0.52
 20   2 0.41
 20   3 0.51
 20   4 0.34
 20   5 0.82
 20   6 0.62
 20   7 0.45
 20   8 0.42
 20   9 0.42
 20  10 0.59
 20  11 0.66
 20  12 0.46
 20  13 0.46
 20  14 0.66
 20  15 0.60
 20  16 0.65
 20  17 0.64
 20  18 0.50
 20  19 0.58
 20  20 1.00
 20  21 0.51
 20  22 0.70
 21   1 0.68
 21   2 0.55
 21   3 0.41
 21   4 0.18
 21   5 0.46
 21   6 0.63
 21   7 0.37
 21   8 0.59
 21   9 0.38
 21  10 0.37
 21  11 0.58
 21  12 0.35
 21  13 0.34
 21  14 0.55
 21  15 0.52
 21  16 0.40
 21  17 0.42
 21  18 0.48
 21  19 0.43
 21  20 0.51
 21  21 1.00
 21  22 0.41
 22   1 0.49
 22   2 0.27
 22   3 0.47
 22   4 0.28
 22   5 0.68
 22   6 0.47
 22   7 0.52
 22   8 0.33
 22   9 0.48
 22  10 0.70
 22  11 0.50
 22  12 0.36
 22  13 0.47
 22  14 0.59
 22  15 0.53
 22  16 0.51
 22  17 0.62
 22  18 0.38
 22  19 0.52
 22  20 0.70
 22  21 0.41
 22  22 1.00
