  1   1 1.00
  1   2 0.53
  1   3 0.21
  1   4 0.05
  1   5 0.50
  1   6 0.64
  1   7 0.33
  1   8 0.31
  1   9 0.62
  1  10 0.47
  1  11 0.53
  1  12 0.41
  1  13 0.59
  1  14 0.50
  1  15 0.68
  1  16 0.56
  1  17 0.48
  1  18 0.54
  1  19 0.58
  1  20 0.55
  1  21 0.65
  1  22 0.49
  2   1 0.53
  2   2 1.00
  2   3 0.12
  2   4 0.02
  2   5 0.36
  2   6 0.51
  2   7 0.19
  2   8 0.25
  2   9 0.43
  2  10 0.40
  2  11 0.47
  2  12 0.38
  2  13 0.53
  2  14 0.38
  2  15 0.46
  2  16 0.40
  2  17 0.35
  2  18 0.40
  2  19 0.37
  2  20 0.32
  2  21 0.50
  2  22 0.42
  3   1 0.21
  3   2 0.12
  3   3 1.00
  3   4 0.10
  3   5 0.26
  3   6 0.25
  3   7 0.26
  3   8 0.12
  3   9 0.20
  3  10 0.26
  3  11 0.31
  3  12 0.09
  3  13 0.26
  3  14 0.14
  3  15 0.19
  3  16 0.32
  3  17 0.18
  3  18 0.24
  3  19 0.19
  3  20 0.34
  3  21 0.28
  3  22 0.12
  4   1 0.05
  4   2 0.02
  4   3 0.10
  4   4 1.00
  4   5 0.04
  4   6 0.05
  4   7 0.04
  4   8 0.01
  4   9 0.04
  4  10 0.05
  4  11 0.05
  4  12 0.02
  4  13 0.05
  4  14 0.03
  4  15 0.04
  4  16 0.06
  4  17 0.03
  4  18 0.05
  4  19 0.03
  4  20 0.07
  4  21 0.06
  4  22 0.01
  5   1 0.50
  5   2 0.36
  5   3 0.26
  5   4 0.04
  5   5 1.00
  5   6 0.60
  5   7 0.34
  5   8 0.32
  5   9 0.56
  5  10 0.61
  5  11 0.64
  5  12 0.35
  5  13 0.57
  5  14 0.42
  5  15 0.53
  5  16 0.56
  5  17 0.49
  5  18 0.48
  5  19 0.54
  5  20 0.50
  5  21 0.50
  5  22 0.31
  6   1 0.64
  6   2 0.51
  6   3 0.25
  6   4 0.05
  6   5 0.60
  6   6 1.00
  6   7 0.35
  6   8 0.42
  6   9 0.67
  6  10 0.62
  6  11 0.66
  6  12 0.51
  6  13 0.71
  6  14 0.61
  6  15 0.68
  6  16 0.66
  6  17 0.49
  6  18 0.59
  6  19 0.70
  6  20 0.63
  6  21 0.71
  6  22 0.60
  7   1 0.33
  7   2 0.19
  7   3 0.26
  7   4 0.04
  7   5 0.34
  7   6 0.35
  7   7 1.00
  7   8 0.34
  7   9 0.28
  7  10 0.36
  7  11 0.50
  7  12 0.26
  7  13 0.44
  7  14 0.26
  7  15 0.36
  7  16 0.47
  7  17 0.31
  7  18 0.48
  7  19 0.54
  7  20 0.37
  7  21 0.46
  7  22 0.20
  8   1 0.31
  8   2 0.25
  8   3 0.12
  8   4 0.01
  8   5 0.32
  8   6 0.42
  8   7 0.34
  8   8 1.00
  8   9 0.29
  8  10 0.42
  8  11 0.36
  8  12 0.39
  8  13 0.34
  8  14 0.49
  8  15 0.47
  8  16 0.28
  8  17 0.42
  8  18 0.38
  8  19 0.48
  8  20 0.21
  8  21 0.35
  8  22 0.42
  9   1 0.62
  9   2 0.43
  9   3 0.20
  9   4 0.04
  9   5 0.56
  9   6 0.67
  9   7 0.28
  9   8 0.29
  9   9 1.00
  9  10 0.47
  9  11 0.51
  9  12 0.41
  9  13 0.62
  9  14 0.53
  9  15 0.66
  9  16 0.62
  9  17 0.46
  9  18 0.50
  9  19 0.56
  9  20 0.52
  9  21 0.56
  9  22 0.49
 10   1 0.47
 10   2 0.40
 10   3 0.26
 10   4 0.05
 10   5 0.61
 10   6 0.62
 10   7 0.36
 10   8 0.42
 10   9 0.47
 10  10 1.00
 10  11 0.65
 10  12 0.38
 10  13 0.56
 10  14 0.56
 10  15 0.61
 10  16 0.55
 10  17 0.45
 10  18 0.57
 10  19 0.54
 10  20 0.53
 10  21 0.62
 10  22 0.40
 11   1 0.53
 11   2 0.47
 11   3 0.31
 11   4 0.05
 11   5 0.64
 11   6 0.66
 11   7 0.50
 11   8 0.36
 11   9 0.51
 11  10 0.65
 11  11 1.00
 11  12 0.40
 11  13 0.67
 11  14 0.48
 11  15 0.57
 11  16 0.58
 11  17 0.52
 11  18 0.53
 11  19 0.63
 11  20 0.62
 11  21 0.65
 11  22 0.39
 12   1 0.41
 12   2 0.38
 12   3 0.09
 12   4 0.02
 12   5 0.35
 12   6 0.51
 12   7 0.26
 12   8 0.39
 12   9 0.41
 12  10 0.38
 12  11 0.40
 12  12 1.00
 12  13 0.50
 12  14 0.52
 12  15 0.52
 12  16 0.45
 12  17 0.43
 12  18 0.50
 12  19 0.59
 12  20 0.28
 12  21 0.47
 12  22 0.58
 13   1 0.59
 13   2 0.53
 13   3 0.26
 13   4 0.05
 13   5 0.57
 13   6 0.71
 13   7 0.44
 13   8 0.34
 13   9 0.62
 13  10 0.56
 13  11 0.67
 13  12 0.50
 13  13 1.00
 13  14 0.56
 13  15 0.63
 13  16 0.60
 13  17 0.50
 13  18 0.59
 13  19 0.61
 13  20 0.59
 13  21 0.66
 13  22 0.53
 14   1 0.50
 14   2 0.38
 14   3 0.14
 14   4 0.03
 14   5 0.42
 14   6 0.61
 14   7 0.26
 14   8 0.49
 14   9 0.53
 14  10 0.56
 14  11 0.48
 14  12 0.52
 14  13 0.56
 14  14 1.00
 14  15 0.68
 14  16 0.45
 14  17 0.44
 14  18 0.51
 14  19 0.58
 14  20 0.35
 14  21 0.64
 14  22 0.61
 15   1 0.68
 15   2 0.46
 15   3 0.19
 15   4 0.04
 15   5 0.53
 15   6 0.68
 15   7 0.36
 15   8 0.47
 15   9 0.66
 15  10 0.61
 15  11 0.57
 15  12 0.52
 15  13 0.63
 15  14 0.68
 15  15 1.00
 15  16 0.59
 15  17 0.54
 15  18 0.59
 15  19 0.67
 15  20 0.49
 15  21 0.69
 15  22 0.51
 16   1 0.56
 16   2 0.40
 16   3 0.32
 16   4 0.06
 16   5 0.56
 16   6 0.66
 16   7 0.47
 16   8 0.28
 16   9 0.62
 16  10 0.55
 16  11 0.58
 16  12 0.45
 16  13 0.60
 16  14 0.45
 16  15 0.59
 16  16 1.00
 16  17 0.43
 16  18 0.57
 16  19 0.62
 16  20 0.59
 16  21 0.60
 16  22 0.45
 17   1 0.48
 17   2 0.35
 17   3 0.18
 17   4 0.03
 17   5 0.49
 17   6 0.49
 17   7 0.31
 17   8 0.42
 17   9 0.46
 17  10 0.45
 17  11 0.52
 17  12 0.43
 17  13 0.50
 17  14 0.44
 17  15 0.54
 17  16 0.43
 17  17 1.00
 17  18 0.44
 17  19 0.49
 17  20 0.38
 17  21 0.40
 17  22 0.44
 18   1 0.54
 18   2 0.40
 18   3 0.24
 18   4 0.05
 18   5 0.48
 18   6 0.59
 18   7 0.48
 18   8 0.38
 18   9 0.50
 18  10 0.57
 18  11 0.53
 18  12 0.50
 18  13 0.59
 18  14 0.51
 18  15 0.59
 18  16 0.57
 18  17 0.44
 18  18 1.00
 18  19 0.57
 18  20 0.53
 18  21 0.59
 18  22 0.46
 19   1 0.58
 19   2 0.37
 19   3 0.19
 19   4 0.03
 19   5 0.54
 19   6 0.70
 19   7 0.54
 19   8 0.48
 19   9 0.56
 19  10 0.54
 19  11 0.63
 19  12 0.59
 19  13 0.61
 19  14 0.58
 19  15 0.67
 19  16 0.62
 19  17 0.49
 19  18 0.57
 19  19 1.00
 19  20 0.50
 19  21 0.65
 19  22 0.59
 20   1 0.55
 20   2 0.32
 20   3 0.34
 20   4 0.07
 20   5 0.50
 20   6 0.63
 20   7 0.37
 20   8 0.21
 20   9 0.52
 20  10 0.53
 20  11 0.62
 20  12 0.28
 20  13 0.59
 20  14 0.35
 20  15 0.49
 20  16 0.59
 20  17 0.38
 20  18 0.53
 20  19 0.50
 20  20 1.00
 20  21 0.55
 20  22 0.36
 21   1 0.65
 21   2 0.50
 21   3 0.28
 21   4 0.06
 21   5 0.50
 21   6 0.71
 21   7 0.46
 21   8 0.35
 21   9 0.56
 21  10 0.62
 21  11 0.65
 21  12 0.47
 21  13 0.66
 21  14 0.64
 21  15 0.69
 21  16 0.60
 21  17 0.40
 21  18 0.59
 21  19 0.65
 21  20 0.55
 21  21 1.00
 21  22 0.54
 22   1 0.49
 22   2 0.42
 22   3 0.12
 22   4 0.01
 22   5 0.31
 22   6 0.60
 22   7 0.20
 22   8 0.42
 22   9 0.49
 22  10 0.40
 22  11 0.39
 22  12 0.58
 22  13 0.53
 22  14 0.61
 22  15 0.51
 22  16 0.45
 22  17 0.44
 22  18 0.46
 22  19 0.59
 22  20 0.36
 22  21 0.54
 22  22 1.00
  1   1 1.00
  1   2 0.53
  1   3 0.21
  1   4 0.05
  1   5 0.50
  1   6 0.63
  1   7 0.33
  1   8 0.30
  1   9 0.62
  1  10 0.47
  1  11 0.53
  1  12 0.40
  1  13 0.59
  1  14 0.49
  1  15 0.67
  1  16 0.56
  1  17 0.47
  1  18 0.54
  1  19 0.58
  1  20 0.54
  1  21 0.65
  1  22 0.49
  2   1 0.53
  2   2 1.00
  2   3 0.11
  2   4 0.02
  2   5 0.36
  2   6 0.51
  2   7 0.19
  2   8 0.25
  2   9 0.42
  2  10 0.40
  2  11 0.47
  2  12 0.38
  2  13 0.53
  2  14 0.38
  2  15 0.46
  2  16 0.40
  2  17 0.35
  2  18 0.39
  2  19 0.37
  2  20 0.32
  2  21 0.50
  2  22 0.42
  3   1 0.21
  3   2 0.11
  3   3 1.00
  3   4 0.10
  3   5 0.26
  3   6 0.25
  3   7 0.26
  3   8 0.12
  3   9 0.20
  3  10 0.26
  3  11 0.31
  3  12 0.09
  3  13 0.26
  3  14 0.14
  3  15 0.19
  3  16 0.32
  3  17 0.18
  3  18 0.24
  3  19 0.19
  3  20 0.34
  3  21 0.28
  3  22 0.12
  4   1 0.05
  4   2 0.02
  4   3 0.10
  4   4 1.00
  4   5 0.04
  4   6 0.05
  4   7 0.04
  4   8 0.01
  4   9 0.04
  4  10 0.05
  4  11 0.05
  4  12 0.02
  4  13 0.05
  4  14 0.02
  4  15 0.04
  4  16 0.05
  4  17 0.03
  4  18 0.05
  4  19 0.03
  4  20 0.07
  4  21 0.06
  4  22 0.01
  5   1 0.50
  5   2 0.36
  5   3 0.26
  5   4 0.04
  5   5 1.00
  5   6 0.60
  5   7 0.34
  5   8 0.32
  5   9 0.56
  5  10 0.61
  5  11 0.64
  5  12 0.35
  5  13 0.56
  5  14 0.41
  5  15 0.53
  5  16 0.56
  5  17 0.49
  5  18 0.48
  5  19 0.54
  5  20 0.50
  5  21 0.50
  5  22 0.30
  6   1 0.63
  6   2 0.51
  6   3 0.25
  6   4 0.05
  6   5 0.60
  6   6 1.00
  6   7 0.35
  6   8 0.42
  6   9 0.67
  6  10 0.62
  6  11 0.66
  6  12 0.51
  6  13 0.71
  6  14 0.61
  6  15 0.67
  6  16 0.66
  6  17 0.49
  6  18 0.59
  6  19 0.70
  6  20 0.63
  6  21 0.71
  6  22 0.60
  7   1 0.33
  7   2 0.19
  7   3 0.26
  7   4 0.04
  7   5 0.34
  7   6 0.35
  7   7 1.00
  7   8 0.34
  7   9 0.28
  7  10 0.36
  7  11 0.50
  7  12 0.26
  7  13 0.44
  7  14 0.25
  7  15 0.36
  7  16 0.47
  7  17 0.31
  7  18 0.48
  7  19 0.54
  7  20 0.36
  7  21 0.46
  7  22 0.20
  8   1 0.30
  8   2 0.25
  8   3 0.12
  8   4 0.01
  8   5 0.32
  8   6 0.42
  8   7 0.34
  8   8 1.00
  8   9 0.28
  8  10 0.41
  8  11 0.36
  8  12 0.38
  8  13 0.34
  8  14 0.48
  8  15 0.47
  8  16 0.28
  8  17 0.42
  8  18 0.37
  8  19 0.48
  8  20 0.20
  8  21 0.35
  8  22 0.42
  9   1 0.62
  9   2 0.42
  9   3 0.20
  9   4 0.04
  9   5 0.56
  9   6 0.67
  9   7 0.28
  9   8 0.28
  9   9 1.00
  9  10 0.47
  9  11 0.50
  9  12 0.41
  9  13 0.62
  9  14 0.53
  9  15 0.66
  9  16 0.62
  9  17 0.46
  9  18 0.50
  9  19 0.56
  9  20 0.51
  9  21 0.56
  9  22 0.49
 10   1 0.47
 10   2 0.40
 10   3 0.26
 10   4 0.05
 10   5 0.61
 10   6 0.62
 10   7 0.36
 10   8 0.41
 10   9 0.47
 10  10 1.00
 10  11 0.65
 10  12 0.38
 10  13 0.56
 10  14 0.55
 10  15 0.61
 10  16 0.55
 10  17 0.45
 10  18 0.56
 10  19 0.53
 10  20 0.52
 10  21 0.61
 10  22 0.39
 11   1 0.53
 11   2 0.47
 11   3 0.31
 11   4 0.05
 11   5 0.64
 11   6 0.66
 11   7 0.50
 11   8 0.36
 11   9 0.50
 11  10 0.65
 11  11 1.00
 11  12 0.40
 11  13 0.67
 11  14 0.47
 11  15 0.57
 11  16 0.58
 11  17 0.52
 11  18 0.53
 11  19 0.62
 11  20 0.62
 11  21 0.65
 11  22 0.39
 12   1 0.40
 12   2 0.38
 12   3 0.09
 12   4 0.02
 12   5 0.35
 12   6 0.51
 12   7 0.26
 12   8 0.38
 12   9 0.41
 12  10 0.38
 12  11 0.40
 12  12 1.00
 12  13 0.50
 12  14 0.51
 12  15 0.52
 12  16 0.44
 12  17 0.43
 12  18 0.50
 12  19 0.58
 12  20 0.27
 12  21 0.47
 12  22 0.58
 13   1 0.59
 13   2 0.53
 13   3 0.26
 13   4 0.05
 13   5 0.56
 13   6 0.71
 13   7 0.44
 13   8 0.34
 13   9 0.62
 13  10 0.56
 13  11 0.67
 13  12 0.50
 13  13 1.00
 13  14 0.55
 13  15 0.62
 13  16 0.59
 13  17 0.49
 13  18 0.59
 13  19 0.61
 13  20 0.59
 13  21 0.66
 13  22 0.53
 14   1 0.49
 14   2 0.38
 14   3 0.14
 14   4 0.02
 14   5 0.41
 14   6 0.61
 14   7 0.25
 14   8 0.48
 14   9 0.53
 14  10 0.55
 14  11 0.47
 14  12 0.51
 14  13 0.55
 14  14 1.00
 14  15 0.67
 14  16 0.44
 14  17 0.44
 14  18 0.51
 14  19 0.58
 14  20 0.34
 14  21 0.64
 14  22 0.60
 15   1 0.67
 15   2 0.46
 15   3 0.19
 15   4 0.04
 15   5 0.53
 15   6 0.67
 15   7 0.36
 15   8 0.47
 15   9 0.66
 15  10 0.61
 15  11 0.57
 15  12 0.52
 15  13 0.62
 15  14 0.67
 15  15 1.00
 15  16 0.58
 15  17 0.54
 15  18 0.59
 15  19 0.67
 15  20 0.49
 15  21 0.68
 15  22 0.51
 16   1 0.56
 16   2 0.40
 16   3 0.32
 16   4 0.05
 16   5 0.56
 16   6 0.66
 16   7 0.47
 16   8 0.28
 16   9 0.62
 16  10 0.55
 16  11 0.58
 16  12 0.44
 16  13 0.59
 16  14 0.44
 16  15 0.58
 16  16 1.00
 16  17 0.43
 16  18 0.57
 16  19 0.62
 16  20 0.59
 16  21 0.60
 16  22 0.45
 17   1 0.47
 17   2 0.35
 17   3 0.18
 17   4 0.03
 17   5 0.49
 17   6 0.49
 17   7 0.31
 17   8 0.42
 17   9 0.46
 17  10 0.45
 17  11 0.52
 17  12 0.43
 17  13 0.49
 17  14 0.44
 17  15 0.54
 17  16 0.43
 17  17 1.00
 17  18 0.44
 17  19 0.49
 17  20 0.38
 17  21 0.40
 17  22 0.44
 18   1 0.54
 18   2 0.39
 18   3 0.24
 18   4 0.05
 18   5 0.48
 18   6 0.59
 18   7 0.48
 18   8 0.37
 18   9 0.50
 18  10 0.56
 18  11 0.53
 18  12 0.50
 18  13 0.59
 18  14 0.51
 18  15 0.59
 18  16 0.57
 18  17 0.44
 18  18 1.00
 18  19 0.57
 18  20 0.53
 18  21 0.59
 18  22 0.45
 19   1 0.58
 19   2 0.37
 19   3 0.19
 19   4 0.03
 19   5 0.54
 19   6 0.70
 19   7 0.54
 19   8 0.48
 19   9 0.56
 19  10 0.53
 19  11 0.62
 19  12 0.58
 19  13 0.61
 19  14 0.58
 19  15 0.67
 19  16 0.62
 19  17 0.49
 19  18 0.57
 19  19 1.00
 19  20 0.49
 19  21 0.64
 19  22 0.59
 20   1 0.54
 20   2 0.32
 20   3 0.34
 20   4 0.07
 20   5 0.50
 20   6 0.63
 20   7 0.36
 20   8 0.20
 20   9 0.51
 20  10 0.52
 20  11 0.62
 20  12 0.27
 20  13 0.59
 20  14 0.34
 20  15 0.49
 20  16 0.59
 20  17 0.38
 20  18 0.53
 20  19 0.49
 20  20 1.00
 20  21 0.55
 20  22 0.36
 21   1 0.65
 21   2 0.50
 21   3 0.28
 21   4 0.06
 21   5 0.50
 21   6 0.71
 21   7 0.46
 21   8 0.35
 21   9 0.56
 21  10 0.61
 21  11 0.65
 21  12 0.47
 21  13 0.66
 21  14 0.64
 21  15 0.68
 21  16 0.60
 21  17 0.40
 21  18 0.59
 21  19 0.64
 21  20 0.55
 21  21 1.00
 21  22 0.54
 22   1 0.49
 22   2 0.42
 22   3 0.12
 22   4 0.01
 22   5 0.30
 22   6 0.60
 22   7 0.20
 22   8 0.42
 22   9 0.49
 22  10 0.39
 22  11 0.39
 22  12 0.58
 22  13 0.53
 22  14 0.60
 22  15 0.51
 22  16 0.45
 22  17 0.44
 22  18 0.45
 22  19 0.59
 22  20 0.36
 22  21 0.54
 22  22 1.00
