  1   1 1.00
  1   2 0.64
  1   3 0.56
  1   4 0.55
  1   5 0.55
  1   6 0.62
  1   7 0.42
  1   8 0.63
  1   9 0.63
  1  10 0.61
  1  11 0.69
  1  12 0.47
  1  13 0.60
  1  14 0.47
  1  15 0.75
  1  16 0.62
  1  17 0.68
  1  18 0.65
  1  19 0.65
  1  20 0.55
  1  21 0.63
  1  22 0.42
  2   1 0.64
  2   2 1.00
  2   3 0.46
  2   4 0.37
  2   5 0.46
  2   6 0.64
  2   7 0.47
  2   8 0.66
  2   9 0.44
  2  10 0.69
  2  11 0.57
  2  12 0.56
  2  13 0.67
  2  14 0.48
  2  15 0.66
  2  16 0.48
  2  17 0.54
  2  18 0.63
  2  19 0.53
  2  20 0.41
  2  21 0.67
  2  22 0.52
  3   1 0.56
  3   2 0.46
  3   3 1.00
  3   4 0.51
  3   5 0.65
  3   6 0.51
  3   7 0.54
  3   8 0.57
  3   9 0.47
  3  10 0.56
  3  11 0.63
  3  12 0.46
  3  13 0.69
  3  14 0.42
  3  15 0.58
  3  16 0.41
  3  17 0.58
  3  18 0.51
  3  19 0.70
  3  20 0.51
  3  21 0.50
  3  22 0.41
  4   1 0.55
  4   2 0.37
  4   3 0.51
  4   4 1.00
  4   5 0.58
  4   6 0.45
  4   7 0.39
  4   8 0.48
  4   9 0.61
  4  10 0.42
  4  11 0.51
  4  12 0.39
  4  13 0.46
  4  14 0.31
  4  15 0.57
  4  16 0.52
  4  17 0.60
  4  18 0.42
  4  19 0.54
  4  20 0.60
  4  21 0.43
  4  22 0.33
  5   1 0.55
  5   2 0.46
  5   3 0.65
  5   4 0.58
  5   5 1.00
  5   6 0.52
  5   7 0.55
  5   8 0.61
  5   9 0.52
  5  10 0.54
  5  11 0.65
  5  12 0.49
  5  13 0.61
  5  14 0.52
  5  15 0.55
  5  16 0.48
  5  17 0.58
  5  18 0.51
  5  19 0.69
  5  20 0.64
  5  21 0.53
  5  22 0.51
  6   1 0.62
  6   2 0.64
  6   3 0.51
  6   4 0.45
  6   5 0.52
  6   6 1.00
  6   7 0.52
  6   8 0.57
  6   9 0.37
  6  10 0.72
  6  11 0.60
  6  12 0.74
  6  13 0.65
  6  14 0.34
  6  15 0.62
  6  16 0.48
  6  17 0.52
  6  18 0.57
  6  19 0.65
  6  20 0.43
  6  21 0.71
  6  22 0.43
  7   1 0.42
  7   2 0.47
  7   3 0.54
  7   4 0.39
  7   5 0.55
  7   6 0.52
  7   7 1.00
  7   8 0.63
  7   9 0.33
  7  10 0.55
  7  11 0.49
  7  12 0.51
  7  13 0.68
  7  14 0.36
  7  15 0.45
  7  16 0.40
  7  17 0.41
  7  18 0.47
  7  19 0.62
  7  20 0.46
  7  21 0.47
  7  22 0.59
  8   1 0.63
  8   2 0.66
  8   3 0.57
  8   4 0.48
  8   5 0.61
  8   6 0.57
  8   7 0.63
  8   8 1.00
  8   9 0.57
  8  10 0.61
  8  11 0.59
  8  12 0.53
  8  13 0.71
  8  14 0.43
  8  15 0.69
  8  16 0.62
  8  17 0.60
  8  18 0.73
  8  19 0.72
  8  20 0.59
  8  21 0.66
  8  22 0.57
  9   1 0.63
  9   2 0.44
  9   3 0.47
  9   4 0.61
  9   5 0.52
  9   6 0.37
  9   7 0.33
  9   8 0.57
  9   9 1.00
  9  10 0.49
  9  11 0.53
  9  12 0.28
  9  13 0.50
  9  14 0.41
  9  15 0.64
  9  16 0.65
  9  17 0.68
  9  18 0.49
  9  19 0.49
  9  20 0.52
  9  21 0.46
  9  22 0.28
 10   1 0.61
 10   2 0.69
 10   3 0.56
 10   4 0.42
 10   5 0.54
 10   6 0.72
 10   7 0.55
 10   8 0.61
 10   9 0.49
 10  10 1.00
 10  11 0.64
 10  12 0.61
 10  13 0.72
 10  14 0.54
 10  15 0.68
 10  16 0.55
 10  17 0.62
 10  18 0.61
 10  19 0.63
 10  20 0.40
 10  21 0.69
 10  22 0.47
 11   1 0.69
 11   2 0.57
 11   3 0.63
 11   4 0.51
 11   5 0.65
 11   6 0.60
 11   7 0.49
 11   8 0.59
 11   9 0.53
 11  10 0.64
 11  11 1.00
 11  12 0.48
 11  13 0.65
 11  14 0.53
 11  15 0.66
 11  16 0.58
 11  17 0.67
 11  18 0.65
 11  19 0.69
 11  20 0.59
 11  21 0.67
 11  22 0.45
 12   1 0.47
 12   2 0.56
 12   3 0.46
 12   4 0.39
 12   5 0.49
 12   6 0.74
 12   7 0.51
 12   8 0.53
 12   9 0.28
 12  10 0.61
 12  11 0.48
 12  12 1.00
 12  13 0.58
 12  14 0.30
 12  15 0.55
 12  16 0.40
 12  17 0.45
 12  18 0.52
 12  19 0.60
 12  20 0.40
 12  21 0.62
 12  22 0.44
 13   1 0.60
 13   2 0.67
 13   3 0.69
 13   4 0.46
 13   5 0.61
 13   6 0.65
 13   7 0.68
 13   8 0.71
 13   9 0.50
 13  10 0.72
 13  11 0.65
 13  12 0.58
 13  13 1.00
 13  14 0.45
 13  15 0.65
 13  16 0.52
 13  17 0.60
 13  18 0.65
 13  19 0.69
 13  20 0.51
 13  21 0.67
 13  22 0.61
 14   1 0.47
 14   2 0.48
 14   3 0.42
 14   4 0.31
 14   5 0.52
 14   6 0.34
 14   7 0.36
 14   8 0.43
 14   9 0.41
 14  10 0.54
 14  11 0.53
 14  12 0.30
 14  13 0.45
 14  14 1.00
 14  15 0.50
 14  16 0.43
 14  17 0.60
 14  18 0.46
 14  19 0.48
 14  20 0.41
 14  21 0.45
 14  22 0.38
 15   1 0.75
 15   2 0.66
 15   3 0.58
 15   4 0.57
 15   5 0.55
 15   6 0.62
 15   7 0.45
 15   8 0.69
 15   9 0.64
 15  10 0.68
 15  11 0.66
 15  12 0.55
 15  13 0.65
 15  14 0.50
 15  15 1.00
 15  16 0.62
 15  17 0.74
 15  18 0.71
 15  19 0.70
 15  20 0.54
 15  21 0.69
 15  22 0.45
 16   1 0.62
 16   2 0.48
 16   3 0.41
 16   4 0.52
 16   5 0.48
 16   6 0.48
 16   7 0.40
 16   8 0.62
 16   9 0.65
 16  10 0.55
 16  11 0.58
 16  12 0.40
 16  13 0.52
 16  14 0.43
 16  15 0.62
 16  16 1.00
 16  17 0.72
 16  18 0.51
 16  19 0.58
 16  20 0.57
 16  21 0.55
 16  22 0.37
 17   1 0.68
 17   2 0.54
 17   3 0.58
 17   4 0.60
 17   5 0.58
 17   6 0.52
 17   7 0.41
 17   8 0.60
 17   9 0.68
 17  10 0.62
 17  11 0.67
 17  12 0.45
 17  13 0.60
 17  14 0.60
 17  15 0.74
 17  16 0.72
 17  17 1.00
 17  18 0.62
 17  19 0.67
 17  20 0.60
 17  21 0.60
 17  22 0.39
 18   1 0.65
 18   2 0.63
 18   3 0.51
 18   4 0.42
 18   5 0.51
 18   6 0.57
 18   7 0.47
 18   8 0.73
 18   9 0.49
 18  10 0.61
 18  11 0.65
 18  12 0.52
 18  13 0.65
 18  14 0.46
 18  15 0.71
 18  16 0.51
 18  17 0.62
 18  18 1.00
 18  19 0.69
 18  20 0.52
 18  21 0.66
 18  22 0.48
 19   1 0.65
 19   2 0.53
 19   3 0.70
 19   4 0.54
 19   5 0.69
 19   6 0.65
 19   7 0.62
 19   8 0.72
 19   9 0.49
 19  10 0.63
 19  11 0.69
 19  12 0.60
 19  13 0.69
 19  14 0.48
 19  15 0.70
 19  16 0.58
 19  17 0.67
 19  18 0.69
 19  19 1.00
 19  20 0.67
 19  21 0.63
 19  22 0.49
 20   1 0.55
 20   2 0.41
 20   3 0.51
 20   4 0.60
 20   5 0.64
 20   6 0.43
 20   7 0.46
 20   8 0.59
 20   9 0.52
 20  10 0.40
 20  11 0.59
 20  12 0.40
 20  13 0.51
 20  14 0.41
 20  15 0.54
 20  16 0.57
 20  17 0.60
 20  18 0.52
 20  19 0.67
 20  20 1.00
 20  21 0.47
 20  22 0.42
 21   1 0.63
 21   2 0.67
 21   3 0.50
 21   4 0.43
 21   5 0.53
 21   6 0.71
 21   7 0.47
 21   8 0.66
 21   9 0.46
 21  10 0.69
 21  11 0.67
 21  12 0.62
 21  13 0.67
 21  14 0.45
 21  15 0.69
 21  16 0.55
 21  17 0.60
 21  18 0.66
 21  19 0.63
 21  20 0.47
 21  21 1.00
 21  22 0.49
 22   1 0.42
 22   2 0.52
 22   3 0.41
 22   4 0.33
 22   5 0.51
 22   6 0.43
 22   7 0.59
 22   8 0.57
 22   9 0.28
 22  10 0.47
 22  11 0.45
 22  12 0.44
 22  13 0.61
 22  14 0.38
 22  15 0.45
 22  16 0.37
 22  17 0.39
 22  18 0.48
 22  19 0.49
 22  20 0.42
 22  21 0.49
 22  22 1.00
  1   1 1.00
  1   2 0.63
  1   3 0.55
  1   4 0.55
  1   5 0.55
  1   6 0.61
  1   7 0.42
  1   8 0.63
  1   9 0.63
  1  10 0.61
  1  11 0.68
  1  12 0.47
  1  13 0.60
  1  14 0.46
  1  15 0.74
  1  16 0.62
  1  17 0.68
  1  18 0.64
  1  19 0.65
  1  20 0.55
  1  21 0.63
  1  22 0.42
  2   1 0.63
  2   2 1.00
  2   3 0.46
  2   4 0.36
  2   5 0.45
  2   6 0.64
  2   7 0.47
  2   8 0.66
  2   9 0.43
  2  10 0.68
  2  11 0.57
  2  12 0.55
  2  13 0.66
  2  14 0.48
  2  15 0.66
  2  16 0.48
  2  17 0.53
  2  18 0.62
  2  19 0.53
  2  20 0.40
  2  21 0.67
  2  22 0.51
  3   1 0.55
  3   2 0.46
  3   3 1.00
  3   4 0.51
  3   5 0.65
  3   6 0.51
  3   7 0.54
  3   8 0.57
  3   9 0.47
  3  10 0.56
  3  11 0.63
  3  12 0.45
  3  13 0.69
  3  14 0.42
  3  15 0.57
  3  16 0.41
  3  17 0.57
  3  18 0.51
  3  19 0.70
  3  20 0.50
  3  21 0.49
  3  22 0.41
  4   1 0.55
  4   2 0.36
  4   3 0.51
  4   4 1.00
  4   5 0.57
  4   6 0.45
  4   7 0.39
  4   8 0.48
  4   9 0.61
  4  10 0.41
  4  11 0.51
  4  12 0.39
  4  13 0.45
  4  14 0.31
  4  15 0.57
  4  16 0.52
  4  17 0.60
  4  18 0.42
  4  19 0.53
  4  20 0.59
  4  21 0.43
  4  22 0.33
  5   1 0.55
  5   2 0.45
  5   3 0.65
  5   4 0.57
  5   5 1.00
  5   6 0.51
  5   7 0.55
  5   8 0.61
  5   9 0.52
  5  10 0.54
  5  11 0.64
  5  12 0.48
  5  13 0.61
  5  14 0.52
  5  15 0.54
  5  16 0.47
  5  17 0.58
  5  18 0.51
  5  19 0.68
  5  20 0.64
  5  21 0.52
  5  22 0.51
  6   1 0.61
  6   2 0.64
  6   3 0.51
  6   4 0.45
  6   5 0.51
  6   6 1.00
  6   7 0.52
  6   8 0.57
  6   9 0.37
  6  10 0.71
  6  11 0.60
  6  12 0.74
  6  13 0.64
  6  14 0.34
  6  15 0.61
  6  16 0.48
  6  17 0.52
  6  18 0.57
  6  19 0.64
  6  20 0.43
  6  21 0.71
  6  22 0.43
  7   1 0.42
  7   2 0.47
  7   3 0.54
  7   4 0.39
  7   5 0.55
  7   6 0.52
  7   7 1.00
  7   8 0.62
  7   9 0.33
  7  10 0.54
  7  11 0.49
  7  12 0.50
  7  13 0.68
  7  14 0.36
  7  15 0.44
  7  16 0.40
  7  17 0.40
  7  18 0.47
  7  19 0.62
  7  20 0.46
  7  21 0.47
  7  22 0.59
  8   1 0.63
  8   2 0.66
  8   3 0.57
  8   4 0.48
  8   5 0.61
  8   6 0.57
  8   7 0.62
  8   8 1.00
  8   9 0.56
  8  10 0.61
  8  11 0.58
  8  12 0.53
  8  13 0.71
  8  14 0.42
  8  15 0.69
  8  16 0.61
  8  17 0.60
  8  18 0.73
  8  19 0.72
  8  20 0.59
  8  21 0.66
  8  22 0.57
  9   1 0.63
  9   2 0.43
  9   3 0.47
  9   4 0.61
  9   5 0.52
  9   6 0.37
  9   7 0.33
  9   8 0.56
  9   9 1.00
  9  10 0.48
  9  11 0.53
  9  12 0.28
  9  13 0.49
  9  14 0.41
  9  15 0.63
  9  16 0.65
  9  17 0.68
  9  18 0.48
  9  19 0.48
  9  20 0.52
  9  21 0.46
  9  22 0.28
 10   1 0.61
 10   2 0.68
 10   3 0.56
 10   4 0.41
 10   5 0.54
 10   6 0.71
 10   7 0.54
 10   8 0.61
 10   9 0.48
 10  10 1.00
 10  11 0.64
 10  12 0.61
 10  13 0.72
 10  14 0.54
 10  15 0.67
 10  16 0.54
 10  17 0.62
 10  18 0.60
 10  19 0.63
 10  20 0.40
 10  21 0.68
 10  22 0.47
 11   1 0.68
 11   2 0.57
 11   3 0.63
 11   4 0.51
 11   5 0.64
 11   6 0.60
 11   7 0.49
 11   8 0.58
 11   9 0.53
 11  10 0.64
 11  11 1.00
 11  12 0.48
 11  13 0.65
 11  14 0.52
 11  15 0.65
 11  16 0.58
 11  17 0.67
 11  18 0.64
 11  19 0.69
 11  20 0.59
 11  21 0.66
 11  22 0.45
 12   1 0.47
 12   2 0.55
 12   3 0.45
 12   4 0.39
 12   5 0.48
 12   6 0.74
 12   7 0.50
 12   8 0.53
 12   9 0.28
 12  10 0.61
 12  11 0.48
 12  12 1.00
 12  13 0.58
 12  14 0.29
 12  15 0.54
 12  16 0.39
 12  17 0.44
 12  18 0.52
 12  19 0.59
 12  20 0.39
 12  21 0.62
 12  22 0.44
 13   1 0.60
 13   2 0.66
 13   3 0.69
 13   4 0.45
 13   5 0.61
 13   6 0.64
 13   7 0.68
 13   8 0.71
 13   9 0.49
 13  10 0.72
 13  11 0.65
 13  12 0.58
 13  13 1.00
 13  14 0.45
 13  15 0.65
 13  16 0.52
 13  17 0.60
 13  18 0.65
 13  19 0.69
 13  20 0.50
 13  21 0.67
 13  22 0.60
 14   1 0.46
 14   2 0.48
 14   3 0.42
 14   4 0.31
 14   5 0.52
 14   6 0.34
 14   7 0.36
 14   8 0.42
 14   9 0.41
 14  10 0.54
 14  11 0.52
 14  12 0.29
 14  13 0.45
 14  14 1.00
 14  15 0.50
 14  16 0.43
 14  17 0.60
 14  18 0.46
 14  19 0.48
 14  20 0.40
 14  21 0.44
 14  22 0.37
 15   1 0.74
 15   2 0.66
 15   3 0.57
 15   4 0.57
 15   5 0.54
 15   6 0.61
 15   7 0.44
 15   8 0.69
 15   9 0.63
 15  10 0.67
 15  11 0.65
 15  12 0.54
 15  13 0.65
 15  14 0.50
 15  15 1.00
 15  16 0.62
 15  17 0.74
 15  18 0.71
 15  19 0.69
 15  20 0.54
 15  21 0.68
 15  22 0.44
 16   1 0.62
 16   2 0.48
 16   3 0.41
 16   4 0.52
 16   5 0.47
 16   6 0.48
 16   7 0.40
 16   8 0.61
 16   9 0.65
 16  10 0.54
 16  11 0.58
 16  12 0.39
 16  13 0.52
 16  14 0.43
 16  15 0.62
 16  16 1.00
 16  17 0.71
 16  18 0.51
 16  19 0.58
 16  20 0.56
 16  21 0.55
 16  22 0.36
 17   1 0.68
 17   2 0.53
 17   3 0.57
 17   4 0.60
 17   5 0.58
 17   6 0.52
 17   7 0.40
 17   8 0.60
 17   9 0.68
 17  10 0.62
 17  11 0.67
 17  12 0.44
 17  13 0.60
 17  14 0.60
 17  15 0.74
 17  16 0.71
 17  17 1.00
 17  18 0.62
 17  19 0.66
 17  20 0.59
 17  21 0.60
 17  22 0.38
 18   1 0.64
 18   2 0.62
 18   3 0.51
 18   4 0.42
 18   5 0.51
 18   6 0.57
 18   7 0.47
 18   8 0.73
 18   9 0.48
 18  10 0.60
 18  11 0.64
 18  12 0.52
 18  13 0.65
 18  14 0.46
 18  15 0.71
 18  16 0.51
 18  17 0.62
 18  18 1.00
 18  19 0.69
 18  20 0.52
 18  21 0.65
 18  22 0.48
 19   1 0.65
 19   2 0.53
 19   3 0.70
 19   4 0.53
 19   5 0.68
 19   6 0.64
 19   7 0.62
 19   8 0.72
 19   9 0.48
 19  10 0.63
 19  11 0.69
 19  12 0.59
 19  13 0.69
 19  14 0.48
 19  15 0.69
 19  16 0.58
 19  17 0.66
 19  18 0.69
 19  19 1.00
 19  20 0.67
 19  21 0.63
 19  22 0.49
 20   1 0.55
 20   2 0.40
 20   3 0.50
 20   4 0.59
 20   5 0.64
 20   6 0.43
 20   7 0.46
 20   8 0.59
 20   9 0.52
 20  10 0.40
 20  11 0.59
 20  12 0.39
 20  13 0.50
 20  14 0.40
 20  15 0.54
 20  16 0.56
 20  17 0.59
 20  18 0.52
 20  19 0.67
 20  20 1.00
 20  21 0.47
 20  22 0.41
 21   1 0.63
 21   2 0.67
 21   3 0.49
 21   4 0.43
 21   5 0.52
 21   6 0.71
 21   7 0.47
 21   8 0.66
 21   9 0.46
 21  10 0.68
 21  11 0.66
 21  12 0.62
 21  13 0.67
 21  14 0.44
 21  15 0.68
 21  16 0.55
 21  17 0.60
 21  18 0.65
 21  19 0.63
 21  20 0.47
 21  21 1.00
 21  22 0.48
 22   1 0.42
 22   2 0.51
 22   3 0.41
 22   4 0.33
 22   5 0.51
 22   6 0.43
 22   7 0.59
 22   8 0.57
 22   9 0.28
 22  10 0.47
 22  11 0.45
 22  12 0.44
 22  13 0.60
 22  14 0.37
 22  15 0.44
 22  16 0.36
 22  17 0.38
 22  18 0.48
 22  19 0.49
 22  20 0.41
 22  21 0.48
 22  22 1.00
