  1   1 1.00
  1   2 0.79
  1   3 0.66
  1   4 0.65
  1   5 0.76
  1   6 0.78
  1   7 0.62
  1   8 0.74
  1   9 0.79
  1  10 0.78
  1  11 0.78
  1  12 0.47
  1  13 0.56
  1  14 0.67
  1  15 0.80
  1  16 0.78
  1  17 0.70
  1  18 0.73
  1  19 0.76
  1  20 0.71
  1  21 0.65
  1  22 0.72
  2   1 0.79
  2   2 1.00
  2   3 0.50
  2   4 0.61
  2   5 0.77
  2   6 0.79
  2   7 0.73
  2   8 0.74
  2   9 0.73
  2  10 0.74
  2  11 0.82
  2  12 0.60
  2  13 0.67
  2  14 0.63
  2  15 0.73
  2  16 0.76
  2  17 0.67
  2  18 0.68
  2  19 0.66
  2  20 0.62
  2  21 0.73
  2  22 0.69
  3   1 0.66
  3   2 0.50
  3   3 1.00
  3   4 0.56
  3   5 0.58
  3   6 0.48
  3   7 0.43
  3   8 0.60
  3   9 0.64
  3  10 0.67
  3  11 0.52
  3  12 0.21
  3  13 0.24
  3  14 0.48
  3  15 0.65
  3  16 0.62
  3  17 0.49
  3  18 0.48
  3  19 0.64
  3  20 0.57
  3  21 0.41
  3  22 0.65
  4   1 0.65
  4   2 0.61
  4   3 0.56
  4   4 1.00
  4   5 0.67
  4   6 0.63
  4   7 0.43
  4   8 0.58
  4   9 0.55
  4  10 0.66
  4  11 0.60
  4  12 0.31
  4  13 0.40
  4  14 0.41
  4  15 0.68
  4  16 0.55
  4  17 0.39
  4  18 0.54
  4  19 0.60
  4  20 0.50
  4  21 0.61
  4  22 0.53
  5   1 0.76
  5   2 0.77
  5   3 0.58
  5   4 0.67
  5   5 1.00
  5   6 0.71
  5   7 0.72
  5   8 0.72
  5   9 0.77
  5  10 0.83
  5  11 0.77
  5  12 0.46
  5  13 0.46
  5  14 0.56
  5  15 0.67
  5  16 0.73
  5  17 0.63
  5  18 0.58
  5  19 0.71
  5  20 0.61
  5  21 0.68
  5  22 0.78
  6   1 0.78
  6   2 0.79
  6   3 0.48
  6   4 0.63
  6   5 0.71
  6   6 1.00
  6   7 0.54
  6   8 0.71
  6   9 0.76
  6  10 0.65
  6  11 0.82
  6  12 0.62
  6  13 0.70
  6  14 0.64
  6  15 0.76
  6  16 0.79
  6  17 0.71
  6  18 0.80
  6  19 0.72
  6  20 0.70
  6  21 0.79
  6  22 0.65
  7   1 0.62
  7   2 0.73
  7   3 0.43
  7   4 0.43
  7   5 0.72
  7   6 0.54
  7   7 1.00
  7   8 0.62
  7   9 0.60
  7  10 0.70
  7  11 0.66
  7  12 0.38
  7  13 0.37
  7  14 0.52
  7  15 0.51
  7  16 0.60
  7  17 0.57
  7  18 0.44
  7  19 0.50
  7  20 0.49
  7  21 0.49
  7  22 0.61
  8   1 0.74
  8   2 0.74
  8   3 0.60
  8   4 0.58
  8   5 0.72
  8   6 0.71
  8   7 0.62
  8   8 1.00
  8   9 0.81
  8  10 0.68
  8  11 0.81
  8  12 0.55
  8  13 0.56
  8  14 0.73
  8  15 0.71
  8  16 0.83
  8  17 0.76
  8  18 0.75
  8  19 0.71
  8  20 0.66
  8  21 0.58
  8  22 0.62
  9   1 0.79
  9   2 0.73
  9   3 0.64
  9   4 0.55
  9   5 0.77
  9   6 0.76
  9   7 0.60
  9   8 0.81
  9   9 1.00
  9  10 0.74
  9  11 0.78
  9  12 0.56
  9  13 0.56
  9  14 0.77
  9  15 0.74
  9  16 0.85
  9  17 0.79
  9  18 0.71
  9  19 0.77
  9  20 0.76
  9  21 0.64
  9  22 0.74
 10   1 0.78
 10   2 0.74
 10   3 0.67
 10   4 0.66
 10   5 0.83
 10   6 0.65
 10   7 0.70
 10   8 0.68
 10   9 0.74
 10  10 1.00
 10  11 0.74
 10  12 0.39
 10  13 0.44
 10  14 0.57
 10  15 0.72
 10  16 0.68
 10  17 0.57
 10  18 0.54
 10  19 0.69
 10  20 0.61
 10  21 0.67
 10  22 0.78
 11   1 0.78
 11   2 0.82
 11   3 0.52
 11   4 0.60
 11   5 0.77
 11   6 0.82
 11   7 0.66
 11   8 0.81
 11   9 0.78
 11  10 0.74
 11  11 1.00
 11  12 0.65
 11  13 0.68
 11  14 0.69
 11  15 0.77
 11  16 0.83
 11  17 0.75
 11  18 0.74
 11  19 0.70
 11  20 0.66
 11  21 0.77
 11  22 0.67
 12   1 0.47
 12   2 0.60
 12   3 0.21
 12   4 0.31
 12   5 0.46
 12   6 0.62
 12   7 0.38
 12   8 0.55
 12   9 0.56
 12  10 0.39
 12  11 0.65
 12  12 1.00
 12  13 0.79
 12  14 0.59
 12  15 0.55
 12  16 0.65
 12  17 0.67
 12  18 0.65
 12  19 0.45
 12  20 0.51
 12  21 0.63
 12  22 0.50
 13   1 0.56
 13   2 0.67
 13   3 0.24
 13   4 0.40
 13   5 0.46
 13   6 0.70
 13   7 0.37
 13   8 0.56
 13   9 0.56
 13  10 0.44
 13  11 0.68
 13  12 0.79
 13  13 1.00
 13  14 0.64
 13  15 0.62
 13  16 0.62
 13  17 0.64
 13  18 0.67
 13  19 0.47
 13  20 0.56
 13  21 0.67
 13  22 0.52
 14   1 0.67
 14   2 0.63
 14   3 0.48
 14   4 0.41
 14   5 0.56
 14   6 0.64
 14   7 0.52
 14   8 0.73
 14   9 0.77
 14  10 0.57
 14  11 0.69
 14  12 0.59
 14  13 0.64
 14  14 1.00
 14  15 0.63
 14  16 0.72
 14  17 0.77
 14  18 0.66
 14  19 0.63
 14  20 0.78
 14  21 0.50
 14  22 0.59
 15   1 0.80
 15   2 0.73
 15   3 0.65
 15   4 0.68
 15   5 0.67
 15   6 0.76
 15   7 0.51
 15   8 0.71
 15   9 0.74
 15  10 0.72
 15  11 0.77
 15  12 0.55
 15  13 0.62
 15  14 0.63
 15  15 1.00
 15  16 0.75
 15  17 0.67
 15  18 0.74
 15  19 0.67
 15  20 0.65
 15  21 0.75
 15  22 0.71
 16   1 0.78
 16   2 0.76
 16   3 0.62
 16   4 0.55
 16   5 0.73
 16   6 0.79
 16   7 0.60
 16   8 0.83
 16   9 0.85
 16  10 0.68
 16  11 0.83
 16  12 0.65
 16  13 0.62
 16  14 0.72
 16  15 0.75
 16  16 1.00
 16  17 0.82
 16  18 0.79
 16  19 0.78
 16  20 0.74
 16  21 0.62
 16  22 0.68
 17   1 0.70
 17   2 0.67
 17   3 0.49
 17   4 0.39
 17   5 0.63
 17   6 0.71
 17   7 0.57
 17   8 0.76
 17   9 0.79
 17  10 0.57
 17  11 0.75
 17  12 0.67
 17  13 0.64
 17  14 0.77
 17  15 0.67
 17  16 0.82
 17  17 1.00
 17  18 0.69
 17  19 0.64
 17  20 0.71
 17  21 0.53
 17  22 0.60
 18   1 0.73
 18   2 0.68
 18   3 0.48
 18   4 0.54
 18   5 0.58
 18   6 0.80
 18   7 0.44
 18   8 0.75
 18   9 0.71
 18  10 0.54
 18  11 0.74
 18  12 0.65
 18  13 0.67
 18  14 0.66
 18  15 0.74
 18  16 0.79
 18  17 0.69
 18  18 1.00
 18  19 0.64
 18  20 0.61
 18  21 0.65
 18  22 0.55
 19   1 0.76
 19   2 0.66
 19   3 0.64
 19   4 0.60
 19   5 0.71
 19   6 0.72
 19   7 0.50
 19   8 0.71
 19   9 0.77
 19  10 0.69
 19  11 0.70
 19  12 0.45
 19  13 0.47
 19  14 0.63
 19  15 0.67
 19  16 0.78
 19  17 0.64
 19  18 0.64
 19  19 1.00
 19  20 0.78
 19  21 0.54
 19  22 0.64
 20   1 0.71
 20   2 0.62
 20   3 0.57
 20   4 0.50
 20   5 0.61
 20   6 0.70
 20   7 0.49
 20   8 0.66
 20   9 0.76
 20  10 0.61
 20  11 0.66
 20  12 0.51
 20  13 0.56
 20  14 0.78
 20  15 0.65
 20  16 0.74
 20  17 0.71
 20  18 0.61
 20  19 0.78
 20  20 1.00
 20  21 0.54
 20  22 0.67
 21   1 0.65
 21   2 0.73
 21   3 0.41
 21   4 0.61
 21   5 0.68
 21   6 0.79
 21   7 0.49
 21   8 0.58
 21   9 0.64
 21  10 0.67
 21  11 0.77
 21  12 0.63
 21  13 0.67
 21  14 0.50
 21  15 0.75
 21  16 0.62
 21  17 0.53
 21  18 0.65
 21  19 0.54
 21  20 0.54
 21  21 1.00
 21  22 0.68
 22   1 0.72
 22   2 0.69
 22   3 0.65
 22   4 0.53
 22   5 0.78
 22   6 0.65
 22   7 0.61
 22   8 0.62
 22   9 0.74
 22  10 0.78
 22  11 0.67
 22  12 0.50
 22  13 0.52
 22  14 0.59
 22  15 0.71
 22  16 0.68
 22  17 0.60
 22  18 0.55
 22  19 0.64
 22  20 0.67
 22  21 0.68
 22  22 1.00
  1   1 1.00
  1   2 0.79
  1   3 0.66
  1   4 0.65
  1   5 0.76
  1   6 0.78
  1   7 0.62
  1   8 0.74
  1   9 0.78
  1  10 0.78
  1  11 0.78
  1  12 0.47
  1  13 0.56
  1  14 0.67
  1  15 0.79
  1  16 0.78
  1  17 0.69
  1  18 0.73
  1  19 0.76
  1  20 0.71
  1  21 0.65
  1  22 0.71
  2   1 0.79
  2   2 1.00
  2   3 0.49
  2   4 0.61
  2   5 0.77
  2   6 0.79
  2   7 0.73
  2   8 0.74
  2   9 0.73
  2  10 0.74
  2  11 0.82
  2  12 0.60
  2  13 0.66
  2  14 0.63
  2  15 0.72
  2  16 0.76
  2  17 0.67
  2  18 0.68
  2  19 0.66
  2  20 0.61
  2  21 0.73
  2  22 0.69
  3   1 0.66
  3   2 0.49
  3   3 1.00
  3   4 0.56
  3   5 0.58
  3   6 0.48
  3   7 0.43
  3   8 0.60
  3   9 0.64
  3  10 0.67
  3  11 0.52
  3  12 0.21
  3  13 0.24
  3  14 0.48
  3  15 0.64
  3  16 0.61
  3  17 0.49
  3  18 0.48
  3  19 0.64
  3  20 0.57
  3  21 0.40
  3  22 0.64
  4   1 0.65
  4   2 0.61
  4   3 0.56
  4   4 1.00
  4   5 0.67
  4   6 0.63
  4   7 0.43
  4   8 0.58
  4   9 0.55
  4  10 0.66
  4  11 0.59
  4  12 0.31
  4  13 0.40
  4  14 0.41
  4  15 0.68
  4  16 0.55
  4  17 0.38
  4  18 0.54
  4  19 0.60
  4  20 0.50
  4  21 0.61
  4  22 0.53
  5   1 0.76
  5   2 0.77
  5   3 0.58
  5   4 0.67
  5   5 1.00
  5   6 0.70
  5   7 0.72
  5   8 0.72
  5   9 0.77
  5  10 0.83
  5  11 0.76
  5  12 0.45
  5  13 0.46
  5  14 0.55
  5  15 0.67
  5  16 0.73
  5  17 0.62
  5  18 0.58
  5  19 0.70
  5  20 0.61
  5  21 0.68
  5  22 0.78
  6   1 0.78
  6   2 0.79
  6   3 0.48
  6   4 0.63
  6   5 0.70
  6   6 1.00
  6   7 0.54
  6   8 0.71
  6   9 0.76
  6  10 0.64
  6  11 0.82
  6  12 0.62
  6  13 0.70
  6  14 0.64
  6  15 0.76
  6  16 0.78
  6  17 0.70
  6  18 0.80
  6  19 0.72
  6  20 0.70
  6  21 0.78
  6  22 0.64
  7   1 0.62
  7   2 0.73
  7   3 0.43
  7   4 0.43
  7   5 0.72
  7   6 0.54
  7   7 1.00
  7   8 0.62
  7   9 0.60
  7  10 0.70
  7  11 0.66
  7  12 0.38
  7  13 0.37
  7  14 0.52
  7  15 0.51
  7  16 0.60
  7  17 0.57
  7  18 0.44
  7  19 0.50
  7  20 0.49
  7  21 0.48
  7  22 0.61
  8   1 0.74
  8   2 0.74
  8   3 0.60
  8   4 0.58
  8   5 0.72
  8   6 0.71
  8   7 0.62
  8   8 1.00
  8   9 0.80
  8  10 0.68
  8  11 0.81
  8  12 0.55
  8  13 0.56
  8  14 0.73
  8  15 0.71
  8  16 0.83
  8  17 0.75
  8  18 0.75
  8  19 0.70
  8  20 0.65
  8  21 0.58
  8  22 0.62
  9   1 0.78
  9   2 0.73
  9   3 0.64
  9   4 0.55
  9   5 0.77
  9   6 0.76
  9   7 0.60
  9   8 0.80
  9   9 1.00
  9  10 0.74
  9  11 0.77
  9  12 0.56
  9  13 0.56
  9  14 0.76
  9  15 0.74
  9  16 0.85
  9  17 0.79
  9  18 0.71
  9  19 0.77
  9  20 0.76
  9  21 0.64
  9  22 0.74
 10   1 0.78
 10   2 0.74
 10   3 0.67
 10   4 0.66
 10   5 0.83
 10   6 0.64
 10   7 0.70
 10   8 0.68
 10   9 0.74
 10  10 1.00
 10  11 0.74
 10  12 0.39
 10  13 0.43
 10  14 0.56
 10  15 0.72
 10  16 0.68
 10  17 0.57
 10  18 0.54
 10  19 0.68
 10  20 0.60
 10  21 0.66
 10  22 0.77
 11   1 0.78
 11   2 0.82
 11   3 0.52
 11   4 0.59
 11   5 0.76
 11   6 0.82
 11   7 0.66
 11   8 0.81
 11   9 0.77
 11  10 0.74
 11  11 1.00
 11  12 0.65
 11  13 0.67
 11  14 0.69
 11  15 0.77
 11  16 0.82
 11  17 0.75
 11  18 0.74
 11  19 0.70
 11  20 0.66
 11  21 0.77
 11  22 0.67
 12   1 0.47
 12   2 0.60
 12   3 0.21
 12   4 0.31
 12   5 0.45
 12   6 0.62
 12   7 0.38
 12   8 0.55
 12   9 0.56
 12  10 0.39
 12  11 0.65
 12  12 1.00
 12  13 0.79
 12  14 0.59
 12  15 0.54
 12  16 0.65
 12  17 0.66
 12  18 0.65
 12  19 0.45
 12  20 0.50
 12  21 0.63
 12  22 0.50
 13   1 0.56
 13   2 0.66
 13   3 0.24
 13   4 0.40
 13   5 0.46
 13   6 0.70
 13   7 0.37
 13   8 0.56
 13   9 0.56
 13  10 0.43
 13  11 0.67
 13  12 0.79
 13  13 1.00
 13  14 0.64
 13  15 0.62
 13  16 0.62
 13  17 0.64
 13  18 0.67
 13  19 0.46
 13  20 0.56
 13  21 0.67
 13  22 0.52
 14   1 0.67
 14   2 0.63
 14   3 0.48
 14   4 0.41
 14   5 0.55
 14   6 0.64
 14   7 0.52
 14   8 0.73
 14   9 0.76
 14  10 0.56
 14  11 0.69
 14  12 0.59
 14  13 0.64
 14  14 1.00
 14  15 0.63
 14  16 0.72
 14  17 0.76
 14  18 0.66
 14  19 0.62
 14  20 0.78
 14  21 0.50
 14  22 0.59
 15   1 0.79
 15   2 0.72
 15   3 0.64
 15   4 0.68
 15   5 0.67
 15   6 0.76
 15   7 0.51
 15   8 0.71
 15   9 0.74
 15  10 0.72
 15  11 0.77
 15  12 0.54
 15  13 0.62
 15  14 0.63
 15  15 1.00
 15  16 0.75
 15  17 0.67
 15  18 0.73
 15  19 0.66
 15  20 0.65
 15  21 0.75
 15  22 0.71
 16   1 0.78
 16   2 0.76
 16   3 0.61
 16   4 0.55
 16   5 0.73
 16   6 0.78
 16   7 0.60
 16   8 0.83
 16   9 0.85
 16  10 0.68
 16  11 0.82
 16  12 0.65
 16  13 0.62
 16  14 0.72
 16  15 0.75
 16  16 1.00
 16  17 0.82
 16  18 0.79
 16  19 0.78
 16  20 0.74
 16  21 0.61
 16  22 0.68
 17   1 0.69
 17   2 0.67
 17   3 0.49
 17   4 0.38
 17   5 0.62
 17   6 0.70
 17   7 0.57
 17   8 0.75
 17   9 0.79
 17  10 0.57
 17  11 0.75
 17  12 0.66
 17  13 0.64
 17  14 0.76
 17  15 0.67
 17  16 0.82
 17  17 1.00
 17  18 0.69
 17  19 0.63
 17  20 0.71
 17  21 0.53
 17  22 0.59
 18   1 0.73
 18   2 0.68
 18   3 0.48
 18   4 0.54
 18   5 0.58
 18   6 0.80
 18   7 0.44
 18   8 0.75
 18   9 0.71
 18  10 0.54
 18  11 0.74
 18  12 0.65
 18  13 0.67
 18  14 0.66
 18  15 0.73
 18  16 0.79
 18  17 0.69
 18  18 1.00
 18  19 0.64
 18  20 0.61
 18  21 0.64
 18  22 0.55
 19   1 0.76
 19   2 0.66
 19   3 0.64
 19   4 0.60
 19   5 0.70
 19   6 0.72
 19   7 0.50
 19   8 0.70
 19   9 0.77
 19  10 0.68
 19  11 0.70
 19  12 0.45
 19  13 0.46
 19  14 0.62
 19  15 0.66
 19  16 0.78
 19  17 0.63
 19  18 0.64
 19  19 1.00
 19  20 0.78
 19  21 0.54
 19  22 0.63
 20   1 0.71
 20   2 0.61
 20   3 0.57
 20   4 0.50
 20   5 0.61
 20   6 0.70
 20   7 0.49
 20   8 0.65
 20   9 0.76
 20  10 0.60
 20  11 0.66
 20  12 0.50
 20  13 0.56
 20  14 0.78
 20  15 0.65
 20  16 0.74
 20  17 0.71
 20  18 0.61
 20  19 0.78
 20  20 1.00
 20  21 0.54
 20  22 0.67
 21   1 0.65
 21   2 0.73
 21   3 0.40
 21   4 0.61
 21   5 0.68
 21   6 0.78
 21   7 0.48
 21   8 0.58
 21   9 0.64
 21  10 0.66
 21  11 0.77
 21  12 0.63
 21  13 0.67
 21  14 0.50
 21  15 0.75
 21  16 0.61
 21  17 0.53
 21  18 0.64
 21  19 0.54
 21  20 0.54
 21  21 1.00
 21  22 0.68
 22   1 0.71
 22   2 0.69
 22   3 0.64
 22   4 0.53
 22   5 0.78
 22   6 0.64
 22   7 0.61
 22   8 0.62
 22   9 0.74
 22  10 0.77
 22  11 0.67
 22  12 0.50
 22  13 0.52
 22  14 0.59
 22  15 0.71
 22  16 0.68
 22  17 0.59
 22  18 0.55
 22  19 0.63
 22  20 0.67
 22  21 0.68
 22  22 1.00
