  1   1 1.00
  1   2 0.41
  1   3 0.36
  1   4 0.33
  1   5 0.53
  1   6 0.32
  1   7 0.40
  1   8 0.56
  1   9 0.53
  1  10 0.45
  1  11 0.25
  1  12 0.44
  1  13 0.48
  1  14 0.62
  1  15 0.48
  1  16 0.32
  1  17 0.37
  1  18 0.32
  1  19 0.43
  1  20 0.51
  1  21 0.33
  1  22 0.52
  2   1 0.41
  2   2 1.00
  2   3 0.41
  2   4 0.45
  2   5 0.51
  2   6 0.45
  2   7 0.60
  2   8 0.59
  2   9 0.47
  2  10 0.57
  2  11 0.48
  2  12 0.50
  2  13 0.68
  2  14 0.62
  2  15 0.55
  2  16 0.48
  2  17 0.43
  2  18 0.64
  2  19 0.58
  2  20 0.53
  2  21 0.40
  2  22 0.46
  3   1 0.36
  3   2 0.41
  3   3 1.00
  3   4 0.30
  3   5 0.52
  3   6 0.51
  3   7 0.52
  3   8 0.47
  3   9 0.31
  3  10 0.37
  3  11 0.47
  3  12 0.53
  3  13 0.54
  3  14 0.56
  3  15 0.47
  3  16 0.48
  3  17 0.41
  3  18 0.29
  3  19 0.44
  3  20 0.44
  3  21 0.38
  3  22 0.37
  4   1 0.33
  4   2 0.45
  4   3 0.30
  4   4 1.00
  4   5 0.51
  4   6 0.47
  4   7 0.48
  4   8 0.55
  4   9 0.36
  4  10 0.49
  4  11 0.43
  4  12 0.57
  4  13 0.50
  4  14 0.50
  4  15 0.59
  4  16 0.31
  4  17 0.29
  4  18 0.43
  4  19 0.56
  4  20 0.43
  4  21 0.48
  4  22 0.49
  5   1 0.53
  5   2 0.51
  5   3 0.52
  5   4 0.51
  5   5 1.00
  5   6 0.64
  5   7 0.60
  5   8 0.69
  5   9 0.61
  5  10 0.63
  5  11 0.44
  5  12 0.71
  5  13 0.70
  5  14 0.70
  5  15 0.76
  5  16 0.60
  5  17 0.58
  5  18 0.40
  5  19 0.61
  5  20 0.63
  5  21 0.64
  5  22 0.73
  6   1 0.32
  6   2 0.45
  6   3 0.51
  6   4 0.47
  6   5 0.64
  6   6 1.00
  6   7 0.61
  6   8 0.53
  6   9 0.39
  6  10 0.58
  6  11 0.45
  6  12 0.70
  6  13 0.58
  6  14 0.59
  6  15 0.57
  6  16 0.57
  6  17 0.51
  6  18 0.39
  6  19 0.61
  6  20 0.56
  6  21 0.65
  6  22 0.57
  7   1 0.40
  7   2 0.60
  7   3 0.52
  7   4 0.48
  7   5 0.60
  7   6 0.61
  7   7 1.00
  7   8 0.65
  7   9 0.45
  7  10 0.63
  7  11 0.48
  7  12 0.62
  7  13 0.62
  7  14 0.70
  7  15 0.60
  7  16 0.63
  7  17 0.60
  7  18 0.55
  7  19 0.65
  7  20 0.50
  7  21 0.46
  7  22 0.50
  8   1 0.56
  8   2 0.59
  8   3 0.47
  8   4 0.55
  8   5 0.69
  8   6 0.53
  8   7 0.65
  8   8 1.00
  8   9 0.60
  8  10 0.57
  8  11 0.44
  8  12 0.60
  8  13 0.62
  8  14 0.70
  8  15 0.67
  8  16 0.58
  8  17 0.57
  8  18 0.50
  8  19 0.65
  8  20 0.56
  8  21 0.51
  8  22 0.61
  9   1 0.53
  9   2 0.47
  9   3 0.31
  9   4 0.36
  9   5 0.61
  9   6 0.39
  9   7 0.45
  9   8 0.60
  9   9 1.00
  9  10 0.49
  9  11 0.31
  9  12 0.50
  9  13 0.45
  9  14 0.58
  9  15 0.52
  9  16 0.43
  9  17 0.53
  9  18 0.34
  9  19 0.45
  9  20 0.46
  9  21 0.43
  9  22 0.61
 10   1 0.45
 10   2 0.57
 10   3 0.37
 10   4 0.49
 10   5 0.63
 10   6 0.58
 10   7 0.63
 10   8 0.57
 10   9 0.49
 10  10 1.00
 10  11 0.41
 10  12 0.58
 10  13 0.59
 10  14 0.66
 10  15 0.60
 10  16 0.42
 10  17 0.40
 10  18 0.41
 10  19 0.57
 10  20 0.54
 10  21 0.49
 10  22 0.54
 11   1 0.25
 11   2 0.48
 11   3 0.47
 11   4 0.43
 11   5 0.44
 11   6 0.45
 11   7 0.48
 11   8 0.44
 11   9 0.31
 11  10 0.41
 11  11 1.00
 11  12 0.57
 11  13 0.54
 11  14 0.41
 11  15 0.48
 11  16 0.35
 11  17 0.31
 11  18 0.48
 11  19 0.54
 11  20 0.49
 11  21 0.47
 11  22 0.41
 12   1 0.44
 12   2 0.50
 12   3 0.53
 12   4 0.57
 12   5 0.71
 12   6 0.70
 12   7 0.62
 12   8 0.60
 12   9 0.50
 12  10 0.58
 12  11 0.57
 12  12 1.00
 12  13 0.67
 12  14 0.62
 12  15 0.70
 12  16 0.63
 12  17 0.59
 12  18 0.47
 12  19 0.66
 12  20 0.60
 12  21 0.65
 12  22 0.62
 13   1 0.48
 13   2 0.68
 13   3 0.54
 13   4 0.50
 13   5 0.70
 13   6 0.58
 13   7 0.62
 13   8 0.62
 13   9 0.45
 13  10 0.59
 13  11 0.54
 13  12 0.67
 13  13 1.00
 13  14 0.66
 13  15 0.69
 13  16 0.52
 13  17 0.46
 13  18 0.56
 13  19 0.63
 13  20 0.68
 13  21 0.54
 13  22 0.67
 14   1 0.62
 14   2 0.62
 14   3 0.56
 14   4 0.50
 14   5 0.70
 14   6 0.59
 14   7 0.70
 14   8 0.70
 14   9 0.58
 14  10 0.66
 14  11 0.41
 14  12 0.62
 14  13 0.66
 14  14 1.00
 14  15 0.70
 14  16 0.51
 14  17 0.60
 14  18 0.46
 14  19 0.60
 14  20 0.58
 14  21 0.52
 14  22 0.63
 15   1 0.48
 15   2 0.55
 15   3 0.47
 15   4 0.59
 15   5 0.76
 15   6 0.57
 15   7 0.60
 15   8 0.67
 15   9 0.52
 15  10 0.60
 15  11 0.48
 15  12 0.70
 15  13 0.69
 15  14 0.70
 15  15 1.00
 15  16 0.52
 15  17 0.54
 15  18 0.54
 15  19 0.66
 15  20 0.65
 15  21 0.64
 15  22 0.71
 16   1 0.32
 16   2 0.48
 16   3 0.48
 16   4 0.31
 16   5 0.60
 16   6 0.57
 16   7 0.63
 16   8 0.58
 16   9 0.43
 16  10 0.42
 16  11 0.35
 16  12 0.63
 16  13 0.52
 16  14 0.51
 16  15 0.52
 16  16 1.00
 16  17 0.64
 16  18 0.42
 16  19 0.52
 16  20 0.39
 16  21 0.51
 16  22 0.46
 17   1 0.37
 17   2 0.43
 17   3 0.41
 17   4 0.29
 17   5 0.58
 17   6 0.51
 17   7 0.60
 17   8 0.57
 17   9 0.53
 17  10 0.40
 17  11 0.31
 17  12 0.59
 17  13 0.46
 17  14 0.60
 17  15 0.54
 17  16 0.64
 17  17 1.00
 17  18 0.40
 17  19 0.45
 17  20 0.41
 17  21 0.46
 17  22 0.53
 18   1 0.32
 18   2 0.64
 18   3 0.29
 18   4 0.43
 18   5 0.40
 18   6 0.39
 18   7 0.55
 18   8 0.50
 18   9 0.34
 18  10 0.41
 18  11 0.48
 18  12 0.47
 18  13 0.56
 18  14 0.46
 18  15 0.54
 18  16 0.42
 18  17 0.40
 18  18 1.00
 18  19 0.60
 18  20 0.55
 18  21 0.42
 18  22 0.43
 19   1 0.43
 19   2 0.58
 19   3 0.44
 19   4 0.56
 19   5 0.61
 19   6 0.61
 19   7 0.65
 19   8 0.65
 19   9 0.45
 19  10 0.57
 19  11 0.54
 19  12 0.66
 19  13 0.63
 19  14 0.60
 19  15 0.66
 19  16 0.52
 19  17 0.45
 19  18 0.60
 19  19 1.00
 19  20 0.62
 19  21 0.65
 19  22 0.57
 20   1 0.51
 20   2 0.53
 20   3 0.44
 20   4 0.43
 20   5 0.63
 20   6 0.56
 20   7 0.50
 20   8 0.56
 20   9 0.46
 20  10 0.54
 20  11 0.49
 20  12 0.60
 20  13 0.68
 20  14 0.58
 20  15 0.65
 20  16 0.39
 20  17 0.41
 20  18 0.55
 20  19 0.62
 20  20 1.00
 20  21 0.55
 20  22 0.65
 21   1 0.33
 21   2 0.40
 21   3 0.38
 21   4 0.48
 21   5 0.64
 21   6 0.65
 21   7 0.46
 21   8 0.51
 21   9 0.43
 21  10 0.49
 21  11 0.47
 21  12 0.65
 21  13 0.54
 21  14 0.52
 21  15 0.64
 21  16 0.51
 21  17 0.46
 21  18 0.42
 21  19 0.65
 21  20 0.55
 21  21 1.00
 21  22 0.66
 22   1 0.52
 22   2 0.46
 22   3 0.37
 22   4 0.49
 22   5 0.73
 22   6 0.57
 22   7 0.50
 22   8 0.61
 22   9 0.61
 22  10 0.54
 22  11 0.41
 22  12 0.62
 22  13 0.67
 22  14 0.63
 22  15 0.71
 22  16 0.46
 22  17 0.53
 22  18 0.43
 22  19 0.57
 22  20 0.65
 22  21 0.66
 22  22 1.00
  1   1 1.00
  1   2 0.41
  1   3 0.35
  1   4 0.32
  1   5 0.53
  1   6 0.31
  1   7 0.40
  1   8 0.55
  1   9 0.53
  1  10 0.44
  1  11 0.24
  1  12 0.44
  1  13 0.48
  1  14 0.62
  1  15 0.48
  1  16 0.32
  1  17 0.37
  1  18 0.32
  1  19 0.42
  1  20 0.51
  1  21 0.32
  1  22 0.51
  2   1 0.41
  2   2 1.00
  2   3 0.41
  2   4 0.45
  2   5 0.51
  2   6 0.44
  2   7 0.60
  2   8 0.59
  2   9 0.47
  2  10 0.57
  2  11 0.48
  2  12 0.50
  2  13 0.67
  2  14 0.62
  2  15 0.55
  2  16 0.47
  2  17 0.43
  2  18 0.63
  2  19 0.58
  2  20 0.52
  2  21 0.39
  2  22 0.45
  3   1 0.35
  3   2 0.41
  3   3 1.00
  3   4 0.30
  3   5 0.52
  3   6 0.50
  3   7 0.52
  3   8 0.47
  3   9 0.30
  3  10 0.37
  3  11 0.46
  3  12 0.53
  3  13 0.54
  3  14 0.56
  3  15 0.47
  3  16 0.48
  3  17 0.40
  3  18 0.28
  3  19 0.44
  3  20 0.44
  3  21 0.37
  3  22 0.37
  4   1 0.32
  4   2 0.45
  4   3 0.30
  4   4 1.00
  4   5 0.51
  4   6 0.47
  4   7 0.48
  4   8 0.55
  4   9 0.36
  4  10 0.49
  4  11 0.43
  4  12 0.57
  4  13 0.50
  4  14 0.50
  4  15 0.59
  4  16 0.31
  4  17 0.28
  4  18 0.42
  4  19 0.55
  4  20 0.43
  4  21 0.48
  4  22 0.49
  5   1 0.53
  5   2 0.51
  5   3 0.52
  5   4 0.51
  5   5 1.00
  5   6 0.64
  5   7 0.60
  5   8 0.68
  5   9 0.60
  5  10 0.62
  5  11 0.44
  5  12 0.71
  5  13 0.70
  5  14 0.69
  5  15 0.76
  5  16 0.60
  5  17 0.57
  5  18 0.39
  5  19 0.61
  5  20 0.63
  5  21 0.63
  5  22 0.73
  6   1 0.31
  6   2 0.44
  6   3 0.50
  6   4 0.47
  6   5 0.64
  6   6 1.00
  6   7 0.61
  6   8 0.52
  6   9 0.39
  6  10 0.58
  6  11 0.45
  6  12 0.69
  6  13 0.58
  6  14 0.58
  6  15 0.56
  6  16 0.56
  6  17 0.50
  6  18 0.38
  6  19 0.61
  6  20 0.55
  6  21 0.64
  6  22 0.56
  7   1 0.40
  7   2 0.60
  7   3 0.52
  7   4 0.48
  7   5 0.60
  7   6 0.61
  7   7 1.00
  7   8 0.65
  7   9 0.45
  7  10 0.62
  7  11 0.48
  7  12 0.61
  7  13 0.62
  7  14 0.69
  7  15 0.59
  7  16 0.63
  7  17 0.59
  7  18 0.54
  7  19 0.64
  7  20 0.49
  7  21 0.45
  7  22 0.49
  8   1 0.55
  8   2 0.59
  8   3 0.47
  8   4 0.55
  8   5 0.68
  8   6 0.52
  8   7 0.65
  8   8 1.00
  8   9 0.59
  8  10 0.57
  8  11 0.44
  8  12 0.60
  8  13 0.62
  8  14 0.70
  8  15 0.66
  8  16 0.58
  8  17 0.57
  8  18 0.49
  8  19 0.64
  8  20 0.55
  8  21 0.51
  8  22 0.61
  9   1 0.53
  9   2 0.47
  9   3 0.30
  9   4 0.36
  9   5 0.60
  9   6 0.39
  9   7 0.45
  9   8 0.59
  9   9 1.00
  9  10 0.49
  9  11 0.31
  9  12 0.50
  9  13 0.45
  9  14 0.58
  9  15 0.52
  9  16 0.43
  9  17 0.53
  9  18 0.33
  9  19 0.45
  9  20 0.46
  9  21 0.43
  9  22 0.61
 10   1 0.44
 10   2 0.57
 10   3 0.37
 10   4 0.49
 10   5 0.62
 10   6 0.58
 10   7 0.62
 10   8 0.57
 10   9 0.49
 10  10 1.00
 10  11 0.40
 10  12 0.57
 10  13 0.59
 10  14 0.66
 10  15 0.59
 10  16 0.42
 10  17 0.40
 10  18 0.41
 10  19 0.57
 10  20 0.54
 10  21 0.48
 10  22 0.54
 11   1 0.24
 11   2 0.48
 11   3 0.46
 11   4 0.43
 11   5 0.44
 11   6 0.45
 11   7 0.48
 11   8 0.44
 11   9 0.31
 11  10 0.40
 11  11 1.00
 11  12 0.56
 11  13 0.54
 11  14 0.40
 11  15 0.48
 11  16 0.34
 11  17 0.31
 11  18 0.47
 11  19 0.54
 11  20 0.48
 11  21 0.47
 11  22 0.40
 12   1 0.44
 12   2 0.50
 12   3 0.53
 12   4 0.57
 12   5 0.71
 12   6 0.69
 12   7 0.61
 12   8 0.60
 12   9 0.50
 12  10 0.57
 12  11 0.56
 12  12 1.00
 12  13 0.67
 12  14 0.61
 12  15 0.69
 12  16 0.63
 12  17 0.59
 12  18 0.46
 12  19 0.66
 12  20 0.59
 12  21 0.65
 12  22 0.61
 13   1 0.48
 13   2 0.67
 13   3 0.54
 13   4 0.50
 13   5 0.70
 13   6 0.58
 13   7 0.62
 13   8 0.62
 13   9 0.45
 13  10 0.59
 13  11 0.54
 13  12 0.67
 13  13 1.00
 13  14 0.66
 13  15 0.69
 13  16 0.52
 13  17 0.45
 13  18 0.55
 13  19 0.63
 13  20 0.68
 13  21 0.53
 13  22 0.67
 14   1 0.62
 14   2 0.62
 14   3 0.56
 14   4 0.50
 14   5 0.69
 14   6 0.58
 14   7 0.69
 14   8 0.70
 14   9 0.58
 14  10 0.66
 14  11 0.40
 14  12 0.61
 14  13 0.66
 14  14 1.00
 14  15 0.69
 14  16 0.51
 14  17 0.59
 14  18 0.46
 14  19 0.59
 14  20 0.57
 14  21 0.51
 14  22 0.63
 15   1 0.48
 15   2 0.55
 15   3 0.47
 15   4 0.59
 15   5 0.76
 15   6 0.56
 15   7 0.59
 15   8 0.66
 15   9 0.52
 15  10 0.59
 15  11 0.48
 15  12 0.69
 15  13 0.69
 15  14 0.69
 15  15 1.00
 15  16 0.52
 15  17 0.54
 15  18 0.53
 15  19 0.66
 15  20 0.64
 15  21 0.64
 15  22 0.71
 16   1 0.32
 16   2 0.47
 16   3 0.48
 16   4 0.31
 16   5 0.60
 16   6 0.56
 16   7 0.63
 16   8 0.58
 16   9 0.43
 16  10 0.42
 16  11 0.34
 16  12 0.63
 16  13 0.52
 16  14 0.51
 16  15 0.52
 16  16 1.00
 16  17 0.63
 16  18 0.42
 16  19 0.52
 16  20 0.38
 16  21 0.51
 16  22 0.46
 17   1 0.37
 17   2 0.43
 17   3 0.40
 17   4 0.28
 17   5 0.57
 17   6 0.50
 17   7 0.59
 17   8 0.57
 17   9 0.53
 17  10 0.40
 17  11 0.31
 17  12 0.59
 17  13 0.45
 17  14 0.59
 17  15 0.54
 17  16 0.63
 17  17 1.00
 17  18 0.40
 17  19 0.45
 17  20 0.40
 17  21 0.46
 17  22 0.52
 18   1 0.32
 18   2 0.63
 18   3 0.28
 18   4 0.42
 18   5 0.39
 18   6 0.38
 18   7 0.54
 18   8 0.49
 18   9 0.33
 18  10 0.41
 18  11 0.47
 18  12 0.46
 18  13 0.55
 18  14 0.46
 18  15 0.53
 18  16 0.42
 18  17 0.40
 18  18 1.00
 18  19 0.59
 18  20 0.54
 18  21 0.41
 18  22 0.43
 19   1 0.42
 19   2 0.58
 19   3 0.44
 19   4 0.55
 19   5 0.61
 19   6 0.61
 19   7 0.64
 19   8 0.64
 19   9 0.45
 19  10 0.57
 19  11 0.54
 19  12 0.66
 19  13 0.63
 19  14 0.59
 19  15 0.66
 19  16 0.52
 19  17 0.45
 19  18 0.59
 19  19 1.00
 19  20 0.61
 19  21 0.64
 19  22 0.56
 20   1 0.51
 20   2 0.52
 20   3 0.44
 20   4 0.43
 20   5 0.63
 20   6 0.55
 20   7 0.49
 20   8 0.55
 20   9 0.46
 20  10 0.54
 20  11 0.48
 20  12 0.59
 20  13 0.68
 20  14 0.57
 20  15 0.64
 20  16 0.38
 20  17 0.40
 20  18 0.54
 20  19 0.61
 20  20 1.00
 20  21 0.55
 20  22 0.64
 21   1 0.32
 21   2 0.39
 21   3 0.37
 21   4 0.48
 21   5 0.63
 21   6 0.64
 21   7 0.45
 21   8 0.51
 21   9 0.43
 21  10 0.48
 21  11 0.47
 21  12 0.65
 21  13 0.53
 21  14 0.51
 21  15 0.64
 21  16 0.51
 21  17 0.46
 21  18 0.41
 21  19 0.64
 21  20 0.55
 21  21 1.00
 21  22 0.65
 22   1 0.51
 22   2 0.45
 22   3 0.37
 22   4 0.49
 22   5 0.73
 22   6 0.56
 22   7 0.49
 22   8 0.61
 22   9 0.61
 22  10 0.54
 22  11 0.40
 22  12 0.61
 22  13 0.67
 22  14 0.63
 22  15 0.71
 22  16 0.46
 22  17 0.52
 22  18 0.43
 22  19 0.56
 22  20 0.64
 22  21 0.65
 22  22 1.00
