  1   1 1.00
  1   2 0.32
  1   3 0.13
  1   4 0.05
  1   5 0.26
  1   6 0.22
  1   7 0.09
  1   8 0.18
  1   9 0.04
  1  10 0.30
  1  11 0.12
  1  12 0.18
  1  13 0.18
  1  14 0.10
  1  15 0.27
  1  16 0.14
  1  17 0.19
  1  18 0.19
  1  19 0.24
  1  20 0.06
  1  21 0.23
  1  22 0.25
  2   1 0.32
  2   2 1.00
  2   3 0.08
  2   4 0.02
  2   5 0.15
  2   6 0.28
  2   7 0.05
  2   8 0.10
  2   9 0.01
  2  10 0.22
  2  11 0.04
  2  12 0.11
  2  13 0.07
  2  14 0.07
  2  15 0.11
  2  16 0.14
  2  17 0.03
  2  18 0.14
  2  19 0.20
  2  20 0.08
  2  21 0.14
  2  22 0.32
  3   1 0.13
  3   2 0.08
  3   3 1.00
  3   4 0.08
  3   5 0.20
  3   6 0.16
  3   7 0.04
  3   8 0.18
  3   9 0.05
  3  10 0.34
  3  11 0.13
  3  12 0.21
  3  13 0.09
  3  14 0.12
  3  15 0.19
  3  16 0.10
  3  17 0.13
  3  18 0.19
  3  19 0.25
  3  20 0.08
  3  21 0.13
  3  22 0.13
  4   1 0.05
  4   2 0.02
  4   3 0.08
  4   4 1.00
  4   5 0.14
  4   6 0.08
  4   7 0.05
  4   8 0.07
  4   9 0.03
  4  10 0.18
  4  11 0.06
  4  12 0.08
  4  13 0.03
  4  14 0.03
  4  15 0.08
  4  16 0.06
  4  17 0.05
  4  18 0.10
  4  19 0.10
  4  20 0.04
  4  21 0.07
  4  22 0.06
  5   1 0.26
  5   2 0.15
  5   3 0.20
  5   4 0.14
  5   5 1.00
  5   6 0.26
  5   7 0.13
  5   8 0.27
  5   9 0.17
  5  10 0.41
  5  11 0.17
  5  12 0.25
  5  13 0.16
  5  14 0.20
  5  15 0.37
  5  16 0.20
  5  17 0.30
  5  18 0.29
  5  19 0.30
  5  20 0.11
  5  21 0.27
  5  22 0.23
  6   1 0.22
  6   2 0.28
  6   3 0.16
  6   4 0.08
  6   5 0.26
  6   6 1.00
  6   7 0.10
  6   8 0.18
  6   9 0.03
  6  10 0.38
  6  11 0.13
  6  12 0.27
  6  13 0.11
  6  14 0.09
  6  15 0.31
  6  16 0.33
  6  17 0.11
  6  18 0.32
  6  19 0.33
  6  20 0.11
  6  21 0.21
  6  22 0.35
  7   1 0.09
  7   2 0.05
  7   3 0.04
  7   4 0.05
  7   5 0.13
  7   6 0.10
  7   7 1.00
  7   8 0.09
  7   9 0.10
  7  10 0.12
  7  11 0.04
  7  12 0.13
  7  13 0.08
  7  14 0.02
  7  15 0.11
  7  16 0.13
  7  17 0.13
  7  18 0.17
  7  19 0.12
  7  20 0.06
  7  21 0.10
  7  22 0.11
  8   1 0.18
  8   2 0.10
  8   3 0.18
  8   4 0.07
  8   5 0.27
  8   6 0.18
  8   7 0.09
  8   8 1.00
  8   9 0.05
  8  10 0.25
  8  11 0.11
  8  12 0.40
  8  13 0.10
  8  14 0.08
  8  15 0.36
  8  16 0.19
  8  17 0.32
  8  18 0.36
  8  19 0.31
  8  20 0.06
  8  21 0.42
  8  22 0.30
  9   1 0.04
  9   2 0.01
  9   3 0.05
  9   4 0.03
  9   5 0.17
  9   6 0.03
  9   7 0.10
  9   8 0.05
  9   9 1.00
  9  10 0.06
  9  11 0.03
  9  12 0.11
  9  13 0.08
  9  14 0.21
  9  15 0.09
  9  16 0.04
  9  17 0.19
  9  18 0.06
  9  19 0.02
  9  20 0.04
  9  21 0.05
  9  22 0.04
 10   1 0.30
 10   2 0.22
 10   3 0.34
 10   4 0.18
 10   5 0.41
 10   6 0.38
 10   7 0.12
 10   8 0.25
 10   9 0.06
 10  10 1.00
 10  11 0.22
 10  12 0.38
 10  13 0.16
 10  14 0.15
 10  15 0.35
 10  16 0.20
 10  17 0.15
 10  18 0.35
 10  19 0.52
 10  20 0.13
 10  21 0.27
 10  22 0.29
 11   1 0.12
 11   2 0.04
 11   3 0.13
 11   4 0.06
 11   5 0.17
 11   6 0.13
 11   7 0.04
 11   8 0.11
 11   9 0.03
 11  10 0.22
 11  11 1.00
 11  12 0.15
 11  13 0.09
 11  14 0.06
 11  15 0.14
 11  16 0.07
 11  17 0.08
 11  18 0.16
 11  19 0.18
 11  20 0.03
 11  21 0.13
 11  22 0.11
 12   1 0.18
 12   2 0.11
 12   3 0.21
 12   4 0.08
 12   5 0.25
 12   6 0.27
 12   7 0.13
 12   8 0.40
 12   9 0.11
 12  10 0.38
 12  11 0.15
 12  12 1.00
 12  13 0.19
 12  14 0.10
 12  15 0.30
 12  16 0.31
 12  17 0.33
 12  18 0.41
 12  19 0.50
 12  20 0.09
 12  21 0.41
 12  22 0.31
 13   1 0.18
 13   2 0.07
 13   3 0.09
 13   4 0.03
 13   5 0.16
 13   6 0.11
 13   7 0.08
 13   8 0.10
 13   9 0.08
 13  10 0.16
 13  11 0.09
 13  12 0.19
 13  13 1.00
 13  14 0.08
 13  15 0.16
 13  16 0.11
 13  17 0.16
 13  18 0.13
 13  19 0.19
 13  20 0.06
 13  21 0.11
 13  22 0.16
 14   1 0.10
 14   2 0.07
 14   3 0.12
 14   4 0.03
 14   5 0.20
 14   6 0.09
 14   7 0.02
 14   8 0.08
 14   9 0.21
 14  10 0.15
 14  11 0.06
 14  12 0.10
 14  13 0.08
 14  14 1.00
 14  15 0.15
 14  16 0.06
 14  17 0.15
 14  18 0.12
 14  19 0.10
 14  20 0.04
 14  21 0.10
 14  22 0.08
 15   1 0.27
 15   2 0.11
 15   3 0.19
 15   4 0.08
 15   5 0.37
 15   6 0.31
 15   7 0.11
 15   8 0.36
 15   9 0.09
 15  10 0.35
 15  11 0.14
 15  12 0.30
 15  13 0.16
 15  14 0.15
 15  15 1.00
 15  16 0.20
 15  17 0.30
 15  18 0.31
 15  19 0.34
 15  20 0.07
 15  21 0.32
 15  22 0.30
 16   1 0.14
 16   2 0.14
 16   3 0.10
 16   4 0.06
 16   5 0.20
 16   6 0.33
 16   7 0.13
 16   8 0.19
 16   9 0.04
 16  10 0.20
 16  11 0.07
 16  12 0.31
 16  13 0.11
 16  14 0.06
 16  15 0.20
 16  16 1.00
 16  17 0.15
 16  18 0.32
 16  19 0.28
 16  20 0.10
 16  21 0.28
 16  22 0.27
 17   1 0.19
 17   2 0.03
 17   3 0.13
 17   4 0.05
 17   5 0.30
 17   6 0.11
 17   7 0.13
 17   8 0.32
 17   9 0.19
 17  10 0.15
 17  11 0.08
 17  12 0.33
 17  13 0.16
 17  14 0.15
 17  15 0.30
 17  16 0.15
 17  17 1.00
 17  18 0.17
 17  19 0.20
 17  20 0.06
 17  21 0.25
 17  22 0.18
 18   1 0.19
 18   2 0.14
 18   3 0.19
 18   4 0.10
 18   5 0.29
 18   6 0.32
 18   7 0.17
 18   8 0.36
 18   9 0.06
 18  10 0.35
 18  11 0.16
 18  12 0.41
 18  13 0.13
 18  14 0.12
 18  15 0.31
 18  16 0.32
 18  17 0.17
 18  18 1.00
 18  19 0.50
 18  20 0.16
 18  21 0.42
 18  22 0.32
 19   1 0.24
 19   2 0.20
 19   3 0.25
 19   4 0.10
 19   5 0.30
 19   6 0.33
 19   7 0.12
 19   8 0.31
 19   9 0.02
 19  10 0.52
 19  11 0.18
 19  12 0.50
 19  13 0.19
 19  14 0.10
 19  15 0.34
 19  16 0.28
 19  17 0.20
 19  18 0.50
 19  19 1.00
 19  20 0.11
 19  21 0.41
 19  22 0.38
 20   1 0.06
 20   2 0.08
 20   3 0.08
 20   4 0.04
 20   5 0.11
 20   6 0.11
 20   7 0.06
 20   8 0.06
 20   9 0.04
 20  10 0.13
 20  11 0.03
 20  12 0.09
 20  13 0.06
 20  14 0.04
 20  15 0.07
 20  16 0.10
 20  17 0.06
 20  18 0.16
 20  19 0.11
 20  20 1.00
 20  21 0.09
 20  22 0.13
 21   1 0.23
 21   2 0.14
 21   3 0.13
 21   4 0.07
 21   5 0.27
 21   6 0.21
 21   7 0.10
 21   8 0.42
 21   9 0.05
 21  10 0.27
 21  11 0.13
 21  12 0.41
 21  13 0.11
 21  14 0.10
 21  15 0.32
 21  16 0.28
 21  17 0.25
 21  18 0.42
 21  19 0.41
 21  20 0.09
 21  21 1.00
 21  22 0.30
 22   1 0.25
 22   2 0.32
 22   3 0.13
 22   4 0.06
 22   5 0.23
 22   6 0.35
 22   7 0.11
 22   8 0.30
 22   9 0.04
 22  10 0.29
 22  11 0.11
 22  12 0.31
 22  13 0.16
 22  14 0.08
 22  15 0.30
 22  16 0.27
 22  17 0.18
 22  18 0.32
 22  19 0.38
 22  20 0.13
 22  21 0.30
 22  22 1.00
  1   1 1.00
  1   2 0.32
  1   3 0.13
  1   4 0.05
  1   5 0.26
  1   6 0.21
  1   7 0.09
  1   8 0.18
  1   9 0.04
  1  10 0.30
  1  11 0.12
  1  12 0.18
  1  13 0.18
  1  14 0.10
  1  15 0.27
  1  16 0.14
  1  17 0.19
  1  18 0.19
  1  19 0.24
  1  20 0.06
  1  21 0.23
  1  22 0.25
  2   1 0.32
  2   2 1.00
  2   3 0.08
  2   4 0.02
  2   5 0.15
  2   6 0.28
  2   7 0.05
  2   8 0.10
  2   9 0.01
  2  10 0.22
  2  11 0.04
  2  12 0.11
  2  13 0.07
  2  14 0.07
  2  15 0.11
  2  16 0.14
  2  17 0.03
  2  18 0.14
  2  19 0.20
  2  20 0.08
  2  21 0.14
  2  22 0.32
  3   1 0.13
  3   2 0.08
  3   3 1.00
  3   4 0.08
  3   5 0.20
  3   6 0.16
  3   7 0.04
  3   8 0.18
  3   9 0.05
  3  10 0.34
  3  11 0.13
  3  12 0.21
  3  13 0.09
  3  14 0.12
  3  15 0.19
  3  16 0.10
  3  17 0.13
  3  18 0.19
  3  19 0.25
  3  20 0.08
  3  21 0.13
  3  22 0.13
  4   1 0.05
  4   2 0.02
  4   3 0.08
  4   4 1.00
  4   5 0.14
  4   6 0.08
  4   7 0.05
  4   8 0.07
  4   9 0.03
  4  10 0.18
  4  11 0.06
  4  12 0.08
  4  13 0.03
  4  14 0.03
  4  15 0.08
  4  16 0.06
  4  17 0.05
  4  18 0.10
  4  19 0.10
  4  20 0.04
  4  21 0.07
  4  22 0.06
  5   1 0.26
  5   2 0.15
  5   3 0.20
  5   4 0.14
  5   5 1.00
  5   6 0.26
  5   7 0.13
  5   8 0.27
  5   9 0.17
  5  10 0.41
  5  11 0.17
  5  12 0.25
  5  13 0.16
  5  14 0.20
  5  15 0.36
  5  16 0.19
  5  17 0.30
  5  18 0.29
  5  19 0.30
  5  20 0.11
  5  21 0.27
  5  22 0.23
  6   1 0.21
  6   2 0.28
  6   3 0.16
  6   4 0.08
  6   5 0.26
  6   6 1.00
  6   7 0.10
  6   8 0.18
  6   9 0.02
  6  10 0.38
  6  11 0.13
  6  12 0.27
  6  13 0.11
  6  14 0.09
  6  15 0.31
  6  16 0.33
  6  17 0.11
  6  18 0.32
  6  19 0.33
  6  20 0.11
  6  21 0.21
  6  22 0.35
  7   1 0.09
  7   2 0.05
  7   3 0.04
  7   4 0.05
  7   5 0.13
  7   6 0.10
  7   7 1.00
  7   8 0.09
  7   9 0.10
  7  10 0.12
  7  11 0.04
  7  12 0.13
  7  13 0.08
  7  14 0.02
  7  15 0.11
  7  16 0.13
  7  17 0.13
  7  18 0.17
  7  19 0.12
  7  20 0.06
  7  21 0.10
  7  22 0.11
  8   1 0.18
  8   2 0.10
  8   3 0.18
  8   4 0.07
  8   5 0.27
  8   6 0.18
  8   7 0.09
  8   8 1.00
  8   9 0.05
  8  10 0.25
  8  11 0.10
  8  12 0.40
  8  13 0.10
  8  14 0.08
  8  15 0.35
  8  16 0.18
  8  17 0.32
  8  18 0.36
  8  19 0.31
  8  20 0.06
  8  21 0.42
  8  22 0.30
  9   1 0.04
  9   2 0.01
  9   3 0.05
  9   4 0.03
  9   5 0.17
  9   6 0.02
  9   7 0.10
  9   8 0.05
  9   9 1.00
  9  10 0.06
  9  11 0.03
  9  12 0.11
  9  13 0.08
  9  14 0.21
  9  15 0.09
  9  16 0.04
  9  17 0.19
  9  18 0.06
  9  19 0.02
  9  20 0.04
  9  21 0.05
  9  22 0.04
 10   1 0.30
 10   2 0.22
 10   3 0.34
 10   4 0.18
 10   5 0.41
 10   6 0.38
 10   7 0.12
 10   8 0.25
 10   9 0.06
 10  10 1.00
 10  11 0.22
 10  12 0.38
 10  13 0.16
 10  14 0.15
 10  15 0.35
 10  16 0.20
 10  17 0.15
 10  18 0.34
 10  19 0.52
 10  20 0.13
 10  21 0.27
 10  22 0.29
 11   1 0.12
 11   2 0.04
 11   3 0.13
 11   4 0.06
 11   5 0.17
 11   6 0.13
 11   7 0.04
 11   8 0.10
 11   9 0.03
 11  10 0.22
 11  11 1.00
 11  12 0.15
 11  13 0.09
 11  14 0.06
 11  15 0.14
 11  16 0.07
 11  17 0.08
 11  18 0.16
 11  19 0.18
 11  20 0.03
 11  21 0.13
 11  22 0.11
 12   1 0.18
 12   2 0.11
 12   3 0.21
 12   4 0.08
 12   5 0.25
 12   6 0.27
 12   7 0.13
 12   8 0.40
 12   9 0.11
 12  10 0.38
 12  11 0.15
 12  12 1.00
 12  13 0.19
 12  14 0.10
 12  15 0.30
 12  16 0.31
 12  17 0.33
 12  18 0.41
 12  19 0.50
 12  20 0.09
 12  21 0.41
 12  22 0.31
 13   1 0.18
 13   2 0.07
 13   3 0.09
 13   4 0.03
 13   5 0.16
 13   6 0.11
 13   7 0.08
 13   8 0.10
 13   9 0.08
 13  10 0.16
 13  11 0.09
 13  12 0.19
 13  13 1.00
 13  14 0.08
 13  15 0.16
 13  16 0.11
 13  17 0.16
 13  18 0.13
 13  19 0.19
 13  20 0.06
 13  21 0.11
 13  22 0.16
 14   1 0.10
 14   2 0.07
 14   3 0.12
 14   4 0.03
 14   5 0.20
 14   6 0.09
 14   7 0.02
 14   8 0.08
 14   9 0.21
 14  10 0.15
 14  11 0.06
 14  12 0.10
 14  13 0.08
 14  14 1.00
 14  15 0.15
 14  16 0.06
 14  17 0.15
 14  18 0.11
 14  19 0.10
 14  20 0.04
 14  21 0.10
 14  22 0.08
 15   1 0.27
 15   2 0.11
 15   3 0.19
 15   4 0.08
 15   5 0.36
 15   6 0.31
 15   7 0.11
 15   8 0.35
 15   9 0.09
 15  10 0.35
 15  11 0.14
 15  12 0.30
 15  13 0.16
 15  14 0.15
 15  15 1.00
 15  16 0.20
 15  17 0.30
 15  18 0.31
 15  19 0.34
 15  20 0.07
 15  21 0.32
 15  22 0.30
 16   1 0.14
 16   2 0.14
 16   3 0.10
 16   4 0.06
 16   5 0.19
 16   6 0.33
 16   7 0.13
 16   8 0.18
 16   9 0.04
 16  10 0.20
 16  11 0.07
 16  12 0.31
 16  13 0.11
 16  14 0.06
 16  15 0.20
 16  16 1.00
 16  17 0.15
 16  18 0.32
 16  19 0.27
 16  20 0.10
 16  21 0.28
 16  22 0.27
 17   1 0.19
 17   2 0.03
 17   3 0.13
 17   4 0.05
 17   5 0.30
 17   6 0.11
 17   7 0.13
 17   8 0.32
 17   9 0.19
 17  10 0.15
 17  11 0.08
 17  12 0.33
 17  13 0.16
 17  14 0.15
 17  15 0.30
 17  16 0.15
 17  17 1.00
 17  18 0.17
 17  19 0.19
 17  20 0.06
 17  21 0.25
 17  22 0.18
 18   1 0.19
 18   2 0.14
 18   3 0.19
 18   4 0.10
 18   5 0.29
 18   6 0.32
 18   7 0.17
 18   8 0.36
 18   9 0.06
 18  10 0.34
 18  11 0.16
 18  12 0.41
 18  13 0.13
 18  14 0.11
 18  15 0.31
 18  16 0.32
 18  17 0.17
 18  18 1.00
 18  19 0.50
 18  20 0.16
 18  21 0.42
 18  22 0.32
 19   1 0.24
 19   2 0.20
 19   3 0.25
 19   4 0.10
 19   5 0.30
 19   6 0.33
 19   7 0.12
 19   8 0.31
 19   9 0.02
 19  10 0.52
 19  11 0.18
 19  12 0.50
 19  13 0.19
 19  14 0.10
 19  15 0.34
 19  16 0.27
 19  17 0.19
 19  18 0.50
 19  19 1.00
 19  20 0.11
 19  21 0.41
 19  22 0.38
 20   1 0.06
 20   2 0.08
 20   3 0.08
 20   4 0.04
 20   5 0.11
 20   6 0.11
 20   7 0.06
 20   8 0.06
 20   9 0.04
 20  10 0.13
 20  11 0.03
 20  12 0.09
 20  13 0.06
 20  14 0.04
 20  15 0.07
 20  16 0.10
 20  17 0.06
 20  18 0.16
 20  19 0.11
 20  20 1.00
 20  21 0.09
 20  22 0.13
 21   1 0.23
 21   2 0.14
 21   3 0.13
 21   4 0.07
 21   5 0.27
 21   6 0.21
 21   7 0.10
 21   8 0.42
 21   9 0.05
 21  10 0.27
 21  11 0.13
 21  12 0.41
 21  13 0.11
 21  14 0.10
 21  15 0.32
 21  16 0.28
 21  17 0.25
 21  18 0.42
 21  19 0.41
 21  20 0.09
 21  21 1.00
 21  22 0.30
 22   1 0.25
 22   2 0.32
 22   3 0.13
 22   4 0.06
 22   5 0.23
 22   6 0.35
 22   7 0.11
 22   8 0.30
 22   9 0.04
 22  10 0.29
 22  11 0.11
 22  12 0.31
 22  13 0.16
 22  14 0.08
 22  15 0.30
 22  16 0.27
 22  17 0.18
 22  18 0.32
 22  19 0.38
 22  20 0.13
 22  21 0.30
 22  22 1.00
